0.1948625659603821,0.9144495484582452,0.0977332753633059,0.6905378386943274,0.818712318625283,0.7382113411898976,0.6192804099882444,0.3555162780171828,0.0904847408602657,0.458917914,0.292997312,0.156521739
0.4959628820034754,0.5899798786766036,0.8104477249889103,0.0455247181207276,0.0130777296603762,0.3513895316583306,0.8342730857910612,0.7080344626275666,0.9586544716494912,0.280267866,0.395554284,0.0
0.9868629582045546,0.3910009264529698,0.8920741945276797,0.3927437144676959,0.7679224185705826,0.319390202587147,0.4945211291356989,0.6311625069655302,0.5351292587507904,0.157403506,0.179898447,0.0
0.0618272125700914,0.0635272422444334,0.9107542424187128,0.7607074130097028,0.8248981546517734,0.5323514437072239,0.8780770550876006,0.6893388093732228,0.9264342228657036,0.134536757,0.183895664,0.286956522
0.4590370817661472,0.6799151341559327,0.0195517560997751,0.5297186099627079,0.075170806610639,0.1339691524641134,0.8844242541980224,0.2459740948725031,0.8733503757148172,0.418714766,0.215362065,0.475471698
0.4704772646819598,0.6526604351555625,0.0410848594822543,0.6277615712900187,0.2283453643986983,0.512655520164502,0.9775766701363297,0.3809523316384323,0.9253300025696152,0.27580066,0.431372474,0.0
0.3828798074371133,0.4079639995496736,0.1172480331818088,0.6643197971821494,0.9395890024544402,0.6959113420147202,0.501230434621997,0.9363350141858772,0.035598526899779,0.155885269,0.419382136,0.329032258
0.4960270885407544,0.6293480023192911,0.6401327997492698,0.0690871720401191,0.1264580522037547,0.5449059739610667,0.1979382339078307,0.2464228658040566,0.2642838746904664,0.241579355,0.45641906,0.681081081
0.6056082938067692,0.7339263534286511,0.894114839636739,0.7089280677798871,0.9594876575059906,0.613609156027706,0.991488737677896,0.636459976906668,0.1729640727686923,0.378632827,0.513106578,0.203773585
0.94757597095488,0.96297218539739,0.1303504805006559,0.0610631934587851,0.4666374789939174,0.8111375860105463,0.5250225038212106,0.2076357216449104,0.1093849130094468,0.549361539,0.657019635,0.228571429
0.3507834768056003,0.8417643266961946,0.428565745100291,0.2740272211403129,0.3967533068978787,0.7324548573513031,0.9480928368246444,0.5161297915721783,0.8341252958325466,0.480027388,0.399952666,0.291428571
0.5265390129509124,0.1028021994182887,0.1305089299541222,0.6845321435731551,0.9661255872459584,0.8477025821664328,0.6207970953924102,0.1061383078389254,0.6527983069250276,0.109256454,0.457959981,0.109090909
0.2773233250837446,0.5659075149596214,0.7052882632157548,0.7835785123316384,0.2646529443796156,0.4096219275386938,0.6867893552395606,0.6419174148166816,0.1246642695667871,0.26781264,0.265574419,0.280851064
0.4424791455974416,0.6073820553963011,0.4516566263783559,0.4590786857142376,0.7882827991881932,0.8891028400619361,0.4329089539127777,0.6757222413908642,0.4020383380327402,0.113605873,0.515190013,0.6
0.1438114124694024,0.682387310696728,0.9315247564938094,0.9327231184880408,0.1970266166715203,0.5273340986808519,0.2081969901576765,0.1384393531317228,0.4357783898189632,0.234880809,0.210486453,0.0
0.2026382656954396,0.1222723014708947,0.5064079360632027,0.0605513136491098,0.3800097210489194,0.308241550629999,0.2317396350737524,0.7784103512513982,0.453347128677508,0.045491099,0.13465372,0.5
0.0585131272476517,0.4017959286218773,0.0471144029936596,0.808942493987002,0.8593964387752764,0.0486729128489841,0.9849124504042734,0.5184643775661406,0.0860381807352,0.195164805,0.038115905,0.51147541
0.4131969374261341,0.002385884222347,0.7269119074391028,0.958087801141903,0.6158773060411155,0.6042287617928246,0.2742628315221147,0.6793836924500087,0.9479733563803182,0.071000515,0.316521239,0.4
0.7677596889323162,0.5037369879993919,0.4987679187950165,0.8391035859513948,0.9678180257589248,0.9444538403438122,0.0778502765703872,0.7776114491570515,0.90483194689566,0.195388902,0.518431349,0.109090909
0.0102223087842778,0.3044756171289534,0.4141239435315239,0.299261669950458,0.7298214003366491,0.0862010527043407,0.94411776207999,0.4364061405089836,0.1531320721748652,0.180051649,0.051640384,0.587755102
0.4927485204545017,0.1872242025148293,0.7467324810908217,0.8666623239117627,0.3179181612107218,0.6860865248913225,0.3918789742852382,0.51855121345732,0.7231156987953821,0.070418902,0.326561912,0.423529412
0.7440865605834074,0.9181625082174568,0.4504550541450416,0.6660264571778487,0.0622231313539549,0.7554597468125367,0.0854305938600957,0.1867436956867481,0.840002592627088,0.43914203,0.626255649,0.0
0.0208090237513015,0.7239990804137543,0.496514964312913,0.982115470952251,0.5842386966323074,0.5611306668691574,0.4085497467855784,0.629294077297026,0.578976625300591,0.220374327,0.133143131,0.0
0.214494309813343,0.1519135354384144,0.8860203857984033,0.459337573663646,0.1112239625180487,0.4630810338639258,0.9943826984340696,0.4921402935132392,0.3252835707826351,0.111018798,0.230709867,0.165517241
0.9896362373788846,0.9138975057134514,0.0380432083754371,0.4289039269760422,0.5617212008872678,0.467845798631086,0.0713467160473972,0.9061619523567028,0.2470206555561493,0.305777211,0.499540226,0.65
0.7276352485408009,0.0313117865639953,0.2884844094514358,0.7924118436144358,0.6150505988287677,0.5955431961324358,0.3438925211131846,0.7129297927280218,0.8640098518251879,0.043928846,0.41205024,0.0
0.5646109859455488,0.054274265217481,0.2166637808588766,0.5738115273348572,0.6718667850292903,0.5353149982770572,0.3390953430252984,0.307158277639088,0.6364926479059413,0.081880249,0.473601447,0.0
0.8989798693658515,0.8012635177970678,0.6791533970253356,0.489170252236517,0.2553738458401037,0.6397316058232141,0.100451475017526,0.2221550500255312,0.1690036267311855,0.36218818,0.430960226,0.0
0.3574257010896975,0.9701537914152676,0.0094520191379782,0.6492965236335368,0.0306834582887106,0.3512419841304951,0.6153917550799278,0.7738290081948601,0.6000704939876313,0.544021875,0.382105123,0.456637168
0.5950008964447526,0.9304917851267398,0.5755533085994511,0.5731616858678737,0.71157231228737,0.5016100819143926,0.341663191899476,0.3480413240402552,0.7617032490539377,0.347712463,0.606350569,0.494117647
0.9534964097447208,0.0828455860369363,0.4940828237733776,0.883192072618856,0.1184327386450245,0.0902245046780833,0.8732015378333222,0.8743968914198235,0.7129987680319475,0.119739802,0.274262492,0.436363636
0.3296243047573638,0.8230390569449948,0.9305072998887832,0.8502130727040729,0.28195882825587,0.943583404346788,0.2143740292989902,0.0406138742320961,0.2431628423724838,0.277466047,0.191753918,0.514285714
0.429033309619133,7.621324384687878e-05,0.8218866379703665,0.1565519378533728,0.2908235660356638,0.0157633006557269,0.4577751518097536,0.1537612492842777,0.4845829776062964,0.058651015,0.073974339,0.5
0.7808086635500034,0.7022110177055828,0.7459518574713918,0.2584558321408574,0.1479321011584327,0.941712412756644,0.7399900772165171,0.0024014486394202,0.1777185273751246,0.438728535,0.627464181,0.366666667
0.0904655787450352,0.7117729038987874,0.7429810666220131,0.7417952414403973,0.9349997170610138,0.0672827003955627,0.935780759559949,0.1365401741866316,0.1834769774946706,0.420546317,0.080937093,0.590769231
0.1292601069469057,0.0345333064270934,0.5094398703564821,0.1395229659433077,0.1406924267809567,0.1546465363194272,0.8885357211475668,0.9165559351993868,0.2640378022276599,0.085541095,0.14098056,0.295652174
0.1261285630052873,0.1542042377581973,0.4653803850017555,0.2202429902658644,0.8619045065617268,0.680008933377551,0.8524905642447161,0.8489518895726951,0.2239221786360774,0.13625475,0.455213028,0.698507463
0.204893845683409,0.610654111544196,0.4487913808032698,0.1759995042133993,0.3871042240941827,0.2466116937560148,0.6323687356601071,0.7814154540025633,0.5547813891090021,0.242807809,0.214813312,0.0
0.2793841843246727,0.4036605736433911,0.323416199246097,0.2874018640378477,0.5840026123265877,0.2642742371843377,0.5343811598056001,0.0617227307869042,0.86230382042556,0.186077269,0.241582086,0.171428571
0.2565839532459676,0.2279426779183752,0.1929077707422994,0.7978620738802256,0.6732551874531271,0.1460827613610972,0.6500017466637711,0.5169983632053032,0.5751563464901182,0.15292624,0.111343365,0.0
0.8840406165017956,0.3493461485682099,0.0568346598671714,0.1032479539905555,0.705890122312228,0.97724149955253,0.6770424000567593,0.2628978316303496,0.6252463502617909,0.126162974,0.570934007,0.489795918
0.247290861977381,0.4461368978441341,0.587616025495037,0.2945296721874034,0.4808868247053366,0.9086701048589936,0.9146939798902955,0.6329367997803156,0.172085200131892,0.201841033,0.42880679,0.497142857
0.7233717462647422,0.402488101349877,0.3798954304214912,0.3395245666959088,0.677269250545662,0.5834211336906167,0.6078363391570509,0.4530408027284844,0.1709658071817735,0.175850518,0.405211155,0.04137931
0.6834396601435577,0.7785596861829752,0.2629449893076144,0.7697688066531214,0.2809015341709476,0.6915876068207613,0.1620909753636997,0.5334395399471783,0.411884180981269,0.29738685,0.361439046,0.0
0.7472475719813938,0.6484149109121079,0.7429503329955146,0.6898519130720114,0.7185808284508678,0.3883810864452345,0.2667257050790161,0.3152743695068605,0.4758761783418127,0.17946694,0.5026526,0.533333333
0.8599372046366499,0.1080476872052351,0.4451712991160501,0.0846679727149969,0.9067689810066564,0.200829559123109,0.1959173053448292,0.0290647419894867,0.2068986933051811,0.072376322,0.380448615,0.6
0.1560674724014236,0.1222530159807463,0.2533552570375944,0.7403791315901935,0.186046567836746,0.3004556803882989,0.1265487399999644,0.9665512454296248,0.6778917829133756,0.087589682,0.190342419,0.1
0.2837911554129972,0.0158284242676908,0.3069851404734522,0.324445097786931,0.3305473960676532,0.3451783440075376,0.669818303611106,0.8885705149445389,0.5185735825065657,0.101712931,0.203927855,0.04
0.3830740986788729,0.1783383116116016,0.6260898013244252,0.9697935231802884,0.8333785184130877,0.1529691818465604,0.4299174155877027,0.2384254116619277,0.6502330087128817,0.062010436,0.278331397,0.666666667
0.8509411874086851,0.8823534317888305,0.2265389944417575,0.2788911477273694,0.4482940396469728,0.4052293868683908,0.6617126347759055,0.2931588011053633,0.9831721433334978,0.593479381,0.370427118,0.066666667
0.3264642024042756,0.9893743863593276,0.6249520638597298,0.9356848354890012,0.5177227223403116,0.2782519162621826,0.839034393991538,0.1712324259940345,0.5360914444170225,0.652566924,0.310834734,0.429357798
0.2856887167359544,0.9202718108968632,0.9757791277139553,0.189809931418651,0.3250762353388264,0.0923941475076742,0.8046773009074928,0.3590110601559139,0.7874584983252348,0.773705515,0.098053917,0.408510638
0.2639510547935293,0.853182060889037,0.7500102544498883,0.8105320055120275,0.6448144192077125,0.329098105675952,0.2582130605422613,0.1320049167114619,0.6963486110755003,0.301115775,0.320508782,0.494117647
0.4919779901128971,0.6781476727912221,0.0256158863517745,0.6143677909294949,0.1541480718876096,0.3545921076564555,0.2385646592374734,0.4763053575650392,0.6854397795399888,0.22073707,0.346070778,0.352941176
0.6957468113237082,0.4140581807592884,0.5467371582026214,0.0832714196289406,0.4124311986724959,0.1970601645585938,0.790288819869011,0.204578154626395,0.1580948228503116,0.16615406,0.36156561,0.592
0.7851182805797625,0.9389188651793684,0.8476414917278733,0.5552544797388611,0.5402047746831228,0.7422075298256552,0.3559060506954846,0.8722124045234008,0.300712360446969,0.518166993,0.508676427,0.0
0.0250233812599336,0.7822958698167872,0.3572268525562418,0.1729350444731456,0.2856361564256926,0.4311605553740972,0.6480637941770342,0.591764369058225,0.2412325236040863,0.488581255,0.130730302,0.248275862
0.5120723113618728,0.2208771273005135,0.5480358389463507,0.8168422817774984,0.3586001716254479,0.6980096954188967,0.2723197246410418,0.7727323111666744,0.0266077703814157,0.092268363,0.172573583,0.3
0.1271214105902602,0.9627972508883664,0.5651274655386561,0.5431797568434136,0.484703506797958,0.5451881836805739,0.863498779435765,0.7684608056444154,0.2505242360462267,0.581502149,0.26644872,0.0
0.6961155994553041,0.0276696322784361,0.6894021542541214,0.2960458923704743,0.7396183879529061,0.7633116673101682,0.4831256331591769,0.0874355833427392,0.0545748542019746,0.051798889,0.501941621,0.32195122
0.2935779122902141,0.40606236591584,0.3769462217220368,0.0214303813751184,0.3102586213865468,0.959900039971462,0.0898411280833225,0.7529933351619156,0.9970517164661874,0.138170029,0.513964331,0.501818182
0.7064952839665409,0.1263946997636905,0.8777307624130353,0.1474004822298671,0.9181534525303932,0.4971920196123113,0.7799223177386341,0.3635089853409954,0.8065899845551915,0.135735215,0.419128523,0.375
0.6641620901715778,0.859257660591898,0.0107129728404044,0.1678068257721852,0.6948544848573818,0.8352871756995052,0.4720739757083323,0.5381872565864492,0.0975572312131075,0.304640823,0.166197025,0.857142857
0.0498138358160642,0.4900896381105729,0.4642683276634087,0.7459788766154126,0.8360605688482432,0.4571649556413333,0.0836295493354254,0.2794020990408197,0.8714251594889593,0.156569366,0.212545385,0.171428571
0.541533030400115,0.010943547976712,0.8483663995251362,0.1705197596888469,0.3095087894284659,0.0674949669445019,0.6528315066966618,0.6562592897782815,0.8287346252398767,0.089281318,0.217510546,0.471428571
0.9375333654190208,0.3429115934600042,0.4599052273731342,0.0344618167645169,0.66441577973339,0.6355845429213779,0.8921181882049489,0.6462083124045885,0.3584449531760781,0.161035362,0.543060683,0.588679245
0.8156212165981948,0.9668834785349966,0.1219625072488682,0.2603329959220404,0.0683961834108433,0.4004293597705155,0.2777256916802018,0.0088636833186196,0.8976035613605703,0.364979178,0.3862315,0.171428571
0.2270309576692872,0.1361799285950244,0.5272376752998007,0.0032471540192141,0.011373438523266,0.0861600750466529,0.0457919581875357,0.8255417480262784,0.6786962177583807,0.06312437,0.155309732,0.423529412
0.2756108631137982,0.7522466504880531,0.6812291813705227,0.6456166733324226,0.9734672587421204,0.525384294131667,0.9130212803347418,0.6592652426187501,0.2517171423116801,0.421172534,0.357287473,0.434042553
0.8098444609670506,0.6846395766084753,0.2941934592491735,0.7135247749115073,0.5293105637520236,0.1461155192631242,0.745721893102992,0.6720980454136373,0.8675044148231169,0.428943608,0.341080529,0.6
0.4957214775238281,0.2697649204175202,0.7696916778376643,0.8111805176481207,0.338643044124358,0.2479232809160867,0.9098790106486228,0.7046176044342106,0.7976713800850498,0.225404129,0.213963303,0.0
0.0914374658962158,0.1310479416429787,0.4228147748014011,0.0331508164287914,0.6335021031727579,0.4149926439468152,0.948695058809851,0.9200044336653004,0.2641190986599405,0.099720204,0.320856606,0.518644068
0.7334420821276126,0.3540442459815858,0.5954225490517483,0.0762106297977629,0.5276743389423892,0.9959537833735288,0.829399921178156,0.4738788156750376,0.2694205512360147,0.218338412,0.452892127,0.533333333
0.1815007862181219,0.3309628130272339,0.1416416503649736,0.4993807087498095,0.579813686849303,0.370344660857845,0.195742233363051,0.4602444948131204,0.3093793429402672,0.120788179,0.269935964,0.45
0.7226183364425531,0.4263377886527836,0.7557528152971883,0.5480884815098208,0.0783130955708232,0.3649613465968774,0.2153297133061922,0.3230141519158526,0.2497945102115728,0.115359176,0.448381769,0.568421053
0.7498637759179675,0.9898475214460896,0.3423340431322919,0.7839875163812932,0.6776228347198445,0.1786314910446861,0.9800165310616636,0.939609268351746,0.3612626848939667,0.728285125,0.297180908,0.32
0.3467953384723304,0.2614567214198492,0.969675516108284,0.48401500518212,0.6580137883234046,0.1837634465947005,0.1451277608800038,0.1775905111315175,0.7084549051229563,0.107791976,0.193670834,0.15
0.9764618723940384,0.387807687023099,0.901789963391382,0.5239804754415722,0.0987873439709032,0.6792529537780541,0.0787059730347887,0.4413835568339646,0.1234524809792014,0.173215243,0.465648827,0.553846154
0.7901415237467432,0.2350780780671536,0.0533647039991322,0.0986782515806746,0.9568871017119376,0.2349661247024701,0.4783630740595169,0.6908581675373425,0.4841753651727442,0.097743577,0.505659839,0.66
0.129628010533921,0.5894061034088469,0.1782939060215884,0.4856241141649069,0.5720239779238351,0.0663520793206383,0.3530332438208117,0.5571009867555684,0.3211889186434262,0.142640002,0.073796645,0.2
0.4646439861291869,0.9729853132103382,0.8743597617092532,0.6389452182618017,0.318655495280709,0.0137728579250724,0.4740475944614629,0.3454360757398562,0.5035122551545543,0.39311309,0.013106595,0.15
0.4209146112593225,0.6855948560043755,0.8316640725799064,0.6424103623909739,0.5028744639671733,0.6262541665439626,0.1873885130258629,0.8451396014816774,0.864304901965113,0.261450746,0.468973246,0.311111111
0.1255391798466373,0.2334570096875616,0.0763033567186604,0.3732791382664879,0.411423420096714,0.2183862100713344,0.8412076237700676,0.3188496188601548,0.537534129961173,0.141869026,0.201720776,0.547368421
0.1117423713524653,0.9313624513073973,0.7188392541379142,0.9124414812993218,0.7418512667136136,0.0604982823605431,0.4660806797495873,0.8263962713738445,0.9169175009801724,0.355064654,0.05898394,0.0
0.1614092887926995,0.3039208573944834,0.0728500248267415,0.8879506522314896,0.0027108786137393,0.2295486036443085,0.2767908134048342,0.4143737339437381,0.5594589578033387,0.065464761,0.15136696,0.0
0.2894643261957902,0.0948905195330434,0.8048802289698417,0.8262871758019363,0.044479024859055,0.8347837743231368,0.5668903870987676,0.8545442771314179,0.061333168249688,0.092874547,0.491655357,0.38
0.9369877143644252,0.3830538220522731,0.0535341028670303,0.5901149558149491,0.6935697934689555,0.4039740408683022,0.5222756194497111,0.0832918334929725,0.9783896233544014,0.178743011,0.500744478,0.177777778
0.0525279099020318,0.2000277860210439,0.1918387625391771,0.4193346632846487,0.2530980210068739,0.270254610385249,0.8458984583071666,0.605443756291005,0.1824102726169425,0.111083134,0.190255037,0.526315789
0.1381413969283684,0.7768546048132092,0.632799030521562,0.4358265315627341,0.2982828343459547,0.2148707801617623,0.8053202933682863,0.4474303147962367,0.4239247928896363,0.463813492,0.219605508,0.582352941
0.6758973152138468,0.397269999137081,0.8670971048838075,0.829910045225469,0.000726074300243,0.0533157409190137,0.5561463910322589,0.6857477176791767,0.6271765158964727,0.249269452,0.089781936,0.0
0.8889570945386202,0.4689682453184332,0.397405410115252,0.6110767586660396,0.8384850522187149,0.9667281258382544,0.9206746488420604,0.2472062865485621,0.7789989806422866,0.189650389,0.520074368,0.225
0.7287096225382415,0.3570953155831394,0.9345195716270336,0.1306666311602999,0.7626529950013926,0.3501719441328041,0.8140062410941891,0.1997304847306305,0.3336356653817238,0.181779366,0.43997727,0.214925373
0.994190263274436,0.7318791798283393,0.0155698024078029,0.8756241263291166,0.8603187805298469,0.2775850852094553,0.9955168169756584,0.1952140081167889,0.1498753996642137,0.300744652,0.449296512,0.3
0.4065429780498896,0.5035428755325434,0.8919327377631415,0.3621005370503103,0.1701263927882975,0.8788190959139467,0.4115848907511813,0.8330634517706805,0.0339436866761833,0.198930312,0.509899545,0.0
0.1255067701265115,0.5732959804059616,0.9918043122970598,0.3764491363226667,0.0346417047430853,0.1668819116379802,0.0148726882750089,0.7948654315193381,0.4712677336775013,0.227252759,0.186607798,0.821052632
0.6983905444258625,0.9531626432764492,0.683611995909235,0.0619222011058123,0.3328839695851533,0.2776144829253535,0.5680198550714899,0.4644915948613993,0.4558611391524824,0.649696191,0.406418729,0.523076923
0.0884760132372723,0.9795020093725864,0.0759776412239376,0.1422644766428973,0.2156215114306194,0.5779523478450425,0.8803820934338877,0.2636673132498331,0.8648322280377793,0.60092515,0.229443389,0.106666667
0.829597233431732,0.3862861500727852,0.0405380454832798,0.9744822386544836,0.6699501684591491,0.4805912238910965,0.1423904958628742,0.7158305962368279,0.1962577228245955,0.082623597,0.455932469,0.327272727
0.7627003641140105,0.9180186896657868,0.6266944964015956,0.9745398913245088,0.9765599416398476,0.2435729058095621,0.1685750589045322,0.0687692904775962,0.9791569613300504,0.289399414,0.338319727,0.48
0.2457825818027913,0.5211904806189722,0.5986841740220777,0.7551695925089547,0.926220324674468,0.8094975337397824,0.6794716601244066,0.3363516843911286,0.0183263684648258,0.297851965,0.34358197,0.0
0.6454800245620724,0.146397571115464,0.4129560853615396,0.984585981275121,0.272302551339723,0.1422710491856427,0.9960746083070808,0.968904134974797,0.7358063296014526,0.129968938,0.35892542,0.498461538
0.5211793807595755,0.6237632294476546,0.9969543325692964,0.619598540238008,0.0811158520746679,0.897158343143529,0.267706595181499,0.3703388085607394,0.8270802410604121,0.166442202,0.53939316,0.171428571
0.6188242752406455,0.7312566559453598,0.9387162130734072,0.7383376933062947,0.5585142991139825,0.0433652218375846,0.9755237359339692,0.6451469548110397,0.8896295149321019,0.368223019,0.070276556,0.0
0.9829312587646112,0.9972768601503836,0.5648212065939437,0.530973068325178,0.5220664491164625,0.6629334442807869,0.1535479383198535,0.3929426107493847,0.2939964818616966,0.376450028,0.524006591,0.763636364
0.0753087241475091,0.3735573471425167,0.0959221238406911,0.6141061580427221,0.7912176645788813,0.4258496792004801,0.5225978004459337,0.1397533394252832,0.4725170495319768,0.192928503,0.156904469,0.0
0.8541244623339375,0.7261879509427729,0.5098444230019339,0.1927846330689142,0.5693285390666432,0.0593587285344165,0.8024771290026314,0.7316663855763186,0.1664441377416768,0.334953047,0.132744916,0.421621622
0.6056966139083697,0.3507079091255812,0.3252095194122576,0.1090387623833816,0.2956351564016949,0.9862070525715922,0.6161255499027868,0.2534656970781493,0.9016180860788144,0.198644063,0.558624685,0.563636364
0.1342977526155589,0.0495328296225973,0.8825277209088755,0.7794066856590857,0.4892281834423732,0.0601370328229069,0.7966943230519414,0.8882540525486571,0.6592328119757099,0.111519446,0.052751484,0.117647059
0.6896833908871941,0.8611627825786787,0.4753987964045505,0.117636161955525,0.2875884234174783,0.2135251132817822,0.8108971091210645,0.2945429190466463,0.7793858422982204,0.428935545,0.265791833,0.048979592
0.9705723968873968,0.2666342711325442,0.4628793444847202,0.5041515921937993,0.0108100649602355,0.7959156463430932,0.4955316807281611,0.2062374104446764,0.5579839818917154,0.122270521,0.620291508,0.757894737
0.9851738078787216,0.6696770287429135,0.443317682559032,0.3932907079704516,0.0746540752361024,0.0117436390446878,0.4964747477379506,0.9770025659939998,0.2799812508654085,0.243870382,0.104554195,0.323076923
0.4445771433362797,0.5387434497153658,0.95646066275514,0.6264222621986264,0.2945026632844413,0.545129452007896,0.8527523316850532,0.3494619582827764,0.875248102221687,0.355567736,0.350046963,0.0
0.8185177789858968,0.5228040135264171,0.9011609638450808,0.0130226544145165,0.4549992387204545,0.6146067520324883,0.6992901868454245,0.5454928536238332,0.3989949075938367,0.255944308,0.487342772,0.55890411
0.2174448106775235,0.5947547163687578,0.4590014734363046,0.2323103354155051,0.8548121470537741,0.598738971469945,0.4383951976080504,0.5804686720955355,0.4549764053801094,0.169749002,0.308485807,0.342857143
0.9803097874312584,0.8902877884425722,0.632212465162108,0.9341663561308972,0.8969073367605571,0.038775927953534,0.4167114244376496,0.9034967583550898,0.0351653555473798,0.280554721,0.136920547,0.0
0.7738660421734199,0.906042419840732,0.3195309213968402,0.5691697686753534,0.6406026373487661,0.1314421887356641,0.3164006840617723,0.0189427107323031,0.9282930642830756,0.441674597,0.276296746,0.733333333
0.8405098199656837,0.1429141106090701,0.081911209181013,0.8487150343220443,0.4865896745025738,0.3438903880655092,0.6662216295208564,0.4509832203399895,0.7807599448901783,0.10435721,0.382980712,0.0
0.4046598212405294,0.5472534355914417,0.7706391108522591,0.622136022224953,0.7449319525193352,0.3493128737320887,0.6101457973429087,0.5893531771712007,0.8430779433211023,0.312553827,0.352521945,0.0
0.2613835426254829,0.16873248530907,0.2721708666546041,0.0596536594648419,0.212521788460517,0.0501074752483075,0.1309504167626547,0.8935565262964665,0.9913009172075722,0.09580429,0.080971127,0.352941176
0.597060789206516,0.7231518309690976,0.3171263996297672,0.7787928894433213,0.815751462116596,0.8761879638030896,0.5575484860824527,0.3670957377078196,0.8015579901426816,0.333390021,0.453894759,0.294736842
0.2186976516195832,0.9791745389683374,0.1465756221167812,0.4103202251528417,0.2820886361438802,0.1917070834614125,0.2915867695870681,0.4859226929525452,0.521574023718227,0.360009894,0.252318517,0.733333333
0.6687983889174242,0.8148625377617758,0.5065410763060377,0.3096048448178792,0.326991280712804,0.0506699391794686,0.1944248558988639,0.3909987528789519,0.5191061312357529,0.317394128,0.11131792,0.141176471
0.1364664450269346,0.4343861367498514,0.0587701772149137,0.9245317203208222,0.3856050323384574,0.9075469815560322,0.8713510301863828,0.5524271041091697,0.3913360032724274,0.191669248,0.369455376,0.066666667
0.5901551109080315,0.0575110455905988,0.6618232824987174,0.9755324975064744,0.0564465130529457,0.7104858675638986,0.6237641825079207,0.410270495288536,0.6235433823847875,0.117091327,0.526361211,0.0
0.8738346768648338,0.4024086831016662,0.4549131836007956,0.3320073074491121,0.3133809414874252,0.0175392877081845,0.3937958396749063,0.7374973435066626,0.7821911635169353,0.157431524,0.077918756,0.0
0.781307668565429,0.3658159491368521,0.8015031223901161,0.024271693496442,0.7415620666631813,0.6122947899076255,0.624548206846949,0.1125033522464442,0.066354754083001,0.232888989,0.437746479,0.823255814
0.7162660295498937,0.7334603044649493,0.5516294661898702,0.8084061013951462,0.224086780820558,0.3238761477759055,0.0034675727038497,0.7827957610547794,0.815654034342667,0.285735328,0.451000999,0.553846154
0.5243545227465612,0.969302284736896,0.961647313866714,0.0637396635913926,0.9691841549283324,0.5095445916887433,0.846236659160218,0.4586241921580677,0.7381623368841275,0.572489522,0.446300912,0.45
0.1707207423407469,0.5243313208540809,0.955720453554279,0.4195660145721296,0.1655093358459962,0.2184386026536825,0.205515519414473,0.0675718384146011,0.0834717289546741,0.16901914,0.124663989,0.1
0.5931320531002772,0.7025680614012862,0.3894020010252574,0.3175715626925955,0.7436036163992741,0.2580207334224643,0.4316420669270241,0.8242930446498903,0.592468967744456,0.242020292,0.546019358,0.45
0.4665501596129302,0.6985316607889163,0.2899656627424962,0.9174252071106258,0.7945421059604376,0.9706337131088734,0.6850107699210263,0.6793084685473086,0.4303543180516177,0.380199812,0.277844017,0.0
0.3933632960993467,0.64551332521477,0.381452717982877,0.8412299151436434,0.5626883988371438,0.07100231699858,0.0738643741735128,0.1984088967925547,0.3593772836922361,0.158606868,0.090296577,0.0
0.1746606572242985,0.5290729374054225,0.8433457063185964,0.7318406421228284,0.6413769115581758,0.7364604612032207,0.2249462906673011,0.0246400754639782,0.202329867800016,0.18453164,0.233666958,0.0
0.8593057959659995,0.0440580886047689,0.0321430112876952,0.7018153085602508,0.7574029705870551,0.394442148633231,0.0752833576553179,0.0273755194923086,0.5968290137487415,0.055622019,0.509336695,0.0
0.9492681112190312,0.0449116959273878,0.7403368957003867,0.0388474749086544,0.8893124066358287,0.1739218000256807,0.7983827322140047,0.6392678712155015,0.2162222870582555,0.097724392,0.325710346,0.491803279
0.1947980316252408,0.156729154859868,0.0624902348962186,0.2804323007525945,0.034769109479998,0.8748400826579499,0.3541920342970359,0.7492590808066004,0.8209497696935638,0.064559357,0.460653485,0.171428571
0.7889970145271314,0.3532389551385798,0.3284179600209702,0.7356244353425908,0.9243584359749952,0.5810297990038377,0.1793725937358776,0.1138657149159324,0.2276055236692651,0.084683045,0.440058495,0.0
0.8568200249450034,0.0259474408541263,0.867934232894873,0.9579186618541012,0.0886043341017465,0.8218934945758147,0.3046420855338443,0.9749091669059508,0.605545237294856,0.054682125,0.696179825,0.24
0.1377139363512585,0.2333126982285834,0.7890276134461979,0.6988864265416844,0.4585730165021101,0.7335035653567584,0.3524004928591208,0.2715138464112238,0.8932529737973536,0.091118082,0.390480055,0.6
0.9842557181991424,0.1468657174470089,0.0547274978663823,0.5095090715448457,0.8019920398190745,0.0877738670769956,0.9352755446530602,0.1083193782999206,0.8094842559419771,0.101810824,0.25355302,0.1
0.020427800352663,0.263450939659631,0.4515531585421078,0.6552996870890943,0.1253581815628297,0.9243186287740152,0.9787789704399078,0.3191994893889677,0.6580880476820651,0.205520445,0.24792199,0.289655172
0.3430170564890185,0.4230420952942485,0.513097415251921,0.8269819412464846,0.6535818225183574,0.9592295986831234,0.7873877844750865,0.0738723692851704,0.093243418142304,0.187991277,0.728955743,0.0
0.428198843943689,0.5046540841180086,0.1605717721395124,0.72636310869433,0.7848045160880065,0.849881004736981,0.3641368436044392,0.5233506652370985,0.9859751489539248,0.180914373,0.347609182,0.0
0.3945598444254324,0.2674678753643119,0.6462681322491883,0.7084833126499053,0.6310518440185182,0.6972197240795586,0.2691238848947277,0.9635001215881503,0.1773695418106818,0.073814619,0.678018315,0.654545455
0.0630097861397214,0.2671730393802162,0.4051377812417137,0.9507186670492924,0.3219102661294207,0.0051623457863678,0.8626237209995568,0.2813088561142499,0.3063242379055622,0.144920003,0.008249188,0.0
0.9133230111712674,0.8322535894671766,0.7005060119423494,0.8022464508772011,0.6943050473925485,0.6005064736845412,0.1962442640483923,0.6780373187407247,0.4343676699113517,0.375686078,0.477667741,0.0
0.6538305825857336,0.7326425306463223,0.0770072720187996,0.7607434058117808,0.8820929862569333,0.1241169965857771,0.6701322432756521,0.8879773704225021,0.4385342102269604,0.309208401,0.169005788,0.0
0.601004689233815,0.5578810854011906,0.4605308408211309,0.8412747774595991,0.2188730872504566,0.7819594822586884,0.8828674396583832,0.162154557143073,0.2936347819954986,0.237483816,0.478526916,0.158490566
0.3011163830916579,0.0553543323757727,0.0560809891744862,0.0344291391939802,0.780851920064107,0.2551571998929783,0.9580913661892668,0.7512002455707818,0.2300129687781246,0.098276201,0.241700996,0.543396226
0.3457552869310309,0.1005886625515349,0.8653644436298077,0.1551167908700274,0.7128348468788667,0.8075466309257228,0.7020778330228831,0.711191777808711,0.9721855520618314,0.151245198,0.533326374,0.15483871
0.9966302860751044,0.9238150288743112,0.3218177209159909,0.0777601941448354,0.8872030686092615,0.8761307528755307,0.0375392424550885,0.8083278536751953,0.2493725863839618,0.389468667,0.536339032,0.24
0.524700105996667,0.7576680465146861,0.2382439958503526,0.2789502915713688,0.4695633948218114,0.7215995489720101,0.6679871660076502,0.8023638000568795,0.8446000644178606,0.422292716,0.571458899,0.440816327
0.2674557190265393,0.7101491478699202,0.9977807902532038,0.161128438212691,0.4889160226363443,0.8127008518755428,0.9751901990458614,0.0436028152517459,0.0536892684619478,0.353248733,0.386961783,0.634615385
0.3710212871264441,0.3300480148766278,0.8624065942128982,0.2906686158726821,0.7500652897517354,0.5256061824613869,0.6037675578639355,0.4191304582567703,0.6404325936212909,0.233511789,0.302367038,0.3
0.1536825679698577,0.6089200444467033,0.8421035707912747,0.7276188847721254,0.3434090447367961,0.7861222506415025,0.4649098756464842,0.3045036172568834,0.5976844218920163,0.204055302,0.364372906,0.0
0.3233627263362025,0.5908880971446004,0.1462647584125176,0.8582317798693827,0.3525079453782481,0.22785153479023,0.5093224805583197,0.883297501388931,0.5798252541607227,0.2603376,0.196103501,0.0
0.5542650655207708,0.1382614925853481,0.4902446516969254,0.1788659363037845,0.7094354151602066,0.2326900082304721,0.984699598059363,0.4409789173380373,0.7095692001731805,0.114861151,0.330870479,0.373770492
0.8104981829492548,0.7957087067034558,0.6379682636130661,0.1375329863337009,0.0159551263478118,0.678877867389552,0.2059243860038546,0.8026086344895879,0.2478578144842382,0.211327207,0.700779638,0.45
0.6545725099257081,0.3338457883507468,0.7551822232709575,0.6543708433937839,0.6432418213505269,0.5351342173664471,0.673691993140609,0.3767299780193694,0.0908303785596744,0.200942884,0.378948544,0.646153846
0.9032346664850603,0.8005928694543482,0.3177409096289236,0.6774626780121124,0.4910558958847467,0.5842080439115297,0.024939740660866,0.5569396597195443,0.1343481242400198,0.280041961,0.626525564,0.0
0.1366960706734301,0.910273777484558,0.0186756425641644,0.7274723447975132,0.9461726740162144,0.0208390111647227,0.9240616696287136,0.0471878554396851,0.8566864881899292,0.535251739,0.062653512,0.616666667
0.3567186008358208,0.2736115853746007,0.9487288858580416,0.2651417207746879,0.7699752116048781,0.253203516961941,0.763605414771113,0.3969542183377341,0.2578435575072958,0.185492288,0.302627379,0.592592593
0.2348395764729726,0.9905952380204196,0.6723913301852313,0.6337976453210595,0.2829049094644614,0.2389141413347307,0.9403264603176524,0.047018920688989,0.0052639662509438,0.518095882,0.110754713,0.0
0.3355355568278031,0.2121706615235983,0.3284362259866861,0.1456949138594255,0.7659926176260275,0.4171444866307446,0.2225844572266785,0.8887981860528006,0.8794045302556234,0.08644307,0.311487606,0.18
0.8946075631269521,0.6384877763866983,0.8889701750642112,0.0437685432452513,0.1387905098728719,0.4034542040380334,0.768065652483414,0.5706003506550114,0.8063027454486107,0.302346758,0.510013789,0.510810811
0.1918402167885924,0.7582946029332154,0.9050312353403348,0.4168189911695581,0.1178088417436258,0.4402241654175362,0.943382137792388,0.7575928936015444,0.7847883112157172,0.330060525,0.244188155,0.0
0.6098977945912812,0.9018683771790876,0.0137703200317591,0.8073953534913326,0.840319624845708,0.6121553341951043,0.5869486625924627,0.0645786581726548,0.558312990238187,0.53830808,0.429409899,0.0375
0.4288085873727842,0.6209873132925856,0.6895998142425261,0.1895484067401284,0.6413585643636761,0.9626560601676024,0.2023411227281604,0.5173827846960084,0.8347635490514755,0.194565246,0.709521669,0.0
0.1601657234582623,0.0293763497742847,0.8319642186266117,0.7209399158597565,0.4250177258138836,0.4535012611233735,0.2207354299307592,0.0338902123594059,0.6508464339715366,0.074149991,0.229134594,0.4
0.6701721044323343,0.751280065345979,0.6573262398658154,0.4213967634236562,0.2696738385544587,0.1866430748768843,0.2783587530086324,0.1290226884612154,0.7392816831756291,0.238680685,0.246607101,0.436363636
0.4187903701149486,0.674184121282477,0.483412924574926,0.4197474809385132,0.8429227019476084,0.4228551532309742,0.6512209058890959,0.9350603476226684,0.83925944307993,0.399436807,0.459533309,0.362264151
0.4178328498993799,0.5739195398399243,0.01187608002977,0.6374445547060821,0.4974255319193391,0.0193420247807395,0.2466661568083088,0.3972595808772144,0.4223115068875164,0.12178626,0.041002497,0.085714286
0.6516065788518695,0.9303111461582282,0.7670616795231466,0.1085061472409878,0.0497455327786784,0.7428429275503294,0.6415055414282553,0.4511884270668598,0.0237580887214229,0.477578709,0.466516429,0.319148936
0.4128736975757981,0.4844281059784359,0.9974372436794624,0.5833213689022813,0.8447256346578741,0.9950962751459906,0.6658858275424994,0.5683760650438524,0.4650379024771662,0.299226118,0.511645882,0.0
0.5804066692435979,0.1339584581746785,0.4361729741941931,0.3165853197195861,0.5174566042316412,0.9434523678961472,0.4667557569398736,0.3424772393880464,0.8649751091206503,0.092163714,0.441581616,0.0
0.2934354965909326,0.9028845206887882,0.9612135515079224,0.5708161458430543,0.0860682838161135,0.0138837819257928,0.5843097475836078,0.4116737508159592,0.112642729199844,0.613572464,0.030991671,0.316981132
0.0617516790974476,0.5390865370957888,0.3326193732069975,0.9582710688678108,0.5087346773422718,0.5065111933162983,0.015041434723379,0.9094879654533652,0.8457508683868747,0.132433444,0.282026426,0.6
0.3748922077929308,0.3943597339422822,0.9453972258716398,0.2643185234618408,0.2779050628007575,0.1023472997118819,0.5377713176650756,0.7868275990460261,0.4136370641915855,0.228071748,0.245898165,0.623376623
0.4028099482613129,0.0924781093906782,0.8468113914943731,0.6867008214047263,0.979979572965588,0.6749409610152891,0.9029658610810944,0.1569914056655786,0.9743120347171136,0.134589942,0.502345487,0.246153846
0.7793879059161469,0.7532637710317416,0.5723729332332278,0.6257027222436112,0.5871249112333328,0.2775225087847357,0.6826090595744932,0.9513152644908212,0.1400205074098633,0.459032787,0.312911986,0.648648649
0.4858951115230991,0.8373483304866195,0.9302657262196696,0.2608189393980277,0.9668010131392496,0.2695265703124193,0.8049579479708513,0.9692252761632972,0.749878329285972,0.640907839,0.310460722,0.181818182
0.7175459559551225,0.6651976933040266,0.9574472381462356,0.8113514047478353,0.6850287654603459,0.8261653707509736,0.4576278987224512,0.3228334510918335,0.1444746637129019,0.182145076,0.576427876,0.0
0.8789576795122571,0.7345342447841329,0.6130038118613756,0.5783040310317219,0.8205512765662748,0.4277032496655099,0.708441228545477,0.2780914164442499,0.7879897054964595,0.369221333,0.419543479,0.0
0.3770076770054936,0.3004080177726447,0.5442605220809018,0.8933097776180499,0.9232122383414488,0.6138021310458499,0.5434998013261993,0.8268215726749938,0.2615713270453647,0.170740974,0.380621178,0.0
0.7588985256955718,0.5331641606788343,0.0440387487762197,0.4718901016452452,0.861437042156836,0.7427745680067555,0.8570679735812764,0.317158644675819,0.0433551079086722,0.232924864,0.404916069,0.576923077
0.111259315683092,0.1507280175283022,0.9268890108812758,0.6801739607270753,0.5452160491131001,0.3093699725240536,0.5846369752350837,0.4909162207389622,0.7894504749666506,0.133742231,0.187206286,0.32195122
0.7044418929033933,0.9747453783142556,0.7030435017633082,0.6786445049413858,0.9012837794396262,0.4562915241949465,0.7908088111314582,0.4132512953985539,0.5028195555289973,0.489060606,0.408080987,0.0
0.7087486993965489,0.5861398547196003,0.2371094477226072,0.4520350288596502,0.987319620249446,0.938119697415087,0.5990785404919626,0.6366041721405801,0.5536732292153613,0.264040506,0.60227804,0.461538462
0.2947613709569431,0.1028448902908832,0.7498198474850379,0.7799295717161882,0.7481436983423321,0.6047749216986453,0.4388908422077703,0.2784968745610805,0.2488598939166576,0.072203014,0.281829782,0.0
0.8345245270745199,0.6731352969029593,0.1541455274406005,0.2830325697911475,0.7168616472118806,0.559707065122675,0.5195824313399063,0.8381397448545952,0.8062929549630014,0.332861391,0.524343419,0.564705882
0.0761783747154378,0.492317503789804,0.5210877419405741,0.3855608240733775,0.9500393752651616,0.2402176812768401,0.8182521270803064,0.8711441422393218,0.3265256398508266,0.209805653,0.208809397,0.306382979
0.6122069703337554,0.1336645800392063,0.1643660079225301,0.2030497562381638,0.3083585809018525,0.1894456915231681,0.0118184772401273,0.3754306487163177,0.6943890428202266,0.052285602,0.268107253,0.0
0.4114770288373794,0.1020374193238096,0.1650986153618024,0.1127916814542433,0.4283699108704192,0.2146550876448157,0.1325794848365316,0.1284571050746946,0.1349507055634667,0.05860041,0.180045026,0.0
0.1751606685260516,0.817263382738931,0.5814335373333637,0.69812911376966,0.8917285554335783,0.6537530792121435,0.7818560867967296,0.0567765413234969,0.4823372797378262,0.524465132,0.255282965,0.193548387
0.0195452779012647,0.2404337740488973,0.2051467143091081,0.0306744858268415,0.1237141831525646,0.416165288452876,0.2857600674489138,0.2882580357180302,0.0157397839839705,0.081726813,0.183304338,0.514285714
0.2468412813000472,0.6793122388642516,0.8042285477502754,0.3182170783388879,0.3422827290716501,0.2992090265670457,0.2581865793158955,0.6355764879889203,0.9785494312345204,0.347291157,0.101229545,0.436363636
0.7828985088277235,0.4077943641720102,0.3690149036817953,0.919035840328372,0.2702927117296603,0.6586856595102392,0.1482023628343662,0.6931959760291584,0.4033080013853276,0.149698678,0.951648233,0.0
0.8292336142567637,0.5017622275954989,0.623621528006273,0.3851375112162304,0.4020657588081249,0.0349524752464047,0.908310970769404,0.1033130068166879,0.9975025526773732,0.239472215,0.215740797,0.413793103
0.560045940502547,0.0357742384980321,0.9610878005829424,0.1786199876810054,0.9840696680948284,0.2311167784653947,0.2073356126484652,0.3170043138546239,0.6386247621499345,0.053065866,0.327220997,0.528
0.723989995471312,0.5089354177027491,0.5031240177125297,0.1202076954147008,0.7320544872883353,0.9422724143172936,0.2678627271044055,0.204543651269009,0.7769603701448394,0.187451208,0.358555939,0.313043478
0.8478121085868425,0.6314769179352403,0.6147686428282803,0.9632974051507028,0.1558703571400727,0.1504723943134621,0.1195305698279531,0.9802405774581252,0.276256673177232,0.200438872,0.336355475,0.3
0.7178330843559045,0.74739617659371,0.3054240435986414,0.1897489465870396,0.2726703796110269,0.1319559742363655,0.0656248366522836,0.8742424932666439,0.0899750109115262,0.256375548,0.181926656,0.0
0.2047183154444581,0.7992824951396599,0.0389709169987734,0.7344280318318688,0.8873856027202252,0.2751523474224645,0.6235270623491423,0.4918615707569201,0.7127194579418404,0.498998585,0.329518276,0.723809524
0.7442835500960128,0.4676778240017011,0.6590066065502391,0.0119540781990544,0.1496348862427979,0.6162187082692756,0.2058181426208782,0.7324161858347864,0.5158078292144764,0.139869152,0.508237146,0.285714286
0.0485314552713029,0.1392018459459245,0.7650171866281948,0.3744711633778149,0.5477799407383107,0.3799497477333134,0.8164131518124285,0.7983005167477661,0.5192826641337366,0.130052774,0.198598265,0.334883721
0.0925334538726661,0.8265020027624724,0.9446429448358108,0.1941983800037076,0.2778216932744617,0.8856625083179356,0.7138328437182498,0.4879679562759205,0.6321515752588596,0.606312144,0.377257102,0.163636364
0.3210376644768883,0.0178984438689152,0.0007631052547434,0.9941552114908389,0.5475796217460694,0.6253837625459155,0.3409427609011247,0.882739648665765,0.0384409008353784,0.023257932,0.247880098,0.553846154
0.3411456418195191,0.6468303935289317,0.466749320899738,0.8301342975201706,0.7872466399353879,0.6257468786772489,0.2461600709379684,0.1085664616312588,0.1753881311404524,0.147641772,0.427767025,0.5
0.9758029495046676,0.5696180118339487,0.6415008385527052,0.2918690120321237,0.0593662832050665,0.2400095860310075,0.1092227308420119,0.7491401756935937,0.5991182808639679,0.159535372,0.358630739,0.36
0.9882429401769844,0.6808121489248751,0.1510760680808511,0.1210929486423313,0.819344099832404,0.1261770556492253,0.8625819295521862,0.0443272556763579,0.1274982110847383,0.279505221,0.407498838,0.610714286
0.8924247427534313,0.4962807323008615,0.5884543511913164,0.6584966890542754,0.7931909049706579,0.8365742837185642,0.7282503714650295,0.7895755856265372,0.0244515119823057,0.206864612,0.514219906,0.3
0.3706495149808361,0.5589005594505886,0.9634671864618316,0.9481526355305036,0.3297049007293435,0.7670104602244917,0.9337986531476558,0.5811783295737103,0.7967517255893637,0.276750319,0.528196022,0.097297297
0.5871645575525991,0.0875443989403494,0.1906032492539374,0.6780453449509767,0.4825555764475906,0.6398230911257237,0.2323403766047315,0.1568004017056706,0.5089676141793953,0.094051731,0.504347505,0.533333333
0.1040035678655351,0.4361340320105572,0.3449851599449619,0.0437291878828727,0.53810109921756,0.9772324383699332,0.503374596846293,0.0340113391656755,0.7626829713232235,0.190538207,0.351906605,0.0
0.7894376133015554,0.3918387280002813,0.3426925899213363,0.7583539698463855,0.983183599036077,0.4797826566983229,0.8516253238254968,0.8481948802550617,0.9909644095677578,0.241026934,0.434741312,0.233333333
0.9030400948991718,0.6240130956498058,0.1366033414894484,0.0830618252537499,0.6745750468181023,0.8658707904146189,0.713541037603598,0.7622763515971699,0.2235178306780312,0.258571762,0.680754271,0.046153846
0.6067938811892915,0.2253541326079421,0.5655793239757717,0.1616455345542797,0.0597341331406044,0.8008276638532729,0.0581558307770251,0.4122744206627965,0.2427361533712717,0.142350671,0.738025213,0.0
0.082539392882427,0.4940742294321222,0.1810599664051309,0.5881290096992966,0.3206204360714059,0.6688823606836896,0.6113350449019398,0.2122166600744728,0.6381915652821099,0.240605808,0.355981005,0.628571429
0.0054625205545377,0.6773921724755647,0.2275018432569246,0.0499400720207322,0.6578632593127972,0.3456041106656832,0.123167559967257,0.4927977975261739,0.6829832212835052,0.217306805,0.190023216,0.057142857
0.6610813396960707,0.2915063812963836,0.2689849866443119,0.3886961559880878,0.9954135882121602,0.943336291096344,0.7682408752463017,0.0890670592103249,0.8812891789147363,0.208829029,0.63632071,0.428571429
0.7747199989530351,0.1242249734140112,0.9660438551734964,0.0872638082582466,0.8175893047752888,0.7528614424459057,0.9035219944496944,0.5402788380297571,0.9265505902462908,0.13726724,0.638101706,0.0
0.0593144488755819,0.4844152396240847,0.6612381028440734,0.9600953067440656,0.4864653327353383,0.7460646344978383,0.8450196808432435,0.1265317211697223,0.4915255861623342,0.213807479,0.246141407,0.0
0.9111511678685886,0.578081760855671,0.5187490809014024,0.3512231856779787,0.5707450886505514,0.6893157768346607,0.4700207230898267,0.1088016746021938,0.9273983947167512,0.118176611,0.681593046,0.327272727
0.2338967637763059,0.9762840699059444,0.235469014676685,0.4540831109579548,0.57825188741564,0.1626069064563103,0.2792547331567692,0.5246626375908655,0.8578766302971017,0.335838727,0.095027638,0.0
0.0803047317574435,0.6538049806400773,0.7982946917308742,0.2579298827643876,0.676877916455458,0.046499339688486,0.5786067154025488,0.4881477110771303,0.7660013609909044,0.329569615,0.064278448,0.57
0.4828079456340867,0.155288084335311,0.0057041437647902,0.4771884329388288,0.4090117599400314,0.7100324953315371,0.1719577372168561,0.4417762345720875,0.3294494530643944,0.086310997,0.585493959,0.626086957
0.6371612538497126,0.298264243798907,0.8258870429282501,0.6876053258014854,0.4829318973783698,0.2323335949599965,0.9424044734003564,0.4800474754301861,0.9714146652678486,0.165626531,0.184576972,0.0
0.9017892538100456,0.7428481740211498,0.1750400462162065,0.7299765686799561,0.300121930189871,0.1471706822804103,0.2792561589808787,0.954016229165206,0.692271396849821,0.144271267,0.262131708,0.48
0.794232457050676,0.5224210316682673,0.6591160326440344,0.3161851996242457,0.5555453596630974,0.9660874566833706,0.27974379340998,0.2471598859547673,0.6923257531147827,0.160493829,0.58890134,0.0
0.3141398558404391,0.3405829697584133,0.3760869460990759,0.7094443603026559,0.7038765541198108,0.0944244564716676,0.1950906702623215,0.7357356873713654,0.8091952222092615,0.130647058,0.048085172,0.171428571
0.1048846150232487,0.0275522190513408,0.9031299507778302,0.5519216671950152,0.8704754045861846,0.3023483739917256,0.506724571985625,0.7630878328608396,0.526798470078327,0.102883681,0.240444288,0.46875
0.6224958385295773,0.8430858212734754,0.3295258587482677,0.0878994132349029,0.61600586963908,0.1301100987585418,0.019321638153673,0.7322867059441561,0.2616547193311855,0.286077439,0.25433692,0.421621622
0.8943896144606843,0.870949972761461,0.803234856015065,0.5210855919746915,0.6725926963376898,0.4442336790217096,0.5932065782830667,0.3351231687833496,0.6624126980255303,0.705286076,0.496319787,0.579310345
0.5462603577613261,0.7407148581290308,0.6644854006052163,0.8713702082514363,0.993993562345324,0.3887390957063781,0.0687042132191168,0.517824000170702,0.9271251349853952,0.259446847,0.37671507,0.211764706
0.8163414147186498,0.3569298156982212,0.6222973040384082,0.3521226703211326,0.5982819952210865,0.2039124104102126,0.245460753958461,0.6371597978034547,0.7999710331001774,0.112331677,0.305354156,0.461538462
0.0346331056407805,0.4198764153670369,0.0130278859584136,0.9768577305786128,0.3429035903255379,0.2085501584273117,0.5296414640451176,0.9497827522690834,0.944192579705968,0.250397798,0.161307256,0.634285714
0.3516051508174446,0.8025389180477189,0.7859435897157205,0.3185565003741885,0.4360633412738894,0.3666239123848456,0.8954008213666873,0.3238189731883101,0.956173888232025,0.671196761,0.341562693,0.490909091
0.7362953463346608,0.7642430710691255,0.6451125457304431,0.55651707974908,0.2095103678562151,0.8191619518045212,0.136949590005439,0.9352204246391352,0.8638967255038491,0.201267618,0.437897469,0.24
0.8105531678400618,0.6444223169333687,0.5656933421575191,0.8638174277383714,0.0696429632867046,0.654084995299296,0.5484651040535519,0.4411001218399517,0.344907806499427,0.255774044,0.518018211,0.376744186
0.4619116240052534,0.6440892102378807,0.5853155644637386,0.1274165508981075,0.7580243471644827,0.1877774208428949,0.631066626745624,0.2812440221781114,0.4788194731294475,0.304997712,0.168018142,0.0
0.9881568072530666,0.7006744294626317,0.9506286332924124,0.0437964618828194,0.4525248634325453,0.0730812398179644,0.0280839318691636,0.5485774523558634,0.7561817123819872,0.33935147,0.218980006,0.0
0.1813092726251729,0.5558046524618202,0.8608891233978732,0.8977593439123143,0.1819480850279555,0.6893148721626093,0.9467295299130098,0.4380458774070487,0.9557580106316664,0.380256634,0.415167737,0.58125
0.3169458718900975,0.5367904282458801,0.5766508237481848,0.2751678888648018,0.5973742750620741,0.9217757071472276,0.8363823365057534,0.2461680470122187,0.9188791862712586,0.357283423,0.440202974,0.627692308
0.2747540179745589,0.5081632254131742,0.4255371936665264,0.3514353958198587,0.6778783011095955,0.1966661470687839,0.526731644472427,0.5439592185346492,0.9546603563527428,0.20957751,0.133176434,0.0
0.7517609038867631,0.1471030407062681,0.4295339756303878,0.4029531835640042,0.7175081672187091,0.1766853436878643,0.4135532551910467,0.2866355598024126,0.0403634555159249,0.071614622,0.354492162,0.6
0.9171166585940732,0.4041798225222526,0.2441940771266666,0.5789470832345944,0.909165066466318,0.86455191674788,0.3495510173931399,0.6395824134413617,0.0649638267159039,0.141491055,0.237036479,0.0
0.9582121981333044,0.8724805241534347,0.9506107160273124,0.3739246092430193,0.4753899449081482,0.8336235545221542,0.2058908358033725,0.6461718585429547,0.2129825366185167,0.368514286,0.476437806,0.469565217
0.5995510409383197,0.3692901599606706,0.1140426096271594,0.2659437167851534,0.5298197028630216,0.3627274948411849,0.8625515616799198,0.2784830813530471,0.3639398519686007,0.181702957,0.483658965,0.744303797
0.3352287864945487,0.2333179154770548,0.990730275500134,0.9594265845197392,0.2330012178249701,0.7425140084096885,0.62647842858867,0.8692909599204992,0.252490902180669,0.157376245,0.402815379,0.427118644
0.4783459952459858,0.7320916351023058,0.6999788911064238,0.1404493974439078,0.2916544934288121,0.0215479649069118,0.9683953385836797,0.936102271547895,0.5281583650201588,0.434303673,0.081136601,0.1
0.5271847043585208,0.2710395192918308,0.2121661097708048,0.3633022958214988,0.1077199991807807,0.1917782047020159,0.5864223616066961,0.748975439885691,0.2710026694012185,0.099383536,0.259382081,0.157377049
0.2917436806818857,0.4955838896577218,0.0500642721613232,0.7045242767860819,0.6170878600737102,0.6620067908844812,0.5524668921083578,0.283260630440697,0.7490983808318749,0.246380344,0.503029446,0.234146341
0.241833647858385,0.8600626315599765,0.3170767585786671,0.5842343511503876,0.2217222593247005,0.6158070842157644,0.2024306192376884,0.8916834690142883,0.7422107494102943,0.298999246,0.600680609,0.24
0.0469359925769002,0.1278233830328755,0.7268267270734609,0.2834171707700553,0.0492963212518692,0.4034367500515906,0.2017025539828694,0.5627334555716761,0.9687474101097016,0.072967223,0.167638807,0.375
0.5938856585110239,0.1099190251007874,0.4324249959109393,0.9029662630607254,0.7737041016080611,0.6179281027078803,0.6512308476945508,0.423070844691481,0.1603748180913022,0.097560152,0.297771172,0.0
0.8477566397527351,0.1521990645065892,0.6803825089149722,0.7708118475819772,0.1038483563161619,0.7705544654668541,0.7959712592398345,0.2739336138597065,0.4336598873558845,0.194978721,0.406373652,0.547826087
0.569507962611745,0.5032521390131166,0.7218949165343285,0.9002259089587615,0.6396971388926818,0.1932965640588999,0.4079527151356834,0.519899618206569,0.7180670467334662,0.178474069,0.38106794,0.514285714
0.4854179825827984,0.8448455652557377,0.1473368837523151,0.9221621735760278,0.0265415101459414,0.956223498216034,0.3305700585296305,0.5077644050224028,0.1269775914719006,0.309954616,0.639249449,0.0
0.268304690689613,0.1621291610321413,0.3921929876386508,0.0978108751045294,0.1546572822631988,0.1421412977219903,0.217730164998804,0.1039276393562348,0.5498638604533502,0.08850118,0.204270396,0.2
0.7384762434943641,0.7558912715099164,0.722305373680518,0.4894054357841702,0.3822403325676796,0.2980982069717536,0.7804481252339089,0.9134301647358614,0.3475832527244534,0.387363748,0.36249401,0.027906977
0.2407739497043672,0.1584337794769857,0.5550532232447525,0.504677365862337,0.0927875621089453,0.6342127905132285,0.502949143781151,0.9288684404309296,0.9392736509820656,0.127203288,0.437170213,0.436363636
0.1162417280915615,0.3006421403526568,0.95077319080245,0.8602439109835365,0.9031014811155024,0.3242701457133854,0.96163733681302,0.9326943971451446,0.9320880018761594,0.178134435,0.226939608,0.218181818
0.1241261696908528,0.4554465196539378,0.7737658691291978,0.2899377389885517,0.2730872366584835,0.4962102707390093,0.7776609383985044,0.2764377985842802,0.620424481517247,0.292248223,0.167800865,0.0
0.4447267977803792,0.4270055133269531,0.992866967709924,0.3779700564614943,0.7939034561022182,0.7733861033931582,0.8280731703772795,0.0986255809776827,0.5586714340753798,0.210307404,0.512992154,0.0
0.9562959774502306,0.4780597116349698,0.6161120656845696,0.6007125505668821,0.7708025450915906,0.3831158503074527,0.7764323810501117,0.0588195685755188,0.2968150579056053,0.237327656,0.546455461,0.171428571
0.4355320308734084,0.8033121120826088,0.6585020866920881,0.1315427191042117,0.5421952533912747,0.4481369489052603,0.8303970682539596,0.7783456173019879,0.7658246393926579,0.498656831,0.377184276,0.495238095
0.7643701410078285,0.4256427171595182,0.3649733605364944,0.569301418810509,0.9229791112519056,0.2110467714647411,0.9897681821572524,0.660646271591717,0.9494453032893972,0.252846199,0.396764829,0.48
0.1741127492315765,0.7302141976023034,0.6494250208881209,0.4982622300365014,0.7534196338461373,0.1896469860552471,0.0511936499874722,0.9627296082105448,0.2638764836135235,0.307650173,0.170836592,0.2
0.9613518364247414,0.3362066097473049,0.6692156037895393,0.6100365384765325,0.1431072782369437,0.6874498485363436,0.4664941232872728,0.9803914408370146,0.1986572785006579,0.128562141,0.378491914,0.2
0.7788281990605783,0.4502458599943638,0.6201882592443443,0.2925421713806346,0.6767463970096262,0.0328111072044406,0.1774512152289813,0.3076172988700877,0.5807531138615382,0.145755106,0.09453595,0.0
0.3882023005737496,0.4697061706757693,0.0040692294248539,0.3281984682887017,0.0297676382929208,0.1175323229705991,0.9753974067287322,0.2572296136511959,0.0468105880043028,0.191226672,0.165935037,0.675
0.5073087727062091,0.0284546902100168,0.3332990826442998,0.8113099242873261,0.7084366110410522,0.8850581333198608,0.5063459821749235,0.0486104663162271,0.3438080445476675,0.087366763,0.502405343,0.28
0.1282329511586653,0.1487381925973102,0.3851408353675914,0.6407333565801739,0.665233516893646,0.9283762239912676,0.4278403641027628,0.6367894476637913,0.6012070360968871,0.071187929,0.475901528,0.5
0.5754607031245413,0.8009105433992366,0.0883354880657432,0.934148847170874,0.3019676919673121,0.5292544376093011,0.9160233225174496,0.3648307438019922,0.6721297000343508,0.342916781,0.40571048,0.276923077
0.4632858000083641,0.5718265023684249,0.0487588252020255,0.3271112745517136,0.971482369362638,0.5708410214173097,0.8221205961602119,0.7413662924713234,0.7800749556549338,0.253387123,0.470472704,0.318367347
0.6025192880941765,0.7360849301483703,0.6835975200526795,0.156630614432072,0.7762444337828226,0.6639462320715537,0.056560748173612,0.6481678206824383,0.4477100814290473,0.224280095,0.49141041,0.675
0.1457823154132794,0.1606353004195837,0.0327867266452566,0.6922420301792194,0.5512929506105834,0.3122443400958526,0.2260202297313457,0.5179360897607579,0.662897766673039,0.065451002,0.257557651,0.0
0.5761056428114895,0.818591901741635,0.592851901219882,0.8620153791440276,0.540135244287654,0.095907664350778,0.6115046239693526,0.3518357185432214,0.6743292553022219,0.420607496,0.255299484,0.595918367
0.3225256220677663,0.5576428987723688,0.9095624568979336,0.5684442243215647,0.3018699390096021,0.4436100106635063,0.513823287576124,0.8914759720113826,0.1264767744725136,0.284376799,0.320370581,0.572307692
0.4270659458847036,0.8200300235646573,0.9721049243357868,0.4435066235261533,0.7052566607600655,0.5454679871632306,0.901139011174698,0.0378877284808899,0.6234115048619658,0.599179906,0.296305689,0.0
0.2606612337063324,0.8442565690538346,0.6630994832173535,0.3088193605996975,0.7687475948946232,0.2721370513433468,0.8848508372891976,0.6460075177545396,0.6674273550038077,0.405239848,0.179969452,0.0
0.5419462089793768,0.5149536828339512,0.955644236855472,0.8949387037070436,0.1848739077449184,0.0025149022944945,0.8554809101313117,0.7126389849772304,0.226339879994434,0.235148361,0.076353213,0.605217391
0.6904482935994605,0.8717018930789657,0.5682528594021165,0.0961372044996488,0.872692848928484,0.2953607163367412,0.8026987494863936,0.2944690250261988,0.6894957892433631,0.584033938,0.407241192,0.771428571
0.8492576770775558,0.9664104907380908,0.1160083345258313,0.3174735454763915,0.3366354522513236,0.0027039881014924,0.5846072520385616,0.8876708703034606,0.3265794362537594,0.471755846,0.085239814,0.304225352
0.1279607761980766,0.6071820158365085,0.500231731430708,0.1629783796603132,0.9930043884597846,0.5425070577931594,0.5541051887178526,0.3743562365669551,0.4509338932060387,0.264833051,0.26948742,0.4
0.583682952717263,0.0281053645935814,0.90939405845708,0.9611257653999146,0.4690268387436385,0.8002496494192812,0.8198271808305201,0.0509472675457114,0.8312615286637632,0.104011484,0.485210751,0.034285714
0.2400527123726412,0.1476437389352864,0.1394891400526851,0.0421497508795786,0.0057265002160524,0.8307895337134831,0.2630083339570098,0.1322276526210291,0.3099962632557401,0.069565886,0.335983466,0.3
0.0315973003735809,0.8068224336460676,0.3531694048572551,0.376168762505807,0.9434546761961596,0.7671329532113704,0.5700959041868544,0.1301516210597049,0.5828460424414091,0.535021797,0.303038056,0.444444444
0.744639510697161,0.158694575805207,0.702329396892417,0.7308427012475088,0.818767897256483,0.8726462758652522,0.5048299549207971,0.8562159042477058,0.9093827370220434,0.148295584,0.44189969,0.206896552
0.2815025567299878,0.5539710322529291,0.376482730697526,0.7010529435675739,0.8535256050628635,0.4751129872199675,0.7014264449119028,0.8532060835005316,0.4279766153882027,0.274893348,0.359752814,0.3
0.6911776248235079,0.5735002633535586,0.3583914292190326,0.6518922531334213,0.4770551212464864,0.8798412878011627,0.1382566308127155,0.4711686164745329,0.8128608583635107,0.211760655,0.356849541,0.0
0.2231979440841374,0.5917766286689009,0.8215795940251388,0.2023528427437878,0.3061567930951018,0.7556811030147318,0.1268560187194684,0.9033050371468144,0.2793430668828902,0.214426701,0.293534451,0.0
0.1592023567701849,0.2049956977721253,0.1665810350016402,0.5168300668585482,0.9093251322549416,0.3689912505203264,0.7778823250066585,0.0401553843123426,0.0299351683065371,0.119854834,0.147954734,0.046153846
0.3570794817679591,0.0123828677205181,0.9825446591557144,0.4139074985082454,0.7416101700347567,0.8530496522320727,0.0368361157835969,0.4614462565902031,0.1762667446717023,0.085906337,0.376631681,0.0
0.0932238301823411,0.2548760782011009,0.7833486541691268,0.1621240522791525,0.6095064405049754,0.0531086232262204,0.5957254824469245,0.4187720290368341,0.1722739527019184,0.131875366,0.069858108,0.475
0.3945480083775899,0.7609041770423387,0.3435676528929616,0.3208796320780939,0.2559379376986023,0.2256376596268735,0.3218133730245309,0.2438435493331534,0.9709040294416864,0.1983722,0.407221053,0.545454545
0.4153101086293191,0.2823588023492853,0.7505877619965856,0.3107692482484557,0.8675682748096396,0.0611584747104627,0.5271861653390079,0.8921790423203366,0.8058262693751284,0.135062973,0.138930459,0.354098361
0.3462630888282263,0.0408768139559666,0.7073303257842947,0.0189813618056811,0.317911817445927,0.9178609046820554,0.3211062888842747,0.1801690766554089,0.5514647156463066,0.066341321,0.491336605,0.581818182
0.1443432784463991,0.257058407085026,0.69315548573892,0.3496748420981304,0.7662634461056629,0.9198100785411752,0.0049800330393435,0.7649527298350846,0.890153076381764,0.096462253,0.41165718,0.282352941
0.6313543908677645,0.4527369140600885,0.1938185010145999,0.6528934902015049,0.2457706978550496,0.0744920816111751,0.3195028661087307,0.4385934113801022,0.3373788910915851,0.128643513,0.399156976,0.675
0.1947094439810459,0.9712058091558315,0.1830545750967955,0.1145549008308358,0.2399286501382879,0.3578494360934272,0.9442576750611013,0.0781016992607185,0.3175776332665624,0.620401331,0.360034427,0.577777778
0.0936194120831994,0.9914502494882248,0.7535735852566962,0.4429298105368684,0.4689842204383214,0.1419770898188544,0.0058811649463578,0.7539988632090123,0.4472992433758235,0.44605279,0.096064804,0.514285714
0.3284715684006811,0.2010675845919443,0.822206322154376,0.928839011213236,0.0504405083416378,0.3315029957966916,0.793831110966916,0.7657746883406251,0.5567199498570674,0.191206513,0.217667335,0.291891892
0.7865041459866506,0.8519415385430543,0.1598768499767909,0.7650043614052983,0.1683090367755697,0.8819531720220395,0.934283776526966,0.2885447401052039,0.3958111699199774,0.381307878,0.491210324,0.631578947
0.306469281305187,0.7405676086527535,0.3327571675495036,0.7641441270902567,0.782034703669454,0.3313020458425934,0.1595865580799904,0.2535565373942251,0.196260243294002,0.265689151,0.219887627,0.76
0.803413405928769,0.32615915302866,0.4554563878531626,0.3594327513051717,0.7645739703686262,0.3117632770403307,0.5392587673289312,0.7927270960160554,0.7083269338880893,0.206351137,0.406368749,0.539130435
0.7750400410421339,0.2117656257764091,0.9413686512552196,0.3767733870187225,0.4982358818551455,0.9170806815450324,0.4348055201703316,0.1509735568903416,0.0860204504695486,0.094242244,0.36550807,0.342857143
0.6356998365286122,0.9008945443885348,0.6630819783205706,0.4498154417490351,0.8919958506847163,0.0307989406987119,0.2896190731558546,0.6448129428169405,0.2899330941284594,0.183001042,0.076702078,0.342857143
0.6308612389343493,0.2164509600573517,0.2483593458595747,0.064736574327657,0.9600226519385704,0.9703385607410911,0.7273547046781864,0.9192293771155964,0.5532552326324945,0.124001296,0.54779282,0.046153846
0.6110397360955895,0.505476508659713,0.7314583090068654,0.7039072678479069,0.5268155263649474,0.5909747144311336,0.203373833158816,0.4480868146559598,0.7347597648148403,0.113568546,0.215432891,0.0
0.6869207230785314,0.076532471221676,0.2355623905291937,0.9694606358060148,0.5445909497921562,0.0583468748722332,0.0247978707280408,0.5892835067600436,0.139445162827978,0.065132631,0.18429381,0.496551724
0.8529957367115479,0.2949343619775869,0.6004659169118942,0.6520742589600891,0.9672545782627228,0.861873172127462,0.1449355555231768,0.5149129081339825,0.9003064121389854,0.080288649,0.768877458,0.553846154
0.3447011454081256,0.9698284272355844,0.2159439182472902,0.686623695553182,0.6474897447196605,0.7540095053083233,0.447102445753334,0.2301255706731289,0.956381964607748,0.380889232,0.354924229,0.744827586
0.010112538347646,0.6693161311013915,0.6927107122674084,0.5055412667180694,0.6616354453970419,0.1143992831044576,0.3642468974296932,0.3490679190691986,0.1934706307183481,0.234019933,0.02063415,0.2
0.8465126152074796,0.8407291836422714,0.7363963811836692,0.4694052851319218,0.8682462798632556,0.0622061223963635,0.1042749099072297,0.3066614296442254,0.2791675089034924,0.321480704,0.108257784,0.64
0.9753664234288536,0.6350151732328231,0.7489602596474344,0.7236459134482379,0.9416690117359704,0.6589904717878798,0.3093843573889576,0.5896538476333645,0.8600180845618193,0.245018345,0.591339244,0.365217391
0.1857859781050045,0.5393736982851641,0.3711518683974681,0.7058875319977855,0.5986851200772302,0.5832397600901902,0.9811272439892146,0.5451262903922902,0.1080879082562747,0.211861265,0.252388928,0.0
0.7310846232241384,0.490131674993402,0.5218947735781884,0.8810860194199823,0.4673045187566967,0.8527376913836631,0.8227687958915764,0.7993209585797455,0.8197504247154663,0.294849039,0.580817244,0.0
0.6449179600846499,0.7736199988600826,0.6998030882208502,0.7256158501164047,0.0245302711539516,0.9322800781443904,0.6557621645272503,0.0707600950417749,0.6533215432428678,0.428081025,0.535136522,0.416
0.3541468093776952,0.8780235504451379,0.7198259291126159,0.5633287943446824,0.0651136939866402,0.7467201386142207,0.16178611127146,0.8899482737590106,0.4800365899903123,0.37676609,0.618448066,0.3
0.7827513273342736,0.3520074229237674,0.7114466536859201,0.5921813678547705,0.5638114165978522,0.9098201394424736,0.8026896670866307,0.4395209169757943,0.0737469202969398,0.191607037,0.41444541,0.676363636
0.8546643114254356,0.4659748687194847,0.179323418776927,0.1162168612612609,0.5690218886839763,0.4298977376810672,0.5949104520890078,0.010103705784118,0.0275768431832774,0.148983609,0.455598936,0.677862595
0.6316385915260314,0.4296833355726392,0.1661617232857239,0.0238786769915944,0.2385862323344851,0.9471105486795378,0.8119383422916894,0.6335836260487286,0.13437142380501,0.203796648,0.458489089,0.331914894
0.6530412363780865,0.0793306777664928,0.1861728495782927,0.1625505661823535,0.2648782285611111,0.4291859167474453,0.6150440104399445,0.6775513400671842,0.9151489410830072,0.08753434,0.401077253,0.0
0.5507003973063822,0.517959969362596,0.5956497976286412,0.4834212795424559,0.5330103010883346,0.6877391511303421,0.0756677698399621,0.0727142751581809,0.0166863364027788,0.174271623,0.4651321,0.45
0.0986069681828263,0.4242578462895858,0.6773317598646839,0.3798537984175002,0.0562473806768735,0.1202886043538101,0.080276066624316,0.5911064976853749,0.9788664083886388,0.141733622,0.100791756,0.365217391
0.6438382616629017,0.2412537197080813,0.9581506137264396,0.8938194305290948,0.6965728213194308,0.1804027673443466,0.6647587484982942,0.6708470375956315,0.978352308749492,0.18695364,0.2666066,0.069230769
0.501597421580562,0.3957673400959285,0.7866237079480951,0.1855345070593095,0.7775410733117738,0.0833591700483276,0.3228380549564539,0.78982568401232,0.827535491856406,0.122196451,0.104756928,0.12
0.513226602762683,0.4859121806267601,0.962722409409792,0.941600944850846,0.6697350474293184,0.9710303133978058,0.4397987832987923,0.4271217247477937,0.4475945927508247,0.191582871,0.523746709,0.2
0.1750435408748872,0.4731930559953675,0.2177583854273906,0.3939348872131554,0.6437432501973523,0.0218077434015948,0.5831771464209644,0.5103298680301647,0.8050174392775049,0.24177031,0.059778237,0.516666667
0.3382578412325853,0.4110570269208184,0.8105485207106317,0.770889101177999,0.912968596376312,0.4398299052236462,0.1349190572416876,0.2116847688118156,0.3110320848477471,0.185036974,0.358374994,0.622222222
0.1193255798666925,0.7744938641401043,0.5545941664420734,0.8961142962629026,0.1178629569399586,0.1537311891141994,0.8517235469836455,0.8098754253162179,0.2118958715567357,0.381417573,0.158388572,0.504347826
0.441041784788964,0.8194591399792024,0.3017420890738238,0.3947812341196746,0.4868843380241292,0.9636435477929324,0.2562084614120898,0.5448948077745929,0.0959285820022112,0.241939876,0.224609873,0.545454545
0.3483834872746715,0.2707406275016405,0.3735779404316025,0.638166708395241,0.2494555052979352,0.9602279175222272,0.1600710030277709,0.0840349876110619,0.0758555744361564,0.110435789,0.522064268,0.0
0.1594242489092544,0.3217737083886434,0.4875753566706995,0.4541470097831325,0.8113733138420438,0.180916222157267,0.3889477796076623,0.2912024737520663,0.0193858601457894,0.084394699,0.123689334,0.54
0.0832540646074039,0.7971530923553664,0.7327605374191122,0.167756297544628,0.6802489447447109,0.2176363898827107,0.1848593526285341,0.3180580994125958,0.8403748051877644,0.311250519,0.226846919,0.32
0.95238230649476,0.3354509098864819,0.3205909317363716,0.5176071950439021,0.3383328154068308,0.1041102224281445,0.1133324982327504,0.8282254535496558,0.9845356981624924,0.096401236,0.287784629,0.2
0.1242784624452636,0.5150551602096037,0.7048401058138358,0.0692896349922542,0.775367831114118,0.3305580413424456,0.393827665030706,0.2067952001013135,0.8394309168358867,0.178964948,0.281337031,0.24
0.6664440206244169,0.058845530698905,0.0852691526703123,0.2853838370837686,0.0938435735897409,0.5390009386362589,0.4606226721165777,0.9884550396921852,0.5232991459132864,0.081147342,0.546575756,0.65
0.3016637032282808,0.1819095258382358,0.4913668101425201,0.1553473415036488,0.1783741136038691,0.1226437555180138,0.1247124902781224,0.6592902803773848,0.4151592781197842,0.09623545,0.178558105,0.0
0.0278195878423422,0.7969704518267362,0.5190960764305246,0.8458934678799995,0.9915137114786576,0.8832290809780429,0.6107008044984601,0.604012128372876,0.705673501570325,0.399225609,0.326114532,0.066666667
0.4932824869194063,0.2345565708490744,0.8123161070725029,0.242903349822854,0.3715686938618562,0.3049611093359254,0.2246081961136584,0.7087477454593476,0.6659792559819009,0.103872545,0.494515171,0.568421053
0.6054435771319038,0.1847245022743886,0.4431976542361552,0.3075120295006563,0.4686324372668414,0.4592880637812075,0.0088763415435559,0.8391317948183347,0.0558155484093441,0.067134127,0.489351236,0.442105263
0.7020982190232957,0.8361413451658541,0.2725224334837125,0.1886217445624192,0.99941671600831,0.0827971967540111,0.4490629706978841,0.2812267225112156,0.0951291215230158,0.283768707,0.359504953,0.635294118
0.0399682832000024,0.3369149157766251,0.3881366690539019,0.8364136230021209,0.8820574368701799,0.078633719500569,0.9115954633928716,0.503999582154189,0.5700767349394378,0.228579396,0.04571035,0.323076923
0.5210069423635647,0.8140835797167945,0.2696675170751218,0.4917747987139939,0.9555890360052408,0.9226462965013712,0.9770599770450372,0.4221041934282432,0.6352045119116803,0.35478957,0.534848197,0.208
0.458014512897661,0.0633044488482829,0.5067663838834036,0.8631762723170597,0.3407890186419486,0.5562902623917558,0.9311474011570736,0.3730638973480207,0.1172258369225628,0.091319072,0.387734665,0.358208955
0.2181946084425382,0.6420712782384098,0.567693181132467,0.5614492102022348,0.3429887516290684,0.1188777291185397,0.1388885499350814,0.05894680347976,0.7191548632275565,0.327357529,0.092554684,0.0
0.0424167247783304,0.8372267803239761,0.3772355326989088,0.5792800122757675,0.3705402390724273,0.3357163422662219,0.0459361660285557,0.152557869268111,0.3270489603343279,0.377942195,0.118939415,0.2
0.5802205570466019,0.1110106107659582,0.7932177761359049,0.1418783611415843,0.1846469079759615,0.932654952540351,0.7505594209956461,0.8059892819071691,0.5040887541130198,0.127384669,0.68639307,0.177777778
0.3295992353871417,0.8758257505516043,0.4872815241795595,0.9305053104883878,0.1732586452991332,0.7735526272472412,0.4096268483894911,0.1681176328450833,0.228855895204271,0.352323201,0.586764094,0.0
0.2312790986721723,0.2536944163811707,0.1863516502542389,0.4404207152130738,0.6565787279003021,0.014968091578123,0.6278667908445037,0.743784484860319,0.0528355952405432,0.116744914,0.039625204,0.516455696
0.2788714737309824,0.2944543077740317,0.8917625226709933,0.3955939412730549,0.9313522417960444,0.8466450153921773,0.2190432533525678,0.2025162564368628,0.2773496883734311,0.088110172,0.500985697,0.6
0.6438031675964122,0.8192509192982906,0.5663033890031299,0.5042053257444358,0.9584687625988056,0.8023325716094207,0.1676724983708242,0.2304343008933315,0.4234293939018436,0.468538696,0.665177722,0.342857143
0.3873921862583215,0.221603538896641,0.651634961704918,0.1695114655047582,0.1387767519181449,0.8248983582964724,0.0820179528999158,0.5368432028589349,0.3592590535828238,0.101669481,0.458710236,0.6
0.2081255818507226,0.4009185165490899,0.3476181595839099,0.6696746042310787,0.2387332450538868,0.5263387953917503,0.5651595616000712,0.3682231183363469,0.6525728848543672,0.217636154,0.320532429,0.61875
0.7149491306055211,0.5207227963032734,0.1508694346155514,0.4289626804897215,0.8316567735821182,0.5469073447308904,0.8684304212809757,0.7078666016472333,0.5431474096693927,0.244745709,0.294906991,0.0
0.0004221412412118,0.3500994385986729,0.5223395341792361,0.2734063573690043,0.3497047981068608,0.05112523708653,0.2817549439059418,0.9577892304116769,0.4733553938185887,0.153125392,0.030305969,0.757894737
0.9663323402019768,0.46406937542536,0.5779676938453623,0.4374284608924323,0.3165181913827722,0.7666354444340701,0.5636652265670272,0.4400415326149828,0.2585798625871344,0.222669394,0.578706129,0.378947368
0.2454662991874057,0.2409426430831472,0.227695981764468,0.0475081855533801,0.7666237361997761,0.9685115167819156,0.430787754913372,0.6060216245782263,0.6809890375714874,0.086580653,0.285414401,0.0
0.6667552531315838,0.8668159022058164,0.5851161756146336,0.9429856396877168,0.948427352174874,0.4869051551490158,0.5051894161364167,0.7262939567623149,0.3313999101970858,0.516440137,0.329265404,0.0
0.2487703141896196,0.3646467724150182,0.4767834661252049,0.7756464732718937,0.6067559323459879,0.8171212733083428,0.994074864858799,0.6110501832312408,0.4248695839237316,0.219597619,0.296813787,0.046153846
0.8698869611001511,0.659342983536972,0.7326991857002053,0.4781223698778895,0.2894447237626742,0.5278614327687065,0.3651267518968459,0.9873698388454224,0.4800778176970904,0.2050679,0.600153001,0.66
0.4129654496164149,0.5839516574283982,0.7735161519487349,0.7594658760148238,0.7335118218868246,0.5951756629493538,0.6828404646491046,0.6854672793233276,0.3278709686878132,0.312007735,0.40046366,0.390697674
0.3140028426373942,0.051183555277404,0.8115598486894103,0.7400912806761928,0.0302651541672127,0.7121376989420701,0.4623637786014671,0.578196482626754,0.2058625199919957,0.046198293,0.512580133,0.0
0.2331944361482445,0.3242300694632493,0.2730105145813019,0.1675843048311949,0.4143558330699867,0.5046884304220352,0.8947025857012936,0.7432675733705032,0.6829962363367199,0.142369272,0.267758819,0.0
0.7770254923960379,0.6766959577881603,0.6071475006639613,0.7636370472226872,0.6147509622396791,0.7304745346273601,0.4695139218573599,0.2717489082836405,0.520737778924346,0.196256654,0.020833526,0.4
0.5748000206352735,0.3749212231766675,0.2974795813841663,0.9514172225931178,0.5335948565677943,0.8237861430805038,0.093206888556005,0.6364475458395875,0.3720356732953122,0.170147014,0.470775637,0.6
0.1704797259057009,0.0304894108080068,0.2371796987119709,0.3904280423625155,0.322576467991461,0.5677510028662445,0.7471040924102158,0.5543782358740277,0.1365546344480519,0.083035835,0.242034035,0.371428571
0.7769956485722898,0.4271684244755693,0.4042295149557235,0.1684750007160066,0.243138033825167,0.0848250226376474,0.1861850129241918,0.0497868117348104,0.1212776425540501,0.115728338,0.29520772,0.730434783
0.4730135075452794,0.8338075017699549,0.6779965516067971,0.3969280926689948,0.8926332108998943,0.077187741666272,0.9253573534279838,0.6706524178824519,0.4269897179671565,0.408470656,0.151284811,0.321649485
0.0232136323725877,0.1538301777806092,0.8612922848023816,0.243028796046233,0.6109192209731256,0.4864033777862299,0.5242686794074806,0.8821272799405333,0.0955916361357777,0.108583991,0.196656936,0.620689655
0.7300545797631681,0.1118434586534383,0.6735679132103971,0.0942858978988367,0.3213240712438006,0.740535250298878,0.3613663807314379,0.011328153031774,0.3416691587631357,0.086751132,0.452694328,0.425806452
0.3016738074773387,0.6313016725901753,0.4163129429255131,0.6558206978016716,0.2365297537384844,0.6176683140310644,0.6413209693513814,0.3018851770440618,0.4384994921866502,0.318183672,0.402927898,0.679646018
0.3873597188565414,0.4531315105604702,0.8228561348625569,0.1487799215048978,0.8783254521511485,0.3817144573267285,0.1568769001566731,0.4441251548013292,0.323431686145967,0.143010375,0.415980763,0.633333333
0.8026061569876473,0.3914594715556612,0.0585680314615848,0.4177655787983015,0.5234284264015994,0.7753381059995158,0.4141842032503652,0.6906802412800835,0.650344493203089,0.12683983,0.346240709,0.24
0.5884990719030583,0.1081752285126793,0.8512114488071822,0.6804717678542587,0.1035933125648478,0.1785529519622457,0.4166490460236054,0.7772678758352695,0.9731619236467884,0.09485185,0.198772437,0.0
0.1318718180846926,0.3152914856660201,0.4587752760040355,0.7570248204001598,0.629219142760844,0.5875534913207442,0.4152941170473128,0.71728008679122,0.7296664612018093,0.138338893,0.208098986,0.6
0.6506240675408369,0.5492525147904075,0.4757841545504261,0.9815917947571462,0.9552141955669792,0.367472892153188,0.2954683980773828,0.9008251850209822,0.8883893255718298,0.2004092,0.229839344,0.133333333
0.7762564962798547,0.3819214209410503,0.7562267925572193,0.6905496361992159,0.0640653152059343,0.75018026368728,0.7381687181549762,0.3583841445001013,0.6972252832589568,0.191741988,0.565212998,0.0
0.2345379065946037,0.7659370784773969,0.5719627329749508,0.9473496550775324,0.3010334682617992,0.3322547471203857,0.0862921472108306,0.2272473552862852,0.1482034059570018,0.258264272,0.237134954,0.08
0.1159296815949479,0.8875510170661612,0.7662542856121348,0.8251633463936451,0.3499211462391769,0.5348417762454976,0.0672831350150064,0.0494515463173257,0.3763899301476254,0.311251858,0.335809228,0.494117647
0.4983781914253151,0.312588319146873,0.5401076771837157,0.5055263037023153,0.2839580997354644,0.9869017695109892,0.9043251228881882,0.5127699234051745,0.3575444232302471,0.14921221,0.415817545,0.32238806
0.1312178087767448,0.5389364403054868,0.2685872700410771,0.4284679104834367,0.2140517410947501,0.866760339538252,0.3514112983148755,0.9309658799868412,0.4536980117395334,0.095388308,0.505392981,0.646153846
0.2706277706790433,0.3013451170084172,0.4682045182772372,0.4872079253648479,0.3340855853790692,0.7235584655308731,0.1303598780024624,0.9159154647535552,0.7828224227155882,0.078500298,0.552077565,0.0
0.1903264135105571,0.5991099768335386,0.4505297584804306,0.8575115510187836,0.7314312427094664,0.0981543092871902,0.1250041673523347,0.5620138649441977,0.3355317835935473,0.165362712,0.07024881,0.092307692
0.8692081942904719,0.2717497912477539,0.0684913732249832,0.2035284719830226,0.027340071811015,0.7293569971535185,0.5238696747729061,0.2783234236762275,0.3926225267881109,0.171685887,0.474867112,0.446511628
0.6650505844792778,0.1232147587682158,0.7251505163329525,0.5363284946216622,0.7766790865022447,0.7459784273878296,0.1639275019046179,0.2527724300034379,0.769485852532984,0.085446476,0.528204785,0.168
0.7359245388458481,0.5630471297990981,0.86991116061413,0.9720271165045612,0.1054985541098014,0.8017239479682079,0.8613616485299679,0.3914574642178005,0.2937336302913926,0.26642496,0.517108511,0.509589041
0.3153011186860672,0.7109122095160145,0.5836267023598445,0.1141867161170759,0.7302739409010336,0.5206224790932106,0.8693042808239149,0.5837496393757782,0.9017914910864694,0.400172983,0.417539488,0.5125
0.9233734567741728,0.3673356124413455,0.3932485618938007,0.6903614739647854,0.3811617539240104,0.9317350660178392,0.941589590889902,0.653488126543682,0.3528101600401991,0.168161813,0.57754142,0.416842105
0.8580406638131582,0.8685813296957547,0.4102326652648576,0.9249541326441596,0.5510352975378644,0.8358694444114795,0.6530602966055344,0.4450174065011645,0.6064322442827265,0.568165752,0.570342203,0.288
0.8459563050877671,0.6597639449447856,0.3190918001278443,0.1247842454149869,0.0403718252165108,0.7264091962104176,0.84859070882594,0.7084181565557006,0.8796989509129526,0.368700522,0.511750019,0.109090909
0.1511583571414974,0.6846432708808808,0.9432308209912392,0.5176787171576628,0.042461348757407,0.2788855646304976,0.158440802889107,0.5315187376850264,0.6413625494071411,0.264460894,0.192999701,0.6
0.97185383635139,0.9141648833056945,0.2366914125793129,0.4524563147173783,0.694355904606948,0.0220641067815506,0.552244709430753,0.0657552149678843,0.2833781888140618,0.448654508,0.2117599,0.54939759
0.2440588225022426,0.4964011305037341,0.42397399086879,0.5200617145603851,0.5577651502794937,0.8123777618149939,0.8401184078953796,0.3086996809640243,0.3119721921147951,0.241073332,0.400899076,0.544
0.9071276298148526,0.3124839596093239,0.974125744095368,0.993870666751536,0.7454143371999323,0.3152371450079905,0.5387855170269895,0.0693355044527936,0.1163853125391843,0.154700071,0.404181642,0.077419355
0.0276980142907377,0.223486723536345,0.8431624985182012,0.0390432151266078,0.3330145922192897,0.5802132199619137,0.0937153822260754,0.0208751477940382,0.3418989164493469,0.097703792,0.157123121,0.0
0.4027108013686372,0.4358921048978751,0.3062528011083795,0.9768293297228072,0.7351008606609787,0.3005311287423905,0.3761276942304087,0.4067106978510394,0.0817525390551695,0.128735651,0.321929885,0.442105263
0.3747099937633489,0.9880644494469952,0.5812781369157325,0.4767823052385886,0.4604611472080389,0.4214557113973404,0.777498968744592,0.5826842120386339,0.4740717042500063,0.771313565,0.495662376,0.723287671
0.2789133211841277,0.6427869614297178,0.0539775219605308,0.7974488620966076,0.7168282698559694,0.6841835552198342,0.8747479502445019,0.7264733460360396,0.3997741126754267,0.296131367,0.405511245,0.0
0.0765479376883485,0.4518691449656682,0.7212714994180967,0.3725284748980689,0.5936980676650676,0.3816766779012318,0.0102822843266171,0.8997815199257561,0.7897584249672519,0.125419824,0.261464523,0.564705882
0.1201929321472438,0.3401560938552526,0.7139407293462001,0.7287260125403846,0.0280796913353531,0.0867079420566838,0.353323275836772,0.7925562313253274,0.1492942051643814,0.115754799,0.071075923,0.72
0.2746659838954196,0.570133206608907,0.2223838451223522,0.7289987488719417,0.327240585697003,0.6810291398170343,0.7385926203842893,0.1424960217363782,0.8971424904945159,0.345772863,0.485024135,0.0
0.9829960789356428,0.4793409649728586,0.5386183589651725,0.9758718384119164,0.5778739374737769,0.0439511877452188,0.9013568182382388,0.0829612108461526,0.500454568913345,0.256771015,0.15796179,0.175609756
0.2172932351518618,0.1980289934005926,0.7973223990004101,0.8599536614505184,0.6506227177000308,0.8523998666648122,0.9449251149444702,0.2376988977947551,0.8501868345048993,0.126108813,0.38657338,0.0
0.7456424143415673,0.9799300774022912,0.2724366294524014,0.47614361472706,0.8792831001591758,0.6206264062055469,0.6590987661632297,0.1506737358164502,0.1944741913171678,0.520774947,0.382765475,0.231578947
0.2196079760576372,0.6404229814927748,0.0052749531632332,0.0138235153324821,0.1730628790944092,0.0951879042274783,0.2130496550751551,0.7527043564532516,0.0337471091333088,0.177937095,0.119071979,0.568421053
0.9384141107584236,0.1996339974161295,0.1089108445714521,0.299937342449011,0.1541548590975598,0.5715417020027074,0.2742569117727957,0.4230540085755746,0.9813604325153252,0.087895056,0.348551398,0.525
0.7004448234943117,0.6743665163163426,0.8060634831792833,0.4977287082366892,0.6760014705598859,0.0462873823530236,0.2158020817824587,0.2423137950720484,0.4026215774741282,0.236144086,0.197061632,0.576
0.8514105398239715,0.2831953335805692,0.1545153329650285,0.5362041802903391,0.0037510268579485,0.1320670008312343,0.4513392302948605,0.2314546991891756,0.8102083686320369,0.100731778,0.202774654,0.4
0.2741364243863007,0.417080255873591,0.913714474963582,0.9474271258180272,0.2053679740863142,0.1818525734393783,0.6248014691249145,0.9975830001955348,0.8241411153795125,0.313922357,0.151529034,0.2
0.7318079922725833,0.3724558564561629,0.7353169013340719,0.3097775442662854,0.2810136915430798,0.118515215173039,0.4410126421850029,0.4679924789879104,0.4218795521146327,0.117461497,0.291632047,0.694736842
0.7344323890755722,0.5637519116175688,0.1502600484795861,0.4421079792500348,0.8847594969965389,0.214862302723141,0.2062396060863747,0.4543059216275888,0.9577313585708764,0.201982202,0.335586528,0.6
0.639128191413004,0.0723273600099944,0.1355230857734538,0.861430226393002,0.4949993298271671,0.8954013377627195,0.3972936682964191,0.6007225510479591,0.0309434171267982,0.071892912,0.160553645,0.866666667
0.9174769241425932,0.168267333332575,0.8257357415677885,0.8407777595449355,0.6161130430943107,0.6292081266112363,0.1734689591366092,0.9991523172659854,0.7773361155623023,0.108662101,0.589587197,0.64
0.8785623293558517,0.6301056449708246,0.4833917015414941,0.9559312666244644,0.55374022125145,0.214766196064834,0.7769543551691441,0.38798218944278,0.3895575059949752,0.245129403,0.412125735,0.295890411
0.4892574463215035,0.3653669647447063,0.0640568972968803,0.5285961065296685,0.6653267913252702,0.41630770472278,0.5865645722416706,0.3146839776824459,0.9035519069514846,0.162408575,0.41157597,0.459574468
0.1194917741043487,0.1226739858268228,0.6410771806778148,0.8634698057733263,0.3304424636879781,0.8308872422671572,0.6079300425108578,0.7320353074795971,0.3106252941867118,0.142220382,0.229501887,0.12
0.539003252328225,0.1568985162972671,0.5277901326596253,0.1955151207849511,0.6945827858747218,0.3166062476206035,0.4093218500237213,0.7515139731403047,0.9077605900295396,0.075870699,0.344870799,0.568421053
0.6421513101321248,0.4537414691770297,0.1685314546669984,0.6649744777445957,0.3819537862803001,0.1065555452575112,0.7372529040990154,0.7706338894832849,0.0458292015614048,0.150158974,0.268359824,0.467256637
0.4453288941667552,0.2598089936762587,0.6228689385067226,0.6310846754676979,0.7110617744657179,0.978990790867276,0.696639856634595,0.4961323669755992,0.7603274592521753,0.11409204,0.512378596,0.0
0.5270501438626357,0.946550294562783,0.8379945060806707,0.4025834323207442,0.4064718538207766,0.2264639352827471,0.6552022568373571,0.1514369452991778,0.1314707034465606,0.646327504,0.370316917,0.661538462
0.4482987743581303,0.5061631857322342,0.4246529226092692,0.4235355061888852,0.7774626656021435,0.0818483360620965,0.1308608362240876,0.4742909953267264,0.2607686884819178,0.165285478,0.145813768,0.28
0.3243803373104396,0.027971939241873,0.3640612454052743,0.0426979193543747,0.2444724854852185,0.956590993403299,0.6631675467858934,0.1556740554821086,0.9484540044010052,0.165963805,0.491971991,0.063157895
0.7042348650237682,0.1976632264100482,0.5077634028741315,0.9163359592318808,0.3924554165402715,0.143687952583846,0.743965397265788,0.8105797346697524,0.6586973200008945,0.115677539,0.166212977,0.0
0.7302182872687508,0.3013103897196225,0.1410003156700792,0.3040260447759706,0.9597804417055312,0.947395423844482,0.8865337330126936,0.5576365273049511,0.3424281043812917,0.159591333,0.490394897,0.475862069
0.5639795638455223,0.8466252048478394,0.7579182997389934,0.2952644780111645,0.0250829067622753,0.2724641629882182,0.4253692592521609,0.5180175592089313,0.5122351176233341,0.360465904,0.508488558,0.6
0.1711988657065625,0.3894951733529493,0.2899394671533168,0.95281578121198,0.3911775997817394,0.6136421797384101,0.3567100542479035,0.0155307628050389,0.8438670531225474,0.142362051,0.307644615,0.705882353
0.589754851143724,0.9873298515673918,0.3651362151385795,0.0388707239903961,0.3516558797619801,0.1070542296708558,0.6994784116863211,0.4653983256442865,0.3107626364612037,0.693181149,0.348951082,0.410526316
0.5680854728166937,0.5474432550972795,0.017544922761187,0.5969220067522139,0.9394388836949688,0.2978932624245305,0.4135222299867549,0.2716972763644752,0.0051513257627524,0.12821028,0.242643674,0.0
0.271665817689418,0.4895768954030369,0.985501918898816,0.1254293605154014,0.8490037650437287,0.6146765851436182,0.0658732949140278,0.511530980433118,0.5674975110409552,0.208146381,0.416403035,0.352941176
0.3576699268764718,0.3299488204576073,0.2242184869374706,0.9723273656563092,0.4180280282912754,0.4901982030141334,0.9080460613274884,0.4004705680067266,0.3359007426818613,0.181771004,0.449011734,0.654545455
0.8961689390793581,0.2881583943297702,0.3077016189579369,0.1282644655461748,0.5027908924648654,0.2780201286449052,0.9051710515987648,0.4028478619948754,0.369998603136027,0.140800824,0.392624068,0.115384615
0.7208681638239915,0.7132059779050008,0.971946080568675,0.6389993644136541,0.6571005798390441,0.2051167393152274,0.9280122709046964,0.2521884970437795,0.3213624029606771,0.340077786,0.341271384,0.288607595
0.9734544610923666,0.2031947616408072,0.8680765376484434,0.6032472783535193,0.701754578396017,0.7867250517022858,0.6521514584766094,0.6783066520964673,0.0556969644928015,0.152384903,0.502428745,0.36
0.4279138931698463,0.964157731659834,0.1862998820674798,0.4452972209482567,0.3163710779895169,0.3112587743251355,0.2935226020204354,0.4928251877772049,0.0294694235296906,0.394946458,0.256413619,0.728571429
0.981218161613068,0.3643634659441376,0.4243247342670613,0.0594078838953795,0.5819894875139411,0.9720516885605214,0.6352485597168009,0.020715664996911,0.0145601074353224,0.120101118,0.792960614,0.2
0.7216047609063554,0.26724287604997,0.916631662398422,0.1595995184522958,0.7519594367237323,0.7222147551876629,0.4754482861579421,0.2836254369665378,0.2364638185796169,0.110734197,0.221216419,0.369230769
0.8730005062661104,0.3908507641662502,0.3479243255645914,0.557902603967531,0.6097239068853271,0.3479250930481106,0.1612462554136069,0.5602559791314017,0.8400763955191928,0.149984124,0.488555769,0.309677419
0.2531681218519425,0.3426990787901826,0.1279483279505843,0.4112900680677244,0.2385326923999579,0.4194112231534442,0.4926439110262557,0.1165740835102719,0.1276920392304,0.094101501,0.367413068,0.342857143
0.3752177239239995,0.3837072829154502,0.2718381452284315,0.2101035407274897,0.7626090075096404,0.7427008818246777,0.9641635926168686,0.0487492748907314,0.1552840803597508,0.133104901,0.419745077,0.0
0.4829876067749601,0.5209825601713028,0.306972205869139,0.0035898955629254,0.8289128479542643,0.8489865623344972,0.8039219429474975,0.184543951544581,0.0004711016939267,0.230978632,0.294147225,0.676056338
0.7972580460342041,0.0859014680757135,0.5318978286967719,0.7774237476683181,0.6587348825224729,0.0955677643297585,0.4779704826204318,0.0236310129991088,0.4669340121408735,0.096898459,0.268566647,0.635294118
0.5336294518905543,0.6439563028040498,0.975561688423659,0.4070809922396776,0.0848845749846176,0.021880252730918,0.5305740410642986,0.4159352470161066,0.4255926797745142,0.396568589,0.176197318,0.673972603
0.3057415462011138,0.1373616220002937,0.4750328728212794,0.4847862636874863,0.6666372109949795,0.4757799794007439,0.9373455000704892,0.337093442888008,0.9791672271572988,0.145432187,0.375998023,0.282352941
0.2356246451068059,0.0912434309578071,0.4795267791288098,0.6028221645908597,0.2514179354313958,0.5055369710857036,0.6345958572960911,0.4867055616455239,0.6834688861718019,0.136747811,0.319822219,0.066666667
0.5025192391138797,0.7703033273083,0.5586715454521859,0.5096662313130895,0.634101764076335,0.6676197199114131,0.9114093551193048,0.9807970813768728,0.3235902259773555,0.407330064,0.499054253,0.45
0.4908187755224392,0.1262413993705909,0.4192202427231071,0.4601281112983872,0.5412748639596417,0.1761687470607873,0.2347735304951355,0.8152248794780965,0.1797894172481176,0.07173181,0.250914268,0.36
0.3111988332146868,0.3988759585204402,0.948106440520876,0.4857938776119674,0.9900164326879922,0.6136796996762331,0.463456358988258,0.3621579185349004,0.703477735478671,0.174506327,0.521392596,0.24
0.0934736688180118,0.589291011238469,0.4081402711583665,0.76807969418826,0.2772097116207627,0.4921372902082298,0.714760979080852,0.484354399772505,0.1408524350100933,0.258668186,0.215658424,0.1
0.0916166323533269,0.9365112317376548,0.5927766446472039,0.0461048579123937,0.5888158820519245,0.5284248826854122,0.4160743776204649,0.4726687872147603,0.8693992015473231,0.218752914,0.188491389,0.0
0.3648694828802962,0.2799273358070732,0.1966707189059883,0.6255729648294295,0.8012421372469304,0.3711657343119489,0.4417038806326347,0.3180910207731279,0.9423310729412804,0.10056648,0.228056185,0.694736842
0.2480436414567975,0.8851267283362539,0.8528822941456186,0.810076283151758,0.5611159430773011,0.0744997732575789,0.7526083549188134,0.9893592055281324,0.9995183273039492,0.586402515,0.127793067,0.33442623
0.0951089200615374,0.7920909073350624,0.6372281751734494,0.1278162007009434,0.8993149419724489,0.4998097192975783,0.4048236240960736,0.3369032384341686,0.4885964995257313,0.26075149,0.261808655,0.694736842
0.8059956456245493,0.0237683988619699,0.4120470629339503,0.4287804275699582,0.6631823829659113,0.822485853173921,0.8619101829698806,0.5225344475210197,0.1086509975074178,0.097662069,0.540971389,0.584615385
0.5185939081707759,0.8552302620710204,0.0440991341882185,0.3523807728550867,0.4599910683686654,0.0622267681658088,0.7740288356186628,0.6411085585092043,0.4435631430358838,0.357063115,0.093139303,0.0
0.3425695422435639,0.2046273141917127,0.2077660620208458,0.2055278818042601,0.9215627258162664,0.2701411904399404,0.557699739023916,0.418396946599604,0.0162635428406495,0.147564755,0.174203577,0.609230769
0.0266771003641022,0.0071729484525669,0.1421330171090001,0.4514000568522867,0.031944109103115,0.7466443782974066,0.1073081123750002,0.6752141026676557,0.6650456578152373,0.06099801,0.322463751,0.514285714
0.4353477838360272,0.9689700695377576,0.6387570046387003,0.3963040858881732,0.2911403276494537,0.0561137992186951,0.5297129630398867,0.2791442909366879,0.0903174616589653,0.768426156,0.146104577,0.823255814
0.1335610387712099,0.8267836997944495,0.5000373058840349,0.5127096918790176,0.1281926087260344,0.5315329165593073,0.4626079093280884,0.849646361555425,0.1215423043814744,0.304466119,0.325905794,0.28
0.8219206883926259,0.1898180691762738,0.8570639317558442,0.6224941211606048,0.3434419490876731,0.8692965481706242,0.0333265038250186,0.3276451934796345,0.0134637940432561,0.078796364,0.338255989,0.4
0.361624917802099,0.4008513730272451,0.5110488240859794,0.5476144186138187,0.852402495913624,0.9745791793176056,0.4972778245257704,0.5531484028260719,0.7966544755769516,0.151496855,0.54616529,0.3
0.7805030720320355,0.4875749438827393,0.262031490296937,0.4829512031328112,0.1191220751809067,0.4530184200936596,0.6002042751552532,0.2984700791432534,0.0123520877105917,0.194244507,0.413498236,0.773076923
0.0142656287246502,0.3110905130983642,0.4351302415953331,0.287141318095601,0.8831459486341321,0.0522418791424694,0.4203928696967792,0.1591401308013106,0.9312389622551706,0.073627832,0.046652553,0.685714286
0.6292804662412237,0.9338792092730552,0.5383132967103559,0.8909641152193228,0.5896540188066758,0.919256712718663,0.4777095099886767,0.3308005955535461,0.8603118973615534,0.490964754,0.743312915,0.0
0.7026864222200404,0.8038254210132709,0.635854852622245,0.7312177862929722,0.4046930285249337,0.0119470838125809,0.9220280313507824,0.2256731743590232,0.555714319688075,0.481706842,0.088068201,0.648275862
0.4827812331734026,0.1782083628767716,0.9892566699732718,0.7643238322955063,0.2845053785599126,0.898734630072885,0.5136849077892246,0.8341079112639922,0.5579860981509378,0.120539404,0.47731859,0.126315789
0.650222231914946,0.1001848511376164,0.2623993881803856,0.8843450228766047,0.6526119039830186,0.6753802683244888,0.0913557213013444,0.7291783345641498,0.3228917926489916,0.067062072,0.564232376,0.42
0.7043031726569856,0.7776412662342005,0.6614921031853535,0.006374416857943,0.1509560176709702,0.3838633911757585,0.1003602799344751,0.0483286790751243,0.6254831380200391,0.278048042,0.486963619,0.35
0.3825983243379237,0.2486163331325015,0.4209158760613544,0.7814558985688788,0.9816473252044092,0.5646833978998573,0.8334477561261456,0.3461615662534161,0.3505792672219473,0.125870197,0.372176257,0.156521739
0.686713766242544,0.5503389211178633,0.2614534847532164,0.6385895938141466,0.8552446562317041,0.3959780566308216,0.3200975872808002,0.8461892083824913,0.978703814257856,0.213858966,0.369008092,0.18
0.7717049216066274,0.1970545940837221,0.0021139677129811,0.969732246156918,0.0049124061452809,0.0521226606539778,0.8984131453698944,0.9433753234373032,0.4465674903661233,0.150172722,0.114553492,0.0
0.4309049458602978,0.3981252567981287,0.3239323146533607,0.8278496109695861,0.2836822873975456,0.0907455609011835,0.7168428302185844,0.1122626536416915,0.6646329336545278,0.230854122,0.115025949,0.0
0.2016157439038075,0.902681977960342,0.7211752015029124,0.4794800457713106,0.1626377314023728,0.5835646347565696,0.00771412484438,0.385971114898612,0.0848109778489299,0.359800972,0.305226448,0.342857143
0.5441616951374367,0.2358633142628957,0.2708990851188784,0.721929702904919,0.1224247878081618,0.33863872843836,0.6566652625030366,0.5550126271484823,0.0192768834169276,0.105061434,0.284057546,0.04137931
0.936182793311459,0.5922168007735853,0.6057515047006998,0.9617042743618692,0.3450914482212457,0.4878945576795145,0.9793855596489384,0.564510718641636,0.937735621045556,0.417887026,0.506678797,0.36
0.4918940556963279,0.6891379516477167,0.5909739534499378,0.910685402513572,0.5243915375142862,0.8041216332429054,0.2994112727569387,0.8953349254920889,0.118796538355113,0.24102835,0.522600687,0.18
0.4676468803610727,0.150557280517052,0.7950919172396607,0.2717210370928384,0.2947390966003955,0.9823186916027784,0.7250188436845907,0.5916493601034785,0.260627417986185,0.133670327,0.529582508,0.085714286
0.6372129859524899,0.1781661288644184,0.2210093164749447,0.6113606815385699,0.4648337471393244,0.4378043803265901,0.0798960134373587,0.974748643190156,0.2897562348424697,0.084463951,0.40029392,0.218181818
0.4764632416058866,0.0264672683071613,0.8006136323990646,0.3562064359000731,0.5217441441079362,0.2671464691597015,0.2690558445146088,0.9051449997927687,0.512562376036775,0.071925259,0.306661887,0.4875
0.1861849655910484,0.8135039151970783,0.542571921803618,0.7294817689552675,0.5085112109598018,0.0039529631516354,0.8862682537433265,0.6906879114870957,0.7738119931580416,0.430470184,0.040735333,0.636734694
0.2051739140625625,0.10903691729955,0.1849790212413175,0.0250116705212106,0.7498254476138987,0.2184838444699823,0.3131149042971642,0.0178856701794691,0.5656279193932017,0.080136526,0.159149358,0.0
0.8458199525568963,0.9787067888251596,0.0990124125986914,0.6457899120298601,0.6366824400421267,0.4763992337700226,0.5427301918939675,0.9270219583616924,0.4046382172416225,0.60697486,0.490545824,0.488888889
0.1020477427021798,0.37223729432838,0.2291008926508388,0.1149965134675395,0.1480593313064117,0.306257503176029,0.1002861230143254,0.13944419532347,0.4155147356088552,0.129949087,0.209974393,0.0
0.7619131128242849,0.2786919639515494,0.520666284684792,0.0606934334640173,0.155573503451188,0.610500570430374,0.0856939408261195,0.500296009379761,0.3249356634144554,0.119700033,0.610718022,0.0
0.2460552832573284,0.4719107045036675,0.7833831650187177,0.8017946074421249,0.9269453127053192,0.4700957639069547,0.2576023768480613,0.9775262309067472,0.0996150839761073,0.140558734,0.296736167,0.626086957
0.6534843010501753,0.7826613409496516,0.8917635968907577,0.0146348492574384,0.5715318365373708,0.9818750794313305,0.9314338627345254,0.9759654275624622,0.1355020211888815,0.399291974,0.466798488,0.06
0.8022898876048866,0.8276949749191563,0.778541700888647,0.134147775799318,0.1573851693637082,0.4359130630513396,0.3492448002435054,0.3260007624053177,0.3320317536662073,0.382781813,0.135757186,0.171428571
0.310196258414971,0.943166109835095,0.3875690186456136,0.7903002643140545,0.3330287304315933,0.5965020108636464,0.3834239374286508,0.2667076350185476,0.9041758079059914,0.229494342,0.273050824,0.0
0.8287473221649115,0.0322688296965025,0.6427540076829108,0.3113549383692611,0.9574851378576712,0.8093303910695293,0.4580763638638236,0.949614636061362,0.1909836196089757,0.065924783,0.535485158,0.225
0.2496207326287344,0.1260967266305367,0.1559619350213167,0.3750293833268231,0.4920181970737824,0.3566593238061855,0.9133978992275642,0.3992322366685144,0.2120693813114481,0.108928159,0.210660249,0.0
0.880892054083091,0.4085993876403514,0.3269908595336721,0.3715461610337972,0.3614463945541744,0.4898870710431423,0.019118697454277,0.3458450936148139,0.6990786170781844,0.156883827,0.488984608,0.2
0.1546584831305582,0.4663870272796393,0.2596005363842302,0.3324650154183407,0.0235453755985125,0.0565915326348404,0.958673767929688,0.3756913285243489,0.0672045970588141,0.255308991,0.07767507,0.266666667
0.7450478020281109,0.4098241341876414,0.1913480859002082,0.1504788416735566,0.8505320849150225,0.168586183186427,0.2329671640527424,0.8120666651197448,0.562919542121904,0.13639548,0.336578292,0.514285714
0.3442169515551183,0.1869103412607361,0.3384103455993296,0.7223567690872204,0.1737680523647902,0.3039161787366986,0.7740881261945111,0.8879729872284543,0.6977915216990734,0.127469499,0.297402264,0.261818182
0.8950334503385494,0.248959898242851,0.3559823319774182,0.4443002533487354,0.767816464619099,0.8245624910780888,0.5856777536457065,0.2198533929698086,0.2051218992411695,0.131405292,0.550571654,0.070588235
0.5565557018616833,0.5901290117927117,0.0730343991998233,0.4455230704832429,0.6726972103109579,0.516779028436447,0.0126641280249023,0.5984333884626505,0.4622974268396679,0.116862592,0.46278547,0.315789474
0.8675531615480759,0.9519266293269482,0.3677335727088102,0.9026954543846388,0.2435114346111972,0.4720238444574183,0.1063143050121956,0.7738244131681843,0.1685558733345324,0.292699917,0.292174998,0.2
0.5992178422491765,0.031490669682736,0.8393463918850814,0.0376141982911473,0.6224372467950515,0.5211773236071645,0.0414881733815735,0.0477164916376393,0.8385818822785298,0.080052035,0.426077644,0.0
0.1023481289235567,0.3506096162261741,0.1675106571361195,0.2641791606015097,0.8705288755106038,0.2251605036809769,0.2323444082245969,0.0878005231313391,0.3375638163002116,0.161983595,0.173562184,0.6
0.331234313817962,0.0240164047990527,0.0189255146675574,0.8929899385422533,0.8515741727633764,0.8316118266631396,0.9240488580661036,0.9906716180192688,0.4500174599399601,0.104461676,0.376733661,0.0
0.9378751178217004,0.7071583656726065,0.8923054266212704,0.163514849670342,0.0284365371479882,0.1349446488936564,0.5420069981434125,0.9049109724815392,0.2293956281772242,0.279402754,0.304274129,0.040449438
0.1098489858526512,0.5251673085752925,0.805651424239191,0.7377959203142204,0.3930785420822593,0.0883218634925019,0.0871766319232317,0.7428373628822182,0.1308428188284366,0.149079377,0.127380457,0.755555556
0.8773666235626644,0.7189140199887994,0.5136593867657707,0.6298072611239256,0.0890093329151406,0.8900406938017945,0.5260693888200627,0.2315499109197403,0.8902167279476344,0.517819638,0.55818168,0.292682927
0.5344811793862662,0.6390773120491348,0.0701029773240791,0.5832939066049101,0.635694238684982,0.3288823061540817,0.7218961442961026,0.2129024087880773,0.6249615237414416,0.344724365,0.392192441,0.697674419
0.0152100399883958,0.2792883870405815,0.0395399990925818,0.7603294604211792,0.7365888268200447,0.057570061418451,0.1518848923056674,0.9166247845137984,0.020942240891683,0.093902448,0.016863784,0.784615385
0.5318264304363967,0.0957971239679925,0.5165136919613805,0.8647797554595688,0.5111720895813276,0.647948729143502,0.8984387930791634,0.7142552698334481,0.2267033846655876,0.105209994,0.425459151,0.0
0.642043636722962,0.362994892327162,0.1616919093815886,0.5196605370800609,0.3789806025332398,0.9558842499748836,0.6052196297088889,0.764710678421779,0.8604246198766813,0.201682266,0.579407978,0.496551724
0.6992249628568882,0.122197722677389,0.1486348026832694,0.1293598066237965,0.0094885965681384,0.1691384430517278,0.7891657688659575,0.1703416292049551,0.2361138348959323,0.091212459,0.297679883,0.280373832
0.0352469879505218,0.8463569152080529,0.3019235260814645,0.2397186730084095,0.01436366975882,0.920340385627176,0.6336115910668811,0.7036435659697277,0.5279943270922178,0.428446704,0.363304,0.516129032
0.9908154095145868,0.5262966394386343,0.8401769334699773,0.4337792648637374,0.9210621819056164,0.9326424499741462,0.0124905824122182,0.6999025758972633,0.5600687360265606,0.207787625,0.592179162,0.12
0.573026846361146,0.4113650638603436,0.8627356647605388,0.5112437923975801,0.6929026357677252,0.7040885853875956,0.5897574712455917,0.4740538258383394,0.0892640900751389,0.198958185,0.527325312,0.428571429
0.5153120093843511,0.209094264225961,0.1308069934887065,0.9273353830403632,0.8742418683499847,0.1333824318159763,0.8426550169705194,0.6437331064517002,0.6192030903654665,0.157203144,0.2240048,0.27
0.829183089273003,0.7034458005912702,0.41862500445312,0.716419397829111,0.1718371043968095,0.0692920339580759,0.0888658485314215,0.7728105542233307,0.4646518362032054,0.162200086,0.270611815,0.56
0.2864320995740249,0.9363936109956776,0.7842134520045383,0.0101267267862067,0.2108709423811618,0.0303047164927822,0.9162423925099084,0.6480821793626552,0.7970945354119179,0.618054449,0.052430941,0.094117647
0.6193926010078272,0.6332755566958952,0.298568302304215,0.0971614935668723,0.9669944614813724,0.7224823006057579,0.4457575108347139,0.7294533212328937,0.6075235440415322,0.18901713,0.639669928,0.342857143
0.7263262121384666,0.0550689884365301,0.3411883223961175,0.6172609622050109,0.113089522917677,0.0513081242939695,0.2472949873777423,0.458082589956337,0.5281047017232191,0.072814048,0.195475098,0.327272727
0.9103488426915136,0.4226539639681665,0.287740349250124,0.8691437603347929,0.0929411157377282,0.7830802654698039,0.2955876435473817,0.1967975140429626,0.4151618554475621,0.111317675,0.383291576,0.24
0.9624362639993423,0.788942738416135,0.0320502366407013,0.7861438259260629,0.1460614505927168,0.5856143614321886,0.8534232290061036,0.573321530681556,0.8114185613039128,0.453305365,0.531615722,0.448
0.283135993447495,0.003000389790572,0.9556528436826538,0.1946149980583607,0.0855345197910644,0.2064214131791071,0.0990091412062549,0.95149115489488,0.0877330255377264,0.068488369,0.269456135,0.730434783
0.3424167653068756,0.1446675167922081,0.4428751135273358,0.1955127326537424,0.2332520406828859,0.6244344461947563,0.1452544967686126,0.9297898419426068,0.5412216948890356,0.051721782,0.299299956,0.15
0.6502401416902761,0.2359066488020746,0.1242367619940879,0.6175842566948294,0.2746695911085772,0.4759336084080102,0.1614087545275903,0.8848669210845128,0.148204915842257,0.042335291,0.475407679,0.2
0.1424896532620718,0.982909954659528,0.8795536365448684,0.8358910929312061,0.5885687336110682,0.8031230457725924,0.9708409144283872,0.3280170982116843,0.9186351226251958,0.689572136,0.389497695,0.564705882
0.0926163956861946,0.739031083018064,0.2791679007895448,0.256792567408456,0.1176482086264971,0.7116360116970195,0.6622471422237052,0.3690842687805797,0.3040077995805871,0.362016542,0.320405584,0.486075949
0.3520218169034802,0.5264188809585997,0.260380111877708,0.9394034833231928,0.6253588583759176,0.5698458747461193,0.9012883906722492,0.5256455892434837,0.4324205320509767,0.303333827,0.372387512,0.171428571
0.4154462008781429,0.5921467685713692,0.1815064256126536,0.23348047544794,0.2505723410417892,0.1731341732322164,0.0511985856908164,0.5574970256243507,0.614813667347588,0.25778281,0.199182708,0.075
0.4326482194825122,0.6281789688528708,0.7810065181853242,0.6935136729430449,0.2562980534129341,0.2214264008560048,0.9560965265854912,0.2916369872137134,0.6842622966169627,0.420781931,0.283809054,0.773684211
0.8541726059475151,0.0964158026888553,0.6366392396798237,0.1504085896959616,0.7965588413371324,0.0649948947260805,0.9369872748280498,0.3256352434785685,0.92161603892691,0.125961448,0.189897139,0.0
0.848766941103603,0.3604681196422182,0.3447248157912356,0.9002450834123417,0.7541732131403432,0.7688162003982044,0.8168787414068982,0.0058504873361191,0.7217771837702631,0.164375833,0.402362669,0.0
0.9161142464593046,0.7898019208669247,0.0559574506023912,0.6421575964321601,0.1240377796792132,0.0644110558938529,0.4796258088543066,0.2138310688951282,0.9087555331263216,0.265034078,0.188111183,0.0
0.2411913123460782,0.7938067926942494,0.2410096521457143,0.4590137047462332,0.0594264887822919,0.1403254449156975,0.2840332629084143,0.0819766823682248,0.799071644111524,0.218131803,0.24749345,0.45
0.8197511884232965,0.4302179648800841,0.1878989187555325,0.1368523350752913,0.0716721551150844,0.904957317930298,0.921554804819521,0.5909789449458789,0.199224102480979,0.20876525,0.613565531,0.2625
0.6438650785055569,0.8754038892708205,0.4579761107488789,0.7335004589402082,0.5326492342385979,0.2494673709397681,0.4889253187672832,0.9526128498186804,0.0928213685240533,0.232347574,0.174340654,0.327272727
0.0178401018191516,0.9679221630627308,0.322139044638228,0.9979377349873312,0.4114050295670218,0.641796853150085,0.9754230018773916,0.4649187690588376,0.0884162948893348,0.627192176,0.215944271,0.523636364
0.958662530489125,0.2070347730631395,0.8248259326613127,0.7276410815353458,0.418911678304364,0.8102467124294613,0.3590996928140459,0.2671349415428889,0.5274899860097223,0.066649443,0.432841596,0.35
0.1682047604577181,0.0006219054869369,0.7421603290949706,0.434003709311044,0.1004312067241558,0.4250110186043861,0.471776675348864,0.9020444460011038,0.6356711495076635,0.060298608,0.259845624,0.378947368
0.3103622659928121,0.1272557995254611,0.7061213511541705,0.8623265472469772,0.1416165581910474,0.8076262769133072,0.1235517493552046,0.2933996574254232,0.0629684149072692,0.071782854,0.58119773,0.0
0.06378617642907,0.7072927347247742,0.8012770907714128,0.2042683325991438,0.9479729494457066,0.253267029506402,0.3465040285773046,0.1020736049369283,0.2747049097778486,0.188176651,0.14685539,0.42
0.581675971706276,0.1510555822415326,0.6696610631348272,0.1673767646056266,0.0922855728975785,0.983716466464876,0.3542070265394806,0.5597744780946998,0.4697809667672513,0.082108718,0.581689201,0.5
0.2089506448678967,0.0237928242954242,0.32304092649782,0.4512255749147038,0.125468195144331,0.0167826915787334,0.8139624761126057,0.3982695098923148,0.457458968787485,0.064879638,0.056436452,0.611111111
0.6204579639045482,0.62914978277651,0.432395337382821,0.8636944414790783,0.3043594920636024,0.8561473386083877,0.6664124931516973,0.483159916332875,0.4300149109023811,0.267887121,0.508897071,0.0
0.8152337788625776,0.0434270427119773,0.5907501852853808,0.3969447522205741,0.711696097963289,0.8271055780833712,0.5472654824964137,0.0809905326621458,0.7898649739126204,0.139726318,0.538468644,0.59047619
0.363275737588666,0.3770098332210936,0.073776051292521,0.3644991567680706,0.7678117185749432,0.2268719101416993,0.5957593653887503,0.9262650178977784,0.7231964212676603,0.251694342,0.273288821,0.369230769
0.5868947795784971,0.0342043560556275,0.1687866453288471,0.3265821698194836,0.5724735643853367,0.2937869445861479,0.7445786688751369,0.999966604649992,0.2476284748921924,0.09351201,0.320852272,0.252631579
0.7377121771555318,0.3878763415364659,0.5257805502821186,0.1915942486862348,0.0423303083862717,0.8394192753944641,0.6296084481360098,0.0315893405503581,0.4661322717261995,0.186236866,0.561022736,0.0
0.5720380884634444,0.748906252239531,0.2591762075310158,0.4771148337861364,0.7353398857449032,0.1415709902231166,0.5404580906495241,0.8434915588353293,0.8325898959284549,0.366069809,0.273495264,0.358208955
0.8689471555891561,0.4131238697168463,0.8432670123785247,0.4065488781941154,0.9732036002916362,0.6755485146366847,0.349318176309754,0.1754626052555631,0.3992876547657431,0.148468705,0.571426062,0.232258065
0.3681278201432552,0.81335316334113,0.3867897880423958,0.4361273959847044,0.1606765218826232,0.3421334908422053,0.9525211848580138,0.3308555713611766,0.94461518994625,0.50990612,0.22511394,0.36
0.317965248440936,0.5253853277333138,0.5026225379474929,0.5093424795595388,0.9721867283706652,0.0282973102284477,0.7245188616462124,0.8075363557722466,0.4922765311230922,0.244141225,0.106306031,0.498876404
0.9627280263109458,0.3558566143079816,0.0981848683762024,0.1538309886351456,0.1427833560098553,0.4444390911189719,0.758734932585057,0.2143873654278404,0.0541983935435925,0.163958605,0.477180218,0.855319149
0.1313580551739386,0.6122906229643233,0.9666840620301304,0.0740268452046412,0.9436936294624652,0.4318083983410611,0.0897855974696448,0.5307557131133799,0.6108194514018606,0.236183971,0.338163746,0.514285714
0.0685929257535307,0.7985275797160215,0.5145585421730354,0.2206242028185634,0.2161535188051792,0.9608239263055602,0.6518584168917745,0.3090687586597173,0.9726063011771584,0.459863962,0.320999434,0.117073171
0.8040475861677983,0.808923186944403,0.5517753840505923,0.2485850909198038,0.744129907463624,0.8345036293712098,0.4843124240584442,0.9896023087383388,0.3774458190671919,0.23760396,0.533990652,0.6
0.6284803532464832,0.6968693331472868,0.4898581909878482,0.0456045350486741,0.3035650197385483,0.0837509787311981,0.8809100172380219,0.5470585156014984,0.2222611386859491,0.387175504,0.17740551,0.137142857
0.5242844458769474,0.9078452842042548,0.810362017945696,0.7040136118090098,0.5588447763274832,0.9934374932169364,0.1019358692423897,0.231761006253039,0.5081554634275411,0.282392986,0.379938373,0.2
0.666863937878822,0.6406129264733973,0.622656701033336,0.0920038748243898,0.2867031690163973,0.4580268434631999,0.1940076138936252,0.1428349164533413,0.9352574845319817,0.169188121,0.429009163,0.5
0.4678398463988966,0.0506822157727818,0.5962912776922042,0.4199253111480349,0.981578236432578,0.649899269330879,0.6514277961095882,0.3802013008058756,0.8787936132599597,0.112128668,0.451332893,0.195918367
0.2492707727391909,0.7864675367750464,0.7428640378015201,0.5830636861523915,0.2755786989189557,0.7109099870108311,0.9233166280159288,0.1063323862160594,0.4522281406659345,0.387003773,0.451343371,0.194594595
0.4273527888817663,0.8073089995051594,0.5111156872971243,0.488184811436175,0.349941737882509,0.0971305861900848,0.8821069446647445,0.5231033145696509,0.5101623561817267,0.534531263,0.189775777,0.533333333
0.9486607819400052,0.1568103937710583,0.3260661288569705,0.996135598580687,0.4559776098222602,0.5211493377399902,0.2969346155432312,0.0843123964364678,0.638341483245026,0.076652673,0.300815492,0.0
0.9643326308454429,0.7403415225877851,0.987786047006805,0.1158750735718676,0.1339861256589848,0.9091166152455172,0.7691776204672328,0.8823810860842712,0.4516172562509193,0.50404402,0.736098384,0.042857143
0.5285450974474522,0.4983028911889481,0.6926339078060724,0.1931132068010813,0.720045048680813,0.5601041730140994,0.2312763404048506,0.6952076081966113,0.2599295816699815,0.203113061,0.440434777,0.352941176
0.244299844917548,0.5731868310524192,0.4610035181629731,0.6955481350782649,0.0040678095617573,0.4816591142648678,0.8689476661176996,0.6835121973181989,0.2491047021683211,0.248705121,0.339072049,0.465306122
0.1272049614045279,0.0765535129748382,0.3185805585757411,0.4834375109310355,0.3600864202461356,0.8959517910412301,0.0129627027286172,0.8320393052773504,0.0198050244066886,0.057345688,0.210403176,0.646153846
0.4729213275966087,0.5273999394574893,0.4148748818317751,0.8188519230264606,0.6162843737581511,0.0959229888928955,0.7813513976450521,0.2445166945481288,0.1976013478145928,0.218847672,0.090410303,0.042857143
0.3907467581134123,0.8223542919075636,0.6077693731186325,0.6610543892767481,0.966865805755833,0.3352486998183672,0.2283207322274877,0.2345994358569906,0.028501254029884,0.385585094,0.239000652,0.45
0.4415952142501698,0.0150930492764578,0.3822582892486161,0.5043178696878328,0.2044978750560088,0.6809246831617488,0.9740693238182666,0.1018903647146081,0.8533065790579948,0.144498717,0.465627611,0.0
0.6897153428366272,0.2156812751109598,0.8898326286065955,0.0660795713041391,0.5103547175039667,0.6749671801999406,0.3292309152831227,0.6093602102993798,0.6804090029217367,0.07432455,0.61721904,0.577777778
0.8582939641769322,0.1661311258006026,0.5490293602779209,0.653191798808504,0.2422245730135531,0.3227259801081498,0.3975522195091017,0.795562249232336,0.8901001105061981,0.106889581,0.509506673,0.672
0.2158878207885655,0.8919876847809001,0.2835769450675484,0.7900249921483483,0.0136362909165991,0.5396736741274836,0.9862084602886132,0.9182518523673558,0.829052392145852,0.687315093,0.344497867,0.533333333
0.5100626454425847,0.5016598588877322,0.0734220478907561,0.666562266410235,0.704650087796763,0.2145407677010539,0.7534999825232825,0.1328167319945674,0.7007118266598978,0.224844979,0.257978897,0.282352941
0.7960326684842002,0.6701377751223456,0.2908659493082269,0.9404001487159046,0.4691830469925363,0.3235667761592533,0.9517540780394222,0.9335478016307154,0.8974117584113158,0.427014944,0.461470981,0.471428571
0.0945464883186536,0.2065979389922905,0.3759423449077875,0.0541790577634617,0.0205939417289752,0.3786064713449205,0.6217335917545496,0.5011498702493566,0.2188761512639679,0.121608431,0.25975239,0.498876404
0.987163126921774,0.0294592657354448,0.6362910370803705,0.6295754048093298,0.3238813617567613,0.5442684593170951,0.7240425073532232,0.8555137070944412,0.34027023773146,0.108118693,0.323093547,0.105882353
0.5972115324906196,0.3697400543931701,0.6960507805025672,0.518104823925947,0.7512680448049303,0.5123281115958674,0.3338924169210207,0.8849153698206621,0.7773639840535601,0.077804972,0.42822767,0.225
0.1273040769712518,0.7018395606885457,0.7317839181712925,0.4812949348872163,0.6113337463510949,0.0426200113103718,0.2896695253658711,0.7338624178484191,0.4314751202728718,0.212473953,0.110643777,0.42
0.0031272632954343,0.0100709923150905,0.2291632291953192,0.9402941921032894,0.8055947074326336,0.6111630655567194,0.063520538954863,0.4677858172055428,0.8690887395182836,0.056360859,0.032094283,0.0
0.6664511477876368,0.6476190471273482,0.1764584131987981,0.7662560087968427,0.9252337616756536,0.9419228552014788,0.5623692014029005,0.2906081037229837,0.0950103118088763,0.35705069,0.427491592,0.563265306
0.7209111992671756,0.1990274193552157,0.9644760455386816,0.0529909192064524,0.2251580263832624,0.1524259899063592,0.6660092952733198,0.6305744844690306,0.041064614621385,0.12560067,0.291253653,0.528
0.3932658615218534,0.1330706489977077,0.2421057488235537,0.5311716847801502,0.0723644332402422,0.5324807718781858,0.7659570105285917,0.5513463303609578,0.7894805548544668,0.12001559,0.439808079,0.3
0.1391378323742584,0.126436828712634,0.8059332949853619,0.5148678763932731,0.9384212582570276,0.6874595864612661,0.7642136563714899,0.1902485095963249,0.7826742558103921,0.145957633,0.415137749,0.550819672
0.061366269616445,0.3564860009900367,0.5457178895899805,0.0281387834855817,0.6193912236578184,0.5993981150935954,0.104576339385955,5.5606102282057535e-05,0.7971608354761471,0.150414986,0.279532869,0.04
0.6442041951380955,0.4225463217843406,0.6880204441294546,0.9097958593106528,0.7845658060940075,0.7714612741553958,0.3300319874185968,0.6956361787914503,0.8317070039794179,0.135670057,0.825541576,0.24
0.7135548949347947,0.195579096008677,0.4318249028612935,0.3873362276704027,0.5921698629395118,0.9634117572588614,0.8935356898702871,0.5815652800423884,0.752531304201136,0.145004714,0.584730717,0.261818182
0.7383448123388138,0.6807904500942867,0.2476723616101996,0.2239484262004165,0.2543934305062297,0.3662566746946524,0.2380914805244629,0.6351033220524178,0.2314145199221716,0.162825703,0.415870029,0.15
0.3862325390150648,0.8331908203287336,0.1645296630428525,0.3541059606189459,0.3689596446903453,0.6989929646802973,0.0200455470272035,0.3571863903758403,0.3909812608554694,0.330297807,0.42060984,0.0
0.7752457634949996,0.6932738324758184,0.154200450728797,0.2329220873037621,0.0601125826502505,0.7592869328966105,0.5249744386857758,0.7925495642309228,0.2653514422850048,0.309471314,0.545269546,0.45
0.7361821559687862,0.219942428305353,0.1554551830734115,0.3417235512218323,0.9586368661266867,0.295705983408868,0.9874707065674164,0.8337761797828401,0.1393979895648238,0.165256168,0.22729887,0.038709677
0.1674271898876418,0.4917040133349014,0.7900817534394744,0.9829149540237004,0.7253324409719287,0.3175824445386014,0.83099902705288,0.9154526065684504,0.6128214298771283,0.254566391,0.193636854,0.048
0.0396161029315658,0.2669147477020238,0.8179933304819451,0.3338502431338995,0.3062779018425827,0.6312870743215201,0.1905118351296997,0.5595962285007491,0.7953478929929265,0.14180906,0.13427564,0.0
0.278664405051546,0.4642403845813929,0.4553705530813455,0.4667764001073247,0.4828462514556488,0.9425812100829226,0.831672668063678,0.9493758233488596,0.2610151087083803,0.221151809,0.470538212,0.0
0.3849840403943657,0.5759712995906194,0.2556638339939212,0.4832318485169623,0.9663815679894328,0.8820857567782243,0.561104727703025,0.3205319846834061,0.6681723790226313,0.253152685,0.485099787,0.583561644
0.0575262510893044,0.1231817259227751,0.8721366374326716,0.4169039591404296,0.9184094083987367,0.1638909023907142,0.944986302290774,0.1150618189349673,0.2503009902794767,0.136238585,0.086158018,0.114285714
0.2554574386700255,0.8796891837368408,0.2794511215128685,0.2659461827359058,0.1952295848442882,0.4305772090480151,0.0869446563989121,0.7447168628666508,0.7742377312606501,0.258108727,0.38365812,0.24
0.6990127824546327,0.873448240083357,0.197103155991743,0.2460982309510051,0.8633740595520594,0.955407982150812,0.0282911499617202,0.6461363951783711,0.310860114633835,0.233229967,0.536943746,0.675
0.7749537823607296,0.9239476441507324,0.1933649798709568,0.8387768948621335,0.9349511845962906,0.5176620951980409,0.771576620780044,0.7324267713513793,0.969401071170406,0.450372055,0.505629655,0.098630137
0.040411660974057,0.3314823795199236,0.3672476421327413,0.2571359821908836,0.2694445854231551,0.1461589403257978,0.5133553742780247,0.1547833935730491,0.2887506573527512,0.152041904,0.107624083,0.451948052
0.8955891161045076,0.1210583265757603,0.6983108298622446,0.7139066171450126,0.1764633882671289,0.5286678964646222,0.6260195009747647,0.041878147413597,0.2172528141522414,0.149302732,0.489812277,0.309677419
0.4901604700627835,0.3223426650268924,0.3241783078222562,0.2958664686844723,0.9138365924272502,0.1001696695873005,0.3267562082558291,0.0069938546195753,0.766372656188826,0.077078026,0.177747544,0.48
0.8395508837107312,0.8586849757268327,0.5340682604237066,0.713270047788086,0.8660142812971264,0.201427536759072,0.9694086623257712,0.6326026904597803,0.0047369888581637,0.627899507,0.228495183,0.909090909
0.6324045122454427,0.7196105064003945,0.2374332020788555,0.6555783900770453,0.5991694746330433,0.2577145282875217,0.4304082939779202,0.8519754012447288,0.5181953953186017,0.207077061,0.219251555,0.075
0.5074992409837915,0.4460819837851369,0.0314313104434329,0.3656963667990205,0.7448918784662063,0.8632450663907659,0.8877220456862182,0.784786217828556,0.8447846870183086,0.219937496,0.463032929,0.415384615
0.9826076700010388,0.62245564159342,0.860753941836041,0.2763638699960073,0.542230798597187,0.9312843973503454,0.7795668470323401,0.0852523115919293,0.985873997694137,0.405351563,0.593335502,0.48358209
0.4453312266058308,0.5031276295552188,0.5520707468000958,0.1077485109673428,0.4635754559868287,0.045420701451929,0.4768810269763353,0.5220461224046749,0.4247248957073083,0.172319377,0.103927771,0.533333333
0.4391670605176457,0.1774829216108093,0.743185184613949,0.4316950272890673,0.6376086110001365,0.1891607126313004,0.7889856273306124,0.6578984796533163,0.7874951021703209,0.131445374,0.214859291,0.181818182
0.8829466065067865,0.2782413980105039,0.6240782801230043,0.9169151925052342,0.2936134708727511,0.9213506172909602,0.8399138967005778,0.5350530089164236,0.9104469699414036,0.194359802,0.604297887,0.424615385
0.9027752932593188,0.2992753358228475,0.1476356946307472,0.6978473468071009,0.499901478300163,0.6299441053433229,0.9628248155962486,0.0636372951896404,0.0328069101788212,0.140461616,0.424092799,0.109090909
0.8454872076286807,0.282971045607567,0.3224315401751396,0.2627224389579875,0.7955927721807945,0.0569779424640843,0.0482176547747013,0.9784449782001337,0.9699298048271968,0.080899089,0.374669034,0.64
0.1715825139046191,0.7490498630699791,0.1671153282708362,0.4717390511676463,0.8758449079674331,0.9824818572447892,0.0986096131325927,0.201404119360846,0.9409014601488096,0.230405928,0.310476989,0.0
0.0686146279073077,0.9269431473718234,0.2984130146908581,0.9374993859561328,0.0714605181731417,0.362207793953273,0.2802172917221464,0.3166882767955485,0.6745514182076795,0.358526075,0.211966495,0.514285714
0.721122478473845,0.914620180165088,0.2077128254044413,0.0644807554985699,0.4964840953909365,0.86260409229333,0.8387666128733919,0.0843659595022546,0.4538515161709264,0.481049459,0.57831438,0.545454545
0.6910224845662245,0.8894429133636802,0.4499703502744608,0.1557716154436432,0.0800677542178429,0.07993952558986,0.2059143668046363,0.0495422330069409,0.3445313946624332,0.318099051,0.316483578,0.409090909
0.0880818384802809,0.2683311905996846,0.7982446081595651,0.9397047016126006,0.8227526362043248,0.290712122636511,0.3320908565210766,0.4528512531777828,0.84516650896464,0.073919387,0.141470686,0.133333333
0.1255814677707336,0.4466124061722196,0.1787939894920421,0.8926867003447528,0.9495351359344458,0.0349262532516487,0.6281841269923606,0.6086992906596393,0.4592076850454387,0.177425454,0.063024842,0.557575758
0.0056148428114569,0.7072030076257081,0.2266474997884781,0.3455523150964109,0.5501943771330472,0.8311091334484452,0.679482693464812,0.3689082245268771,0.7077267425070908,0.456831265,0.223397382,0.517647059
0.2467587431047211,0.0321791548950552,0.134087435709124,0.2913044761332892,0.3377183865394515,0.769075940533065,0.6424652783465089,0.3052843899166045,0.0212309279437697,0.105861253,0.351837397,0.789473684
0.5637940889073997,0.4959460017311267,0.5303280225860377,0.5770564644596016,0.2250575136534118,0.2043496927464896,0.5628442077261174,0.9594699416255472,0.972963282308446,0.313102715,0.368361231,0.188235294
0.1194423683012293,0.4059865197859065,0.6873239292929878,0.9519707889226712,0.1626943495214943,0.3863972394233667,0.8565478621350985,0.9645606255465632,0.3581423529290872,0.179255898,0.287994804,0.419047619
0.1609386921540241,0.5584637431373399,0.6878586445220616,0.9675904505645534,0.6116146810802644,0.6480128439463781,0.6776987607246592,0.3362535993851889,0.1900267701854566,0.267858483,0.285402116,0.293877551
0.7589736041904722,0.871300434704424,0.8815070791071142,0.257403423103688,0.4721333383546959,0.9288886521544464,0.5065480247032739,0.7686307440199891,0.97863251875555,0.561633197,0.559280976,0.432
0.4744338412717834,0.7725000394762901,0.78757483597026,0.7465938683489457,0.5356051094150885,0.8725377979115595,0.2732612103865749,0.8163370291041159,0.1396009592504439,0.139396724,0.578012059,0.0
0.6144652717158061,0.9391026960876582,0.8020214062904633,0.6119136474627661,0.2133596590241696,0.0171913880443228,0.1377200249931363,0.0370817404621938,0.6443844018536498,0.554208308,0.111413212,0.72
0.0397965212632344,0.6289405534719924,0.2253254431973088,0.6337443331634169,0.4060262805036863,0.7996785758651589,0.2694650847923637,0.4289443160123423,0.4602111402854166,0.18100534,0.242933552,0.193548387
0.8298055241992501,0.7943963091867642,0.8620971422897411,0.4388223042553366,0.940346883803106,0.0415839083764623,0.9070914703966684,0.1950586909584275,0.3523724504091055,0.43151441,0.191280207,0.54
0.4008784521734039,0.4245308821209158,0.84219697389262,0.4379378089577455,0.2195831826247057,0.1158833148450001,0.4552342919903821,0.3607081517566314,0.2648100357388988,0.201515489,0.058670697,0.2
0.7729763882867513,0.5250604931986339,0.6384279757337274,0.1481892549514446,0.1164375172187233,0.4906389182739067,0.7004029735349605,0.6672639396201244,0.1421254027276244,0.247340028,0.434965208,0.45
0.0744936127634341,0.2123708737152917,0.7102962101523878,0.654177533067549,0.1057836781033327,0.2293000480422741,0.1782166352514352,0.9829358425484008,0.208346061786006,0.091313183,0.125040442,0.0
0.4816419264641007,0.9934961362244596,0.8040620231689382,0.1093226504549581,0.4435031835449983,0.8883679871758463,0.6409346126006304,0.0557386985026681,0.6538865185917611,0.751012594,0.510924338,0.45
0.4676604714991463,0.971872354308682,0.9592483892535724,0.5310301721871327,0.2609283109089503,0.2988360725112731,0.5857106861567982,0.7782026694070284,0.0890606325135445,0.532729964,0.20481647,0.0
0.0909376355082709,0.0332198580055163,0.1773823444836029,0.6047741688754913,0.2778764326973896,0.1764396549101609,0.7705762855566036,0.0430407176504046,0.1949603075419574,0.085307295,0.147731502,0.654545455
0.8469837150105368,0.2089804964537719,0.589396094240618,0.4669063141426945,0.3049839249752949,0.9918987608157532,0.4547307920383492,0.8775266600868558,0.6574164254305539,0.111976489,0.509799295,0.075
0.7547567961564419,0.2414633166814702,0.4217551629990806,0.6518966152683433,0.2792925476505399,0.7601821434652952,0.0265986356993743,0.6596993606808703,0.6085351706249702,0.136216102,0.370582671,0.48
0.8191392346915729,0.6742702242094186,0.1370295849991694,0.5212087536404304,0.6082795529443461,0.1438517909444225,0.3769301237586849,0.6172237534649925,0.2299086922150346,0.180097438,0.302107994,0.685714286
0.2429352525588587,0.9598233687502,0.2803958900845197,0.8757364076015017,0.8844215793483707,0.6026088453438149,0.2683580360608304,0.1032234904132738,0.5831513620539452,0.378797309,0.370927432,0.133333333
0.4225855718608167,0.0131925846123441,0.2303394057448449,0.4126125984176437,0.2329579584028287,0.4455674606093676,0.2827803477324321,0.0453224327076742,0.1644634211792636,0.052617246,0.195429464,0.0
0.0462570524587696,0.9431208948501868,0.7467410129874604,0.9064372272537988,0.6235536320555393,0.3709818391076399,0.9220212011078822,0.1186857147589253,0.5990832689109127,0.52243654,0.230216923,0.345205479
0.7040284360022314,0.7179716270633938,0.0027880752065758,0.8180648627565896,0.771128318059086,0.9935292180664808,0.8005263079038274,0.3598301637759312,0.9018509889297176,0.336149273,0.523098398,0.432786885
0.7659792274507795,0.3488637050856977,0.3060381205801948,0.6457072823901192,0.9148262390417884,0.1859396386507439,0.2221381485676546,0.689891135958329,0.0046443031397969,0.053822229,0.191008056,0.967741935
0.6659550665048888,0.2492541823563897,0.3147257048901207,0.080668345328692,0.5809459428369519,0.1411512027578462,0.8411113652992015,0.1042820761733992,0.2677962746321835,0.177193257,0.243417009,0.3
0.402166782781048,0.2884487707545058,0.6909951788635538,0.5793254369031648,0.989952554301334,0.5592735205413237,0.2340449388741433,0.5824477233748294,0.7584207816220049,0.146623735,0.427784298,0.3
0.9142529409002044,0.9362781036122496,0.7176897850422049,0.5012407757695656,0.2658926097916347,0.8554849503417539,0.8922467644556009,0.2499099577116661,0.7215363640325406,0.483148838,0.563868584,0.596129032
0.4527431219290572,0.3449291531985161,0.0302530094770641,0.7941451479597217,0.3176394137224495,0.4504838176400371,0.5172287123794256,0.1131606925929544,0.9529074168805394,0.207734912,0.52255911,0.552380952
0.2543888451199796,0.9259584433045924,0.1149283821962486,0.8748664743540318,0.3885260225574659,0.7770148252266569,0.2453227849415021,0.2483770641493778,0.0776895659139899,0.377215571,0.183353883,0.45
0.6524903196284975,0.5583338624413904,0.4557744118454596,0.4919782401131993,0.908631371749917,0.3294837994119718,0.2236091598387494,0.6723023138934329,0.9058738378918748,0.20203012,0.341157339,0.573913043
0.9730864731133244,0.1606334964796156,0.6893215530989824,0.3671305224506448,0.7281602368675348,0.2319553537167962,0.8738415609782728,0.4428562393749585,0.3176188072947532,0.115622513,0.434375953,0.624657534
0.7810207715315658,0.4851847780901729,0.3645483683259868,0.9208109137734888,0.177736938110133,0.9730190207453762,0.996352287572235,0.4449961448949553,0.6178810192148302,0.264105609,0.494043934,0.2625
0.6422656107410522,0.2102625319428662,0.3151589620161154,0.9050677419721944,0.3816051947426805,0.8159149499978844,0.545864279330358,0.6095715553309528,0.89671581529799,0.166750392,0.501929416,0.4
0.1577106321274444,0.0465351516405397,0.4228969639962124,0.3716739608385102,0.0151650593870267,0.9293615764912831,0.1480861130364951,0.498547009421003,0.3823974411185676,0.05959848,0.358830285,0.0
0.8389809819690623,0.4485084639806475,0.9103841274106644,0.2857069499180714,0.9477087992205168,0.2209064445981632,0.3313825397105492,0.7678357795493175,0.2534659013971606,0.194974303,0.192234584,0.12
0.8503682259044629,0.2303100434889994,0.4144677699176565,0.8432914696469219,0.9597718367729342,0.7248392815802592,0.3997804564798353,0.9678678372091344,0.5453396480460595,0.08959852,0.396886702,0.666666667
0.6399870282349621,0.2095278696554732,0.663962593220494,0.4499335465583937,0.8014460348032353,0.7444282786132029,0.8357374253321097,0.3398974709139323,0.827823098423611,0.168739524,0.563583369,0.0
0.9615202022396828,0.9116113260525984,0.0806408099463532,0.6074132667525363,0.7658149909337816,0.0269854178740307,0.7914249269915017,0.4168606225848121,0.7934052524731158,0.615906726,0.175181703,0.657534247
0.4886099096398313,0.7252186788959194,0.1501139191101261,0.9160742134760154,0.6550727787104204,0.7852350881035407,0.8485301620255301,0.0237261930753622,0.5231500507098031,0.416869113,0.621754606,0.075
0.222185742060792,0.162490929328447,0.0747498477987855,0.490021565790775,0.7390335842514645,0.7784032011514949,0.725378561465465,0.927429344433294,0.4936167514478787,0.129604326,0.437605855,0.048
0.1570616334116662,0.3411408816242699,0.1972649415938595,0.3073456518078749,0.7435033171849669,0.628637123078886,0.0225788931524708,0.3090396198838501,0.6091504528743366,0.115335634,0.286228078,0.276923077
0.376939478726274,0.3121299379299448,0.0772659384954309,0.7269070727134146,0.0964298775571236,0.1641086027061716,0.4150248744958075,0.0697071664262367,0.804007352232551,0.124545743,0.067769208,0.0
0.0141831016330022,0.8236257295134942,0.6024198199485588,0.3847591880100819,0.0080928176188589,0.4882063403740583,0.6426103061373879,0.2422784955400132,0.0842362409301157,0.392524082,0.198722,0.391578947
0.9259725090598198,0.0040647573419927,0.5094815865965198,0.8722643274947505,0.5052571835578047,0.776647956779055,0.9578498242225528,0.9260107000729666,0.9618340983446294,0.130237319,0.444111965,0.0
0.5985373573073154,0.0660116738940227,0.6767186185966497,0.066687607300921,0.6771757691312607,0.0317878402334064,0.5490818148616329,0.4895955870656773,0.7061101722147731,0.124062391,0.130497697,0.434782609
0.0693166419896028,0.4729803793422271,0.1598878233915376,0.5861928926419575,0.1231663903300648,0.9615350893771384,0.57103944276272,0.045702451900752,0.9289274243470702,0.233318268,0.429618356,0.21
0.4307269662014632,0.2958210156022913,0.4544259793384143,0.9603756530926476,0.1696141847695118,0.8505331122700233,0.9044469303023368,0.200495153524978,0.8861069395796759,0.189629522,0.463593601,0.211764706
0.59620712028734,0.5163770903862113,0.4061942060025073,0.0915021282180382,0.5592704885201166,0.5387868721048973,0.6916771313278207,0.7901202179763982,0.0747453317127549,0.228046665,0.337745366,0.077419355
0.9876067318120746,0.3488418030463492,0.998752672211664,0.9099444471622886,0.2080509221520947,0.8200496618632188,0.2733170601982227,0.1011497317997636,0.6329723870334268,0.138090185,0.305379841,0.0
0.1081808585103523,0.788195834109348,0.9996026757863594,0.1414615707898388,0.8527901146521364,0.534871042301086,0.7253384627234519,0.0465817313692327,0.0228687368589493,0.503058613,0.236545964,0.769565217
0.843068105226114,0.5292979854313687,0.9560250631113044,0.7112771278331621,0.3022917803766164,0.5064536818152143,0.6146768632912045,0.0712219739648724,0.5922618982481014,0.297554551,0.502391517,0.230769231
0.6151048685590768,0.3452305385542698,0.855067098096975,0.6472305101047846,0.2345409336504056,0.3837627233632775,0.6458085368514171,0.4831627349405719,0.3999846598245639,0.204821312,0.45798219,0.549152542
0.0338930314411831,0.1398700972099372,0.3382407982861397,0.2946303035970686,0.904857917237124,0.6649427375049137,0.4984426243225212,0.9948043250023172,0.1913649972631471,0.04185374,0.281611996,0.5
0.7361188883712122,0.818368250173235,0.8803958112256949,0.6971208890138899,0.1947554586314175,0.1265594295349917,0.1412952875226482,0.5185670102823761,0.1331697464170836,0.256427851,0.273178437,0.4
0.4134247394398102,0.5970839265741672,0.9375632591653852,0.0425936964487406,0.8897050816777414,0.2176207005119019,0.5793170799752747,0.596986343993844,0.2040860033153209,0.321787251,0.355958368,0.765
0.8511290087080208,0.9420676375021944,0.9003750504787313,0.4068660733234921,0.9125424937220048,0.3657531716475417,0.6593348186393764,0.3808266304263709,0.5548670725636271,0.566471933,0.377842209,0.441176471
0.0958376437053046,0.6867758598505677,0.8698716389664928,0.4504478755972267,0.5890543180616686,0.2007467077626459,0.0560981413306584,0.8602740138699021,0.6463058143917727,0.327183942,0.147293995,0.56
0.803060319479252,0.9975625886593604,0.7141779244361192,0.949573395108663,0.4561128991059464,0.0745902102881099,0.6777366992041596,0.8945762746947158,0.5840186912208277,0.591019279,0.224207112,0.222222222
0.412671019555578,0.9461435935712436,0.3643030723247644,0.1926626936155178,0.2527290528763515,0.6487384715505398,0.3536712569739956,0.1893419927497668,0.9917396407165788,0.348052696,0.398999014,0.553846154
0.7742322678237415,0.4718626474046706,0.7926200178139328,0.1072406693880051,0.5521041269007446,0.9020657506350074,0.3916955738659619,0.6615106355042712,0.4671255374503168,0.130980894,0.5631509,0.6
0.6838791349674163,0.170283672779738,0.1462880225966571,0.7715887307287077,0.2735999238271913,0.0130456486421554,0.9858910888993616,0.0176179037808109,0.05374902691816,0.102543361,0.127685404,0.786666667
0.0365120619494467,0.7248108392004786,0.731802307400399,0.0737541595707459,0.9147935498241888,0.6413606455621902,0.7106309028605006,0.1468335102515222,0.8253557863378915,0.484090784,0.308943078,0.285714286
0.8892757676904144,0.296304699558264,0.2799704505364013,0.0001002821986764,0.7101192586726628,0.8174135916663382,0.5259486730214359,0.5001672436745432,0.3621258516630951,0.153013131,0.543198031,0.331914894
0.3959263082986906,0.2300406944359837,0.7443135598317793,0.0315844195942508,0.257606539072667,0.4992754134355781,0.321303586242189,0.0015355593186092,0.4572396396108551,0.101671152,0.290514112,0.085714286
0.8239676068396882,0.9055536883372124,0.7577240668110817,0.6196891619730076,0.6921207179897102,0.3256413488656541,0.7051124829353148,0.4856511177741381,0.2259306017547971,0.483552948,0.40048568,0.0
0.5253234212208269,0.4727955852264714,0.464790258834618,0.4216450082211391,0.8233245887925855,0.2112442041562141,0.6374859081088406,0.4755783423502903,0.4089643671214732,0.256740089,0.339127137,0.622222222
0.8301791297365442,0.5852187238574552,0.6707956658878292,0.1320354845993874,0.5986942380902492,0.1104127123157108,0.1511378655385943,0.0372990690266878,0.3235698057870885,0.238684032,0.280211313,0.65
0.6822939973456114,0.8794664237117749,0.2712042578460625,0.4821442975154105,0.0260233417670848,0.8961790817402299,0.0445464609390953,0.6948347486854289,0.2046867846896709,0.330092798,0.60372796,0.066666667
0.0969877085282426,0.5755093277498115,0.6663219572208111,0.0313055838646659,0.3172498308010416,0.0005762755471657,0.7579152073744018,0.2330890788758551,0.6269878411844864,0.426246276,0.011542958,0.520754717
0.6542803173188536,0.0476802168234329,0.4325968288578325,0.8143094639132228,0.2471759796342458,0.8095708302495437,0.053527614371771,0.3201714288905675,0.756336489471798,0.068053934,0.412002749,0.506666667
0.4970589781066533,0.8996705680490781,0.6270557932736872,0.6059365648380786,0.9368459580787032,0.830856746791827,0.1971532668188648,0.2570089863365927,0.4061694745646755,0.275615689,0.498260761,0.0
0.3586500893450233,0.4288913874060553,0.1212495748426912,0.0981811063967874,0.0948328060623621,0.6763420883603052,0.8771551664082489,0.9718288477681656,0.6533657478673721,0.160944966,0.466604859,0.0
0.985319991236608,0.7913320080858914,0.7732043540800694,0.4546971058892497,0.6664607027358056,0.163806468477147,0.832135704432911,0.427981555916985,0.5505278007961978,0.432409513,0.482442574,0.540983607
0.4605351070245047,0.2278799881001567,0.9927265718957212,0.7044796684655183,0.2101860910624819,0.0131365864427092,0.387759289016661,0.2316080931855106,0.1076948147428262,0.072863275,0.001795088,0.15
0.8265105616048811,0.544670992865791,0.1924734436985388,0.7934779091572977,0.6058347549425248,0.103138011895127,0.6503808535201799,0.9138205392047124,0.55529470305899,0.226956479,0.318488199,0.454054054
0.3443291911821992,0.4862835598343135,0.9260533986240648,0.1886216688648239,0.5629675252662366,0.1349345956466922,0.998219829652278,0.8676422545678187,0.0245480921710697,0.231509719,0.158732549,0.324324324
0.931333632008468,0.2449555373657101,0.5014915426527256,0.3676051889647945,0.1996242207885737,0.5473822807943495,0.898003687445457,0.7823034957495728,0.4561652697030791,0.145652914,0.441824009,0.504347826
0.8223753417156361,0.6032084244047431,0.32756667242719,0.2867363046741757,0.3775233314622738,0.4311092852719381,0.4166369883344618,0.5791295652384137,0.9683330062547958,0.175312331,0.35781591,0.36
0.3999573167000237,0.6020124122651815,0.9000829149616403,0.3080951412794238,0.9238253072735716,0.0969942193851696,0.5275249870234137,0.5210802429132376,0.1453805095685556,0.356551045,0.214926016,0.576623377
0.4613100819101615,0.3230050282151148,0.4166382366918046,0.3662699637576653,0.5090099379443587,0.694903723213282,0.1429284111159752,0.6695282909990602,0.6587792884992015,0.090644074,0.491714718,0.15
0.9010063726671668,0.3047414472816355,0.7127173026365924,0.4450209801930767,0.4104695694346665,0.6601257611552978,0.2789839294793299,0.6289885570661469,0.8405394074089622,0.095644352,0.595386515,0.436363636
0.6383380766695925,0.1786412213952941,0.2654078521205145,0.0188883790413616,0.868069868217825,0.1864941572429289,0.9256344452306504,0.1545548148386137,0.9791017070939938,0.119790262,0.336988215,0.245783133
0.6370704108004512,0.6323553365113362,0.4570123993835291,0.1984567335560747,0.2920831387644071,0.0663289670404199,0.8328398535679516,0.4633870249149768,0.5704065011995694,0.344212513,0.242567074,0.458181818
0.4059357777378741,0.7262303292054216,0.6120876987345941,0.3945345400558422,0.5507175771434369,0.6302686554030253,0.0319496771580606,0.0788871340087385,0.3643710514690946,0.318243499,0.433759995,0.705882353
0.2465926662530663,0.2585896441684312,0.1551476088470995,0.8615535769742093,0.5830814642444562,0.4763773617393698,0.52854158047128,0.2217770110381581,0.9837237000914778,0.205634338,0.356530813,0.581818182
0.7622215755138538,0.6155069568612488,0.7570006558032416,0.748182913262092,0.1743903991637964,0.6888979761177279,0.0196594565560922,0.2164762168575631,0.0550442162531426,0.149426405,0.477520024,0.8
0.0144690636840882,0.1064442075118904,0.9226731667599688,0.3234250514129139,0.9017486475809678,0.5829867183531049,0.3378773241174518,0.5633688823349701,0.7671469933291285,0.068851653,0.155811994,0.109090909
0.7439163542409358,0.6683828223199408,0.2794631182481053,0.9031374038857354,0.9661836929071556,0.2090027526426002,0.9705302880096992,0.3792493072602483,0.1680630531663417,0.323223168,0.306378669,0.227586207
0.729773599654204,0.0986713017662341,0.879929861993633,0.5325496355489773,0.039575954400115,0.6173487618149401,0.2715460977498976,0.373003719875422,0.4522469122730751,0.074913736,0.57719357,0.553846154
0.8819600698026737,0.6625527934414506,0.1375809342465267,0.7492360753253775,0.7051625703256859,0.7135857005564828,0.4770537164406982,0.7870668693144287,0.6525469725682906,0.209242045,0.379615689,0.0
0.2700612816495953,0.0972074999811903,0.1933252012229767,0.8456401099752822,0.8084577809227144,0.3535561869570062,0.143686078788461,0.3244656745145399,0.439575257460373,0.100344398,0.235640144,0.635294118
0.4130722185688993,0.7328596216144179,0.1306562727458408,0.0289288872730346,0.947871454869182,0.1305224025885838,0.1253828855679722,0.9833565905259786,0.1813303530011364,0.255801873,0.298590923,0.72
0.2805993311179867,0.5684349458037139,0.8522392751964833,0.8495045636604717,0.3229609725703899,0.634776082396357,0.6128855319393433,0.6030402792674904,0.7214526726665622,0.347705821,0.513670383,0.624
0.0519016338674445,0.176079035772428,0.2990365743105572,0.9493159756740086,0.7836475546708548,0.7630563320344408,0.4931791790330379,0.2404265051283306,0.3193750175247043,0.053427069,0.349990485,0.8
0.0577884120771403,0.5378777151331376,0.8336740991443911,0.6024108070306913,0.210352068596073,0.2448670104111575,0.939997685078964,0.5926610945429739,0.0327629184936484,0.252571496,0.120775889,0.82173913
0.8210584356496038,0.986879961811842,0.2801333798397004,0.1112422439135668,0.7336249234211614,0.9916604737254808,0.6176006892843898,0.8044066692653881,0.5187838302358306,0.594512391,0.601206053,0.294339623
0.0287025429897725,0.6218897928796467,0.3397006356676232,0.5046945325433777,0.1715473607036122,0.1337582574416286,0.6120178351248924,0.9739555111125644,0.2714845619377264,0.247254554,0.071046696,0.158490566
0.2295569711118843,0.6060676839418662,0.4267068825968535,0.8463789534459506,0.6922807371945066,0.8505429566212461,0.3808480215576458,0.6032377380369842,0.8091827337348074,0.223461789,0.22964424,0.276923077
0.8702946735576904,0.0548640691407776,0.3707090748659196,0.0641810567362092,0.0627068908199863,0.91987333604412,0.3293729693923677,0.2287401084285549,0.2316113643730245,0.064539043,0.547770408,0.514285714
0.59298381792216,0.3422419455527463,0.5754276050206175,0.3193777920125552,0.4795329360495233,0.5779590382708432,0.6158845398073004,0.2720535781763076,0.0490218368953426,0.21796945,0.32512739,0.52173913
0.5519322434723433,0.8600246342397357,0.7495840790776885,0.8276201059733815,0.1998392775589608,0.5489341698050328,0.8325604677268761,0.4326995707185559,0.8239053208697193,0.43909083,0.502156711,0.0
0.1482150534925914,0.0739335315555894,0.4025030913154754,0.7912048689431684,0.0245098317456148,0.0877069112890152,0.3715511565812185,0.8477747198249967,0.0220613947596717,0.070884811,0.076590352,0.133333333
0.7010533920147288,0.8565233325930549,0.8255862731989341,0.0110909724252639,0.029378128601472,0.84690812705683,0.4595026496920343,0.3309215405098145,0.6781459210822114,0.367028028,0.666884436,0.0
0.0233541940188359,0.2189100702795878,0.7741299553552492,0.2519159325131967,0.8880724407442797,0.4280090927004284,0.3942939520333015,0.8386874247776852,0.2808016256402934,0.094127067,0.279672953,0.485714286
0.5665243605590984,0.5745089664568106,0.4466143444132818,0.3339923826971046,0.7488369610320178,0.4253918783376608,0.485053329246323,0.2722746524175126,0.1093467072134096,0.225507125,0.222992307,0.0
0.2033197271304596,0.8792001491774483,0.6677171601758713,0.9469261626516986,0.6465779452878926,0.9362243863971218,0.9546215038650968,0.6365304515395644,0.2764337800013846,0.521941996,0.369132472,0.0
0.8385206088298215,0.1251829269066101,0.8659370259973893,0.1379681231517726,0.9637155995200856,0.1537448480498233,0.3985742853076203,0.5068560020796012,0.9724925020894089,0.087820773,0.445514636,0.36
0.6939249157075312,0.0300888562596878,0.9744099760215904,0.568239419879159,0.3940873337765646,0.3261663708338704,0.2288834679657653,0.3290589401445961,0.2641532394491104,0.062111216,0.415034683,0.266666667
0.8229721106931324,0.4183438590018148,0.9352544843018992,0.1896225061752482,0.7317573639117266,0.1168131495638571,0.4399098902329222,0.0873168735935829,0.7400778370506319,0.142233316,0.37893638,0.5
0.5714397281342843,0.3262645782246413,0.2290000118359967,0.897790646233061,0.7072121076446213,0.8855378006609991,0.6946352541658123,0.7422126768635253,0.9489318663664058,0.190578926,0.507962179,0.2
0.8313228020993714,0.8873914145554583,0.1084107361006097,0.9375606240808964,0.6950452004222912,0.013190391227409,0.3667561395003675,0.8873798768564082,0.5779769556368592,0.29217354,0.084495527,0.5
0.7991613131007553,0.6369455152191509,0.404118041745631,0.0782881858181983,0.1696807289626503,0.1371695435162152,0.7669964303334862,0.3307598489978659,0.7613880481206152,0.402032379,0.335346779,0.722727273
0.7459453784775615,0.684476658789715,0.9259675321245658,0.6038005714522837,0.2106473733550378,0.3735825424273559,0.2689984712494468,0.3184347104983552,0.5705997286712419,0.226292228,0.347087708,0.52173913
0.3209836336112557,0.1165699777091823,0.6511087702417517,0.2423331655857836,0.3498140117324002,0.5626775652823548,0.8916054716114442,0.7126747042609146,0.8195579256089485,0.13530648,0.412845866,0.263414634
0.7143039602663118,0.7099485534528116,0.889256251497701,0.6637934622766496,0.848047684765331,0.151336316244367,0.5176376705077489,0.3348271926774177,0.884078395439684,0.581572587,0.325111853,0.259459459
0.0317085285207866,0.2965225529464835,0.8762946432633787,0.1906772890979468,0.6225226637908728,0.9073730385521084,0.1976596458410612,0.407304677128929,0.7738805816448054,0.108836021,0.443413501,0.352941176
0.5335374487244213,0.0347822617428068,0.5127359716160175,0.7090712995362137,0.3637263337125529,0.0660667729695542,0.0608611857890142,0.5506436929061703,0.575319050872947,0.077286552,0.187115475,0.352941176
0.3282800464000182,0.6188721058615058,0.9104362888265816,0.2425563245395664,0.3864577107023575,0.1837349816294989,0.1507587821972663,0.7299773725579023,0.4084430484867993,0.178786182,0.293613396,0.18
0.7777579503218853,0.987031683945308,0.0282834660311254,0.745422027280817,0.1125832780697003,0.4628604207146871,0.1019520796357175,0.0867281387217607,0.0583928058821278,0.492690463,0.337929822,0.2
0.7360387978360876,0.7883839744500417,0.6236543006525384,0.9502033874546676,0.1367126885271032,0.6582268114119302,0.1937613347355605,0.4077944209576408,0.7501861254913577,0.068845934,0.613826956,0.0
0.0519887307398684,0.1071308671578665,0.9356387804256762,0.0775269364679333,0.5033420416657931,0.7805253831436951,0.5378754460040231,0.9397653510135068,0.15881142222717,0.094889401,0.35527266,0.484210526
0.8519510516298571,0.7606257016887595,0.0296528756071889,0.7432710927598346,0.189418591260873,0.0125306258154876,0.5234495865987939,0.186935589795801,0.9968454741681696,0.464972176,0.084335141,0.215384615
0.1050618203759732,0.6796943501662714,0.1614984821018038,0.1365373650182646,0.4797259900303849,0.6219508308280183,0.1117624119248237,0.8143749839117758,0.0589822116070654,0.160998453,0.218580207,0.56
0.06025071930193,0.5593302564319446,0.7539388697873128,0.9220953739376196,0.0539559611472212,0.5025077222850549,0.5489203769772205,0.4646243207167456,0.4379127613250059,0.273810978,0.275117661,0.457142857
0.3142389245314643,0.2643559730355149,0.6397038382269351,0.8129885609642749,0.9990633390157202,0.8367508423568116,0.7317366146734302,0.6773019493897668,0.3892324928804872,0.176433448,0.420098506,0.0
0.3173096582552295,0.0647750198650404,0.8462539805705017,0.71214576813022,0.4328485116208906,0.1737394847690335,0.9339413091159764,0.5482287707380383,0.5478055611455638,0.126253927,0.190360743,0.325
0.303345553257447,0.3803635302100988,0.9392221946107518,0.5765684317413021,0.8846488885805186,0.8689259338043301,0.0567768281879315,0.2212968622283678,0.9692426609373452,0.135151837,0.542523332,0.0
0.5669932914650058,0.0108644902205804,0.6204236212009173,0.7769755806604173,0.4003224250121886,0.5956751557913578,0.5899629708174606,0.5817733281047661,0.7967577515209217,0.101300778,0.371170461,0.15
0.2536068225910818,0.1798781890038659,0.0527467633982418,0.7144761007716983,0.9590975288940846,0.2373548434025946,0.4366213507344871,0.5969202064406736,0.8088736862192101,0.113391599,0.408928606,0.834782609
0.9570658434631985,0.9825782789302216,0.5866941750704722,0.2909297764166086,0.8839750801205063,0.3984474067441913,0.7140226938058494,0.3855341254125389,0.3902884996781676,0.622481527,0.463748461,0.0
0.6293310044851438,0.75254948817983,0.6059537758540011,0.1237928338527248,0.3429939940235046,0.3829540922807672,0.9179858686996054,0.6663496601152511,0.7468069227318788,0.465748079,0.49270817,0.65060241
0.8562355124575654,0.0979757734674465,0.3673363655331043,0.0365538016255768,0.302928869648882,0.7113363019263838,0.8233500276023762,0.6322733386838999,0.5181759061080825,0.116611913,0.501845927,0.681818182
0.4474386349456193,0.935330970776844,0.8507042714651858,0.5363828146635476,0.6660345299579236,0.1587208455918216,0.3272135064159364,0.3075691514875686,0.0269725664304967,0.357067549,0.055050567,0.6
0.6986261276294204,0.125605752134476,0.7937950571988583,0.5902060217207276,0.2457569642123196,0.8499542591900485,0.5581643208657805,0.4956154460327912,0.1490659342166976,0.109485075,0.708127516,0.25
0.2714892609549563,0.3181377296871324,0.0102631051783315,0.1681837923138673,0.9530272831392614,0.3209116532702305,0.1816047816595239,0.303569146372957,0.0074752921870067,0.088836477,0.138733949,0.834782609
0.2091515296990495,0.4501336946716882,0.5282116308979273,0.8317438353590332,0.090539397901544,0.4045498760600591,0.907503826277096,0.4984494520805629,0.4047896390723816,0.230622766,0.256335347,0.228571429
0.486285502759148,0.7581832908248778,0.240377165282596,0.3117297868856226,0.1231144803633147,0.8318705631608179,0.1572147697531054,0.5919812179617957,0.993308467548694,0.298886709,0.438299713,0.494117647
0.2592217080661156,0.7876134576816683,0.2333478766051695,0.4739321249706579,0.659559748345983,0.6091739599627238,0.5815513462054551,0.5813340304886608,0.5150533188004939,0.489500515,0.326097216,0.146341463
0.3157814092678341,0.1712721573571314,0.3472377215979778,0.2178675501046217,0.5125497173249117,0.0489153732262667,0.8738357619790217,0.1042488511129896,0.2037205947847488,0.131473288,0.055257552,0.032432432
0.4757846112967613,0.5001575010690855,0.4325560013043593,0.4925407548210557,0.570239641650238,0.1492085616094181,0.7167080491094148,0.3918798500347229,0.5759898833539545,0.21071022,0.166017662,0.0
0.802277754018329,0.3903299692952477,0.6740974321867471,0.3853308531361186,0.6303067243681373,0.9316757067387186,0.3533997460683624,0.6772445956129768,0.1131675256651267,0.137424882,0.430096812,0.24
0.7569826648111914,0.4420779868477448,0.1801945218583815,0.9167238619063062,0.554020454215661,0.9509726899560832,0.8640028311218261,0.1912317539626208,0.6242769885677507,0.156801403,0.520993853,0.0
0.391034075687119,0.0177754888503854,0.225784651270321,0.0444197057160763,0.5422034477550717,0.3964823679569762,0.2393735514777941,0.8022767392463018,0.6838771871066208,0.080578795,0.438553487,0.4
0.6704172158735966,0.3139586197130555,0.8363560711577194,0.8513140131201764,0.2273177063111203,0.7268704046703252,0.0748426316405885,0.8881325066660074,0.8924436660788004,0.102056143,0.677096103,0.0
0.8695585759979906,0.0840020943985968,0.0652017152302131,0.6572353543531617,0.7564800579516143,0.8644277423537898,0.961727270008462,0.7062233610979907,0.3689775057611949,0.123290884,0.542573322,0.0
0.4636422103716725,0.2027459294174726,0.208188307711237,0.9039847588398928,0.4534733043955935,0.2610559767867797,0.2283415144182949,0.9751177880418518,0.2049589683265172,0.051437712,0.235071398,0.15
0.4864896996435759,0.0870029978497159,0.2455529539005568,0.8295539661642072,0.5705638272433646,0.4692891664490273,0.637878794066385,0.42957190009402,0.6370109049809581,0.13225935,0.373598533,0.0
0.6256451772906393,0.8280400380256466,0.5094461509959064,0.5248712640454433,0.0007785941378949,0.4957924740574952,0.8999074489698924,0.5039767127408131,0.9028657079262314,0.524492781,0.392295563,0.339130435
0.7514200057607432,0.8721732667901388,0.0187192242173026,0.4145190159949159,0.6716130965837446,0.3861424014809872,0.5624645553563897,0.2994492058245995,0.1251759944425027,0.414162197,0.397476581,0.616216216
0.9179179265740766,0.3932037031916959,0.5493012891966123,0.8266921889664647,0.2122676270735133,0.6883985353603557,0.2454383215069069,0.13590592950856,0.3852879013620175,0.119145135,0.543886267,0.0
0.2170110796770126,0.3321771016745246,0.3771662238001125,0.2362981448755784,0.0957498786085659,0.9286012269061144,0.0804749683192576,0.480524924337145,0.0449477716523133,0.114087398,0.400429535,0.496551724
0.6357084821191739,0.0963631340195779,0.827795238900432,0.3200114073610884,0.7036240510073798,0.8790314803137371,0.8410755701832914,0.85790414557184,0.3630147846440748,0.11865874,0.493847508,0.088888889
0.0954898685848197,0.0188744809666111,0.7866387520676273,0.4810766252336217,0.0743341077722593,0.3919364607942626,0.6370098278601466,0.3063435058544016,0.8204532137026013,0.12346608,0.138388398,0.0
0.5315311331752359,0.5241365495630093,0.0153927224128465,0.9946590183452928,0.2977138498357951,0.3095350686422611,0.8744322729954908,0.2922578782270516,0.665618162458072,0.257288806,0.384443379,0.578823529
0.2392105186148184,0.5887236091894802,0.1103185406033187,0.1182293204477175,0.4666835336666263,0.8506901157135326,0.282244982707556,0.794478870851774,0.9390783187596352,0.160674018,0.503240336,0.6
0.6707999513809737,0.2880816088982149,0.0544037159773457,0.3365687287202786,0.2621288550094545,0.9460139562054192,0.3706332989388302,0.0039353662084087,0.4938885877069089,0.112001638,0.335679827,0.0
0.8409195275848549,0.3339225076178828,0.2136570356100099,0.5546966698665754,0.1124746614857159,0.001748525572025,0.8749386126450346,0.1291049076915064,0.5489267229832381,0.162241444,0.097277726,0.610169492
0.0299317295525853,0.7349013351460056,0.854609156206672,0.1614842899890609,0.612611370729377,0.6285310224503677,0.5591055768797698,0.4982384111072248,0.3543095213660104,0.320347535,0.205652938,0.202409639
0.1781249357545081,0.958977102808986,0.3967107321223729,0.8403139147451217,0.0898092805834416,0.7788900905527907,0.0670435142325256,0.2792602848622666,0.4075418143293767,0.337431148,0.514793919,0.0
0.0415593731787586,0.0701285083267541,0.3075130014844961,0.5401220366028758,0.0943178947822876,0.5628898489763049,0.1691383037232104,0.6029251150984424,0.143860816462237,0.060458333,0.215530265,0.4
0.2463912309915581,0.0982536596049918,0.5023957634951909,0.0510346506749145,0.6543699564380455,0.2900181371659304,0.40320826374262,0.9842917359633508,0.5168744956350282,0.093522747,0.313480269,0.654545455
0.9001518202406645,0.8378045244092288,0.2865662424070599,0.7529061559260558,0.1400836841650236,0.8337847116792689,0.5233800811067252,0.6067126836586413,0.4211692797480417,0.478183536,0.602232611,0.387692308
0.9167882808185344,0.4089666609411511,0.0819519837550202,0.3549616166815964,0.6579802598669249,0.0972041499761582,0.2986229152803973,0.8194450505256565,0.5500104804947411,0.118516801,0.126397345,0.0
0.9802351712676072,0.6341308038410354,0.381118947784826,0.7003267493276861,0.257193214318843,0.5632092330406089,0.7057311339814718,0.8036417720451352,0.7222690550633069,0.30408307,0.550271295,0.0
0.7963494016005803,0.8272855125867429,0.3556780885190761,0.4956809432904761,0.871020731990514,0.2982851520609053,0.989189658489308,0.582559726613196,0.8111990283701339,0.423364923,0.458535229,0.612
0.1861117945966472,0.6201492391508164,0.1774367811735658,0.9577385718560758,0.6499498852604828,0.4925748846206161,0.3950971833755261,0.5904828124048422,0.7169545441427886,0.183650491,0.256257134,0.133333333
0.7683201277326068,0.8607976232707654,0.9466671155973916,0.2287834116583333,0.8316916847297277,0.2709902457349259,0.947605955542076,0.6040295000112497,0.9124163325298849,0.492914999,0.467004056,0.568421053
0.3555933585334534,0.4045008426192809,0.8777163162792808,0.6653768292811573,0.2451545163776481,0.07324609433775,0.1813132331282861,0.6679053896242491,0.2998267549866792,0.158127735,0.099630792,0.685714286
0.6699093182543261,0.2863584614844545,0.9897584079302614,0.0199942735620881,0.651694601376081,0.632297727969166,0.850672726078895,0.3185807564659213,0.1509826260033998,0.182251848,0.542021309,0.057142857
0.3338405941186947,0.0814165945434812,0.7318989898892029,0.2880836018952571,0.8306434985125182,0.3334320068465335,0.8880959694866474,0.1269339314356555,0.1866123524311357,0.099201378,0.3726003,0.469565217
0.3339194501974339,0.3617446310259321,0.5500982040458452,0.8321122463656643,0.3822990143691124,0.7711762670816459,0.1956232432192222,0.5958405084085843,0.4885473724357226,0.102779712,0.335270036,0.0
0.3845411183161731,0.4662361252343745,0.9467912089667856,0.425582894100464,0.2114741576199758,0.5568737027240963,0.0804345583813747,0.560085304387119,0.2266403857714994,0.174634689,0.426671076,0.0
0.3720196614638895,0.0885108107870067,0.853835042127725,0.1416824248378928,0.2565036678884729,0.4278139239066681,0.7671180300023425,0.1869474664235134,0.1351080437420654,0.099787982,0.254851244,0.137142857
0.8518606776533856,0.3960719175509806,0.0731288131694911,0.7678329904263322,0.4564410675964078,0.4440730596126843,0.2942702898631708,0.6181379705041832,0.0048569900064086,0.102859403,0.302603603,0.675
0.4879647178111547,0.7725941668881974,0.8117190581562095,0.9632457087442314,0.5333961040150325,0.9661817130863296,0.9730200572184416,0.5636207487349969,0.3308461410719793,0.488825134,0.478627096,0.0
0.6235958824317288,0.278547295747197,0.507388466896959,0.1533071235231148,0.004587957339749,0.801006411933389,0.528407869307336,0.4544536138384935,0.3380568048140205,0.132198949,0.485509024,0.144827586
0.3120217157557775,0.2190622859215817,0.6196148073280515,0.8221593019227634,0.728642835046591,0.3159834524239132,0.8202066853088659,0.728844410907683,0.4468352956930937,0.164247092,0.182545213,0.0
0.5463076324096069,0.8678373649173721,0.3460774561351309,0.8100573847341616,0.2869947923308267,0.1189776452687327,0.4555329284615088,0.1247468397927754,0.0749030084591637,0.216834572,0.268745661,0.507692308
0.0300407538973894,0.7892228163653081,0.3738694193897922,0.3558576296540348,0.9143568664789792,0.019179165690783,0.6217749576614204,0.5547561185410603,0.3586204034425769,0.354738564,0.014251133,0.0
0.3017889267948317,0.2045900203740639,0.0496721016835173,0.0860364677786091,0.0202588524646671,0.0236311893265139,0.4478534419485958,0.1501616879796369,0.707438262444492,0.063185951,0.048283345,0.3
0.3470729645201661,0.0254979387281302,0.822764181261974,0.094765059622215,0.772587651622958,0.6649025858105381,0.1859010015518429,0.5653381357174365,0.6990554209925106,0.050527661,0.494314255,0.557142857
0.8200407902353926,0.3488295225298107,0.1573667730134834,0.0239266366728405,0.6977586010175637,0.2068711264277577,0.1988274906319084,0.065885536695972,0.5443897575811857,0.108932077,0.455320673,0.488888889
0.9473625272401576,0.8797435373667375,0.7114991293765771,0.9860427595420924,0.6067493931814092,0.1982068557771628,0.0569531914001282,0.5045586888900206,0.037524829010162,0.35980776,0.385665634,0.0
0.8566984507808291,0.4910611543368508,0.7930387466152939,0.8956232568146888,0.4821679165492312,0.751518903078171,0.1501782401461204,0.5430211884715754,0.7099610494651185,0.186888501,0.529002219,0.342857143
0.4428005145854788,0.7418079627124339,0.8885245535539991,0.0587737396511006,0.5223105501195326,0.4058352465205429,0.3240438845452671,0.9735289601443018,0.7573843640386374,0.221581911,0.101585424,0.0
0.5077366958112667,0.1990551503372849,0.8316708640637456,0.1288791880023331,0.6908443978558958,0.835930439329028,0.7183000583804895,0.4300308885215101,0.6695503793092404,0.157931746,0.589678941,0.176470588
0.9847403607960422,0.8439313819458789,0.9102378441118196,0.0916247237596344,0.191713434131175,0.3006532332017615,0.7701848042070155,0.8398587142655105,0.5410035386965465,0.556865375,0.548848792,0.606315789
0.0383003927291847,0.7428582346517701,0.0458347120119058,0.5547557868390913,0.9918955523440804,0.5954294345444986,0.7652418098750471,0.4890759102451131,0.9217687221083584,0.402853919,0.289784646,0.549152542
0.9640824205187128,0.0454733430798662,0.0672623328704152,0.6091098358122193,0.4259255032827368,0.6941399038395784,0.9213431621549398,0.5553902079579942,0.4685659115081768,0.079090317,0.496506362,0.033333333
0.0804370110555172,0.2728536074504654,0.4424348021859832,0.2784258048279228,0.8145606887110493,0.4056178217909306,0.8800989638275654,0.3632553359357826,0.2446085621095211,0.172821152,0.252345085,0.709090909
0.5174061775522641,0.221160367654802,0.2453090272915289,0.0324272773727152,0.7092834777894819,0.1753870259026454,0.6164167114219553,0.8674480449847553,0.8539213845035655,0.173391923,0.228740817,0.038709677
0.1623054755482127,0.0581687314957992,0.8811066060532129,0.2262383099436248,0.796194853780786,0.8363990275833059,0.3221672580155615,0.3246963092927533,0.3372914603044364,0.061885348,0.572603277,0.442105263
0.271460844968672,0.0055880751918968,0.162651589952787,0.4096455925373902,0.2684431217023656,0.0445951040772543,0.9976326056347437,0.332107595455675,0.1651319344915283,0.059064312,0.07044844,0.444444444
0.0537844175952035,0.1023961617441145,0.2338393035495916,0.979177233844146,0.1257096099696257,0.4854207327407397,0.3650152307914445,0.051332525629159,0.0221835083338561,0.075098536,0.23552751,0.6
0.4883980267293948,0.8315175443536499,0.3327650029061255,0.84779100776015,0.5010678968320615,0.9841305246107556,0.3628719452762559,0.4242451636289708,0.2760056519570987,0.20686453,0.236509437,0.0
0.3943567746626979,0.0634269049058824,0.7326623037006688,0.580403077614069,0.7862641759238536,0.1662691056530324,0.1698963640010143,0.3135035661338115,0.2580673865749276,0.051284193,0.112931448,0.3
0.0981415521176934,0.4652933067599639,0.2106950856155689,0.9785748512622297,0.2235542816800229,0.7415480163942191,0.5567429311988799,0.3288993392981497,0.2393558511918044,0.199736337,0.229048447,0.315789474
0.4156446434848686,0.7848154880272704,0.1746235163204869,0.5391093091215674,0.4159263784587182,0.2548637213262698,0.1380712566361982,0.7297603416537913,0.5368272410929422,0.149818392,0.266982572,0.0
0.0644898046997042,0.5247359746731199,0.7887728967375738,0.7207492924628481,0.1866454419230617,0.6774173258625407,0.7343586209566693,0.9962062680600988,0.8315272823189994,0.214477686,0.168680701,0.0
0.3397558398643103,0.8476448149391524,0.5975080880228246,0.7967742478647507,0.9863501491489106,0.7463068934600272,0.6532552050049246,0.7444520470463375,0.0071328050073488,0.456635193,0.265340124,0.652941176
0.1714764754952261,0.5999154100949529,0.3865487052473779,0.3735138500731028,0.9872333782870768,0.9357097868003196,0.5890142312756057,0.908558285835436,0.0744481292071331,0.30266663,0.309749942,0.063157895
0.6732793661088378,0.7253771678398566,0.6372536506696027,0.7359837255244772,0.8088867942371463,0.8791749086743079,0.6126062095111647,0.7243313505622037,0.2146518134736866,0.279820599,0.601244226,0.220183486
0.0334514157910557,0.2036852840968518,0.7723581103898203,0.3189900614201523,0.3108600492266363,0.7371798395615137,0.9428084896028176,0.5588853810025268,0.4123403004127308,0.148979312,0.28013388,0.55890411
0.8781352319500935,0.9680503194527595,0.3324863823891493,0.3802482037133647,0.785063146878283,0.732533365623989,0.2634663189698012,0.2352818839622588,0.7676137025761117,0.391380497,0.454718257,0.461538462
0.3707028340889998,0.5046544370027749,0.1702076564776151,0.173945081316978,0.8282375165520716,0.6979565971286306,0.9734677327223044,0.5371924074077813,0.5013718854093705,0.204987327,0.529344205,0.0
0.2134651124683955,0.9364772394928604,0.57957440209708,0.1853992134836553,0.3793838788809787,0.4762261844621106,0.6810997381010943,0.5574471150622121,0.7355548850628927,0.680054137,0.370577203,0.068571429
0.4180831421024357,0.7105270222731773,0.543834048414144,0.7103670482783048,0.9429581528504942,0.3741627996584354,0.7187293170408519,0.3758226512974574,0.2219541407555655,0.318377468,0.366827778,0.537313433
0.945758737297794,0.1175213624553398,0.1850204202930279,0.2706291357595811,0.4241156616522512,0.1151998603690271,0.1018232200479678,0.9727425639866596,0.341340380324124,0.09368044,0.188831653,0.0
0.17213353040987,0.2078770750815267,0.8240588376981056,0.8498575261759707,0.2436382511264713,0.8436754693381481,0.2189378007421709,0.5976701779570318,0.7574871199214661,0.086827101,0.36631344,0.423529412
0.7322576639037514,0.744603011958356,0.0833907494753511,0.357181126480273,0.7332262860814736,0.0113882762980295,0.2027039890461633,0.9737348689298488,0.6042058786707946,0.283424719,0.053862067,0.266666667
0.8107644241637056,0.3503489408439028,0.2728969150739301,0.7169705910190091,0.6562070943179523,0.5951170632548587,0.1912811180475859,0.6086607773483346,0.9605759874281824,0.067146582,0.595304935,0.0
0.6598104648409436,0.5311637638713037,0.9225053612883274,0.8511406089024366,0.8464394264864517,0.3811261104667721,0.4481251270783086,0.2553044646192641,0.380677512989748,0.231157324,0.355062393,0.0
0.2356083630310349,0.8938607680973147,0.127575389103173,0.1622912201474469,0.2672171460426815,0.729535605936916,0.3867904017602025,0.005946431967866,0.0879205001691461,0.384112226,0.095609006,0.0
0.6263395784168483,0.4244982887261322,0.5564320047919421,0.0033245359649445,0.2832466025004049,0.3303108702444519,0.5362917405195645,0.7141338819448456,0.8900384629611251,0.233711025,0.402983489,0.165517241
0.1576292138183976,0.739944740619507,0.3784714754214044,0.2774719134499104,0.4573725151342703,0.65116483265781,0.5732033547936398,0.9714101065168363,0.0847573630185642,0.426635706,0.33358687,0.3
0.0834400581890516,0.7314877547850844,0.616070415879873,0.2224899508952342,0.4605739494129411,0.325501762262104,0.6975641224296965,0.6949087312449699,0.3305720843624846,0.417999675,0.142936165,0.153846154
0.8486573250186202,0.8764587796896831,0.7725597076289326,0.6187950598923484,0.2326587391567913,0.5780771125564418,0.3965091000816575,0.0989954252642664,0.1013841650987548,0.341151519,0.412038959,0.821052632
0.7237823831923297,0.5999621891005793,0.1540585992398826,0.3853494364790326,0.3066777456850166,0.7237207126520278,0.8360625873137967,0.7453674165769262,0.8783979606470328,0.305301092,0.616030334,0.0
0.0778638397824511,0.1066952749049235,0.6242679038951038,0.0992826446888563,0.1291297065041233,0.3508257130242362,0.8991796791839115,0.4385898440421679,0.5357525604409218,0.137876007,0.292867804,0.527272727
0.9154278896418352,0.0228590973059391,0.9963917832592208,0.6598505589665571,0.6161999278496673,0.9010671441402852,0.2829746173624787,0.616665406764843,0.224752491064082,0.094856736,0.554830889,0.0
0.4352032107063749,0.5360233526675624,0.7086988928174005,0.6778730779577787,0.1332883972678779,0.0445508523066345,0.6780737874731559,0.2242782364424925,0.8150534093837482,0.303440156,0.041916894,0.0
0.7204907791202249,0.6390861964154888,0.4330523370457163,0.491783788573726,0.9367054095601206,0.735305919288794,0.0649786542783524,0.8439808973196092,0.2604449393749245,0.148213423,0.423065025,0.0
0.1768002911855027,0.3416576522586556,0.6370557439618842,0.017875640399347,0.1275830189702679,0.1359117405908974,0.8666037018853828,0.1822753404907976,0.3242034999186264,0.180567444,0.163625595,0.620224719
0.9024353372659542,0.6800904149673305,0.2930760023363141,0.4096687991985657,0.0697635284664837,0.470758938319559,0.4590121159525646,0.1675970138329715,0.3089230914756675,0.177707485,0.550198859,0.564705882
0.1267105391904039,0.2189992720118356,0.6840577839106217,0.2775512854194225,0.6181378574578008,0.1008880951282698,0.9490713342228552,0.4946125331955647,0.6606533239677179,0.162615585,0.10513302,0.637974684
0.1945151519546473,0.715431333865519,0.9224272293271852,0.2347609806062335,0.7288159287164618,0.6595464325120844,0.4344558404743682,0.7290999811678848,0.1571107111955543,0.198739472,0.451532806,0.56
0.3381562015161126,0.1873948997303296,0.0015963422663565,0.3502608959527248,0.3296942650067747,0.5846480116352194,0.9228157632340722,0.3606933476167487,0.2735103336010246,0.091892056,0.405996336,0.214925373
0.2075356562459893,0.4166828143480048,0.2641028303157634,0.2678774248786658,0.1858995688512098,0.5792966696964844,0.732803487996731,0.6726126222317015,0.0248107839423726,0.197589264,0.274197135,0.680597015
0.6373975038083265,0.9744517511948284,0.3440767527026044,0.8014693013639285,0.5761105410535319,0.401277863295348,0.093423633332984,0.9776836816983951,0.755513481590833,0.276018094,0.358481474,0.6
0.2057218275168193,0.1420042459592272,0.4911747178469776,0.9205552410057628,0.969215748286597,0.6147761762244001,0.7518229930230486,0.5758160590942322,0.8077859742775055,0.117885662,0.351258164,0.063157895
0.3562835028401924,0.3925356571756241,0.6223121630152142,0.3491109028288727,0.0653801963800498,0.3839358815532619,0.9198616336125928,0.3639110281166409,0.9110223153402376,0.261982362,0.266422051,0.409756098
0.6171132208600987,0.3985977365208026,0.5549489922760003,0.6351517914499695,0.0660763060779217,0.529738531784791,0.9868354047541724,0.4599136770520883,0.6182681202928947,0.221743417,0.487887672,0.421052632
0.2693122212668208,0.3538117431215424,0.6043719485189484,0.4829633975198172,0.203082233751672,0.5334429541250153,0.5098035988512459,0.4353849621988456,0.8731426025547514,0.225757815,0.446742993,0.67826087
0.5416093738481913,0.7871822304559112,0.3794411963804207,0.7766217080055712,0.260681521055371,0.1967546279309849,0.5956562272589844,0.7475931170989268,0.7983110021555678,0.42919247,0.197387207,0.0
0.6555372090629603,0.4980046036819155,0.618293440343972,0.8729142062911404,0.8252710183406967,0.6051717723834616,0.3812767944671994,0.9126357426909012,0.2180624995132513,0.136546747,0.509448053,0.24
0.8401987677740425,0.6909469780378469,0.8928289027335254,0.8361779687560326,0.4875825628349179,0.6420793746573117,0.5202797274255171,0.1039246895434504,0.9315590460812052,0.411646525,0.576691713,0.475471698
0.4803770016645862,0.3580317953498966,0.0190314070985825,0.700279697922616,0.726491652971735,0.3488828055423717,0.9681480697012508,0.531392219678727,0.8389179545274942,0.20193472,0.212147156,0.0
0.123441539754076,0.8757649312654036,0.4990779903174466,0.1587962298088958,0.0038221018180841,0.2276745155149759,0.6031372754493532,0.918752214019135,0.1101851273128051,0.440764105,0.192292164,0.451376147
0.4575393937314124,0.3478739156941338,0.5090962263233837,0.2959914113967378,0.0080612493341999,0.1337599116490634,0.8037179738007235,0.6170774264259247,0.6840270376716315,0.176580266,0.189249326,0.0
0.7765583139273,0.518107922235016,0.7441058052335416,0.31881251454779,0.1590318459523321,0.5660973627579563,0.5153260496958095,0.7151240367138633,0.2544869836342327,0.276534128,0.479519515,0.1
0.2805619643046251,0.4570342068234878,0.3931935062610945,0.7055896179738904,0.7214348962856536,0.5508377126131289,0.3623875639417786,0.736937996611532,0.1990008245467716,0.176138528,0.233898513,0.0
0.9231860608649468,0.3977051575616249,0.7463094143307275,0.9316658931573952,0.4596196560823384,0.0250882577504869,0.9176425958519768,0.0182330596104474,0.2095439006205263,0.200704873,0.089711901,0.116129032
0.2660939916293812,0.026718793593266,0.8874798725538772,0.8281080469911911,0.4332963851413726,0.099420786605059,0.7391396097468483,0.485828849652039,0.1505203801576566,0.132337524,0.070126401,0.218181818
0.7356673768539976,0.2891469217058527,0.0837511604776308,0.513679489700819,0.6204252860893634,0.127930377866788,0.4929738762317055,0.552565635432055,0.2023004548582975,0.108183291,0.294454088,0.72
0.4110396434709524,0.8153819173864525,0.1131393693163967,0.915638673417483,0.104854059036307,0.6723510680136852,0.1364715386360111,0.6973447833627168,0.2687984665766759,0.253380175,0.403466675,0.333333333
0.1474596798045833,0.0430264319292144,0.0611534579865514,0.5563127825846839,0.3253469699219674,0.4811161586676101,0.4590511405927082,0.0391728013287657,0.9576290795254112,0.080507237,0.314149609,0.571428571
0.6140831043295965,0.2592060419570525,0.2860273636770197,0.0628544275229361,0.8534669334707145,0.9427698826477304,0.8173130614028307,0.819348155639488,0.3797429111191042,0.192885769,0.538276911,0.288
0.5522877028304262,0.9748959751751538,0.7171762156504934,0.7724066713898676,0.4417619839733536,0.9737854877707136,0.7409385605359204,0.955236296072906,0.3562163146712975,0.710055782,0.494837987,0.470588235
0.7446363410987275,0.4006485297833905,0.3000519834318885,0.1788068114496096,0.7817950875809319,0.2901695610127595,0.3703336819657158,0.7882600507411667,0.780648159197218,0.144061038,0.4656323,0.56
0.0559287252084131,0.426410655330998,0.849309113291139,0.5433952916162964,0.2016816237027868,0.2283582781409201,0.3794730367900024,0.7394822057389911,0.4867508661597206,0.144345089,0.196497544,0.581818182
0.8213770344942747,0.83031102059188,0.1596410040511174,0.739527099673731,0.5821222240817754,0.6240075204668666,0.3992577771088695,0.8453365129290888,0.3338385387484002,0.243038153,0.600869399,0.192
0.4475190193824232,0.9935994235556176,0.9159016643391328,0.3137813520696093,0.945751973060926,0.8518499399800689,0.9749730558241274,0.4060965464953856,0.3848770059860611,0.694377635,0.437536732,0.0
0.6760616860833711,0.195329117569953,0.6520969872327712,0.0269883433578494,0.8246330828453131,0.096454380622345,0.0197872491445715,0.669329143288025,0.4671016144248905,0.0778949,0.237284336,0.266666667
0.2439633518652499,0.108725271551216,0.7127223270038039,0.1203012867166162,0.0129876117251807,0.602557265318979,0.2208219514495136,0.2173097100026507,0.6234100269373073,0.076011624,0.361430452,0.0
0.127498841928883,0.7173608250541824,0.1887002114747228,0.5787244121700477,0.8460328664775242,0.978360966213074,0.3008446272176291,0.8148236447745001,0.5476853195691997,0.243262384,0.319041518,0.36
0.6573034888820152,0.9841680132387975,0.2537286651411161,0.8033485402666642,0.0540388453737831,0.2785032497305577,0.0298512454884916,0.8161014983697327,0.1979843760464088,0.314380019,0.310511648,0.646153846
0.9209683223690128,0.7604882350067296,0.6052838417336155,0.0824996783372731,0.9153756562477892,0.2491785527839846,0.5818704548302095,0.3206500027264418,0.0111347044777212,0.476191647,0.462014697,0.057142857
0.655794077353518,0.7569406485818351,0.4458760537071158,0.5217216383382777,0.5398602721776687,0.0479024215872544,0.7263609152506552,0.7229876302459415,0.2713411735935478,0.374856118,0.068957093,0.0
0.3926689049437104,0.465923719029031,0.0348384372383023,0.0164882653986514,0.1812066753228469,0.5804302627761326,0.293686479027487,0.6310518862957021,0.2186711565342552,0.091758766,0.329618812,0.4
0.3227491288069443,0.0843736670655063,0.9046197863244076,0.65125895168846,0.1600367873751542,0.3907577017258434,0.0510096368560585,0.1387578362039602,0.4141363995735446,0.073401018,0.320506664,0.133333333
0.1816990061289886,0.4612471764441959,0.9039712212618114,0.1333017583401632,0.962439642177379,0.3841906471859448,0.4655717943313573,0.8979124322288795,0.5041793908116095,0.186955272,0.284269945,0.564705882
0.271687852098335,0.2445025109476792,0.3931674986933788,0.4064782041650728,0.220552280397779,0.9140652988836144,0.749315825984193,0.6742394647767147,0.8075631979636496,0.1361373,0.365726709,0.0
0.4820655605000323,0.5257581412202873,0.3422997007618881,0.308249925877322,0.641778040678061,0.5749313087732708,0.7109855823915641,0.1960077963471659,0.3381715637275154,0.20514686,0.413223995,0.207692308
0.0699074837177622,0.8089005349707776,0.6197014576902161,0.5514827202536534,0.7690417157546332,0.7561081570867887,0.356517307366021,0.9024710709524204,0.3444071706504936,0.292140448,0.306724878,0.105263158
0.8280491066700595,0.0388386559480257,0.4686282348945435,0.3518939776493733,0.623585452009701,0.8354434123895764,0.0187031426281261,0.3874792647904744,0.2181979527536602,0.079765728,0.691904417,0.0
0.940813824478942,0.1828712351273578,0.9268148326335374,0.3410816786694568,0.1704485336356833,0.125366446088046,0.5045517323174731,0.008419680499206,0.7241363141690226,0.141572401,0.328609103,0.48358209
0.4824632029455993,0.3378963734346972,0.8672644536260157,0.9456559241544874,0.8399725420120322,0.3132875759954419,0.2734241610679154,0.1393663328642914,0.4969081968753741,0.119154506,0.329753716,0.413793103
0.1231086638552847,0.903849549160967,0.7325942603532087,0.3856822969812554,0.989424466876764,0.3926296046738408,0.2259890215355122,0.4050443329037125,0.2281879544537092,0.290968811,0.366727267,0.872727273
0.387966193110322,0.500724841129178,0.6224465637105435,0.1159257005317488,0.5539519446404431,0.618021926850934,0.6506840586593327,0.123587809765735,0.4991336821720298,0.293526563,0.277806058,0.1125
0.0032326251668234,0.7279795635716072,0.1230928645433667,0.6183940385150135,0.6980005362642964,0.9594365873074282,0.7320840747311129,0.1040950521336484,0.3572641719896283,0.295223226,0.278975126,0.1
0.5328129005127181,0.3026005459606149,0.998414710620936,0.4753957062257651,0.0574047474377806,0.8770339333600466,0.2342710664809217,0.1259770657858524,0.7570028052790366,0.135378982,0.593413397,0.4
0.7685615057885854,0.2194606231204519,0.0422624537411302,0.9575542807892802,0.9474319177639526,0.6258167076921004,0.962404390464165,0.9906140857343702,0.6716501808460045,0.124720634,0.412685373,0.0
0.6023729081815746,0.0679027218593737,0.2885210368696438,0.1725720995714382,0.9732702669415908,0.1539218074767055,0.5662936365299474,0.4000036980498587,0.1921756922926881,0.092922719,0.229778833,0.141176471
0.5009309062970606,0.1349164246884421,0.2950826307351329,0.7458085186766434,0.7296625368834435,0.2840793868488471,0.4312366044711733,0.0360800130874249,0.1101790539948035,0.097897928,0.299985303,0.2
0.1855791655565012,0.2791448654517862,0.1187814299808039,0.3724945459159071,0.2669195627381858,0.1268976888235942,0.1100419485779806,0.810751012466712,0.7393780580172825,0.132553943,0.030967799,0.0
0.0347441661786257,0.2658755674217991,0.0563603135586761,0.7688603690385762,0.2434095368456649,0.9791999589725034,0.9017337704629051,0.8011846075988514,0.5585222129687097,0.157529318,0.247332984,0.058536585
0.9187362052754732,0.2745784897926369,0.9279922755722652,0.8625673362141516,0.7068718110129685,0.4724011489234788,0.2483491659185429,0.624781671738631,0.664414105195235,0.097789883,0.383915528,0.171428571
0.8374589724800181,0.6620743232802679,0.1878543555427709,0.4932944350486488,0.2480174077035314,0.9620521659765928,0.9483596037258908,0.0344502570954929,0.8470911299246727,0.313680551,0.547087397,0.290909091
0.7338426604459859,0.8982271502618988,0.2517427472403691,0.3608812320441719,0.897410083462796,0.1366394106175361,0.2710016074741876,0.590101526109635,0.0900357284091664,0.324387451,0.181480113,0.0
0.0844598503234645,0.7827013728793799,0.8494022436514067,0.0417480817004629,0.8534456245263619,0.6676728512910259,0.3028976739171914,0.6460180713889927,0.2224161958571827,0.185160241,0.180002106,0.15
0.2094715912152249,0.6882559700832132,0.4285456218747199,0.5768226243071306,0.2175067415468929,0.2675104750982336,0.2210073410912553,0.9728634194816302,0.0169603848613573,0.173334251,0.266803916,0.66
0.6421695974331415,0.4107177435714373,0.6885753175276865,0.1245486761863402,0.584938507981776,0.4619226604560242,0.3927828230699227,0.8139981119709594,0.5579580649045733,0.168389287,0.46847997,0.6
0.8797464432124875,0.9370521787204574,0.667692816005647,0.8521651600127462,0.3906437143788533,0.3160027536336025,0.093266170794778,0.669658515631862,0.9116022172774187,0.429970673,0.46022337,0.06
0.1577846608305921,0.0088406975665408,0.7093624380841598,0.2970392010015328,0.8976166836444016,0.4127547908883988,0.5831971530444806,0.7880356876605101,0.1847081723162238,0.113153288,0.282044453,0.381818182
0.7577640234850014,0.0527941637639415,0.4417297605667951,0.7966436021663268,0.5344179511306217,0.5580315584872377,0.0667334490486333,0.1499121007374466,0.9231554098885536,0.040003941,0.371924017,0.436363636
0.6052078661908362,0.6699665683490351,0.085215863023648,0.8083510556064056,0.6869380032368855,0.5631161164201215,0.534737903921727,0.9666345980699808,0.8397355030416747,0.3037229,0.5037391,0.4
0.2503899210241601,0.2393916834521192,0.7792371079891749,0.3971210446643005,0.1253355572315738,0.2726813954555255,0.9218057780212072,0.6814051069452641,0.7506620296771586,0.18565936,0.270255442,0.354098361
0.6079772793224326,0.3472390405977121,0.3939141054998429,0.9948665526149398,0.3665986883480178,0.195187476136423,0.917490291927221,0.2711133628563831,0.4874983245140959,0.213085725,0.300763155,0.57
0.710935736013438,0.0838045580662734,0.2791121870404496,0.3771165782204102,0.5618582017588145,0.9833914347598232,0.8197970241158465,0.4552189340684366,0.0140912543081139,0.081265982,0.500981027,0.306976744
0.8395909449477946,0.8423721607640594,0.650136463813039,0.8755803394956664,0.2798930955321818,0.0014173334998465,0.221045442918902,0.5774291327504723,0.83963805110836,0.405791424,0.07713963,0.085714286
0.2539266723403354,0.3900264614044294,0.3947695363178902,0.5863842040915795,0.9458398895009495,0.650634136050774,0.5325144985693872,0.3489469765530248,0.2633427076839933,0.143169951,0.30008868,0.0
0.6760405933068739,0.560693391181612,0.6810186105248811,0.5178024370299984,0.6078354469548484,0.14383177441032,0.0892148916515949,0.2298860117471404,0.2806442754053211,0.184410937,0.241053359,0.3
0.3453236212742896,0.5260093947808773,0.4090773066271381,0.7099303511119898,0.1690173816003609,0.9019224410578828,0.246696641186264,0.7685484666262654,0.6235923500600145,0.175035132,0.366575176,0.342857143
0.153019651375339,0.5499513735004755,0.6023553548650448,0.0717010472513238,0.7732831107202869,0.5291064723663099,0.3178670680354324,0.0133000037313676,0.3582883111204978,0.150672246,0.228626237,0.0
0.8297453238037474,0.6010241312963792,0.8364877671217253,0.391434984827235,0.5235125793402262,0.1214596498820224,0.4104414415397199,0.7981642985474527,0.0655462039940586,0.217450941,0.167323416,0.276923077
0.2942960006746729,0.0779858594541826,0.5808773565151938,0.3367417507264626,0.6330018424274599,0.0118445645741833,0.7929048833713365,0.1503979147875918,0.0902194589157601,0.085852545,0.024919735,0.234782609
0.4498799148256486,0.0225358332943793,0.6689984870270262,0.1781335897559398,0.1261510003935546,0.6518965828662028,0.7655175325062562,0.1502615662196774,0.014607788173798,0.086770894,0.324907668,0.488888889
0.4365510715689478,0.9306053706647426,0.0155976427061644,0.2011019658720841,0.4870617222611462,0.7157340891859909,0.5991343492296778,0.6322026183655423,0.4805803049280928,0.552955275,0.487197251,0.616666667
0.1105639249992102,0.8570940037256084,0.9405339778818014,0.5921327165415532,0.9010666397201662,0.336438106262475,0.9329421419116034,0.3103843998291099,0.6366600991527731,0.48948692,0.152411655,0.116129032
0.5083139683427293,0.7125296178387578,0.0978255627230596,0.5079063885542524,0.2486352819866815,0.0517275680013828,0.7718935767346288,0.7617956586148256,0.542358969581921,0.419240322,0.14975411,0.418181818
0.317688536429333,0.8200281086044908,0.1487614443675252,0.3136989165681534,0.1104156338585111,0.996503656342255,0.6106707071677893,0.6389912481973397,0.4358850526971903,0.452759092,0.541771983,0.39375
0.5925867675184193,0.3089303728007943,0.8108464034360072,0.8104382501121269,0.7734592918475907,0.306824804958882,0.5127118018509637,0.4031667952823735,0.5492460420445477,0.146103713,0.46305151,0.44494382
0.290269518948735,0.6824049984467546,0.571412646868729,0.8810926417680053,0.8809939707764478,0.6380623895550688,0.9320596535545642,0.8909441775665089,0.021601759134944,0.266155243,0.354191336,0.269387755
0.8905526676811009,0.3188495230425014,0.4990598395263418,0.8694304108997627,0.748588981713307,0.6376535101088857,0.2290493810627212,0.9041481031770812,0.6017490395265984,0.093296944,0.541419161,0.0
0.2963723211812197,0.556214859164206,0.7285747357383132,0.879833157167616,0.1568646853013083,0.911575809085141,0.952566653358495,0.8617250700287158,0.5577937089489113,0.301397101,0.352415572,0.0
0.3583441180848297,0.5587656462758402,0.4832502336349763,0.6011836898702909,0.1491422427750854,0.968075680219836,0.7001209902775957,0.9011908664914556,0.0090879574652276,0.208789257,0.338927855,0.362790698
0.1241521128139208,0.0878042999712014,0.9223521016186976,0.9058256897484008,0.7936113969030166,0.1171455566014039,0.795945118001863,0.1069716452354775,0.2245817094745934,0.081369121,0.050021359,0.0
0.1182451536825176,0.3484527063930354,0.0988993650219104,0.6071263654054473,0.2344369480342808,0.6312061957949682,0.981927366689594,0.2272846330204702,0.3429873183059365,0.178167089,0.334394404,0.586046512
0.6123789921968752,0.3230926757131372,0.6278246988343951,0.3743754824728434,0.5212163306282535,0.1448044336254539,0.1051000355433597,0.6361743031585083,0.6091984181517645,0.12110975,0.211584375,0.3
0.9985847155562564,0.8191665407647435,0.7906407167291462,0.0289828811046957,0.6780560509252619,0.1129664474444233,0.461488080789059,0.2624343487425232,0.919522502665488,0.315476167,0.278331426,0.342857143
0.7428382556600559,0.6428924100167228,0.9090538172436496,0.1639066534441871,0.1333767416551783,0.0808798602375395,0.6492161665417489,0.5408818114818995,0.0719573935575695,0.30491705,0.223958599,0.776470588
0.0066388202077893,0.3554262318964148,0.0893007429092788,0.8255600030641363,0.2612812590513965,0.6663382925052608,0.118473943485341,0.4759910623108675,0.9771643837292908,0.112066026,0.282843993,0.35
0.657353484795131,0.4728579465232899,0.7304201668120398,0.3008822150746176,0.6222551687228925,0.0179094609967866,0.9630629196532114,0.7263439061336113,0.569997016646486,0.276732756,0.043688389,0.026666667
0.4872715854678763,0.9552715522669728,0.6814816967119834,0.0622112705571042,0.2218515222249569,0.348658681662899,0.6189095045518744,0.538694362792362,0.0263807844575092,0.601453995,0.368147821,0.846428571
0.7708675398807259,0.2983718765392352,0.7503519528189134,0.6716962303467898,0.5403630377862295,0.9783576588731244,0.5293366211787414,0.0627054363459473,0.1263345123504113,0.152086492,0.492045976,0.16
0.3067790675746145,0.2244410279559981,0.0501475290657285,0.5878622656975202,0.2405444461786484,0.0662065372049015,0.2406966595886671,0.5771474725699443,0.6135728145551032,0.094110262,0.070393478,0.0
0.0879243399741529,0.2485630605615943,0.2255656253543327,0.1736502694050877,0.3643339723468707,0.91738719102746,0.8935520875237724,0.1529257601104974,0.1386768208955322,0.147788203,0.366758144,0.391836735
0.7507743076137087,0.8072213575667078,0.5865862755671134,0.3240175568312118,0.1146930518320622,0.2865199778730588,0.3444116644331968,0.5575610917211992,0.3412151182053534,0.347508935,0.283908512,0.0
0.7482317503284662,0.9544765589850118,0.3223739787404963,0.0065786228637129,0.733755721846964,0.2907312747909296,0.543444093166095,0.0186670207519269,0.0251107967051104,0.70504204,0.3025011,0.555555556
0.163243204141918,0.202537212586869,0.5325662270433021,0.2765661286816576,0.0033604306475976,0.9907198371874354,0.1377557573364118,0.4606072401042698,0.9854993380571152,0.082256273,0.355234938,0.0
0.4266421118246143,0.7081570518845878,0.6637112576601741,0.0575573398230241,0.8596234120224912,0.0003930349946954,0.0628986775774852,0.0669831544354582,0.5804963876295415,0.18387433,0.062651448,0.65
0.7644570822728638,0.8955175594341717,0.7650667028938529,0.6720180285421568,0.9502267592745846,0.2977922504873977,0.5675974707098296,0.1896333392212683,0.4233888453648755,0.734322958,0.379392537,0.1
0.4271482095834328,0.4516638406490454,0.6859497438627651,0.3330615481747577,0.4265975953179639,0.2413400764023606,0.845107970561313,0.1418744654807551,0.6876175190423413,0.286391811,0.308974938,0.223255814
0.4251680460963032,0.292104770707668,0.3035478172865029,0.6628745931214935,0.1246190587629035,0.7620706071561564,0.5486970488424362,0.0391346177200517,0.8995258593720502,0.162591196,0.456481974,0.054545455
0.7861174026983656,0.4966669082701516,0.3412126339842589,0.8111896070063105,0.6246478046131678,0.6620053537028736,0.8850135100349747,0.2002396162713675,0.2487595107158444,0.248640582,0.562067545,0.4
0.8723527006819248,0.4220486833027641,0.3174313429685986,0.6576706307546193,0.7684578880618137,0.8563478834560484,0.8169641403686738,0.569619049759879,0.5477588754813998,0.17119689,0.572121327,0.0
0.0987550108941248,0.7624469109390634,0.3228794080979141,0.6475793502265308,0.2797545692083013,0.8374684726459446,0.4582221887367824,0.0228698677187515,0.992236138037217,0.182495093,0.291365248,0.0
0.5250804609280709,0.2614045276237167,0.4473103229295236,0.6428410471800582,0.0835142664721483,0.8434407320181699,0.9292892970574308,0.721836386450378,0.4827272147566437,0.156192606,0.508608947,0.535384615
0.8093797522852193,0.7074988355377749,0.2722872386761682,0.3393897436712394,0.935956353737604,0.0877485375689561,0.3239663921226429,0.1234896450758521,0.8783556608526745,0.300041398,0.283768227,0.666666667
0.4716584121250962,0.3925845949991851,0.1734080556962656,0.9587146379331608,0.6103155712100182,0.1034632475751399,0.90199651496278,0.972176095835842,0.1925833457616363,0.171856051,0.131269455,0.0
0.6625996502848986,0.1796877792809952,0.9080023827079124,0.7898581212070958,0.9078534994772132,0.8568477211191183,0.2883019335103437,0.8371442507940975,0.4405802356211377,0.069977967,0.77966215,0.0
0.9198130271428204,0.7522068620876465,0.289329766697334,0.5183852766870257,0.6200742197403115,0.0747110253440258,0.0084077017073032,0.699929843900135,0.4513493063456931,0.322564443,0.181602166,0.266666667
0.894583345739999,0.3408265387611172,0.6908141791725881,0.0956335499181636,0.0349551273353287,0.0632737918941716,0.1410055179697078,0.2306252973314704,0.2690478579850491,0.144171636,0.21743431,0.635294118
0.8715316936891824,0.2929504687238927,0.6574484977523452,0.3471823300243494,0.4591861142283374,0.015357398140924,0.5349637834457763,0.8506505576700755,0.9211239471384056,0.190023413,0.121099922,0.266666667
0.9305418083307154,0.1409486088889123,0.2076764660086293,0.1610709749073076,0.4567091030119791,0.1728235876423963,0.4509597286781276,0.5437261863947235,0.847025914877481,0.080420967,0.391871953,0.24
0.6741711384929744,0.3253458479830708,0.4009350091735131,0.4873266537630895,0.8044859672825493,0.1632454042444898,0.8450166553976286,0.5087363813211678,0.3889341057336347,0.132659178,0.17223621,0.0
0.6252560517133001,0.5483839276271602,0.0291341384878625,0.573988083266136,0.8755238766126513,0.2656594671557997,0.7862641247154678,0.3198145870297847,0.509749463965136,0.244722488,0.356449633,0.544
0.2699649929134823,0.4281376463341253,0.8140285104591155,0.3908731625664496,0.1176085512351724,0.3595661096581952,0.9357287965258247,0.6522933713337423,0.7394641311981002,0.269927768,0.281625982,0.0
0.2249469232475255,0.0746213057697254,0.9527018005332112,0.2880934073068462,0.7421159957270201,0.3886234743562581,0.950915015771328,0.7662567426122431,0.6726028044465356,0.143106376,0.283668589,0.329411765
0.8372186249023452,0.4881516003105057,0.6288193958099852,0.7853457757581717,0.1481800481228544,0.5908071472337687,0.244503590212712,0.4370998549725988,0.6478009589120253,0.076273101,0.737834194,0.776470588
0.8289050028094895,0.1206513381155165,0.4263118640386774,0.898837843366954,0.2004205857231018,0.5550446112325629,0.4152398089031122,0.807593144300258,0.6700539038202963,0.061174418,0.48801489,0.342857143
0.4989644128398106,0.1212342939922327,0.5195703791660674,0.1090369556651319,0.7346528167280902,0.3024237606364668,0.4109862018689755,0.3991791315012488,0.8659398105746913,0.086475166,0.272655372,0.564705882
0.2451561535982998,0.9689277759736192,0.1002816434023986,0.8039609737563145,0.3902784287383208,0.2947542119680879,0.7485684915043695,0.3649943760337102,0.8558098487534468,0.544579881,0.298281722,0.35625
0.2720997623308159,0.9351315456004065,0.483881457943491,0.8344426949177489,0.1342939618555518,0.9799156132656452,0.3316722868801843,0.3288396745942697,0.6894853286855519,0.434193973,0.449620409,0.0
0.5369033407053116,0.6641106330580857,0.8847542157458302,0.324168321292103,0.6082715365936608,0.1535155087307061,0.1166441137906133,0.3935090087798891,0.0252873909960226,0.218153753,0.221380946,0.6
0.378014600901053,0.6181866834662683,0.3672359644580879,0.909971556704804,0.946328533367301,0.2294314657156101,0.0173848906218544,0.3612182855718362,0.3660980507275937,0.120917862,0.28108023,0.276923077
0.666435720409223,0.7593746618973988,0.9524614649795908,0.427915983753291,0.6165229987926929,0.3859183241083312,0.9633489504242164,0.8217044838292016,0.331005181023843,0.335007343,0.420940761,0.377142857
0.4619748625377697,0.0247426619526548,0.3511055424941079,0.461341138029021,0.8283607553500555,0.5845457653049408,0.6933291920698529,0.4944084672023823,0.110349575745674,0.0731904,0.407303869,0.493150685
0.4844404629293816,0.3326330024018107,0.6039412365921376,0.0676714612809237,0.0102594110853848,0.2361273788932374,0.0760858135858126,0.9429277782070526,0.0544803199313674,0.117825963,0.238786991,0.0
0.2878830300083167,0.2267560920391964,0.4506173811956199,0.0559984496551498,0.433035669397568,0.1439177562735583,0.0336833933310434,0.3626236224415375,0.1963755136997795,0.065501254,0.328025164,0.666666667
0.6221420408936399,0.9584386960645752,0.5842972232628937,0.0133412155564422,0.3870603952887893,0.9551812165989474,0.6797079359824065,0.5311919902040336,0.2824624369156876,0.492320569,0.457951344,0.557894737
0.5897067224069475,0.7511172454705259,0.6489585542243208,0.2291406340267288,0.8127623056401934,0.551754889095779,0.163875285494814,0.7909920811304908,0.403840386078159,0.219298396,0.555760466,0.0
0.8994337611942252,0.0835515778578863,0.743397732341977,0.991558556536051,0.3677188530869664,0.4787465971589885,0.0863799420007603,0.7232807700555727,0.4880262335263363,0.11157588,0.360366149,0.0
0.620654624327874,0.8217008155806532,0.7627285184508368,0.9627356457026798,0.7802877104251595,0.7668180386194774,0.5641083029304943,0.3071654578678126,0.1445529659337661,0.374625106,0.46267937,0.514285714
0.1813199124697082,0.2851213285141508,0.9576891834965928,0.1236243999230244,0.6468808034836515,0.7573713947396328,0.747657392304033,0.4648743170097579,0.7402233051257912,0.177059123,0.37201459,0.136363636
0.8631987498044276,0.5645020685926694,0.1569319504126106,0.8164907632870392,0.3970207015683871,0.8938871314432539,0.7056794990944157,0.6934896917377495,0.7003649581211467,0.261819656,0.530753884,0.442105263
0.1975227488100754,0.7909876808621321,0.4594986262270877,0.6051955275128612,0.6631053761154904,0.69680793943013,0.4483385308292819,0.1902308685331889,0.4362022061339627,0.273864939,0.373472567,0.494117647
0.6294974534705483,0.5262982699094473,0.4220498867993159,0.4887569103315927,0.3019331371080729,0.6081422246666086,0.1171336637898818,0.7860478324463089,0.0470875927345277,0.168606923,0.254218669,0.15
0.972525481585112,0.7706167003136402,0.7765575665907395,0.496394662355015,0.2140577312324966,0.3519735837733734,0.9994785973079572,0.830225037604009,0.0037551348257353,0.423898444,0.302019465,0.0
0.2551325668671086,0.3782582745268702,0.4624873787422331,0.867946461125008,0.7084243243219889,0.786493109862884,0.4327699222483426,0.5862387186427498,0.9692585057092366,0.119093266,0.481683311,0.0
0.0836553773645751,0.600448412672169,0.8309141461632907,0.1737278187785553,0.7306598429252863,0.9753220868645636,0.2197262346895148,0.3843909044114232,0.966315935894538,0.289197705,0.566909029,0.0
0.6469799364429302,0.0337812510093636,0.2866462710338533,0.3919516650451504,0.5835867783328472,0.0068846950385073,0.8354169689344212,0.2576116119503779,0.6519199825305153,0.099721019,0.09142787,0.804123711
0.4311733707905304,0.993324726359648,0.3391101842969997,0.5035007646234869,0.9601141423505276,0.568722686991328,0.9101187801796766,0.737857882766447,0.1474488161752274,0.59655087,0.511083489,0.58
0.0978581200607843,0.4777458657897663,0.4058284599981187,0.9699044970648076,0.9705026079947578,0.3031683493187724,0.9223584727210832,0.5966892235986198,0.4078398127575652,0.222250585,0.187354073,0.211764706
0.2333797718865337,0.4249489221136959,0.0573078267695632,0.9909829341121528,0.6701014350054031,0.9917145378287924,0.3236639473235387,0.0362210069613688,0.4324492177446486,0.155010879,0.0,0.0
0.5796423461532088,0.8584129040120142,0.4522240057793469,0.5813802947689621,0.0989282002934905,0.0502548218703438,0.6298624346663941,0.6656157594080984,0.916654748731472,0.494271623,0.146771598,0.5
0.4093131507518771,0.8132509988833527,0.078027295049363,0.5673831721851603,0.3440702581278296,0.2681974013309846,0.3493012517257339,0.3074031589461004,0.6585410048354153,0.346936068,0.209026398,0.0
0.448852608654398,0.4241989628752072,0.3841127468199019,0.3107222212906616,0.29473051063564,0.7735201018873294,0.6676215457971626,0.2445473973564937,0.4989052048180218,0.180077583,0.538278538,0.123076923
0.4048585755518822,0.2688278406144301,0.302702958286794,0.23669243026726,0.4319826884087905,0.9467362723215108,0.4501637246629152,0.5990587674681491,0.9014729872354856,0.147240955,0.57888502,0.8
0.6606314579347695,0.4019803712757875,0.0955517207020585,0.3120440385392431,0.0129084885217656,0.6322194980117221,0.091427691379285,0.6527376942053408,0.1944885776772746,0.101213804,0.559859833,0.742857143
0.9039618403457674,0.4199172917678507,0.7323206796620644,0.564307316583485,0.1491821568429061,0.5220114995454115,0.2196791650841003,0.2440349146635204,0.4245505808335059,0.116301861,0.497948029,0.635294118
0.3097407443949668,0.960955405739531,0.0118284213187013,0.6132997962904745,0.6162736364464467,0.347086679589237,0.2331231225072746,0.8566586093392586,0.0309586118957323,0.334095448,0.320004636,0.266666667
0.1310411341997738,0.935753713994742,0.973355984041012,0.4283961300026717,0.0826048684365829,0.5131361961580551,0.176501016538136,0.1065818983353753,0.1200375937638591,0.384743547,0.383762096,0.642857143
0.3111693229051853,0.3093390085391108,0.6551544770736245,0.5463841413948598,0.3803023037738831,0.4242898836057975,0.8565285308453215,0.0746007670962098,0.7239987426496967,0.218067217,0.334351478,0.0
0.6513706881664622,0.4900633594436946,0.2865892938841572,0.990848905362246,0.5645495874751493,0.219171828646114,0.3513167023535007,0.6485260008046259,0.977665320625877,0.185824287,0.212652836,0.48
0.3431958548672844,0.9109226475096248,0.5638492101153706,0.8928256971042842,0.4009464982710826,0.5654143702642047,0.6321564503032093,0.0946679304990354,0.7389162965051234,0.514078824,0.364330123,0.0
0.6026175103849676,0.5569992085508834,0.9976329115528124,0.1884887985066461,0.1689378509877596,0.089752823431965,0.7275153135585035,0.1665550084515688,0.3595557201187741,0.303385252,0.221082822,0.434482759
0.6551579670505024,0.449803774918441,0.5428296095976123,0.2612722505648461,0.1723285472245278,0.4233010316494213,0.4185537070377879,0.7298988812620676,0.2021382560139233,0.141945567,0.295640259,0.342857143
0.9941273467899174,0.4874651167423137,0.5961363252997965,0.8634000775933919,0.8194641699058333,0.0092379677998675,0.5149904648914017,0.2903023871362936,0.9780679424019364,0.228775793,0.081284448,0.115068493
0.7437056073389104,0.0736862418246727,0.5783451600016336,0.2486614906915348,0.3043908960538879,0.3194607793783584,0.6900001698350092,0.6201116622297025,0.2917672855112572,0.10740918,0.473592007,0.586363636
0.7331880276345664,0.6092672582359634,0.2798875698301809,0.2760584379962939,0.9617275856239168,0.9659068590231054,0.5005958292432741,0.4769230297591806,0.8238551717461849,0.290482641,0.433789306,0.081818182
0.6562682539769834,0.7248162878430767,0.6234609995407016,0.6744304856250526,0.4211253498628441,0.8143907792243016,0.3197041686839069,0.1731420205662048,0.5621521368429774,0.194190749,0.426634969,0.36
0.3598229348228339,0.6119515936880079,0.518522140809483,0.0168366571733745,0.5240280805624458,0.7352459830793446,0.5482869426124308,0.0401410728825691,0.2380384842996472,0.300503435,0.46406237,0.233333333
0.7544268699510671,0.4718175474398173,0.7159092644709396,0.7430519682864881,0.4720614140172496,0.9598516323989328,0.0309970395071437,0.790671038396752,0.5613973429777388,0.154279789,0.516135359,0.054545455
0.7377662401537258,0.5768566838408505,0.7973809508344015,0.9236195480087716,0.7235213377459832,0.5345789503841788,0.6554002423936722,0.5315381009618194,0.2726605050980414,0.302413145,0.458755545,0.461538462
0.1467509425830033,0.8349275500326407,0.143740661861774,0.7049453662384121,0.8046821980278642,0.594368876507544,0.8836464486484475,0.956085402291502,0.9270001045634626,0.386956844,0.26451951,0.0
0.4839423852668116,0.0416455996981932,0.6697175020093723,0.1532286556068681,0.3368304609473573,0.1056979640928855,0.3455579013052057,0.478472781200566,0.9356712766433772,0.067944088,0.28392686,0.342857143
0.8682157698912502,0.2973509115727886,0.0849753999505107,0.8632315763105762,0.9048157284799936,0.0089307831196306,0.8398187880015632,0.9632076203595246,0.4235870084188652,0.186145092,0.141866454,0.688
0.241732587509634,0.9190899895473662,0.8298272457326924,0.7022659793033308,0.8837964623012021,0.561724103062546,0.5424733631766375,0.5380917670041963,0.79015098874835,0.684319023,0.407614701,0.497142857
0.6364530652174134,0.3119104184838921,0.4966021464727557,0.4591993592894218,0.2799612085775411,0.4634955453835965,0.8401606483799258,0.8333882618854906,0.2802066884245414,0.186052082,0.363976937,0.18
0.4162046592929942,0.1384111002427391,0.7201309060091078,0.7022292731186357,0.7463585814225591,0.8410074665385731,0.3987545000228666,0.8533344935667199,0.514896067909378,0.087591535,0.472430572,0.08
0.4609878362169802,0.5317332500346797,0.3543590575719295,0.303556118181982,0.096055770208363,0.3146254173903072,0.2457778941906873,0.5405995425763347,0.1139858714199979,0.155207091,0.488984779,0.573913043
0.7446924235795409,0.9064227598423626,0.4670516679371245,0.1543884766704596,0.6361476507502376,0.2839685344448238,0.6269691166788984,0.6604461030652995,0.2694016656143536,0.656511497,0.360033595,0.510638298
0.3616870768849347,0.9549630616150036,0.4105822367810524,0.9084506654927268,0.2675986246244969,0.5899367351584259,0.1567356363446281,0.2283323923199155,0.8670519523049787,0.417681612,0.408772741,0.133333333
0.3049228049064458,0.5858348534345608,0.6067325384099557,0.3303489472869944,0.6437179706755642,0.0580330063788736,0.4709474398763751,0.7360623688447114,0.705627842791247,0.20583464,0.114283467,0.257142857
0.2089046421879304,0.9715514527510738,0.5511213196030283,0.4565711786507621,0.546697224297541,0.4125244642825367,0.4995487540998663,0.7958426099797591,0.3162365115278979,0.354602567,0.202953072,0.0
0.1575469621311899,0.2091904833734276,0.8056817844419303,0.8263889024840984,0.5583483647406912,0.6363623454154715,0.9666291878750832,0.7126424051092861,0.8210247026163969,0.132054705,0.224500977,0.0
0.2656304891358743,0.942730519802756,0.0651598955973676,0.2884768258363717,0.274403494642142,0.282848618551039,0.2132063331410494,0.9951645889225532,0.3397290518891925,0.340914598,0.259609856,0.0
0.9687048477729456,0.1192046155151741,0.6121412038502728,0.8727138107759621,0.5419911151508106,0.3469194381415479,0.1025481006787542,0.8244556556407402,0.758974750148231,0.07613081,0.483502299,0.454054054
0.2478558891553242,0.1375925295794402,0.8000127578026301,0.8438218329645952,0.9514604319753736,0.6222738443280348,0.0258391505141738,0.777009287844773,0.6646055400838826,0.11810147,0.356490568,0.0
0.7524420686021474,0.3039792380612656,0.509325056986079,0.4202789147869318,0.3759410068176793,0.6813483942168047,0.6194959267144543,0.696120018421927,0.4548711621095581,0.16294817,0.498745579,0.367346939
0.3043376594552412,0.8535079916643286,0.3237433451281918,0.5578883653317137,0.7270130835453683,0.0610323900396968,0.7480060587005601,0.9986578277178084,0.8358581564761265,0.511244171,0.122982524,0.427118644
0.0355316001001281,0.1259119413191444,0.3081734731594742,0.5758911248557466,0.1787358642032886,0.5835825461232348,0.4850181343078411,0.4695042026118203,0.1066703864687734,0.054335126,0.102098281,0.0
0.3079312536141405,0.7594566507949558,0.7203000867038105,0.9527730594103216,0.7824018179730103,0.964976355265187,0.8787129343465298,0.3360394185568576,0.5674276276368265,0.521696416,0.479936856,0.291891892
0.5807130141329392,0.5843889823710925,0.622896289817593,0.0606908767053233,0.8711170686338064,0.2303629278873242,0.4101964533109394,0.3388544449780988,0.6314322548153756,0.229474262,0.265325135,0.0
0.2269466371250518,0.5464011328721777,0.1138038336304536,0.5511950973176291,0.0325308376724744,0.3769644035882938,0.2463786772448765,0.9663349893828864,0.3533979274894452,0.138199684,0.20082239,0.211764706
0.9435131421201164,0.34041495516506,0.2636580399172267,0.7382137561260141,0.4050179738199587,0.4513893935927691,0.6093988852949062,0.649357324687274,0.9276188196480049,0.19362995,0.421550733,0.12972973
0.0173480096884005,0.0239672476996173,0.3198108224587107,0.6700026739973073,0.8090190473542123,0.6228417709209972,0.597899920538686,0.8285279970800675,0.2795629894587782,0.087252658,0.173144246,0.206896552
0.6550450959973111,0.6253867649521623,0.8307289105334973,0.7032284064637959,0.0489269351011848,0.5603362877708876,0.4573720489561751,0.1060366525806807,0.5401672802496806,0.235490178,0.512190987,0.417391304
0.1594528691845053,0.499028654182641,0.8947214066174775,0.8243140676668357,0.324781479290406,0.3457974505951329,0.9393278698342756,0.2521450121407756,0.3977538137612038,0.268178847,0.280836683,0.547368421
0.9030667069486008,0.8421794637352891,0.5506608905561416,0.8416991368650054,0.4782922593806328,0.978235822270141,0.1389548918535378,0.0633062512471869,0.8562386421884871,0.200799053,0.803365002,0.0
0.566340315121946,0.1803218750426306,0.115967157778957,0.8209813678311633,0.1924209304883196,0.9524615885018112,0.7076973509551632,0.6448285089667849,0.8289426577934814,0.09343022,0.563919459,0.225
0.5245323990601329,0.9932934260457792,0.4175227416431086,0.3163990897961778,0.1857814143981445,0.1038323731770216,0.5268380719048988,0.6350684305601462,0.1597284173729616,0.486806474,0.217674917,0.395604396
0.47075429801306,0.3134293809342748,0.7296342306954791,0.6662672794223006,0.9742749476171678,0.8480267436345617,0.2800014397530964,0.184516689653488,0.7158969830496568,0.120321931,0.293630323,0.052173913
0.6948341403451898,0.1550357604785541,0.3557024115494829,0.6205704000962989,0.9819860639679904,0.7083555444715113,0.0852658243547415,0.9501613013551816,0.3241880317768985,0.080808111,0.480603213,0.48
0.3861752035396094,0.8658249117904786,0.5816569904748908,0.8974762507293204,0.3716956994202495,0.3313724560508441,0.1820365603870984,0.1283353197476081,0.8766847799349243,0.287404219,0.44588253,0.36
0.7071020158335831,0.3285619439419942,0.4579005662283441,0.5288745636560237,0.4129113202778258,0.5872257954656317,0.0900842315146007,0.1994359967983267,0.8916769724382297,0.106062807,0.551953858,0.0
0.1999426230419744,0.6642873111145715,0.6919922723977363,0.3067386116546121,0.4272847796997056,0.0666041340590639,0.8963509871315798,0.9612715484640312,0.612632756814783,0.369092728,0.134564009,0.576923077
0.2207715094693269,0.6574590119982275,0.7061436404276601,0.6266291318909046,0.9487287564321596,0.5871016173433645,0.8133419290948674,0.9166104399480652,0.5073607075744182,0.300505416,0.311810694,0.293877551
0.8582034611212819,0.3977219652092018,0.6103740589467527,0.6494723521719149,0.9964478514311323,0.4402234156701987,0.4450921721355109,0.2678739056711555,0.0938656289609198,0.190051605,0.519693472,0.48
0.0780216664019063,0.2436354847483892,0.4845972495909129,0.1049646327000523,0.8920107556371086,0.0553050685746897,0.305624456978115,0.4994485759530396,0.3149836935045356,0.096815344,0.077937283,0.6
0.5881049299965744,0.9679683478458234,0.6317191263389061,0.0631786376465098,0.9207030785689292,0.4612262547154159,0.8871396480835464,0.0847337834470106,0.4204571778448092,0.6914962,0.453033088,0.3
0.0456301405264101,0.0944791996291793,0.0613256172209479,0.0887313923829317,0.7076361347944344,0.953457259097897,0.547443698621809,0.6128534020844277,0.8382378740014588,0.118245476,0.301729465,0.362790698
0.0622396349421742,0.2933576906604818,0.6974818441107479,0.360027582580707,0.4539943214574095,0.9206352728548411,0.3667558934173844,0.2718145392213629,0.0240180223650435,0.094874356,0.381611633,0.886956522
0.6433530048280633,0.783870528153211,0.9320205810466212,0.2644962797900626,0.7756247165348019,0.5022743592967029,0.6925387913239457,0.2007836107052872,0.5211043609523334,0.50721062,0.508714951,0.317647059
0.7068507768550581,0.762242943243126,0.2452026020060967,0.90851405945678,0.5543382990451982,0.3996146484299316,0.4274924683895282,0.301219816521235,0.5353632876589522,0.171873812,0.470391354,0.3
0.2794416416497194,0.977511719108407,0.7381406684617094,0.7143690680465491,0.864790053554318,0.1342678901491494,0.6083336547438787,0.1432702858866672,0.7338346899853398,0.608249602,0.222796484,0.364705882
0.5805211325606495,0.0042083277896274,0.3225143423645014,0.1434214738810044,0.1172891741174503,0.5101879643760773,0.5748118425374794,0.6916200020487232,0.0846347452471135,0.069482206,0.488875916,0.617821782
0.5855510007636364,0.7171002445156188,0.4340530380750774,0.9869295854442498,0.5870085323257278,0.3724349106124847,0.4858288465843444,0.4075386174584268,0.6480383273581917,0.27155974,0.368736911,0.171428571
0.7284645782475672,0.2733162113456338,0.0380473357288074,0.6153589075800481,0.1393913047703857,0.6901177022192944,0.4275337013778315,0.0587874364618258,0.2371297515305422,0.090330979,0.376963072,0.3
0.7302977082846474,0.0271629364170326,0.0474735555006136,0.2188171392326995,0.5887133110737831,0.7375257075125622,0.960130837792675,0.8828699820373231,0.5974531979245888,0.089688199,0.418291232,0.1
0.0618091289935539,0.2993334724258151,0.6602447898335403,0.4012580561802688,0.5819636462111762,0.8161240961415506,0.0888302146770296,0.8951091211398425,0.0270051463175841,0.11088459,0.378280955,0.272727273
0.1844594696458384,0.4165207790616584,0.0843729562483617,0.7921436968403942,0.441959664121056,0.6524806077573096,0.0877582059654324,0.3597323589522317,0.5565307447556824,0.083961865,0.127620391,0.0
0.72529331298585,0.5088059904938287,0.306504880576709,0.3171188240439779,0.8415074415788986,0.9961980506628242,0.0127107862312071,0.674533160869617,0.9816209740758634,0.170388666,0.842506603,0.3
0.4731844757080606,0.1565623703994474,0.4009350756870343,0.7523052540949076,0.2320818077219828,0.9144535136988268,0.9691097154202644,0.7320577969729416,0.0841273040951201,0.097964324,0.420226511,0.0
0.832475188009871,0.2317857871942713,0.8982015825938048,0.2646137809944049,0.3495993935140413,0.3933131210406997,0.4551115404241673,0.7354631122551201,0.3697464013714304,0.086280632,0.543185402,0.6
0.8431329988903192,0.9398752845689756,0.7165292041366017,0.4163639941086674,0.0857431316994938,0.1819915007665816,0.0409149047545477,0.530724772715935,0.7766326260149723,0.403044036,0.279088539,0.64
0.4019956337294607,0.3930997719147937,0.2462731793133038,0.9883250427057702,0.6418839028643128,0.8035470663092229,0.9242844112690756,0.9675628246941076,0.1072360027221159,0.143721671,0.448992034,0.156521739
0.3551762804590416,0.0588511361330297,0.024914968954212,0.5437793444041015,0.9355547954028656,0.7603212457984694,0.3826115609428916,0.253672846341843,0.6150015902652868,0.043771554,0.492330674,0.64
0.1488965442151555,0.4343025286253547,0.1616563135178683,0.522178408072531,0.0485962982617136,0.9271793940090944,0.5355343267525678,0.9757754026744906,0.9779728177493052,0.298462142,0.377233906,0.102857143
0.4300535745685123,0.1475935998160222,0.4316541724738333,0.3868765811424337,0.1441782749432195,0.8485200715169915,0.0921703215255649,0.926857557371843,0.8953154800577037,0.074645383,0.544988984,0.545454545
0.1798207782625036,0.7575608490934064,0.5921306109552075,0.9470046454144748,0.8854431533866179,0.900147810745365,0.1820020318781092,0.924919220709316,0.5810420140792383,0.283321006,0.316118211,0.36
0.5127201821353768,0.0437119955152398,0.0594386252449875,0.6385469525348226,0.5470602164763846,0.0253504311784301,0.8630930973674465,0.2649533725663052,0.1763293853444462,0.075053773,0.105019907,0.350769231
0.9091892621391702,0.2398838851843501,0.3883116693662044,0.6906672901336374,0.094037628418402,0.9780739969796904,0.5942679124087559,0.732981794907763,0.5647133090259733,0.12906156,0.638019173,0.097959184
0.8844796558316445,0.5057629525936842,0.5650003015914035,0.4906214054140174,0.3357820283165965,0.5173928407321011,0.5465230872113331,0.9887958523252012,0.5913451127690599,0.257126067,0.58953205,0.498113208
0.7476249725395002,0.1600111188750719,0.9560180891187676,0.2750025367007265,0.5635698642061002,0.8679078866221899,0.514163765963218,0.5027978053382921,0.7872547993177077,0.135555117,0.559890921,0.178378378
0.3874756711707597,0.757333558235266,0.351214508385049,0.71724869045221,0.9850081039694386,0.0772249711887195,0.8387189202504836,0.6265953380289706,0.9286692869847726,0.390383341,0.109490177,0.0
0.7163125471918694,0.5714708949971002,0.923248326358737,0.3650962252349037,0.7588454389335174,0.488292569772443,0.7982438301886589,0.8874895351391874,0.2311535303099777,0.226944064,0.426707336,0.098823529
0.5818616182309492,0.4295202466384358,0.963917759735002,0.5187922827070612,0.4974906301909553,0.638781146009581,0.5281750445346951,0.9051373346115684,0.4493802465077618,0.197018702,0.492123403,0.0
0.0755082220856684,0.0299738620802277,0.1963409500568171,0.571610119841808,0.9741076816897476,0.4583765013909689,0.4776349919629312,0.7795017729601996,0.2085887708103655,0.053469649,0.322085372,0.553846154
0.2276287623227625,0.4774083611615647,0.3554539865651428,0.9741424035445232,0.1832584659398756,0.1051265748194084,0.998030257297947,0.3365217790902616,0.5191806079977013,0.252650661,0.163518562,0.668571429
0.5318114803876416,0.4623858613035707,0.4104410924791989,0.412848373299812,0.8394269204844728,0.834997844460902,0.3358762982259929,0.2860446491647294,0.5385089661399907,0.128699,0.45793876,0.469565217
0.53083073264742,0.828533557805652,0.7025277811252217,0.4349223474871615,0.7695924749000393,0.5811129753206594,0.3735158528089346,0.7134488683694448,0.5540478727930367,0.242952948,0.3055279,0.0
0.8301965493625727,0.3271674141075111,0.3266263279828387,0.7039890049785867,0.5486411121820087,0.0782361161340257,0.6563389908426506,0.5841956597907597,0.7314817615100316,0.173954249,0.228144953,0.578823529
0.8823758828499088,0.2220831388693391,0.4307380037347595,0.7719514516683628,0.5862253543229556,0.6383154542375082,0.7560494092178954,0.5871190466181504,0.3938624003019896,0.15745368,0.516894138,0.55862069
0.3119843568511727,0.0082003273212563,0.6162785579349356,0.4135812254995207,0.0075234661062559,0.8824901799740136,0.7738507877543251,0.9536129654788408,0.5636021208907879,0.088517295,0.541497455,0.45
0.0571850129343466,0.3589495664439148,0.3064332039126058,0.576102510052435,0.2645686110731408,0.366252429527353,0.4286785711050045,0.4096321254418971,0.3148934379453505,0.160387477,0.258634237,0.64
0.7208134583075131,0.9548868738881596,0.5654184396169518,0.1243720489537305,0.1030325242713592,0.2400775901369507,0.0901146260110027,0.2158825394796114,0.1453573354136489,0.307672515,0.381825729,0.0
0.7279816924791672,0.1470259170992597,0.4755796065657827,0.1775694666744891,0.7237848020675166,0.1172017864404634,0.6373777520801961,0.3419577099558556,0.9154554077522126,0.135593814,0.239845808,0.417391304
0.8740443298541872,0.9534142187360436,0.3093803410634695,0.2596830498168769,0.4825133973503618,0.987302559231818,0.8698966044937648,0.1795693539657967,0.333259770044939,0.508870087,0.598297478,0.109090909
0.9796364464779228,0.8070635446070181,0.4857010311069044,0.94781273339744,0.4093153771948062,0.6666171194512909,0.5879575770919031,0.7170987048912234,0.0741841173122251,0.478264038,0.504788959,0.193548387
0.000951015961641,0.7099191750922043,0.9655580265312168,0.3095338630838549,0.8482059430865165,0.9848783574140584,0.8371333769469247,0.1224097719112459,0.8369116863988922,0.381792519,0.247745814,0.203773585
0.7174943029142821,0.9545487675249724,0.2629244105944452,0.8556563250625377,0.857885340397682,0.9837576484197448,0.9485370815336112,0.7056052244796535,0.3256670213170889,0.526772698,0.59023596,0.0
0.7012486279524369,0.2274715518617316,0.7871884558848458,0.987291464519876,0.4769883894196741,0.3287965629490098,0.0812960345262924,0.7260619833266334,0.9994983810730216,0.078173032,0.522386669,0.436363636
0.9469559857983534,0.7737225984634754,0.6323246575969463,0.7294032960584903,0.6970581313473806,0.4431908704387099,0.8213183467480064,0.3818293001277133,0.1513090292595549,0.414834099,0.455803425,0.4
0.5232689518482406,0.6243405274265417,0.7896562678856325,0.7453136444727868,0.1336536780828444,0.5036413656758354,0.4024108137241634,0.885214278363311,0.6869134867881687,0.293526278,0.415318121,0.2
0.8475934116314316,0.6174099008281625,0.8058936998261486,0.3797507382666921,0.6225748372787199,0.2052037322352601,0.8544908612064493,0.0737277492259277,0.4404114079007051,0.259749398,0.441021086,0.451948052
0.903404853201685,0.272938846428305,0.8468039001327557,0.9852998866274176,0.4812828306637597,0.4990687123077743,0.0223146642186795,0.7630736421690092,0.0540530764366874,0.113863975,0.389018708,0.5
0.5095275085833331,0.2818742654140355,0.5900297163428736,0.3651900564869372,0.1276021304997342,0.0117686184198615,0.3916015251691024,0.2522911873653801,0.2350057621400111,0.096163707,0.102087372,0.733333333
0.7787549752360909,0.1950243153067471,0.910404302071294,0.8884812092055582,0.5619628848275391,0.5105926472698458,0.8283012897421074,0.2564470158419974,0.1907853800074942,0.128746373,0.48556447,0.464
0.929151069945216,0.927947785520616,0.946175039415576,0.4838860681242892,0.2426770825444635,0.8090374360228101,0.9874942335787096,0.1045861541346657,0.0824938104142677,0.517846219,0.556203028,0.0
0.0739508682666574,0.9447957199285988,0.2358459028899402,0.1556328605353236,0.8895801169737875,0.2272231471196206,0.442426734958213,0.1451209117285451,0.0104940283824191,0.315046654,0.087829989,0.3
0.0529041417730929,0.1275530175876177,0.7648199109347288,0.967301242125899,0.4932567965169996,0.1952265434149154,0.0249332851705824,1.490488708122406e-06,0.4757893109688323,0.083830224,0.18012633,0.488888889
0.0095685046821915,0.3913809139701127,0.5121844333379024,0.977948940856131,0.3980899803007743,0.2139152626563464,0.8155416209560359,0.5382567100009297,0.714864104609523,0.149308743,0.057234452,0.0
0.8453338953406545,0.960358652666328,0.623507722483675,0.2588000243799525,0.1869083967887642,0.551465439743033,0.2873968284171567,0.4030500541716157,0.6195070345348677,0.423465493,0.459539162,0.288
0.450491151337436,0.9585293402506928,0.5651748910235843,0.5289014588191986,0.6654086152205706,0.564663420613995,0.357807901036148,0.1886217016007298,0.4418967626792457,0.300063845,0.299718872,0.0
0.4810612866243173,0.8173258864621237,0.5774560416333371,0.2358910369074218,0.8427981974704895,0.5972674387263538,0.0074603956724629,0.6107413090501506,0.7256110777693731,0.257219015,0.408145038,0.15
0.8825122433246801,0.6087111965343335,0.6879669383223567,0.3046824497478383,0.8386607224336219,0.0402741614915975,0.998028820388562,0.4070077355734379,0.4218924011383782,0.338101913,0.205227039,0.553846154
0.1437781940027226,0.249320148673525,0.4811290045073432,0.4190434169791389,0.0172783877726045,0.8894466772321058,0.2894806803413461,0.3747687330536734,0.773482021262088,0.055701736,0.465160213,0.0
0.0659486358347538,0.6672435238884963,0.5843264406710333,0.3341359379999282,0.915709353315408,0.553385495985315,0.6514029594654969,0.94476013033578,0.0962097730360449,0.371993746,0.235466431,0.447058824
0.324896177331109,0.3352959929024801,0.4719429430398882,0.1914878203980636,0.008571942056147,0.7417217403319573,0.6162713276457514,0.3643901748666857,0.7555944307888773,0.198057823,0.433006803,0.269387755
0.4940423156964257,0.595666874305362,0.4775434931364687,0.1801151174609959,0.979177872561282,0.4209592182993433,0.9670245424123391,0.3309979629226466,0.4770166588170603,0.287045116,0.369810759,0.613043478
0.7078839694514011,0.9634335327919568,0.6452124052622853,0.0532284533703337,0.7697119785932747,0.806661792326273,0.3991059448386052,0.8079918866976323,0.115441983748997,0.371318459,0.443888996,0.525
0.0306373747359622,0.4005196602866088,0.1051260031117679,0.7582362272747916,0.8606908015657033,0.6413225619026374,0.6116962738671979,0.1475616334609881,0.781689448924315,0.19287075,0.161492547,0.0
0.8536033710088329,0.3288042750499895,0.974415375335344,0.9316716931173178,0.7938824501822178,0.6038654981922735,0.2664209329161973,0.7788274146619673,0.2349282759572378,0.141828815,0.546847446,0.32
0.7471978062598738,0.4690136773306347,0.5266081642360758,0.5399950007957466,0.0692301027058941,0.9163705735273496,0.31237596120842,0.7753208284735856,0.0515972306564908,0.207774371,0.40862773,0.4
0.0211207256429546,0.7129093525287782,0.0516637471463639,0.4792679552454995,0.399297889678992,0.1576248721810877,0.6294275927178974,0.9549539082142396,0.1802473151548708,0.402941113,0.069549339,0.276923077
0.1991700923848764,0.6704362885214795,0.8648902190399353,0.4585708046148391,0.5519677347707204,0.30888491513986,0.4450952944287621,0.7361004910834185,0.7078990211434182,0.257664498,0.245774311,0.052173913
0.4682360341613925,0.5697291480258725,0.7012255859942782,0.6118541552715692,0.0996782053149113,0.3210864097325752,0.5755396254655373,0.1936576887703472,0.7310312502547315,0.282333755,0.379748997,0.442857143
0.3141861770790068,0.681148907616357,0.3981073761160638,0.493009653000647,0.4466715650079526,0.7554475014424009,0.5830886846543042,0.6433646317569995,0.0088477473325337,0.315228749,0.403660272,0.459259259
0.4774729735187401,0.8468660116718634,0.3840953213438633,0.5534545856986507,0.1823959621336949,0.6555883218473707,0.7783394486987807,0.0076210156521763,0.6686736252404614,0.526156795,0.45837823,0.138461538
0.7024646104776837,0.2482183593948542,0.4443439603936512,0.8201509481030883,0.3386261414314946,0.9485761025843136,0.9469286046210262,0.2915993896489726,0.8596793752024143,0.144964776,0.458493872,0.0
0.9155286704432474,0.4898986057975573,0.2821175822750835,0.2838604173139277,0.1698237265276035,0.8461527639126144,0.5774277559679221,0.1300701689354063,0.3614237030991688,0.265194678,0.540132803,0.369230769
0.7921896533447913,0.0359032427006844,0.9739128543851936,0.1670886950835887,0.773243168832592,0.8641648872296324,0.5719287328709775,0.4955195301419247,0.2179584566285194,0.088658167,0.583684797,0.502325581
0.8479902384922188,0.0012672479548715,0.9924835004139876,0.3917012854207442,0.8653831105047383,0.3838800074494883,0.8282597582626424,0.6447239878963017,0.2659933669566037,0.096557337,0.506208907,0.32
0.3223362029405336,0.3687725156309713,0.6357858208606382,0.3394588843867279,0.6615560185692155,0.9727011716349016,0.0277159053828434,0.1714399553029579,0.6312461079242784,0.129706263,0.545335367,0.415384615
0.7563991342694816,0.8214354902266543,0.5801215982065842,0.3477280314270322,0.9810004565601445,0.6552950971144648,0.3122340561362187,0.6748741298508324,0.6640387614404601,0.33964956,0.520189504,0.471428571
0.5353716327214699,0.8863674330363976,0.051433594258496,0.919159444765378,0.8746281603152604,0.0013716444185967,0.0964256145034783,0.1956432112189849,0.5508751584415185,0.296654833,0.075128712,0.355555556
0.1409046389070779,0.9802455528883984,0.5941470452377341,0.078407727865826,0.1626584689351332,0.1955434521035629,0.2951501123710974,0.4008104230829774,0.0459179776482283,0.353997332,0.143244515,0.3
0.7712708249183098,0.9796714351815088,0.1835367880795009,0.531453271504892,0.552728871124348,0.6789181967445659,0.3332412267892735,0.4193935636682571,0.3830694622846642,0.145850832,0.615085687,0.0
0.1401314599806532,0.5141979595131215,0.6754826586063716,0.1550102704961868,0.7290152555051328,0.4554879001772401,0.0497077911881671,0.7864866827784834,0.2356061987999061,0.166080405,0.328285799,0.16
0.4728537210583676,0.456601597105462,0.9960136688942952,0.6486374427534615,0.255214903599618,0.782249777100345,0.8837718322645859,0.3878265701480136,0.7178162357963335,0.263145997,0.500068257,0.653465347
0.0893611944481256,0.708936642883208,0.7605017821834322,0.2313818932979564,0.2592115690269424,0.6111323949420276,0.0533001940126269,0.2293062997931618,0.3882327072956361,0.262797777,0.245834893,0.352941176
0.3314656552795212,0.0531617739264781,0.3048991216614419,0.0164096979677612,0.8592774275809674,0.7929878616640771,0.3044038275004089,0.1549458773933993,0.2132312470793034,0.062001442,0.284057525,0.8
0.2833377350733538,0.8964939973354233,0.9280850383575914,0.1341636812053391,0.667359402703802,0.7192064112936367,0.996702229635674,0.721655349798438,0.6977513003612719,0.637067067,0.520872597,0.514285714
0.2018150368302881,0.7375103612090641,0.5604394484675781,0.512210705064117,0.435558690553871,0.6755303361413386,0.0121131675101104,0.2429838308917701,0.9733193641940516,0.215177832,0.348920537,0.109090909
0.8300012863568365,0.2754259051862567,0.9814907644781268,0.025287289662443,0.4910145439040158,0.3595729580361029,0.5817039427832554,0.7848908551232799,0.9452945342728571,0.192032112,0.45673313,0.352941176
0.9406573885247907,0.2153358407760739,0.7989503920924986,0.2667595127891478,0.8625841696608157,0.2349376886965318,0.3047688133543341,0.3678136275522909,0.385065666367638,0.07718303,0.358242976,0.461538462
0.9358654346099432,0.2606314894478607,0.2288592394352637,0.2109281396933906,0.4428711780047966,0.1040114571406077,0.2348277536014816,0.4050591191055698,0.5280003805772132,0.085783904,0.213931787,0.0
0.9210075147223072,0.893548220070068,0.3214721840340619,0.2763195276798414,0.0465708055947386,0.010901991034095,0.3742396431450975,0.4085035083842101,0.3925275911614909,0.372515196,0.125818724,0.046153846
0.39394613011957,0.8456709285305718,0.8480789899195854,0.7619025084311468,0.0517205866711574,0.7132476377304698,0.2514888002948195,0.9801499585648904,0.168036759344618,0.288574758,0.558887043,0.276923077
0.9891327244058532,0.500515777528261,0.2279517510375529,0.9513681179878454,0.3510062884852348,0.8726476979570612,0.0175738630237229,0.023679541553447,0.1528927364071854,0.138939516,0.602358996,0.0
0.5072428008871678,0.8975775166504862,0.7130372785214755,0.7568500581414029,0.1723487095988027,0.8148380141428613,0.4976824994612272,0.9702905455293686,0.4253105669560715,0.240157222,0.406960359,0.0
0.3846820333945281,0.8249791198261631,0.1815545493497272,0.3304191649950285,0.5729508783187672,0.9419510211597496,0.5395665401020106,0.2146387838972101,0.3240640248567008,0.447733024,0.507676112,0.612244898
0.9245842849133354,0.972352036355026,0.2839210390142775,0.3168174141734937,0.3415868186737412,0.5999820637377941,0.5651923983230133,0.5551687913081625,0.3689183252795882,0.575360878,0.495379091,0.457894737
0.1105794249773564,0.7116592233846347,0.2995494767796135,0.6753807128368514,0.0567863248953036,0.8533641889478631,0.3638432520653651,0.0333575183994065,0.2406903963436711,0.329834605,0.217936873,0.514285714
0.017242530728456,0.7778467804383613,0.0395138798593343,0.8653866422754293,0.0949217621587432,0.7113931391862139,0.3328974942493075,0.9399691814936192,0.9804468678214904,0.229166425,0.3344669,0.3
0.6858254114472891,0.1546853639412607,0.9569761177700244,0.4172622805731015,0.9332527503030182,0.4406845219556518,0.6909107452236185,0.4047102123198948,0.2310278859391431,0.138462066,0.545630804,0.637974684
0.2669845812454292,0.4464974273948486,0.7330338117243766,0.8446855433468855,0.5962807380675289,0.215149896537225,0.9701771718311476,0.1345497379213658,0.225193927743337,0.244464375,0.251698286,0.470886076
0.4842157718796127,0.1879526817034221,0.3168405524635769,0.8581911249012921,0.7304330723541576,0.1671799068985333,0.8553679630500984,0.8118775063365363,0.237937960833251,0.110160969,0.228370024,0.117073171
0.8946836399409231,0.0991651760135611,0.1422328256233215,0.4381573821639585,0.9001651977052983,0.7461225653249399,0.4782773689684791,0.5444515310765261,0.7417629823426295,0.073586929,0.604853996,0.36
0.9287421427418106,0.2753572573409126,0.7839648782358473,0.3700952588413961,0.6311287110477465,0.4533002539064776,0.5642906734783864,0.6558388197142722,0.2412401944447172,0.132577584,0.546471884,0.356756757
0.5207052597412505,0.4494440835414396,0.6055895867443142,0.654368933828702,0.9087920499508092,0.6349088663569808,0.3226049167383035,0.4560003780429758,0.4517134664148241,0.143526269,0.52161132,0.0
0.9313644233261528,0.102783905272505,0.4080095206516995,0.0106033723101548,0.8157219948059738,0.0388092952477835,0.7167420265644361,0.3058032838068579,0.0577344134749271,0.080988315,0.125502278,0.321428571
0.5952410973862445,0.0585713373710796,0.2217663783134562,0.0111250511466903,0.2494830984489017,0.5889138673172775,0.7804716892496227,0.3887384609708694,0.2253613717293021,0.072767229,0.483341764,0.046153846
0.0242046958042743,0.9046432305140114,0.4117816111735942,0.2313248826417215,0.4515429818034518,0.7323378503389181,0.7983483682282435,0.6302805609411494,0.0529380384424769,0.389038603,0.214460861,0.361445783
0.4352109413504071,0.6281310048969369,0.5871479710621601,0.97226199826332,0.1510907514510234,0.7468673690500914,0.8298414000259147,0.808589828759384,0.7669981064792446,0.291904059,0.534595593,0.304477612
0.8454551666512136,0.610860265096607,0.3949299841306762,0.3568223863456925,0.7622646630850708,0.0233206584169344,0.0374693492715522,0.0669422150836807,0.7973156325090683,0.227522406,0.094883766,0.4
0.9099896774887322,0.9311568359675458,0.8068051877610801,0.3221534547349635,0.6454744191175508,0.9568999324579368,0.2580578014866928,0.1123023486859862,0.9607722109526834,0.483543478,0.6129507,0.5
0.6075625379442299,0.4040784825569495,0.2740723257413447,0.1353338437532359,0.5745438203360822,0.6262055236182841,0.7247305087117902,0.2290779202694707,0.4714067806538564,0.191243963,0.486646509,0.258461538
0.9269946766289118,0.8467121302259851,0.7274874643631297,0.7643608523076226,0.7256705237001748,0.1446758081477659,0.6139286962577807,0.0156366777233151,0.1789225507475447,0.517310027,0.317353613,0.236065574
0.3733672820169983,0.6361046679120924,0.0864743407856114,0.0932208901177048,0.9476279089983506,0.6802498191834836,0.8429392253826334,0.2153396813618643,0.110953854579587,0.320605125,0.434427143,0.694736842
0.0168382417677251,0.4331522466033677,0.094944312001902,0.9466964640183654,0.0973966651145495,0.4736638091094599,0.1579023511860779,0.0578421592995178,0.736412700703628,0.117832903,0.189164438,0.4
0.9705802432384903,0.4973707595220931,0.7832353300525775,0.2177477764326075,0.3717391819099165,0.961937234552246,0.5362950222127636,0.0655841781986873,0.4610803104060281,0.231453861,0.549253894,0.24
0.1944519425441397,0.5214656345714854,0.3188209520305594,0.3043800483934218,0.0231343123091546,0.3995487733275927,0.122994596313122,0.7155598616873987,0.9606828915126014,0.198141083,0.118541853,0.0
0.8722695310711782,0.1320544299258776,0.3691950817125565,0.0249592246373326,0.9222128217051748,0.5252665233569179,0.2139867355566576,0.2933397043912378,0.001536299302977,0.072260248,0.288059386,0.6
0.0295581814424735,0.7449137393615621,0.24951215770317,0.8847865476773775,0.8423230245354564,0.377338672631384,0.4633688958904463,0.9100680844210992,0.251463238727954,0.210329045,0.093972603,0.12
0.9541591619602976,0.9560600412945855,0.3269547806032495,0.175237710269671,0.7987260785016937,0.3258898865690971,0.5532265260116268,0.2082716815101803,0.7082114137268414,0.578132371,0.433488461,0.581818182
0.847774272890661,0.4247803145300598,0.9938354057789768,0.6576895750055022,0.7941893497496854,0.1644845199876623,0.709977519305009,0.7558931633676857,0.38655893352848,0.248953622,0.279948599,0.417391304
0.0804353589413613,0.0975765891212359,0.6567557180248714,0.910959782508619,0.8749063861561246,0.8616361775582099,0.7400858994927279,0.6791450674212833,0.6339826866775484,0.105127848,0.287860066,0.0
0.6523746240979851,0.5864643259405827,0.4427592633240811,0.4252965715064102,0.5124081450343336,0.8433098735122472,0.8957024936504113,0.6455058344004653,0.4354774358982389,0.248067496,0.659567319,0.171428571
0.7850689392493362,0.9867095165125348,0.8859207490943508,0.4118479823120213,0.5274576963525257,0.6930231088423037,0.7086056548990123,0.8608028135605212,0.2083019215489018,0.625165415,0.541291225,0.165517241
0.1199398994958887,0.8600394052037814,0.8980955909929799,0.4000557627411921,0.5136388535114224,0.0857864963084608,0.3630650062736562,0.7928772257886312,0.5014616428213673,0.303474752,0.048654642,0.327272727
0.7833234235363217,0.8709961253294529,0.518495297646234,0.7978821426900929,0.2964816845099193,0.6255245795291244,0.9701164297141576,0.2581709477735658,0.7671695934208504,0.653915819,0.502929192,0.346153846
0.6250171675958035,0.8671977271207395,0.809580795824449,0.4081060512012463,0.8115391222806477,0.1806297664747391,0.6764830594577756,0.1715763681245816,0.6736828301954515,0.497403354,0.202029674,0.0
0.9155771835301012,0.0614021795415047,0.0378399577253899,0.1535860153506123,0.9944674655964566,0.3196451969374947,0.9612930841590196,0.1159650335595459,0.9817159175193964,0.129535492,0.549042123,0.622641509
0.0848307210369189,0.8495537485744207,0.1087055803607157,0.9036324557722016,0.5658647489184697,0.8514754497531593,0.1322595200788058,0.3046454768732931,0.614547403727814,0.384069765,0.175855524,0.0
0.4001815130696182,0.040373912804278,0.3042551695490162,0.1352128706680211,0.2215279648693309,0.3758444160515708,0.519860133059912,0.7438177151561435,0.2990715396673984,0.098266088,0.404672408,0.563636364
0.9225919883065842,0.5127061995367196,0.0168615233031428,0.3128815558929093,0.5264433214268371,0.2054101365763103,0.884022788022158,0.6147679317807244,0.7487942902794066,0.273939339,0.409130767,0.357894737
0.7043436216436518,0.9757021619147204,0.0817889474196065,0.9208232650498328,0.8115050577066641,0.5132694900894303,0.0831053382354748,0.840284325428079,0.2155642521127189,0.389549936,0.522158646,0.428571429
0.1664035397375551,0.4715689748815189,0.0378868954261699,0.969906572340463,0.0366061107417738,0.6642035088154239,0.9010152683182372,0.8663730375707522,0.2894942972156011,0.229274712,0.192895122,0.0
0.6749849516414121,0.8055658875035693,0.1407739520196048,0.4931738255205092,0.6134319544629702,0.9597625600061548,0.8408773491533178,0.4421362715957116,0.678200608282832,0.574331535,0.487144076,0.044444444
0.0433689274979915,0.9918952701226712,0.0362082245286002,0.4794369996248417,0.228070655842894,0.8671671503337177,4.9154169828202754e-05,0.38830418571199,0.745078495807529,0.384606223,0.29155033,0.3
0.8171834891965967,0.0075258316592848,0.19738046249784,0.3692398190179266,0.5693714988804952,0.5827486249158582,0.7374252510523835,0.6444437044953621,0.027149375279874,0.085480212,0.362594437,0.370909091
0.0021532925568508,0.0817496974165482,0.3227547122946576,0.2755343439573143,0.6238946880382512,0.0147548783899996,0.7436759537397993,0.5834393914179072,0.6837697736819924,0.106813295,0.017760224,0.345762712
0.7974801560940692,0.5823360497668029,0.7408728631439695,0.6485665822189897,0.7265496097205689,0.6144891457838645,0.4669416327250417,0.8271262853887977,0.9005927225468031,0.133298236,0.597117791,0.705882353
0.7039070184612262,0.5806052530450154,0.0473900015021996,0.8586682865567246,0.7602594913626323,0.6969736004585829,0.2424313452732156,0.3290358865930427,0.4016958130112741,0.123517616,0.426693147,0.0
0.9548898999234644,0.6220625106388112,0.421555171388026,0.0706631760863351,0.3256899595380728,0.2668735377974276,0.5469692664794747,0.5317698678028168,0.9510622755222382,0.300940106,0.338960811,0.0375
0.3016331365278984,0.0171210965143784,0.7338152328872758,0.8427616427298195,0.7884533929132077,0.4065044781348554,0.1652886939756193,0.0473348176461869,0.490261381100301,0.050739209,0.317121139,0.0
0.6201223705181012,0.5417835012037573,0.2482701371826418,0.189260922956163,0.3165078827907684,0.8767378287328105,0.5391113803605023,0.8051921296703728,0.4213267550817561,0.297048509,0.502360496,0.525
0.2353217437368064,0.3177096838239194,0.8872671818472887,0.8386454720462675,0.8635803045011945,0.3199521384651809,0.3074989658719598,0.8893111554021976,0.3629488222821215,0.0518801,0.674032404,0.0
0.5989789275431048,0.1387917961711117,0.0289665039934955,0.9961785219310318,0.4033009864798025,0.4730550942185036,0.6025555863042527,0.8634854315907858,0.8939704150924683,0.147696783,0.392707271,0.085714286
0.1380204368277976,0.9165245099711072,0.3331461042814601,0.9993925571487242,0.100056216490422,0.6394281214067583,0.291327011709718,0.5579698893799083,0.4987580113278836,0.419130488,0.253238545,0.171428571
0.8409264902401477,0.7404077431208492,0.1573633607055905,0.6869444122668091,0.0044519684415369,0.4069151821474633,0.5140891681581213,0.3798570197007379,0.0360833624933613,0.3157867,0.414130078,0.763636364
0.9341632039662312,0.5053511882464465,0.451474379047073,0.4310605591979496,0.0196295939538379,0.2589513159465516,0.6922635979750313,0.5634158738060485,0.0224989550851557,0.19666129,0.281225375,0.501818182
0.2392620560922681,0.2236333315055371,0.1238814091083906,0.7337821046301926,0.0617107037102416,0.4431193383735862,0.0509746661368026,0.0794874516007596,0.5249349031441869,0.059737482,0.562823382,0.56
0.1499032023144425,0.1516254780414225,0.0933974289353491,0.990322921104012,0.6983924229480521,0.0040324137439377,0.9015025019856998,0.1643283106906796,0.8209836381320919,0.102024211,0.023676164,0.214285714
0.7915381807788696,0.0017132469653469,0.5091265799551092,0.1271656476369006,0.0429560674542788,0.1877233514572152,0.8243285406016859,0.8601222400746927,0.5886210370069151,0.106362864,0.33369134,0.6
0.4007570321309351,0.0576954702135346,0.7814746556865058,0.9303586442031216,0.4684353936637166,0.0429987326539981,0.3536852131691377,0.1561193233160912,0.3108884158848134,0.043838062,0.085211608,0.72
0.3813704189016861,0.7176330801044064,0.2842405086487108,0.3459139478350775,0.947397513612901,0.6802401501330823,0.0321932357959555,0.5537453589941055,0.7418523899513688,0.306793932,0.349213657,0.0
0.5008321426383577,0.9079494047423232,0.6804754318468476,0.7973724908635434,0.0192735627287475,0.0718260131813487,0.2008039021491019,0.331922992314536,0.112153491311319,0.348680431,0.284863653,0.6
0.1880080520978702,0.1138031503163847,0.5696843829179484,0.2891137020149091,0.8505336757750195,0.1619133764505669,0.4098396569094873,0.493632092995418,0.5833685969592826,0.087918357,0.225869719,0.757894737
0.6516974278074382,0.2615018587200119,0.1283606302366046,0.3843755881723498,0.5495145791731285,0.3560733506606123,0.1490659676433605,0.4482397453705159,0.2151663449132695,0.097434886,0.489064523,0.0
0.81845285428217,0.5274328465799991,0.9795690598943696,0.6298722209766334,0.3446414768104464,0.3755031415961605,0.908824742553389,0.1349507699940364,0.6497822376836117,0.251604549,0.430950474,0.20625
0.3461394154390517,0.3463439585854559,0.7548795922124961,0.449846816787118,0.0327252353511623,0.127676604418948,0.4685672264995844,0.19365547972724,0.8981840537879408,0.135480521,0.160751072,0.571428571
0.4739678671901279,0.2389931967880737,0.724589894744294,0.1101367358807692,0.2044986178989453,0.7897541848286131,0.8711343287975858,0.7824647733725189,0.0320192275510327,0.157593742,0.486378881,0.552380952
0.5937003222699558,0.934086374637481,0.2598392005525682,0.1154730923812058,0.9725179321113456,0.8172545207320829,0.2006495176272914,0.1229422243600346,0.7785262129467865,0.399902778,0.439990477,0.0
0.2883998123683359,0.0106436379454465,0.1546100450837785,0.8289484676780842,0.4925766494085649,0.2045465409020683,0.4807398151374091,0.3130164334106273,0.917655723102005,0.059714401,0.100468899,0.327272727
0.2723816764437494,0.3486071289523257,0.1077005636827205,0.2272121793452476,0.6490325567273845,0.2073310932815126,0.9911021232015226,0.3194726230908097,0.1263085044882235,0.150008925,0.154170993,0.029268293
0.3725514306663037,0.4335325498452691,0.8250025454804845,0.8578570758514705,0.9663561997321354,0.4223210465828927,0.8114225308153581,0.0124914848562091,0.683332996497775,0.231513732,0.489896427,0.52173913
0.1499546768408647,0.0093409288467987,0.9829071161457872,0.5434575590149643,0.8233420950839743,0.9093906652946756,0.6073511134240867,0.5948375046598324,0.9882188977452012,0.104269813,0.369369952,0.333333333
0.2876479011312597,0.1542537069270323,0.1206522539854517,0.5372688597253297,0.3446485919603735,0.6692979777462444,0.240813252900773,0.124820366050094,0.5133973026564684,0.061023007,0.366879909,0.6
0.3434488696933254,0.2460079161566727,0.5971070631106632,0.2420265946181455,0.7927317183051854,0.2620268865390289,0.8025810107708179,0.084503151726368,0.6105108090536805,0.175934737,0.269796293,0.501492537
0.8625710970100785,0.1084301806775627,0.3812361486983663,0.1142668611826163,0.1838707616727432,0.4307653577243737,0.0471798352405795,0.9355321131520816,0.0623755265561296,0.065249972,0.446781372,0.48
0.9116201581724642,0.4717614112189124,0.7654867020977305,0.9486512111380994,0.8042494321311557,0.0308842958223527,0.9310339661497748,0.5174243029650522,0.832986061131983,0.331494084,0.131737951,0.211764706
0.4849567542980516,0.2446975628388891,0.6135593724259949,0.6493632320000836,0.285631862701272,0.4050661649256812,0.9565877132472876,0.9631452242578986,0.6609428167865679,0.157695283,0.358572123,0.0
0.6507957848310739,0.3375636572503075,0.6593190287063625,0.1103598552397503,0.3811619548126983,0.0752148446340659,0.6314958885253317,0.3721848214901181,0.3293044699330596,0.141345215,0.236232192,0.4896
0.8664959526481426,0.0024853898965396,0.5440774639869628,0.2545401952723837,0.7065340783297334,0.4085138548111862,0.4630307107559299,0.0398854714672529,0.4248063342820262,0.060243427,0.372941515,0.0
0.5686448148868487,0.3088461221294476,0.725690436031633,0.4369941011648781,0.3929811706485097,0.0021284624870936,0.9041685638505884,0.0254595524688389,0.285761537421291,0.145820272,0.060405782,0.586666667
0.4155655465972622,0.2832358294586216,0.9793837592652024,0.9743157149477614,0.6904584373562953,0.5286983375144579,0.7010478526565703,0.7088650376090441,0.8738402736703657,0.247585719,0.426618813,0.0
0.0217774793287014,0.1017514682750434,0.4096576538377042,0.4564781161950085,0.9310932251078772,0.6955074901094375,0.0497320559511618,0.2594683196348422,0.9162264077475438,0.094885376,0.288457776,0.133333333
0.5226273185098055,0.8609441768646899,0.2204810443478062,0.7799373777584504,0.4725808755002689,0.9827880269606596,0.1223043153664342,0.2270898700657886,0.3433751535795315,0.164157147,0.410790413,0.0
0.3988908317709165,0.0518509184323224,0.6844561985202232,0.8840737943037413,0.0827084619238783,0.0049253958946862,0.6422580852193119,0.554630425988928,0.1951751757230855,0.092263281,0.027515094,0.0
0.762885887346028,0.8214103244288518,0.4055392194415681,0.8879720437630712,0.9334449925909236,0.1568388536408946,0.6385886075798856,0.6242424676407472,0.8968556192306133,0.513395058,0.340284535,0.464
0.0923988694343972,0.2020715075843419,0.9208420447184408,0.7592796624898053,0.8957480399048237,0.5220661173759286,0.5810270017138148,0.4863206186209475,0.1098397527318079,0.107481225,0.290470953,0.442105263
0.1295309836873823,0.1719654821835996,0.3897520164240795,0.1480474880588157,0.2539220149352463,0.302698698533406,0.9422227701272328,0.721835289590256,0.0945493722975762,0.114182424,0.166439052,0.20952381
0.5683391273746081,0.4376059602387716,0.8873195159046746,0.9404224377733804,0.9058702947917374,0.9151359894165922,0.0294769049661152,0.7313392975709023,0.5110518914510153,0.107880498,0.384406434,0.15
0.6269701719870623,0.5873468745729145,0.6618726235825741,0.224484201657266,0.7353812217480239,0.6460751426930407,0.8921252431853626,0.984297721735074,0.0364479959741775,0.338632308,0.298207092,0.829411765
0.6666839801929937,0.9458010648872052,0.5754116469488355,0.3817596923069197,0.3304915150609018,0.2672062258651621,0.1875820528647631,0.0602263510309539,0.097144790667712,0.36046388,0.4921222,0.6
0.4859596217328441,0.2263849433584199,0.0863257203983286,0.1583739883627607,0.4208390156881363,0.3070202839715459,0.3907017993186534,0.7846882448535759,0.6413915061568572,0.103928841,0.249851356,0.505263158
0.9073009579865664,0.1627909018963728,0.6984510436835714,0.6354512022669291,0.7168235762001424,0.4546386718025392,0.9033557254148108,0.5374827506272135,0.9436888030977728,0.134024049,0.552619541,0.0
0.7826102484717389,0.1242930661821402,0.5483406646343043,0.990616597733096,0.3490962227914318,0.260910740057836,0.127512596549595,0.8887943244586687,0.5739047229942861,0.074294062,0.367646769,0.133333333
0.906691433035108,0.6840836644597419,0.3232223076265625,0.0369296015749175,0.3767757020957994,0.5138162182888786,0.1108372502371842,0.6295162835646749,0.5689101751759897,0.255774208,0.668878645,0.0
0.9410586178767676,0.2855425712504855,0.2460538788880056,0.7033595392742952,0.7539328845591978,0.6573122767987183,0.252540616359705,0.0919811065082742,0.3135347634254515,0.11555775,0.647477227,0.0
0.0818799565694957,0.6682961590518063,0.0998817818777534,0.6355529069631529,0.1438536867032718,0.1209451056185524,0.9894383893898736,0.7856236483778867,0.0547979308710611,0.302089359,0.103186385,0.715151515
0.3458816728524763,0.7543921308150916,0.5825999052545979,0.8928869740061358,0.6178400420508517,0.4788846636333173,0.5041355452074832,0.2774570142423084,0.4616886570646611,0.333326655,0.352600337,0.395294118
0.3355172602030739,0.6495301099344555,0.6528602141282543,0.8114711087902647,0.5081623138218261,0.9978863152247248,0.212614585756964,0.2565431527701429,0.5534294516601087,0.220910746,0.635597812,0.171428571
0.0065945594199817,0.1667393056504257,0.9207537100200532,0.7133007525083066,0.4092331290712934,0.0091844576277225,0.4479049904750389,0.7888250249885699,0.3235138996799511,0.058550576,0.021629069,0.1
0.6130604578380441,0.4571746068865644,0.2032511114163825,0.315897015497173,0.2598248493266055,0.9794024008221596,0.857276567023588,0.1273330643231406,0.296058535344771,0.21314697,0.663443032,0.498461538
0.1278172261582193,0.4225158106473248,0.7456495213696075,0.0124736710958799,0.1137040248596572,0.1286149606052335,0.7680096990992926,0.944507550149017,0.355685690669235,0.240615308,0.165643979,0.681818182
0.3661416584337859,0.6751951864468391,0.7487732723913454,0.982295988654552,0.2748737651798933,0.463083428307849,0.6736339777318673,0.96300854523193,0.0038958384341188,0.400341862,0.258936385,0.627692308
0.3885571733486723,0.356578466256461,0.5886666717624994,0.1982752488601241,0.6712054493996762,0.3238879570813859,0.9443322139809072,0.8183967937743172,0.4105333786257961,0.196459386,0.317012103,0.09
0.3736465963450759,0.0625826234430051,0.8169683449133864,0.3761492093346213,0.1685615645011967,0.2551236715513676,0.5120153390203115,0.8437413758104014,0.3531308615861477,0.082263206,0.245807062,0.0
0.7835939614172861,0.6511610440791487,0.720972498178349,0.9498603735073222,0.6748188828573938,0.3929387755064046,0.1144246417208478,0.0337843604055412,0.1954705001943684,0.214128341,0.414435062,0.4
0.5163786938205284,0.8872734590843638,0.0808005968656503,0.639500172745716,0.0752325661338848,0.747971676124369,0.4432811104015712,0.76792289097062,0.8263977281010206,0.391850289,0.622617443,0.0
0.3609830923196515,0.1884415015940782,0.796955990494152,0.0424979716780091,0.65963614144413,0.783166274918418,0.0674355104048601,0.3829257623024935,0.9738767211441928,0.109250734,0.390445619,0.333333333
0.424302320556683,0.8082377934689436,0.6793741739066239,0.9316966330401028,0.5074652861966897,0.0876553000416738,0.2998086455237723,0.9647480085809376,0.0227452913848498,0.309280316,0.103696859,0.763636364
0.4444753752692626,0.8011767538554104,0.6954102148723212,0.7078710441871072,0.5054525857366118,0.8579967401540051,0.5679920590382651,0.0047445220431608,0.0328401779674568,0.358895008,0.375436858,0.425
0.0747101616760961,0.2807983176016421,0.6602337598634035,0.0281749729776602,0.4776000920943597,0.8156615710101646,0.353959107936998,0.8003510286036882,0.7537617154105022,0.126261474,0.316608594,0.16
0.7751538682265615,0.5641039332421143,0.5287756705099427,0.15155184796867,0.6141529836551294,0.5042500863776895,0.481881492994068,0.1032524254518484,0.1600942522353845,0.149731159,0.390899618,0.6
0.7085051435526865,0.2284760439171869,0.8398157770236746,0.4738170267505387,0.480071854126565,0.7207367652286957,0.9896507837880142,0.2429178316820632,0.9287870120193532,0.201470604,0.512593766,0.088888889
0.676591864922221,0.9947531532911886,0.3522662453384136,0.4011582529603915,0.0471931730926802,0.17127566830765,0.1943301629919503,0.7063177539032699,0.5434528414762151,0.41597826,0.059268546,0.0
0.4908957129617348,0.03931643885033,0.2480323351476625,0.9883973775088796,0.4834995543677872,0.2869437599135905,0.4514780543475649,0.4659160076164943,0.7437772135991378,0.084084853,0.479281044,0.733333333
0.44608467967624,0.1339362329059296,0.7326596385108508,0.7041683994774852,0.3985112512914542,0.7161619872101712,0.4583009396858924,0.2200065276413479,0.979732085557864,0.115267006,0.39654438,0.25
0.3836738487889514,0.4602854482814942,0.887039273462356,0.1339214932525295,0.5544802829179248,0.3533395895839313,0.6134215399130913,0.8532915412720768,0.1399810491190297,0.262081459,0.365477228,0.709677419
0.5862301384819885,0.6377896425407319,0.1565836090407064,0.4922218970265358,0.3123046172089624,0.0309293172711235,0.3514377833906356,0.8517365486403787,0.1650515141761857,0.166518212,0.14362087,0.494117647
0.6252412076187125,0.1696834411860928,0.142981331153295,0.7139329724833274,0.1530628350606356,0.4635631201035134,0.8748691725053149,0.0580138238345845,0.2100659064325775,0.10034826,0.403956412,0.225
0.2775830711229485,0.4283631964978458,0.77352154486755,0.0469305938801014,0.3845196820023379,0.0885034896483628,0.2458084727496436,0.7728159695114026,0.9412519434486958,0.162871772,0.13677278,0.0
0.6925728849272808,0.9301901296228554,0.1475917165118487,0.1126634928940707,0.1715088712884834,0.3442794495515988,0.9343537332891289,0.5754187133755712,0.9381468488626874,0.444681608,0.335867507,0.115384615
0.9744107016297904,0.8720802144858031,0.2051663094211672,0.592318147367245,0.550812565795974,0.2389329196155383,0.8773895009184625,0.3434537678258882,0.5740828060872365,0.543304579,0.309251698,0.0
0.676949919432772,0.6139379639491152,0.2980168904666713,0.8660338120454084,0.8135583399605889,0.661984387376674,0.314502908475145,0.4511166512142991,0.7139552829853116,0.200932945,0.609241084,0.0
0.3598465237415069,0.3030464856063728,0.5935485603944882,0.1137762058011625,0.7089969842207656,0.9835590190399516,0.6240536686159711,0.2428730327084856,0.4828705245008968,0.199924682,0.461053032,0.533333333
0.1688888440489964,0.3611457390711065,0.6482308143841182,0.6601149321815164,0.4073543136626318,0.648488070559312,0.9829918742314324,0.561304522532224,0.0259652873323402,0.174235761,0.294652884,0.585714286
0.4918686506580749,0.7751962788364899,0.5247703590925483,0.7937769789025586,0.8206873793881567,0.4232571516995337,0.3316988717293165,0.8695278665283546,0.2141584616916712,0.210680175,0.351241415,0.45
0.8769042136020168,0.8934000363421746,0.6495480691441686,0.6538323414826639,0.0329235027640315,0.8214581848430759,0.2255703333186373,0.632195540546174,0.931742799054872,0.30442759,0.615774541,0.141176471
0.1949855937681869,0.705823480457592,0.8737274560919088,0.7221753665882595,0.2227142277759141,0.4126837730659041,0.5146855636710769,0.3980136439594499,0.7446468899921322,0.351109308,0.290490897,0.075
0.0463909817292512,0.0450047825199488,0.3639367995683119,0.9278772721855196,0.8639338338148803,0.2399067486045252,0.7080172693502689,0.6478663858659283,0.9584441311380992,0.147738732,0.114951178,0.048
0.1629216750589104,0.1890124409365523,0.4701043943509461,0.5298785344705939,0.2371102214225359,0.3048239849380345,0.3317116168136902,0.5855682534996431,0.1551943106371186,0.095436983,0.249809009,0.48
0.0201721397660334,0.2414207828249787,0.7218857813356298,0.3927759458105003,0.2243911154517773,0.3135046749240197,0.5635012923183307,0.1855343986605518,0.3933109655441348,0.206464779,0.086010014,0.0
0.1730318885879945,0.6572903509499405,0.6391299017207485,0.770496997322542,0.1231944979844271,0.973208344301732,0.9513218789055076,0.8360408640588342,0.9070411876928964,0.424784333,0.436651575,0.294339623
0.1787197160819649,0.2362770802072515,0.0763883564377418,0.7640115559684473,0.8920429274816016,0.6231286560461877,0.3403846170828768,0.5415246136291435,0.5741782576818014,0.09635962,0.32392251,0.553846154
0.874644259333615,0.1227797349188676,0.500454202917634,0.968170365809754,0.9998240301951588,0.0758870303542652,0.377645809768715,0.3769138499163924,0.4950761883534506,0.04761221,0.201960885,0.375
0.328264467480849,0.9499291586034728,0.2086442892155617,0.9120105187730864,0.7457197887163229,0.2731914719957335,0.7952437181777852,0.9045045346844022,0.00376126437605,0.406066664,0.140896779,0.05
0.9350516588659904,0.0010510552064877,0.995863716032266,0.8748736329100459,0.449039827886568,0.7381103270952524,0.3556334312303982,0.0587970903964454,0.6404875184335233,0.069050724,0.223852352,0.0
0.3341734949003215,0.1766345464127604,0.5724647497009454,0.1478126309989151,0.3616224618047268,0.4925373701291661,0.9980946302952076,0.0864094537911226,0.2850264862058599,0.119806332,0.444317585,0.556097561
0.2775980646971367,0.4701213840081314,0.5798022760392765,0.6927924699614381,0.91993084309278,0.5075689932742444,0.7711096970585103,0.6487823788680773,0.5156162589993019,0.296671926,0.394050521,0.124137931
0.8091455317749426,0.9263108050878762,0.9675214778893072,0.7596300437549091,0.0520200793298445,0.3793410558991701,0.0666653956568847,0.3042589644065088,0.5502566025818428,0.439792434,0.555961572,0.417391304
0.6907972333145325,0.3767743158750734,0.7561340348109727,0.0600270730750527,0.3529490697484428,0.712901238421065,0.3050437315198573,0.4367044535780191,0.8760658038292382,0.099950848,0.593664869,0.6
0.6462099604701848,0.8622058063766785,0.8516897059220787,0.3546409937509392,0.3605149129580138,0.6486642556049453,0.3850154034270731,0.707082946055637,0.0102486903345444,0.387243093,0.43444998,0.4
0.2259849393867294,0.2106281950615759,0.0040244301254441,0.4868558912099129,0.641627997017801,0.2303417211817676,0.1005511719890318,0.9423636103802256,0.5692851580028945,0.062233119,0.135763595,0.0
0.8927249840475573,0.5186655796683924,0.0120854741040101,0.9806021874275594,0.8650618127994714,0.6909050911596579,0.6967799011326591,0.0271022847275603,0.5204970829844254,0.219920677,0.519698825,0.345454545
0.7519063524497103,0.11732180429109,0.7165420007987625,0.141904659474227,0.3896123210362381,0.8378530895987457,0.7835314971070857,0.2907958297059074,0.7041518154765996,0.102697651,0.468124821,0.350561798
0.7239680550263127,0.5535861596447155,0.2353389755523272,0.5336956230780592,0.679411429366135,0.37588239181267,0.8840799429719984,0.2353947930127491,0.4791355567148561,0.228771471,0.486489447,0.795348837
0.0491216052635902,0.3830946186132143,0.6813673963857586,0.1122249160375608,0.3164737637037447,0.594292283328778,0.190854661341099,0.9175916911510912,0.6061183119390422,0.166221291,0.119471211,0.24
0.4123718128151991,0.9522107839583188,0.9077833244717302,0.3794912489187472,0.8750791541182309,0.8920257611740257,0.3227102537351087,0.8630412698432701,0.6795372541803011,0.439933537,0.308303929,0.15
0.2664556280459693,0.6800604226356187,0.9169645307083976,0.28423865518223,0.2201733545729903,0.3833986325381845,0.4200328075471032,0.9377224140042872,0.5832723967233908,0.164059416,0.345751075,0.6
0.4316992758926528,0.5016794555460492,0.4526995948397968,0.9354767880101872,0.7896608333764629,0.7680495808767606,0.7452560310472672,0.1393961934608985,0.4154293141610579,0.296441236,0.387446573,0.354545455
0.0898187229675205,0.6913694080054751,0.2677297834996062,0.1435846294992754,0.0325343875763078,0.624715961888426,0.1678324286244202,0.459044777031476,0.9183523030852804,0.219835021,0.187340161,0.109090909
0.9455070947517468,0.3146216305504287,0.5035374224220359,0.7846692550298405,0.6088325817803983,0.5253613454575196,0.9285604677604076,0.4184525182533126,0.2431912466674757,0.139867569,0.450638229,0.24
0.4387250137354161,0.3047214058877077,0.0725345668020462,0.9574327185109128,0.7940179757640244,0.2374053542303555,0.6431480951069461,0.4525315865067241,0.3243123091953092,0.154068824,0.414867297,0.567272727
0.4933827936217783,0.3994254397489502,0.2381014984532807,0.9145649652908324,0.5000919048572359,0.7015152234736006,0.8002385769002335,0.2981662683367738,0.4620863519861395,0.185423974,0.26986051,0.171428571
0.706937935345264,0.3783079498539684,0.3533738411085716,0.6710748169626819,0.0354625090340244,0.952743503942674,0.060770495927019,0.5165344188434196,0.2872339114515905,0.143202666,0.439926776,0.48
0.9650922936211844,0.3848532303335532,0.0714716795269859,0.1707176193323647,0.9137377556390908,0.3284868629799131,0.3948831596344804,0.4777959728557036,0.7548455893915241,0.110644354,0.414749634,0.6
0.1471315087234205,0.3626334684888287,0.4360204307707115,0.3145667837174358,0.5074964158094764,0.2231239217089008,0.453122504810607,0.4401515159409731,0.0645896736007202,0.106595419,0.196857354,0.705882353
0.7567465970914495,0.10747586335721,0.8784654779000823,0.8878367936957405,0.5970254844439323,0.7178425157419819,0.930405969851072,0.8076453641655637,0.6686854599877275,0.106628893,0.548403255,0.022222222
0.6745089604793455,0.8867809889606447,0.700127489988654,0.7180658167202081,0.4467685438790343,0.4035501555196185,0.8685147764049281,0.0231892158709835,0.8059295463179993,0.502949571,0.479743519,0.156521739
0.6194275874383743,0.4702945232058885,0.5138576560111517,0.0087806083365605,0.3671705873715,0.6430917635478872,0.9985818702105724,0.2413188136272188,0.7189533552284499,0.19875981,0.486474983,0.5952
0.0500733626955133,0.4988538499157069,0.2198494453400432,0.6933368018182693,0.0205722522800615,0.6714374409706002,0.319210450252992,0.3050462220136739,0.7929699711351244,0.116332445,0.190147543,0.0
0.8380072350361515,0.4230863529382453,0.245622344701973,0.3816981027802419,0.9439875276206824,0.0543297121569253,0.2219557996432825,0.0918817179931361,0.3249182391332242,0.131867467,0.180751579,0.225
0.7719188591242064,0.1300585030775255,0.0711570583132968,0.2369924227135524,0.1237193527573136,0.6223277317446175,0.1682037763965025,0.1646071239027993,0.965067036448632,0.056397619,0.503721338,0.0
0.4849504501628365,0.9824392407284064,0.0577010023263449,0.6886211682582047,0.2002081625479044,0.7332001784149754,0.2734128500468024,0.974709712661794,0.4079042609442486,0.268240568,0.444761153,0.218181818
0.9040340757454298,0.8285253720875366,0.5999530249247261,0.4552128054150824,0.4482633679032444,0.0711439836886825,0.1871552640089465,0.8808142260503323,0.6527626826389094,0.318144233,0.258320259,0.461538462
0.1534052579987256,0.8084958814420011,0.7160432215117655,0.2422296292449983,0.2770570676681478,0.0063423578430072,0.951363431376314,0.2699695250664397,0.7681243119929986,0.477670986,0.009669509,0.0
0.3100592366414438,0.967992989854438,0.7874801327997757,0.1631005690639597,0.379380796192587,0.2764929992606788,0.185960101951411,0.5265087497473849,0.2013167026364574,0.533505977,0.199535463,0.553846154
0.2884693379132542,0.9604203260121122,0.92770284714487,0.3140838892033495,0.0576120347189407,0.7473510823353808,0.9483312254217168,0.3058455285895144,0.8154717316473431,0.850224375,0.37642099,0.769230769
0.3457651745344022,0.952196568460362,0.1426417852341074,0.1197395689929164,0.6875198690201165,0.3211691653922234,0.8079317202013073,0.1505663545142401,0.4482060492749325,0.536569197,0.263709101,0.04137931
0.169488157613076,0.6552531647186528,0.5935695024710408,0.5099982148043588,0.8732513464192291,0.4807658624505765,0.40155853603098,0.6351108941887871,0.4422730294349882,0.243181301,0.213273208,0.6
0.4809394269512858,0.0595365501020667,0.274650326622029,0.6943068750517644,0.7253016890503642,0.535837495240305,0.5721028124577247,0.764391091409436,0.0749839380110668,0.094681987,0.428431367,0.15
0.2111695845991824,0.3580725426390859,0.4656880822134803,0.5893734897785824,0.6323432246917242,0.2201709404948233,0.7798373278252737,0.2919775280268234,0.0391546627585809,0.157804277,0.140344489,0.260869565
0.8534640127617062,0.2403440620942238,0.8906636267518463,0.9230141797531852,0.0859745278954629,0.6892434120576986,0.5684653784812924,0.5884389883722916,0.3073790170187881,0.162394044,0.499782402,0.117073171
0.0977757859320213,0.90444765366379,0.8989796051586904,0.439028608695999,0.0531030017020571,0.6170789420403291,0.91214212755283,0.111193363013306,0.67367986884144,0.651999372,0.24366837,0.0
0.3243520335846593,0.4281785185760921,0.6607843326087426,0.519634747099846,0.053130417474649,0.947627918335652,0.3676635498847614,0.995697584461204,0.3211820261950215,0.083830942,0.561491114,0.514285714
0.2536043730502391,0.3795507434192315,0.4627108013317768,0.9900110960850028,0.0238808528973507,0.6381767958320985,0.868811805775643,0.1397698590878325,0.2829881208826125,0.153728636,0.358244124,0.16
0.7459731807099346,0.3638090170252148,0.824891344698964,0.1264085550290979,0.1833686216116737,0.9076739518725602,0.8159663254027987,0.5053719899668001,0.2596623776824918,0.213477745,0.584234823,0.260869565
0.035913314665502,0.8039186494125599,0.1701294951174549,0.2014140555223817,0.261966607758847,0.1030539686045672,0.7066060466553868,0.0740847063964041,0.926525952757348,0.343743568,0.065954116,0.12
0.2226221967654148,0.1656127576590622,0.2489909627224078,0.4954076629191859,0.7073441542332216,0.584206569842058,0.9420398420269211,0.9121999900209058,0.6779856121003343,0.110662954,0.315424782,0.0
0.6022540088544283,0.3975014440433683,0.6054484666523566,0.8688738873526409,0.91820198183031,0.1248281844913087,0.4552433273817668,0.7439706344678167,0.7198705289706423,0.117828871,0.256607254,0.6
0.3168259559133857,0.4593963165586643,0.2029140669991949,0.8375829950915276,0.7241983830515846,0.5709268043414705,0.6204190731580731,0.9732135674918396,0.3431096965178909,0.164946435,0.399837917,0.148314607
0.6928994458176528,0.4157453929255752,0.7483868500704738,0.9663299431152768,0.9536259013621676,0.7241910529437643,0.769130819348462,0.7235203737995155,0.8457003553983078,0.223693713,0.421699802,0.0
0.985321273478844,0.9064587055763492,0.9043129413260332,0.1703318681833937,0.1286467075554036,0.2207710357509856,0.9642154083838472,0.0494602052822148,0.2875871231638526,0.55778725,0.388676871,0.072
0.2307818746625423,0.0511357651598738,0.4252606391193687,0.5266323043567598,0.3977566014855357,0.4138537541990429,0.4239513302791924,0.4060628795655743,0.1193564172557614,0.050885219,0.289940949,0.0
0.1267720728969422,0.0603739310321657,0.7093061570121537,0.3683598236991207,0.481648453049456,0.5261104435177036,0.6123340597759637,0.213540333824204,0.5625584952959111,0.08737632,0.316692109,0.456338028
0.998331073610818,0.7894605105263652,0.4976752240754071,0.2137542250711833,0.6684130022081274,0.3303103394766246,0.7266111758471204,0.7031712109223391,0.5855475757457138,0.373339258,0.482248869,0.547572816
0.7669673400439148,0.9890156159634198,0.0823758634557879,0.8918052281924289,0.4867571070081078,0.7700909402241604,0.6565198779574625,0.1872296743293933,0.5516952147223884,0.607270225,0.574015777,0.362264151
0.2370955523350527,0.3899559937463681,0.7384631009465493,0.4929062962688127,0.7293286148625895,0.5414415544032546,0.1928524885649721,0.5724446166744295,0.5411971095045726,0.131277175,0.399853504,0.24
0.6893821175105571,0.7291760695966565,0.4454360152985006,0.058380633189408,0.536901376627495,0.6237524221707282,0.8483492092676483,0.9728983110191852,0.5075954763280781,0.420310692,0.459766057,0.04
0.9137599012308436,0.9626232927477746,0.7077209533107085,0.4081357746087213,0.2283294669440804,0.4794446298224788,0.5238895501280294,0.7267803474901299,0.1524079609484828,0.628462662,0.447712441,0.565714286
0.9834262291157928,0.1442051306964469,0.2044004038973783,0.8128681984171208,0.2257810804468853,0.5208106933851994,0.2882374268282054,0.1646517639664138,0.4001548389620257,0.056359553,0.502409873,0.266666667
0.8283728596387719,0.1099192180099751,0.2783336738145122,0.0016896101507656,0.8585269535110739,0.1822263481953764,0.3997814613456931,0.1523327813519318,0.2678549509822229,0.071183842,0.385724688,0.471428571
0.7627100052681585,0.5419888627869137,0.4800049325204486,0.6273160108075236,0.0408005372168246,0.7569449657898216,0.684548925102735,0.9942062234822474,0.4876889005741631,0.179514171,0.55006872,0.0
0.3970940024776732,0.3156981750837018,0.6454517320507659,0.970507629222667,0.4240772202134731,0.4555490009202282,0.9436298819324268,0.7179511375224287,0.0497513788069587,0.224705166,0.377266835,0.656603774
0.5788962669388226,0.6166088143317683,0.5124193393929389,0.455846100121244,0.3332037305911067,0.2296528816463084,0.7362163601702104,0.4535169814441157,0.3327921626124678,0.275267539,0.381345867,0.456521739
0.0586878549226148,0.739857913049923,0.7674402048677162,0.514300915038678,0.6954053810834041,0.0205019631487372,0.4007302823421806,0.9217043236878169,0.4661468030099367,0.303557047,0.005880007,0.0
0.2884522918293548,0.8146869893362446,0.4816297055730214,0.731234673277681,0.6266797023782541,0.5046666873525776,0.410059484183518,0.2636890218684636,0.5587733629572483,0.243019043,0.534564909,0.0
0.1154167374683216,0.7119646098494544,0.9196085663534256,0.954627246141307,0.8124838048855592,0.1082307127205488,0.1473971774869164,0.4895946325761711,0.6599567320828403,0.24081761,0.110928087,0.063157895
0.2040981995815903,0.0464992959184775,0.8266176416581761,0.9551161090638592,0.7894574427615487,0.2704609195593559,0.177209075050751,0.7108095216965994,0.7549606235481899,0.048412777,0.265139278,0.052173913
0.9592849708287774,0.1236280167489731,0.8358781671567722,0.6236223625582188,0.734269113184714,0.0220716231439591,0.9560051164000564,0.5833301076228946,0.7002992377247427,0.127905451,0.109280644,0.136363636
0.6568900067357539,0.391269973086141,0.0655003220001346,0.2462288509850365,0.2855349200904132,0.7761267638857158,0.4469068129763288,0.7186413372853839,0.2911182619623231,0.104415428,0.533031176,0.466666667
0.968648178593482,0.2375090721035733,0.0371324115903379,0.5191759122842993,0.9995857357986392,0.83150071973333,0.4895439730641213,0.4797315769246582,0.0367224843356764,0.071567399,0.599606639,0.25
0.3995189290025119,0.3389605845598777,0.8172723640541455,0.8292037076292623,0.6907100757539153,0.0669562347987432,0.5240162693748454,0.9431764106506144,0.2407074631574042,0.196773838,0.139266263,0.408
0.654064865182005,0.1978552865226716,0.6529023973652193,0.3638078195858603,0.093458277757351,0.0597891332704026,0.435446884237765,0.8809513832818553,0.0936994354294733,0.076632793,0.086405004,0.12
0.4590815542815453,0.5267507226731413,0.2379490808714069,0.913638162959411,0.5208252697046146,0.2937553197539747,0.9851876082695784,0.0522243350966419,0.1244820768490806,0.187361671,0.344329984,0.358208955
0.7189099554812816,0.506170851337653,0.5423902363732221,0.5842842202396067,0.7991816154476098,0.9335362206608736,0.0871037795005563,0.77779329769339,0.6519163537715135,0.148354934,0.575547785,0.092307692
0.0503141209224864,0.0705220208659354,0.5908890930779936,0.6294525302630264,0.2037754384959113,0.1899008530244882,0.8564035024110394,0.5589434046053023,0.1360648313095276,0.087548361,0.179024131,0.658823529
0.6772390131495761,0.5260129209940528,0.4213757970578744,0.1746465461201476,0.1858720659474072,0.6913279683636254,0.0368587547793253,0.930371132968966,0.5938772681440307,0.147987776,0.715467916,0.514285714
0.3193551489007915,0.4325651392730959,0.4813173652738941,0.9098503608700657,0.685658306939543,0.3683428079758337,0.3624517181971136,0.0027125033553563,0.6384637356121649,0.200227209,0.336573575,0.0
0.2118088036391344,0.2684718920994795,0.8228268931042607,0.2596966810684693,0.2853112953264914,0.3077116436451503,0.9647881119737473,0.5544031216620288,0.3652391067323031,0.188119598,0.219907711,0.536170213
0.7966207507942216,0.4790513009620228,0.6811827519900187,0.3542981136251473,0.7280632656722031,0.4633361092849988,0.0965895874279141,0.207367601794197,0.0458619029671917,0.131206432,0.373168883,0.821052632
0.6006321504232728,0.5050478408206579,0.9320557416177424,0.396456759548168,0.0780820181666862,0.9408250381954032,0.0317864151658573,0.7685206442180776,0.0200682270648118,0.220438308,0.312091022,0.864
0.1389160005639773,0.5694592924113833,0.7001278647745395,0.0662835888168619,0.730486408178448,0.1901231306343431,0.3344774278101684,0.2503166999522944,0.9556606314754096,0.197706917,0.04329025,0.171428571
0.2240960189306561,0.8736838983864204,0.4184800680286471,0.4786608410450006,0.5313750261491791,0.2248068192488618,0.8574255420945558,0.9268277730539838,0.7232364350387235,0.551268147,0.17922505,0.184615385
0.3891346838928111,0.603486370795106,0.5283518135359284,0.5442444037453971,0.4937799589259257,0.2003419281517555,0.9524819327561218,0.3057332826637405,0.1353201446943432,0.270233803,0.290389629,0.658064516
0.5714938710161684,0.2641571916838262,0.2403714465825125,0.1115705170615568,0.588000298866743,0.6142975851910949,0.1457682820821915,0.4637611908884429,0.4517377864655657,0.101810341,0.499340535,0.378947368
0.7299487430491894,0.7432176261493565,0.6644820917509237,0.5501688589065559,0.8457082156468417,0.1878202307458073,0.4949929407226078,0.6708475783056566,0.8319884847393788,0.287670985,0.369443039,0.171428571
0.5101614209467286,0.4581482384587549,0.8646686470327334,0.282329090744011,0.762858063348608,0.0449644860364674,0.2141858834127308,0.4269721236015736,0.3447866489045692,0.162372764,0.099971241,0.533333333
0.902454123451309,0.1687698228260393,0.253751573184153,0.811586728112073,0.4828367522498353,0.4379594379300544,0.1590970960746061,0.9342427888034972,0.4376718883652221,0.089840383,0.544263331,0.494117647
0.1350650242295384,0.3081191877819983,0.5357522913987139,0.1521044844805711,0.5951158524377069,0.6466579388014042,0.5141890268030768,0.3357546115075981,0.4224109343861584,0.184788512,0.309132029,0.3
0.0531209148158995,0.075699259013201,0.3873800174546898,0.5381030920756635,0.0873633716025923,0.8291778155677171,0.7663012830630563,0.6016839990906209,0.7346723409318764,0.127018523,0.308209396,0.387096774
0.7089367520614563,0.7652887613703205,0.2467585879875076,0.2831788695915016,0.2048524367923764,0.1759729892146332,0.5346559710338876,0.8748344997581412,0.9461343523146288,0.382888478,0.241817684,0.157377049
0.1598529549478325,0.3342430029335527,0.1815102220148653,0.6114118587388058,0.7946806251706457,0.6818056643165915,0.7889283364275337,0.9732327647441472,0.4641383797247471,0.179996946,0.353018697,0.492857143
0.4020955279775391,0.7015067943778979,0.7381225178328106,0.5089550742538395,0.3603583673907868,0.8309217350000283,0.3089297631652692,0.7434452756383949,0.0793109611229192,0.278734932,0.429348943,0.2
0.2060069514522169,0.8031235915420547,0.3184290212502021,0.3218987029823464,0.4913493789748725,0.0424286389093325,0.8176869539746783,0.0298051617390403,0.7686196355566992,0.439929652,0.075481472,0.24
0.2263545909482662,0.9934218803810204,0.4340140856753631,0.5777141713337776,0.2975454916314605,0.5716463530635579,0.3848699724919419,0.5010953732138752,0.3387577384991324,0.37831238,0.391421906,0.0
0.6320232953834212,0.111816746352635,0.1274028417518782,0.9336000566523812,0.0133150166125842,0.7678624358476598,0.5582411444314498,0.2294448014926022,0.6144903749414321,0.126398572,0.464270944,0.052173913
0.5590917863624862,0.7663033907502496,0.8144457559254327,0.7605805411832388,0.5136794347446914,0.0643586548781691,0.7917883168212472,0.2409477437060845,0.9241495202651694,0.464386515,0.163594265,0.665060241
0.4131399173937689,0.4000100525691796,0.605684530985291,0.5334398640353645,0.2972976090150742,0.0494578604801251,0.5221433346652509,0.8602341663103965,0.9775404765757228,0.213948603,0.058381797,0.0
0.246119771252585,0.7314118580961071,0.9450303760040918,0.4562410131195707,0.720055563489161,0.4547607532089517,0.0877176128540336,0.3442891623215178,0.7590086229175089,0.26842779,0.245696008,0.0
0.1914440825852942,0.6256439100268235,0.5552447508412789,0.9455444578714258,0.2064132419896689,0.1761878752438669,0.6627453309861692,0.3695318176054729,0.7786257772802521,0.401374149,0.178454362,0.432
0.3086350884915253,0.5025187387291167,0.944118632631599,0.9975696496758796,0.6745607648805697,0.06786817989033,0.2321876888450988,0.6361048152694903,0.8231705300699357,0.172771541,0.110405635,0.553846154
0.8255390279996894,0.9644005872098376,0.3406261271620076,0.2911172661608097,0.536490737740165,0.5911340018140323,0.8129621384892385,0.1499632279491152,0.0470583135048909,0.566496137,0.529824825,0.1
0.2711571972760839,0.5369125481004678,0.520962917727265,0.7260356532037419,0.8136911925014976,0.6524277365102569,0.0879081993106152,0.5922177636151643,0.6760718720145709,0.146877775,0.504151855,0.48
0.6081918414959286,0.5284126358923418,0.953613404415388,0.0071284624019164,0.7358575366656895,0.587984762161036,0.3904912580521021,0.8624861324686588,0.5171126259869683,0.193194983,0.449367238,0.0
0.5632422524217718,0.8412783291620074,0.7316338023204261,0.1762245298212785,0.4299098027224496,0.0759580775998246,0.4872499919121484,0.6691368388147209,0.66706302378667,0.362791399,0.183302266,0.757894737
0.8586158354759257,0.3663334581033146,0.5663692019920816,0.3905660288800787,0.0406720403567923,0.6130253978215622,0.2126663446384521,0.6044535305047868,0.4484152288815154,0.068450946,0.478847094,0.533333333
0.5906323111042948,0.6963071736629616,0.8332101569178972,0.3979028788702086,0.6426251114492222,0.8260011065177462,0.1352851811313458,0.664392211297766,0.472937296241961,0.153203519,0.832162599,0.0
0.0444143099289895,0.0207887605236742,0.0932573483224997,0.6865204255732749,0.1931236829821399,0.0296458988331119,0.9485950854889236,0.8955502484297294,0.8005991064598402,0.087067003,0.039933213,0.461538462
0.7624090322714536,0.6794987362030321,0.5447239141203967,0.4595118731817732,0.7283518730146858,0.3178479470759651,0.4391419322793193,0.0855895720348229,0.4433083251266,0.229542441,0.256842955,0.4
0.2590341479654582,0.5408435303347124,0.8681666839417213,0.7212542950760469,0.6402557501693279,0.6168976510254695,0.4190069332024113,0.5368883568471099,0.4229977181724024,0.223293769,0.404910011,0.442105263
0.2699514018408238,0.3607447441546237,0.4998880734616171,0.6860087927188604,0.7818887885603288,0.6017517017134385,0.5829967234713235,0.3135367818620248,0.2575139228737683,0.176397917,0.367118057,0.316981132
0.6594778577790681,0.907245378697034,0.7513058863693193,0.6976719169377879,0.5272103346889885,0.2436392467180955,0.6702419108195532,0.2679288403884146,0.8430144282250607,0.630869275,0.270292576,0.0
0.768912442465442,0.868473467927075,0.1659159948561528,0.8443769961795975,0.8794576598310118,0.3121450927131238,0.6712247423342782,0.9847189673902832,0.428536377313247,0.522074183,0.287173616,0.0
0.1480587622402693,0.7710434306693885,0.3521661763593359,0.1447026345724837,0.1993437508347785,0.0951733900671096,0.1485355087744271,0.7217353931931695,0.3188554635065024,0.226434356,0.300842108,0.0
0.467821195006028,0.4642821617976781,0.6893610829970784,0.6323366708509189,0.2530647102623402,0.3000631906351493,0.700230530291185,0.9869608575333844,0.2264204235125201,0.220623919,0.314930165,0.305454545
0.4869013580012835,0.797359409019167,0.9384130065875358,0.8784987938438377,0.4633891298117354,0.1560865473664106,0.1660785873203171,0.4642250514702811,0.3275084477805654,0.278848951,0.340479714,0.292682927
0.5294099397522571,0.069951375524992,0.9782989561279382,0.6441443674114021,0.5666753894067958,0.0564166498912891,0.4731477400011948,0.8904863010180186,0.2262062693780347,0.068981875,0.138348159,0.494117647
0.4764413565544789,0.0434201549134734,0.5447127462870198,0.6914912861217308,0.7507193401814964,0.0974718001167261,0.844185063775685,0.4417390003696909,0.6467973467074148,0.094462151,0.157990477,0.125
0.4638653479626717,0.2805327609223075,0.6158870625544939,0.5532798305233417,0.9946809451128308,0.0584045515185854,0.6756782014932414,0.3626253154965089,0.2975685149363687,0.119826864,0.160753118,0.605504587
0.924554429210186,0.8499992752476284,0.8323823124486877,0.5017236531794023,0.3023077218671185,0.1069777940597471,0.697284364165284,0.0123285412419826,0.4507478623725368,0.426392463,0.227042048,0.204878049
0.3758021996292175,0.2380011654180942,0.6951651350933543,0.3626936618225763,0.9262355902460412,0.2604516561033128,0.5022973966898718,0.5625228278090463,0.1309421420787525,0.14688161,0.204109264,0.036363636
0.96053058104589,0.3043956494361459,0.4374485459116364,0.177522191245203,0.8224022923527161,0.4903412185832951,0.5454628925644908,0.946974816860912,0.1321313060940161,0.135050597,0.368026124,0.229787234
0.5015914326453111,0.3844700242455225,0.8170567513275997,0.4695537301857002,0.4915357677281728,0.3521541069084253,0.3400915656641073,0.4495171252885206,0.675756133712797,0.177505747,0.28155273,0.0
0.9516247770940582,0.0063020159492375,0.7450587046618768,0.1239580844927298,0.903800133701474,0.0672650154375293,0.1743926179379524,0.4882122782189522,0.150512131880386,0.057668378,0.179818249,0.6
0.1904567558220006,0.0394786830231206,0.528543912225512,0.500423366197981,0.194589029451212,0.641882429484568,0.0293044019355995,0.3901522826035998,0.6750997466814003,0.072038711,0.119076965,0.0
0.1508747733311557,0.7558347345829218,0.3244433563968332,0.5352031762477073,0.7859636607093194,0.6790112729036466,0.5031978970095415,0.8817788253123395,0.814844857897814,0.486599546,0.377685287,0.0
0.3466996874136633,0.5440581871436636,0.6126071533621466,0.2541825331901985,0.5128008637830863,0.4440942862134717,0.1213814133983073,0.9465616739789086,0.9806913300356036,0.142352804,0.377723619,0.461538462
0.3648429792848034,0.0784631143920169,0.9073475841036708,0.0916691547027399,0.2139084773426336,0.8442612032600006,0.3723114148836373,0.5533047233144082,0.9754813617355044,0.088604564,0.4473477,0.56
0.2803791864470752,0.3000066603161695,0.3561274174703528,0.8752963083836931,0.4313903612452995,0.633249084183822,0.2415652129086358,0.2173028778911142,0.1227922590748524,0.101653897,0.310361837,0.24
0.1839065463747288,0.8530591771669549,0.5717337496761992,0.8102058674531558,0.291076872898197,0.8661846815537763,0.9263327581838244,0.7377293884204821,0.6852700828408955,0.604752081,0.445787341,0.259459459
0.1156035358494134,0.9743292955092008,0.3039168260120943,0.5853775852196212,0.5836966323935128,0.3209229429703839,0.2089058448978039,0.0017319332524723,0.7381947829377149,0.396562684,0.171723578,0.461538462
0.3784112899347178,0.2800573176627959,0.4696040707136764,0.3271734681670506,0.6084106465198443,0.4159909284886649,0.3018439323807153,0.3955355249481784,0.1498356177689086,0.114864578,0.322026023,0.6
0.6109806691679964,0.1673328748778817,0.2894832945650422,0.238379561458179,0.9457702454470388,0.8051959395963901,0.8536083067530819,0.44645195803018,0.4827268041980228,0.104094626,0.525944183,0.534782609
0.5013333268914563,0.0239264038555968,0.3064399172841401,0.0072877023382602,0.1949655591277168,0.6924728571064656,0.1178990621602057,0.0400821867851979,0.2965623795213574,0.053645144,0.576133696,0.352941176
0.1056766374537891,0.7808275218553667,0.6715079890186766,0.075799761213006,0.7599622960015072,0.8864228677561876,0.164157554469253,0.2102205155494382,0.0881038308603875,0.290335417,0.151634571,0.218181818
0.5138906783387843,0.7171250989848077,0.0440008933267211,0.4956414719797669,0.9743552726328684,0.448602765457987,0.1601761231816175,0.0246888025887732,0.0812953838296022,0.213409594,0.514806393,0.425806452
0.2614843207440818,0.5519016524552363,0.3693751447550093,0.591734293623601,0.9870008869927708,0.4812890939051527,0.6807136267099743,0.5143542610318552,0.6094593836710545,0.274539167,0.441831107,0.501265823
0.3685691366423821,0.7337852986021803,0.7469992425992271,0.9235924440919046,0.6131990283014328,0.5342546038976758,0.9947530628071458,0.5698029323396093,0.2482823311953489,0.386552294,0.384717212,0.133333333
0.1747383551477094,0.0926955789090584,0.0140158797837302,0.7485826904081485,0.6360034714951185,0.6907600720392022,0.844088835550677,0.0107431289026164,0.5013623639560408,0.0998197,0.354272989,0.138461538
0.5636068418531758,0.4287024925023099,0.5854454724939466,0.3976314258088611,0.4136461588026153,0.4881059104058166,0.4687259293647208,0.8470764286544279,0.705942971355798,0.142908361,0.552561309,0.3
0.2593071022385266,0.6784849862734887,0.4575292183308957,0.3291068548580107,0.7453138415116768,0.5162043035861846,0.2442511772744846,0.0337456524987163,0.2650723988385195,0.173228039,0.270412305,0.24
0.4804603448501071,0.1899605467723472,0.3299482748994926,0.7581804895027532,0.6564809375774976,0.5378765287015363,0.7585694700310581,0.2981804149977076,0.9169215684716754,0.178038185,0.46801665,0.743661972
0.913431759781838,0.3387994133765962,0.7517843394969499,0.2499322177945246,0.98741309014546,0.3777305539100668,0.4400976892865716,0.1882150855789338,0.1215892492130931,0.051788634,0.472833711,0.6
0.041650852152814,0.0867406076414933,0.3776841255816517,0.8235607042006164,0.0730460982537767,0.3206201232603508,0.1371207883393442,0.4780353608095952,0.0458679637989539,0.070877085,0.135128879,0.5
0.2869621517153956,0.6460378985390065,0.2934675268621743,0.9541842914807912,0.0493855077166942,0.4683517215000216,0.075927413492985,0.2756340099716158,0.3834316318978362,0.241700434,0.258391976,0.0
0.418792973713527,0.4022669527000446,0.960035232075626,0.2461674186711984,0.0583531629700944,0.0352569911863943,0.8057447741374719,0.5510250306659463,0.0701751915924957,0.197299065,0.089110636,0.369230769
0.0387635586554444,0.3253014475717406,0.4896999751935531,0.0161770893656926,0.9825247362624308,0.6477778600870465,0.6991307664655143,0.2188709855749111,0.2166209266645743,0.17399218,0.185857669,0.3
0.8073975119276003,0.4440707477177551,0.9077379263277836,0.5541364737393711,0.6447068832626754,0.6210793955253998,0.0161675482561002,0.9775798285871472,0.1044308384699773,0.153766462,0.468260587,0.0
0.4147567872523573,0.7106175100356259,0.3148401128479435,0.8263005809555962,0.3102183105894809,0.3300842212913949,0.3690576486272421,0.9988435042448812,0.5140231039656855,0.286230303,0.199481596,0.56
0.5322728719098405,0.9950013116501596,0.8825671841598128,0.8761570779887582,0.5208498546078254,0.0579308184952233,0.1681915549747256,0.1280809319548334,0.98860601941977,0.541818122,0.184243844,0.428571429
0.9295654365126688,0.7947396866064051,0.603007411593801,0.4809963784552932,0.1022426758015521,0.4698222828081363,0.5810043474501462,0.9245164561083642,0.6711061039155343,0.517213931,0.503828425,0.445714286
0.9293400703518908,0.6474641093303196,0.0481810018523354,0.5657463964945264,0.8754295173568769,0.9629374760337616,0.4916959658647851,0.1751494095690696,0.6742471580828333,0.221381413,0.430748391,0.0
0.2775468352721184,0.9648867982680304,0.159005686227871,0.3740459127523204,0.116811717886245,0.751952016398399,0.0868627807627494,0.3995670304289574,0.3113119947056946,0.401974041,0.306141306,0.4
0.6710293908888042,0.3610168110524205,0.7415627388963494,0.9485267230735486,0.2760064864799808,0.351656390019624,0.6541132066731653,0.1547360130300605,0.1967150567670249,0.176160579,0.263102409,0.0
0.4723624937789541,0.6315560984338942,0.3697672394069986,0.2401736703536021,0.9169572679358652,0.5397496257024925,0.8832342766911702,0.6828000782840776,0.597561400490579,0.275177292,0.310776887,0.0
0.813368706608393,0.843811036918944,0.3430113195418907,0.8810374554818249,0.5277703296400168,0.0199941299301997,0.2392145325815344,0.6687624149048776,0.3635552601335143,0.334778242,0.179622479,0.757894737
0.729368717432221,0.0361222649928388,0.0990949126667172,0.9983389579585478,0.6843526455216707,0.759999187617738,0.1460860554057232,0.7060064684468752,0.104909455133311,0.044956781,0.385220922,0.369230769
0.4001524703102178,0.596939892065637,0.3175770864247801,0.4113844846701016,0.8146438061298714,0.8354994674075188,0.5160426526331888,0.0171191376815088,0.3255960646406413,0.234449363,0.448472121,0.354545455
0.0585461334823984,0.3812813522068982,0.1831675316287218,0.7032958884541364,0.629794977374634,0.1507953473903003,0.1543847313502724,0.1558875513782943,0.3808236429600972,0.130279645,0.103406676,0.0
0.9592478068964092,0.5200950647697954,0.4483091783860501,0.7479954037285229,0.5364727117574484,0.1081862919920511,0.0756352808304793,0.1307576438688338,0.1074858281011975,0.137112022,0.346806946,0.525
0.6937773704467101,0.1842399375459849,0.7141919482194256,0.0173773031192225,0.0728056452940072,0.2965818776775365,0.7985052009691774,0.8025957150453878,0.9399051784669272,0.113526055,0.455600124,0.053333333
0.9089359340706328,0.5136535180426869,0.3247841707048545,0.4843392067693529,0.4853160746513851,0.2829312822252905,0.8027471560870685,0.6140427377517856,0.9274810733745764,0.296477254,0.334186435,0.0
0.985849592007104,0.1448306536489885,0.9536024230397616,0.0108275858475256,0.4375965131750109,0.5715102609836796,0.6164519657669358,0.9516238405652732,0.2777164391875951,0.137114829,0.495810854,0.488888889
0.5233167845668337,0.3915969011703641,0.7421967683252191,0.1436893580858737,0.3044960281065972,0.2325125065609498,0.346730934274413,0.3367469800690588,0.60661848246896,0.14582167,0.271672335,0.2
0.294914075044366,0.4245159829529027,0.204050220598706,0.5885518663506697,0.2372279728422183,0.745247783329014,0.5587333314198961,0.1402993375817873,0.2300698641919991,0.222799535,0.349880797,0.046153846
0.9152676899910204,0.6636716104955337,0.5403852327483127,0.7033614231272907,0.4836471105609243,0.4812564826701389,0.0842905429064798,0.083663456108982,0.2543270076365828,0.239031098,0.366119398,0.0
0.4522091726527053,0.5215108411332187,0.0643399017214373,0.9263674047807064,0.1031446114100854,0.3847509505350847,0.1488037098407378,0.2553931648449759,0.6201718764929268,0.138554757,0.299886934,0.2
0.7022876823556501,0.4461516644667028,0.1547655833232194,0.0429645294601154,0.8500291771578754,0.5629369902954824,0.4377070058728272,0.819027722443555,0.9054515329275103,0.10954278,0.662416454,0.525
0.3583309705700305,0.925007304406745,0.7894299163565422,0.0556331161713844,0.7289723107878969,0.6412475139811156,0.9465186736959244,0.7726580537447849,0.7953042041423527,0.630964901,0.354471492,0.073469388
0.7629945910393486,0.8675411305234423,0.0559689141135651,0.516225965991701,0.3305708963703537,0.2542258724042169,0.3991103944111294,0.5240247275342288,0.3967910494476587,0.326758111,0.497006809,0.675
0.5445506961426452,0.0673877562021335,0.996372285343516,0.5083846434410944,0.731816947608665,0.5456293633239488,0.2071642621208205,0.2768360845410813,0.1637601555334571,0.062733369,0.441776411,0.266666667
0.6919675370150958,0.4514848630862803,0.8654704250142876,0.3655155007954493,0.9901724293873334,0.4712660928405026,0.5682470034633499,0.182918630688284,0.0490271985356777,0.201438654,0.5193791,0.694214876
0.0488564218299314,0.0890766082740858,0.8346347326293126,0.9498402260613812,0.7440542379396428,0.4409256341162395,0.9987306114199886,0.9014597849759108,0.8353612834551333,0.112639712,0.234081371,0.282352941
0.1893453320114375,0.4707013731105289,0.4553680014589923,0.2007285043035015,0.1308790860655267,0.891055088827104,0.7482933136891303,0.4678966897455443,0.6526063173237461,0.24779205,0.370142936,0.0
0.4446181280667571,0.1960390251326825,0.6027001815044374,0.8475981664894267,0.1901075791594141,0.2761795302757183,0.4767575338141874,0.2745866571590053,0.8724628513542949,0.07825839,0.277243815,0.6
0.4482901820223463,0.8757494836440264,0.6464981707772514,0.5179493386016625,0.2677352755858406,0.4585103073651145,0.7861197811634688,0.3377633176179544,0.1601146262651528,0.451890347,0.219013068,0.092307692
0.8771541001816783,0.3637457118650403,0.1404448943552768,0.221124419104038,0.6614321617572927,0.2038236866796675,0.9372715062864106,0.3296365165778013,0.3806651087408197,0.21126824,0.426891936,0.726760563
0.0008083009433783,0.6669722054495317,0.5788339415072867,0.9623671103918836,0.6209593158732822,0.0635264728070391,0.8661640387240235,0.8663772690043016,0.1559608655404144,0.339301789,0.0400891,0.533333333
0.722910988439463,0.561099515647124,0.7339479668997614,0.9991965854058455,0.0126974902246389,0.8596555804809779,0.8972475139531477,0.3545070857333046,0.1219950284037032,0.263321447,0.417168867,0.426666667
0.6551832041692441,0.493531016144199,0.1507237951034281,0.5974628767275718,0.174685858671809,0.7717915821458409,0.903066274120389,0.0160429071278794,0.9072402360271812,0.31023731,0.557859881,0.184615385
0.9757556675068108,0.2410872997171302,0.939026728872536,0.1620209025328268,0.323798257898819,0.9763162057711708,0.363914530951443,0.6121883775082095,0.8420740388858592,0.127772373,0.496723138,0.0
0.6596660739450014,0.0924353322537185,0.7574195514005572,0.3695766237679827,0.4195498015404244,0.1166622949194748,0.1561660862297121,0.720615010949625,0.3643218037436472,0.084916415,0.124540098,0.5
0.7468903154002637,0.3899380007497187,0.478884739489377,0.9169132877718178,0.9789950721792844,0.7552873542124722,0.145829606276966,0.4193517206580338,0.0791278186019439,0.10569911,0.260570253,0.6
0.7078087022785813,0.041250865389195,0.9752811605233992,0.1323840033287036,0.146602564147125,0.1134450792493071,0.6956715167631755,0.7246101783046357,0.2399798877212826,0.124227895,0.295039309,0.471428571
0.8251080121971835,0.8559492722023893,0.7899508001497707,0.2545277336497847,0.2452944970644849,0.8579734214130832,0.4332393809621669,0.2983911665643994,0.730865077402996,0.484363367,0.725145976,0.24
0.2599115145824991,0.9195514018704029,0.918570892894456,0.4917533784701998,0.0379684363836068,0.2275231973491684,0.3055767824354211,0.2698184541013905,0.5394829111662758,0.368166148,0.26130587,0.0
0.4903142687788416,0.9745945100771888,0.3186144566084495,0.0648080502446293,0.8852674849584838,0.3127492357593582,0.1276535086918361,0.0833931946860825,0.9052299215818138,0.383601881,0.418576586,0.133333333
0.1089426483026073,0.6049276326299349,0.1697640698904819,0.3173174496127966,0.6400474002815618,0.006513984871591,0.5537746891403433,0.398035643308158,0.9115076544863532,0.272717993,0.01712256,0.0
0.2324359190956515,0.3334300489591943,0.1407181530952853,0.3681682283955885,0.7678233407131516,0.7332779630931026,0.7695709232106333,0.3134622879272334,0.0772187621555826,0.131956297,0.426470713,0.607594937
0.2650216932915371,0.2235522190759737,0.8029274330224242,0.9483925756440236,0.9949235838818808,0.9295390728301192,0.9494929888309512,0.1322979185634881,0.8347206337877162,0.10766491,0.434552937,0.0
0.4325136220372306,0.1824116601552884,0.5422894087476292,0.3767879068806701,0.5842296301872018,0.63133095621659,0.7077081151503677,0.050796960595693,0.5273320194531057,0.106122776,0.434025802,0.15483871
0.5471058996144463,0.7595198815937456,0.365104602815809,0.8717199105514664,0.9292500366575984,0.107829551328594,0.300746454634006,0.5554091051550123,0.1665759950647828,0.28067351,0.09580814,0.24
0.4947411999814578,0.6722689909571927,0.372103445076024,0.5175745395932531,0.1643632477899547,0.4426235136983876,0.3009320890526707,0.668188490757848,0.2394816089342315,0.145104507,0.297674388,0.733333333
0.7812930958520571,0.7311554637265316,0.7514008816291002,0.1231100573495042,0.2270323384569643,0.9586216447337088,0.4051310081787627,0.7819524381517026,0.381963935692697,0.240949159,0.584104519,0.066666667
0.2654815035967383,0.9303146185804227,0.8665264650366443,0.947405232170448,0.8484522635409071,0.4625445780363242,0.3145583663273575,0.2190907388062496,0.6906395598502758,0.478399441,0.305193218,0.0
0.5788673700949288,0.0887942370460515,0.4868982894850041,0.9340551798653433,0.8198757482528379,0.8917907195207182,0.8641965751283164,0.6117677051673122,0.9059010785019468,0.093689573,0.495028269,0.196721311
0.7895349143533618,0.7067788690178687,0.0631851727709416,0.2170461977018538,0.6252420277463286,0.4439750866149725,0.341634938405764,0.4274828120923555,0.3250082960413906,0.163352614,0.331796935,0.0
0.4974294514046384,0.0089951856771679,0.3004865476646101,0.1092437322080682,0.9901289777878142,0.4752472536945173,0.3163351076705744,0.8354193185188933,0.3645843891638319,0.052550165,0.572438507,0.436363636
0.5479176284466996,0.9037728256767956,0.4033915873921752,0.7041028217676341,0.7447593754567028,0.3213768520446322,0.8365808025682854,0.6026289253742998,0.5938711349390411,0.605372895,0.36619602,0.314754098
0.4293196358890967,0.0346395485148736,0.8745430773524652,0.605527760846165,0.7728478485044689,0.9124404977894196,0.0723250228213324,0.6158761219613232,0.1530303328198239,0.06014788,0.202313478,0.266666667
0.663945132824766,0.6931521229152421,0.8659158365378917,0.1851542557158435,0.3959077663444127,0.6626848154051147,0.1945289260734254,0.3112289660497604,0.6092395192333887,0.282694332,0.4603916,0.436363636
0.9319409454449546,0.4572785531162043,0.9138814993985324,0.7375009247989802,0.2877367658896498,0.3266502204014755,0.5480261375662238,0.1474892933543692,0.0369901609143913,0.217722884,0.278937617,0.530232558
0.5848322694605388,0.0864400171958256,0.9613884227378616,0.2851030957289202,0.8039790797529942,0.162607357775524,0.8821131446687964,0.1578632485017781,0.2119673849676421,0.079938507,0.268878853,0.07
0.426791390758041,0.1048308197769147,0.3784855825794064,0.8457246319183757,0.6126045287385674,0.2580725137061589,0.5127325840132688,0.7605515480216912,0.9605158641220304,0.105292933,0.32572151,0.533333333
0.9365083657018518,0.8000959538819871,0.3247064677494051,0.7552118642508922,0.3120489740443534,0.2801621921160668,0.3237219059252336,0.8054207349162847,0.7222650546657017,0.277761193,0.43132216,0.0
0.0277425480547611,0.6670844333447765,0.028160842363781,0.9527682306514056,0.2584787883768156,0.8169809628251765,0.6542936917091102,0.5520196117389785,0.7312759620363749,0.381757627,0.263475232,0.0
0.5083625746759403,0.9073613382597568,0.0283260710228838,0.7063625435506629,0.6617985146133637,0.7137850904031174,0.624626954022373,0.5060356001627222,0.2468537521260079,0.503413824,0.45925629,0.573134328
0.3784702190190866,0.2569180370152186,0.5911492625396763,0.4804694453472776,0.857188565271777,0.7597086817333552,0.4904192167105301,0.939693137503456,0.8668737818284,0.111614281,0.541831894,0.114285714
0.2402110474962342,0.9680099879085782,0.688920699712898,0.5354021027433351,0.7121956752774529,0.8333449533080565,0.7689687154122691,0.0118757526297681,0.8428968229087418,0.540276733,0.462663084,0.2375
0.9598400488490392,0.85426064485553,0.7756977720028754,0.6370644268202964,0.4800747751786087,0.7662630708023602,0.561471275783919,0.9351276827369714,0.8578330827821614,0.465849796,0.486596757,0.0
0.335719050805368,0.117583356171164,0.615332843166294,0.6015545805912187,0.0400886741576118,0.622694416158378,0.3600743696956822,0.8662087751752553,0.6484506031743941,0.093943532,0.53536145,0.0
0.6792762800393436,0.1469297706547973,0.0660452866525027,0.4794746238839451,0.256185054691771,0.3549651359748951,0.1347134155860708,0.5171064780636822,0.6667075708902006,0.103519523,0.339473413,0.0
0.9882362207563812,0.8205601407741389,0.994242464074936,0.0477465935345168,0.9118414299483338,0.0219014287411378,0.1546226588225721,0.4339133709024819,0.4789904841615325,0.338854211,0.046575031,0.0
0.1124743915908006,0.3651502344351414,0.8891038619270306,0.6474944297065655,0.4606767710480621,0.403039818913133,0.116776530501118,0.4543587365286837,0.7199957113003899,0.129167107,0.279647074,0.494117647
0.1982216218793052,0.9041101942589052,0.8208321471613723,0.8354435641630864,0.7878916773304548,0.3386885899424617,0.7803277078333124,0.1044328351699368,0.5563500804179387,0.584355472,0.22218827,0.062068966
0.6440179733631434,0.935666454333172,0.9872714099403018,0.2195423862141032,0.7304853993259893,0.8462955429813457,0.2464881432082275,0.7588747085129876,0.0878862004147685,0.414342624,0.483092331,0.8
0.2057800118445693,0.6358218260473422,0.3930078947807299,0.7886282151950139,0.4360635960748293,0.3378464768573431,0.5477775992254321,0.3070322211731131,0.9231210440274144,0.357372991,0.301267182,0.696774194
0.9760427509234528,0.5451500886666293,0.7416161625982017,0.3903984990281203,0.6667181282321055,0.2213855985070706,0.0583711939844162,0.7700374299696787,0.357640705804771,0.184104762,0.24745378,0.375
0.309415702327437,0.8111538166690844,0.9317136366191424,0.3433031997574594,0.5679085440518463,0.1770686583777584,0.3375561836222533,0.6103493864129493,0.0609222013401447,0.348008602,0.192461162,0.263414634
0.5999054857515117,0.3702910642257513,0.5747509856048971,0.9433078366978576,0.0399425010599207,0.1655997755839254,0.6978348793973547,0.5939597516303601,0.037553545608658,0.235171959,0.156397194,0.052173913
0.1532494227515735,0.4992234973842253,0.6978023327469585,0.5941321802811554,0.6312570390495231,0.8074723549854751,0.4593088426211277,0.0440765104166064,0.0893129875092351,0.110201637,0.397936481,0.109090909
0.6380907652464353,0.5784185397726204,0.8365348802658237,0.370199412741366,0.3176470760234106,0.806768804339161,0.496417842214754,0.9349948045700096,0.2522062427354042,0.156739708,0.506530672,0.092307692
0.5054305423587311,0.0091399697610395,0.6435324942936772,0.0360433707477714,0.4248039770241938,0.8841048535412408,0.480765095059482,0.9462733699955136,0.5880629345867554,0.049989122,0.548805507,0.54
0.6291339005634604,0.0657578858938255,0.4885457804251172,0.8818899699708267,0.4153312304854297,0.8513157430621833,0.1824309082461492,0.3632780203895968,0.8086070362793091,0.084300293,0.443464556,0.327272727
0.3539720768855959,0.218946685574218,0.0800378233981579,0.6451422741648742,0.3205765261709791,0.1092317046967387,0.3988842335223038,0.0246255844318774,0.1991714861028715,0.051515319,0.259972519,0.857142857
0.4089910561895156,0.6387503300303106,0.3822377711615479,0.605514441098725,0.7213803452982229,0.2440585231783398,0.2555770888950626,0.821092682282528,0.1231743592550627,0.230104299,0.317531755,0.666666667
0.2474941223680217,0.8617110143543042,0.3923998736118658,0.4452362026145451,0.8059896332287725,0.7145163095469544,0.2591554692503959,0.6278757799309513,0.5809820983959378,0.350809015,0.299784354,0.046153846
0.8485887718063612,0.3847982275232724,0.192300504163448,0.9147026320565624,0.4241594557337153,0.4806343392890204,0.7418178710760213,0.7511591236908284,0.1600333712738421,0.175428032,0.442100815,0.423529412
0.1950595244405054,0.859896191701461,0.0439366544969707,0.3113256280672162,0.4387576817834098,0.5593725886487162,0.0303773413241166,0.5362807362966627,0.9954999581703706,0.271478168,0.342358175,0.228571429
0.9344755938596876,0.8602842348033262,0.9007928841711174,0.8144117898611661,0.560975513590039,0.2762187456039835,0.6578449402854575,0.9422640779292526,0.9519227269685124,0.611296058,0.303610354,0.0
0.6696797841280716,0.275921129504424,0.5394185256268644,0.1400340577146064,0.0017703473225034,0.7487447194152985,0.5887709036084714,0.6295998574402392,0.0004808771820853,0.192907279,0.369428161,0.25
0.4360188504063286,0.6493360143862099,0.4520990024236357,0.0899175779100913,0.6661087571940636,0.2209420734550747,0.7439151472489498,0.5957845840123994,0.3836114638036612,0.26571757,0.331344851,0.403738318
0.6031947841078403,0.1363579719582157,0.1372404426968047,0.7639455817527347,0.2575043242538259,0.8563131818322978,0.7332720004344594,0.2835693628644956,0.4312253957821167,0.099926802,0.452184237,0.572093023
0.4503343209554252,0.5597325594277933,0.6557627620884252,0.7132853594822522,0.6726285127342607,0.7381374890710907,0.4740704844705929,0.0073673139767932,0.1167297804801645,0.187205964,0.494131308,0.342857143
0.6686979046771626,0.6277273678335858,0.5098036178431178,0.957810009552828,0.6871277752131212,0.5329850245602545,0.5729842349984493,0.1001131648117671,0.7282758729080276,0.338958334,0.469659529,0.053333333
0.7572936122922265,0.5539936798812298,0.3681184124285029,0.0651475651837302,0.3900251238554305,0.8402595441628462,0.9233405148494668,0.390244105616263,0.6523680211541392,0.282761843,0.432328565,0.141176471
0.391242485529235,0.4477547301361293,0.5414395636529509,0.5443861087506828,0.3535980068650443,0.0645365873254126,0.1424618288570118,0.0273861285022251,0.7736214541852757,0.119652888,0.163729699,0.36
0.6093654682379281,0.2673007038740848,0.630488960574474,0.0561259385554308,0.7624617645300203,0.3423444441313311,0.580745980437135,0.5704768423496012,0.8703909533251424,0.178303043,0.456839869,0.371830986
0.2835351029968874,0.4071670082921759,0.3182130210736819,0.614522007113766,0.9538875612116632,0.7609508455347254,0.7101066174010272,0.7435359552922085,0.574439834273438,0.182036567,0.388548686,0.135211268
0.1967021690581307,0.3388611809385623,0.9477520136524225,0.4022285207890473,0.1536934442974414,0.4543727170230686,0.9297984896753052,0.7945044869513994,0.6958005624485845,0.191588118,0.318481266,0.461538462
0.3130821183835265,0.2309169053744227,0.1949746145901775,0.2864928484168623,0.0559500426690456,0.6029410289313175,0.526995847189961,0.5753959336096939,0.0325884073363713,0.107796438,0.371207896,0.378947368
0.0415997218847964,0.0891795921928892,0.0575082638522641,0.9900482568733244,0.1671083539691487,0.6064019517561515,0.5185802566076406,0.4575879046057306,0.3527401425809595,0.08982541,0.33483352,0.43373494
0.6657271842958558,0.6406583270293936,0.4638276778464094,0.2376504883795783,0.7247462634229704,0.6679067687189548,0.3755071998567291,0.9557358481001056,0.398867234127388,0.195381683,0.322100924,0.514285714
0.978270324070936,0.9851680727081048,0.0926606690271197,0.9329443028262177,0.7969047908636668,0.3878576734566734,0.8540083239348482,0.7687812763357587,0.3048120778002141,0.689141542,0.28801661,0.0
0.130389892570174,0.6485143174035413,0.2556247463592006,0.2514711625320621,0.7300834924764111,0.8352831388753079,0.9247905290387264,0.4837812569961324,0.7815452485950712,0.278731404,0.426110789,0.496551724
0.4189518439208751,0.3730707243204889,0.2856227007605024,0.6457746951930156,0.0485699518415475,0.3147027682139026,0.3288248166018924,0.8875843075441098,0.0026522119247897,0.089028159,0.401199047,0.6
0.8242021067871574,0.3414787935953314,0.5174235781867146,0.6509973173308904,0.1508991877603109,0.2977847849814409,0.2365202181583364,0.7833044408960963,0.5684241545123871,0.143617536,0.039816141,0.0
0.5326764861944574,0.3901417186172177,0.6428762068236111,0.6923651639785945,0.8450023156616675,0.0223420941399872,0.8781513549681738,0.9101706492184216,0.3358982706018115,0.178007764,0.119803891,0.605042017
0.5258343110516384,0.7750740524061872,0.6497023345598945,0.11068143068429,0.3221846923022249,0.1314911769595687,0.7787781938179127,0.0586852839762457,0.4068382380431807,0.452624154,0.213698314,0.034285714
0.3824321977706324,0.6333830444443117,0.7702945139305059,0.7763892159895007,0.3766180549192435,0.7606517358493499,0.5135799938196385,0.6899038764006998,0.5962032231248816,0.304985266,0.433062419,0.034285714
0.682012815823064,0.4646133595681392,0.5327172801949851,0.7588353558402555,0.9874984735890896,0.1070616848773121,0.8331234921039667,0.0851234065470138,0.3746361719217785,0.203380641,0.151555044,0.0
0.3094992714964278,0.2185911507717559,0.7906263419012897,0.3635139827428781,0.1615606867077704,0.1176115218263615,0.7843751532866622,0.3400159853312018,0.5951070835885297,0.166686279,0.202522843,0.514285714
0.0316111104311287,0.7912107400824996,0.8896469524341145,0.5651452843938474,0.9275541117073814,0.73038909676673,0.8506879518740716,0.3342345769730354,0.1418307868916336,0.300183757,0.18994894,0.057142857
0.167148931138344,0.7481933383823683,0.2307656792810618,0.4737401823647428,0.653970488692786,0.0979496750907634,0.3632291191564799,0.0636474743865745,0.5008430687443053,0.228068175,0.14049585,0.138461538
0.051343285003011,0.7675077440825451,0.7080983424099186,0.410729707380847,0.1806093217803743,0.3554166574374262,0.2143769709170836,0.9430862138981256,0.8496450203064911,0.3061826,0.15630316,0.3
0.0146122771670073,0.8930028450891941,0.8177484417478175,0.3516700427721626,0.5182594464003565,0.1105819224880068,0.9105655583856374,0.2615334616352002,0.6315203107645637,0.501059136,0.076702634,0.708433735
0.2736489911776677,0.6930601740964445,0.696367522921396,0.1198525094468762,0.3098738845668205,0.3799536154106977,0.3957429390419448,0.0648652721470396,0.8261826453381177,0.254953168,0.22187494,0.3
0.6020382303197976,0.6660006632217423,0.1474983910929848,0.7312716445004229,0.4244181628477557,0.2782751380713507,0.6761007796043678,0.1352485620336148,0.5748456497722934,0.355425857,0.367416631,0.352941176
0.6605028878259492,0.2983963228401316,0.0399558862930666,0.1863845164948979,0.6745790272190257,0.6446139827700867,0.2486503955558699,0.5687637819642509,0.9490393997102776,0.099773511,0.67351788,0.564705882
0.0004134010214018,0.4587869995278522,0.2706555441482423,0.9261139587209952,0.8528402631532394,0.097491364183053,0.4771456095715852,0.2472410804483772,0.1782607035665295,0.161732632,0.065897845,0.541935484
0.0368165732631657,0.4275701015711542,0.8177369078408058,0.1500105690923662,0.8539831419686595,0.9374376808958388,0.984718995023621,0.7806906506804239,0.3712783504427441,0.199947087,0.324892657,0.280851064
0.3084534299324977,0.8067965422306422,0.563844034740482,0.1464607155499636,0.436941836085381,0.9870952989414316,0.0704972711899096,0.4533776755431508,0.2311722821388177,0.279877509,0.44074093,0.252631579
0.9093730553931464,0.8024505094476031,0.7018642308340074,0.2121638111046508,0.012397267198712,0.3689016499136555,0.3804472368483819,0.675431252594477,0.80031068648207,0.127246684,0.350290159,0.48
0.5752085187746928,0.4185767453714436,0.3254088501048435,0.2456759307816535,0.7477489712197558,0.262682782561446,0.3407859875310536,0.931166621360626,0.4023715077347835,0.138054065,0.257157123,0.0
0.3920695300464299,0.8506064626588086,0.0080748567544799,0.7655027834090485,0.6648163842689879,0.4797505503453947,0.720849131954549,0.7874791811628954,0.2021119215955541,0.410574596,0.385233266,0.279452055
0.5725565987326454,0.458057872056555,0.8558484368761823,0.2626197970802267,0.440004849029649,0.1125306880674754,0.8722829455063796,0.4382773458753539,0.9310933933580922,0.298759253,0.188660396,0.042857143
0.921117036794101,0.6354517160095673,0.3621898369379048,0.8842352064079244,0.5941136571150687,0.6644796751220488,0.0710122502985244,0.764966917349143,0.2057741804237279,0.25303548,0.388516263,0.0
0.5409285449296987,0.1153858168792786,0.6851011468543793,0.4045506484959494,0.5320155888148262,0.1503019160997145,0.4049375675071808,0.0098484768067509,0.6274729966089084,0.073830206,0.245280065,0.218181818
0.1194616546229245,0.1803833470069089,0.1164920155258927,0.4329811236137809,0.0188683439308894,0.9320947345042572,0.1143499216254455,0.9370291016792084,0.6046139453962693,0.09490865,0.408379284,0.0
0.442423571634344,0.5137937930674766,0.9687665756190408,0.7176868679246851,0.8255023200893117,0.0906861283925795,0.722645812218357,0.9970117194897586,0.5785941345214246,0.255424046,0.247527971,0.619354839
0.3010621560885387,0.0767130616270013,0.3456965278952355,0.4940661737767543,0.7631283501103527,0.2158837304857229,0.8271099523767408,0.4570247766705121,0.4852192577488936,0.094403759,0.316281025,0.447058824
0.5433357250806842,0.2065515034416957,0.6911792337540469,0.6599264097000545,0.6108304547172667,0.3710632895970708,0.6510548553709649,0.9432385741473592,0.1629715805755405,0.138280327,0.424457855,0.692307692
0.8897137628485607,0.4985937605181646,0.7528330602555444,0.9890660001871004,0.6251762353432989,0.6217620282913392,0.1785553861275056,0.3575156989337456,0.9440282453304985,0.211163794,0.554797577,0.2
0.7925123692873128,0.1018930849597896,0.8606241359168393,0.8418357890437429,0.7448014391166446,0.1271279916066688,0.8048302415995725,0.0889321664102592,0.9805909697492888,0.101650247,0.172138912,0.0
0.3532293751068077,0.8248580267433604,0.2844851199304428,0.7467343958979042,0.2753186144896998,0.7572988511994251,0.6983568816927123,0.7370362133221902,0.0036374609580058,0.439315512,0.355011868,0.24
0.949517079960152,0.2473193421498138,0.6687654134561476,0.2493492060048173,0.4437875151302408,0.1778556246804685,0.2739409278218372,0.0054214158937045,0.4241793437974419,0.104100884,0.467303687,0.375
0.3515474911383166,0.075752647366409,0.7363733910203311,0.5667909680670646,0.503248174200027,0.050774094807843,0.0820806997445968,0.3699079400973245,0.2381537289638078,0.066460166,0.082744576,0.6
0.5150430202611183,0.0694245714183889,0.669529621237715,0.556010052654161,0.0820550691920866,0.1538988123362263,0.6060027289281968,0.453212515904729,0.7738564219370992,0.100123914,0.164112842,0.0
0.9689578106251644,0.5698848931280022,0.3359775336647038,0.4062998160089145,0.0578642639057522,0.132010521467184,0.2829390199664157,0.2584762773054363,0.6723270021891377,0.246961412,0.426819252,0.0
0.2281882868115295,0.0411228948178021,0.0769996235512854,0.1507482741723971,0.6958714770851722,0.5165273444746367,0.9459764140280518,0.459563580994295,0.689195833615497,0.090873546,0.346324301,0.273417722
0.6638788612818852,0.2720236401064486,0.7139941242041298,0.9405375357876612,0.2985041428812651,0.7293451112517159,0.5205745917023624,0.1296490796480992,0.323005749012672,0.197316999,0.467476681,0.542857143
0.6928443555198941,0.7296419229712592,0.0190362280660421,0.7235136532221013,0.847385523811357,0.2221984752673976,0.82900301059051,0.6780902489705958,0.2473131028139469,0.403902091,0.323755141,0.08
0.5025157784515356,0.9840110785263052,0.8937678239845952,0.598550759960056,0.6482890313957443,0.649341990759939,0.4601411982321527,0.9129346735003973,0.8021428123027671,0.219333455,0.451133103,0.0
0.4019442155546604,0.7424034162453166,0.114501753146151,0.8408996359749611,0.2995800828116568,0.4169581786712909,0.4940573246662841,0.0104838784588078,0.3269865191854894,0.251857885,0.341814086,0.0
0.3211384320151577,0.6241587096895014,0.0679933480355885,0.5331473431597347,0.5548965710652359,0.1666271250703473,0.5367353665243325,0.6035066467062856,0.5531074574343873,0.200448255,0.126075036,0.0
0.5474911689237655,0.4268696337821556,0.9683244167480892,0.3168015524483314,0.0408949537166881,0.5001268928127647,0.1563175094712632,0.4705442074333407,0.9847842199293838,0.159770117,0.366201811,0.0
0.4612821012487448,0.2455709598911275,0.3918719529637768,0.9063350082220736,0.8272014256596424,0.6790053051547407,0.1395438774469715,0.0314713982158569,0.8428636195188463,0.118971451,0.170963167,0.0
0.1690833458705689,0.1187527808456585,0.4201533052378527,0.0823017129033226,0.654657871917276,0.0828196519767019,0.0649900551760841,0.1419841349842111,0.5679551534526999,0.099387874,0.067741844,0.45
0.6336423212328478,0.6167237104946598,0.2687029053161642,0.2980054542385422,0.8699597549228313,0.0536137729101554,0.6472627245624246,0.9669338322457138,0.4405307113551486,0.22997805,0.07970033,0.0
0.4467489398176753,0.5589172866627973,0.3694297848179589,0.3844407970265334,0.7150592692020642,0.7679286430732539,0.7015100245279461,0.5880505308645357,0.8804948851078547,0.314920718,0.470756073,0.144
0.0559263611610845,0.1482134723602398,0.6284206218567594,0.0631421483025438,0.4464157534428298,0.6618295758463624,0.4090334977972607,0.5939167514307905,0.4425889826549342,0.065597382,0.382050415,0.263414634
0.7898089421350092,0.4309834780982998,0.4018327742929267,0.995965178248864,0.355988062459592,0.4092118371221968,0.2098772949825982,0.3788394307048728,0.7301624221804809,0.179175684,0.52648032,0.32
0.4070300483035421,0.5807755524247084,0.1163984200139066,0.4279177863781961,0.6515198454500422,0.1310849769482526,0.0383277009025904,0.2407886363851296,0.9840765303256976,0.229044263,0.283733794,0.68
0.3242500366301586,0.5875166027737609,0.0069045589062249,0.3370005697936706,0.1471312329739241,0.9040553515359042,0.2257995684733331,0.922144954841298,0.2119305991199987,0.182757139,0.550098573,0.2
0.4693206113163475,0.772469810141868,0.3438274946744982,0.177833592848766,0.2593108439480736,0.3555194793601728,0.184360494805389,0.9634276086978458,0.5434560467708761,0.19305555,0.470158068,0.6
0.8165206262369236,0.0367127929142486,0.766063319844371,0.3571919579294075,0.4592707549203229,0.3158677447697453,0.2363445752795154,0.9337460442325616,0.0607126299410341,0.043893749,0.434079378,0.626086957
0.0923937726791113,0.0030380986827452,0.1717447501114434,0.6487074774937102,0.5035931524763545,0.4680624329389206,0.5262466045495879,0.4898182791198618,0.1369710870202165,0.084507703,0.145936349,0.0
0.1645830681594501,0.9234207335719674,0.5590822815425304,0.971415093454125,0.7447950239483123,0.8293377057777588,0.0332670167497679,0.9602711545516176,0.952211206093579,0.331085149,0.510532615,0.0
0.6129518120257679,0.9327633414508684,0.0545549343305791,0.3154377866637513,0.7738991852006777,0.2717121885450356,0.9712694055599236,0.7376600061343743,0.1909460229871957,0.418222535,0.373422139,0.568421053
0.311245009358562,0.7130906611889555,0.4458496906345006,0.6235023079086234,0.4580281304329979,0.1552790084185756,0.7403523490998171,0.8283368500814617,0.2573984093897481,0.27009731,0.231343389,0.465306122
0.1353203589691777,0.8099124136069563,0.800727012831748,0.7050516142050766,0.0431746925395436,0.6276835917931222,0.527049794039527,0.6839252725647768,0.7931495895415791,0.597747506,0.359637987,0.45
0.9994730458504604,0.6202684011546675,0.993991962896586,0.6454455062191753,0.2932369042644777,0.5445876267061215,0.8546096725073484,0.608733467773132,0.2403231685273203,0.307204859,0.553229562,0.5
0.4987849240513843,0.8909402847492363,0.1200366281067103,0.9674772013576042,0.8756844586757366,0.4393871163137449,0.186115548325098,0.5537779032014342,0.7002793109903931,0.145186912,0.522887484,0.24
0.678138604658269,0.8782424395184153,0.1054158133581825,0.4707322962993532,0.620380100155983,0.9649038791187696,0.9982140339152072,0.5443259801191097,0.6921884673907581,0.489714425,0.557631652,0.404347826
0.203664616566345,0.8439104198581785,0.8008552583986739,0.1846656314857988,0.3919245298813182,0.0392968590055412,0.9356779488418208,0.5780065224827242,0.373755495396152,0.544793085,0.043242481,0.070588235
0.2507386038793514,0.2297091494378736,0.8639747266925696,0.2388199072212967,0.0883881916510628,0.6929161240283405,0.6492979477968884,0.5560850290899659,0.9970893433194628,0.184136051,0.387269582,0.306382979
0.1474002431362382,0.2330863676504881,0.5058437636523394,0.7295987500448361,0.1215741187089597,0.4817508990410069,0.1650484256860348,0.3846413596784165,0.9529871721936356,0.119254631,0.280641294,0.24
0.505061635431162,0.4402393452103632,0.8233935724584555,0.6869989768174773,0.4508681290257754,0.8776148494581288,0.1489493972036637,0.3746622603141097,0.8782198831546715,0.144431488,0.505422148,0.0
0.503288782662471,0.059456382950237,0.7536910889322181,0.5170216770793218,0.916952947412266,0.2683232557496914,0.950930513850688,0.5499616216043656,0.9757831812476152,0.110668419,0.374488045,0.581443299
0.1679373464303573,0.4945914419350697,0.4894013409535688,0.2120242596316361,0.6193505703607359,0.3824707318020439,0.5712853656063145,0.5871982612341766,0.3458836156610135,0.271883335,0.206343181,0.190909091
0.7259587248197613,0.8838507584632597,0.7094679565653621,0.1197447744044772,0.860624997457662,0.3306935311850233,0.8018203882893564,0.7454958841945147,0.3654219201357447,0.411244066,0.361644914,0.466666667
0.3958179272016672,0.5321244507545347,0.5575172726421078,0.1787326362723922,0.7245387248713544,0.1213385920152388,0.9572808793126728,0.8950032027704002,0.5463847730965393,0.273402733,0.273506623,0.482608696
0.989180981068386,0.0915886577149965,0.8425037886257913,0.0182445456353811,0.6670518892965701,0.67849012725657,0.0348999093606751,0.7338634738344888,0.1417268743192903,0.048223845,0.651425453,0.0
0.4543938192396549,0.9784821388563156,0.2996406563078926,0.1280158298473533,0.0763337304642931,0.814288467954138,0.8161629715776997,0.7085582443566905,0.2608512273176312,0.555685319,0.527077345,0.405405405
0.1567957215398518,0.9163202528025028,0.5644550293117885,0.1324346290692757,0.5114119398049104,0.4103528073889162,0.7541087665909095,0.7787847932997526,0.2073315212338987,0.844877251,0.117866816,0.06
0.6564758369484103,0.5502649216240669,0.5589929517155695,0.8152842692534344,0.0171769081747994,0.7872368058433322,0.5892863320444308,0.6326266803980873,0.3672958813967806,0.23642903,0.490391246,0.18
0.9239541107165734,0.6993938247897749,0.735113902607701,0.2534124722219484,0.05657043712147,0.1371505366615495,0.2344794243721725,0.2944912024243976,0.5544756033541316,0.278644459,0.30872884,0.6
0.5758863766299006,0.5982167335494493,0.4963578287312135,0.8859402898883638,0.5341192606212902,0.7727744273640903,0.2327132550844168,0.1463138581269975,0.6757876455619379,0.164385379,0.430823936,0.0
0.0828309318977967,0.2254279584293904,0.1916825253974303,0.6980247043874136,0.8262637144269862,0.022180683471766,0.2077850034641023,0.5912767793597101,0.5837865970282564,0.078090242,0.025617157,0.333333333
0.0982080873273695,0.4405272037831227,0.1339329910443117,0.0257890136770146,0.7465851708884617,0.4302868991982729,0.0804409781790751,0.2867440224562065,0.3535010205074508,0.105340348,0.284100349,0.675
0.178123215944701,0.1432347699758736,0.8490779997551113,0.140685717097915,0.2551820432519679,0.816045318788721,0.7790282154903173,0.3940210940386895,0.0730513856293132,0.125708965,0.32754475,0.105882353
0.7718911841017471,0.3275526978169684,0.6328445675603596,0.556505100798379,0.3216100405255621,0.3982935636462231,0.2737389222078212,0.9856184998281192,0.7503962417501888,0.177621016,0.575201895,0.171428571
0.8426184289966795,0.8156735276506039,0.461529503872221,0.6848283179379518,0.3258731846807278,0.0156649672693022,0.67661707853252,0.8514360489550489,0.2897115147998483,0.599821647,0.125792563,0.446511628
0.7004679173973729,0.9414766713514008,0.317153653709286,0.6709192073879302,0.7436718126042309,0.4147025626035813,0.4605021623091893,0.1673981796683217,0.3485901551822492,0.318193971,0.588811226,0.6
0.9919253836769204,0.9636215560121594,0.6877797531553855,0.4942743455492716,0.8892392401867069,0.2535463924730132,0.1743146365654543,0.95430274658118,0.6219461456626242,0.480209213,0.385026709,0.56
0.5379077007509734,0.7083801892621516,0.2701246884151501,0.6856594507365275,0.4781274899481877,0.483598282990894,0.3107533690489359,0.3861287352301377,0.0397110241271086,0.255527246,0.466849463,0.620689655
0.8198621827324065,0.1448449428210723,0.484817710129944,0.756057394298644,0.6434154182825114,0.959473760681022,0.058135674336731,0.3677062272835152,0.3975777450161588,0.061326017,0.443084818,0.0
0.0253481706364374,0.9511282311394286,0.3576498047294165,0.8668762760551094,0.2057840863693321,0.799406770765687,0.0717424745443817,0.1968228266170703,0.6635646259419001,0.451596715,0.211555159,0.4
0.9707122290928812,0.5499999696893006,0.40864366783223,0.3114785166254897,0.1800994850217729,0.0260141595083135,0.0700372140914472,0.2996371096873877,0.8675594614183285,0.248782677,0.160973172,0.4
0.1036236871497723,0.8739742404838529,0.1958917595075016,0.897531327770898,0.1241868710997802,0.5604450514152848,0.2665691323945397,0.4696409888638302,0.8876987841369368,0.396543425,0.287231465,0.133333333
0.0972827776124455,0.7698143973627181,0.5278275422425296,0.5091376707250419,0.6522366303798408,0.3755083461759874,0.9122612901396766,0.615726272909199,0.465656911923168,0.362281446,0.231333872,0.325
0.1217286553485369,0.0772407453550387,0.2006987011697986,0.3227019271530157,0.6628678527435126,0.7474691723835581,0.918790517060898,0.4290559687930499,0.6052594994405991,0.141099769,0.346792227,0.459574468
0.8942212211069107,0.4762850839397103,0.5871246543141133,0.8383984139286889,0.4954587521170241,0.1652676696490966,0.9471196141387688,0.2386957652085678,0.8645877514339741,0.300082581,0.286659371,0.0
0.2206412184548684,0.0884645154442842,0.7190206841876383,0.0186888689262153,0.086721406387303,0.9608412490341408,0.4200190582178694,0.1920575902411668,0.247404461627815,0.057342816,0.368386087,0.369230769
0.4666463723697504,0.5559891956363198,0.092449051473044,0.1561095541513657,0.5784056391263,0.2263283461067201,0.0898699705195545,0.0088339992751678,0.0686239655762895,0.183538494,0.199772172,0.553846154
0.254939406725217,0.6097369504533579,0.5954353769062716,0.3196544519378198,0.667586869277807,0.0408749537604835,0.2385624622866999,0.2276476385699223,0.7167317992215297,0.29100595,0.073036542,0.461538462
0.47403486532227,0.2623695940925653,0.9209846666301262,0.2987791700179204,0.6492209066628882,0.6605365639629426,0.4033646056245016,0.5997639766966646,0.3781128167360426,0.094957969,0.385804771,0.56
0.0238205333382596,0.3071629819109299,0.0900154892740139,0.1919396199704386,0.3848248937819497,0.4564720865319347,0.5638203536134102,0.6464748927072796,0.9732795907475488,0.16509775,0.174805852,0.475
0.3658809218332339,0.0593806191500648,0.4241383266798663,0.5114669023491577,0.0726946437562676,0.3531555016929765,0.6784881731577391,0.1006511569099147,0.8365977468964572,0.091416201,0.474842884,0.309677419
0.1390326366252742,0.6576597687871086,0.5189202712781862,0.0623254985839422,0.0719004944334271,0.6022495426609955,0.6416660107544034,0.1605448807222174,0.8169879064561447,0.349125651,0.258095297,0.0
0.0625748035309952,0.8515071109109421,0.6563152269304204,0.0925976817512336,0.3269314703808486,0.9289682950886412,0.5109412018446412,0.0410572037616719,0.5156861135311434,0.503282241,0.502458899,0.391304348
0.7740418323283507,0.8485731451885445,0.7395634695451504,0.4982060228222127,0.7641653378339628,0.0631237273280276,0.7566252980385607,0.918183062632195,0.1480809330560917,0.493828834,0.146551447,0.347368421
0.7728639351545404,0.7877110418800747,0.101813291204556,0.8571708435915125,0.7159250888948538,0.1344488908508206,0.1374569689349405,0.2498397149322936,0.7410160132454086,0.341813044,0.249322314,0.681818182
0.7321235005289273,0.1737791685680839,0.3817851428442589,0.4930089966291453,0.6149858004053445,0.1880403370469009,0.3410377369010429,0.6654903492753967,0.1101421546456635,0.087219122,0.053982704,0.171428571
0.1324247529374668,0.1594122058841028,0.0700502624274909,0.0710714848728878,0.1313423059480911,0.0181923174765535,0.9058062184407856,0.7944266406248236,0.1584154075571477,0.087769542,0.032011066,0.28
0.6051086830355331,0.1356626724127237,0.8770569758849684,0.2599065953223091,0.7858625298138067,0.350047100246173,0.3773038765600768,0.7047788841258482,0.0394188086548003,0.041398837,0.245021917,0.818181818
0.1607259411152896,0.3174143785767587,0.3452987010857868,0.4357315487683909,0.2246398479948507,0.3454975200407073,0.0576728761732284,0.4382279914500211,0.1872274176417178,0.11222803,0.171909671,0.0
0.7547684113988171,0.5567316531838233,0.2211689136581353,0.8801171257454342,0.5860984477395604,0.3368463056725578,0.2578414214638704,0.3984162600144467,0.8214600009846876,0.182591668,0.525325165,0.694736842
0.0413008338289261,0.7139907834699747,0.0526815893143274,0.8209013900510316,0.3949539750952285,0.9468307629438169,0.4439239881256296,0.1932280348769103,0.595313502573654,0.193977314,0.363790471,0.126315789
0.5917867991860924,0.1956159358908106,0.5895948677851711,0.8046787945106071,0.2535050088779605,0.208584643378086,0.5299614495249785,0.294616427344556,0.9533290175312256,0.152313939,0.328959023,0.44516129
0.1153056580918294,0.1663415132043341,0.8974153851536009,0.2551069706457315,0.0724727524967766,0.1693577290356561,0.037785657034142,0.3733387129233382,0.0798517259497681,0.084094133,0.170637828,0.782608696
0.9740315184177244,0.8316587058381519,0.910455103882215,0.914522286827296,0.8735745270014139,0.4944450892029534,0.1747575961254892,0.436538053662953,0.9595104951063465,0.32499881,0.49758133,0.369230769
0.9614414062783536,0.7381298475787115,0.524997664267708,0.7559766176659601,0.0253766265652708,0.8172699391027017,0.2789473921072595,0.4075500229826929,0.9572242965053958,0.283202787,0.41940301,0.068571429
0.4163999852316897,0.5486506152137082,0.4609179727047713,0.4544336424720492,0.1845030935094991,0.8485813254049753,0.4901169638410417,0.128330829340866,0.434459453706326,0.19138098,0.49605301,0.092307692
0.7265115415045831,0.3151130994600706,0.8288906251231148,0.5296142595238882,0.9062746869416076,0.8475033560430607,0.2965338578832981,0.650886939560938,0.7239526927717004,0.142671563,0.53130684,0.257142857
0.7663942312804995,0.2649561601321267,0.104402990466293,0.4526634745849655,0.1869641348063768,0.3419462083722721,0.3066489126117535,0.0921974448318105,0.1509293942490251,0.095015063,0.523682558,0.3
0.8057071330021479,0.3507953668870168,0.3399127178089357,0.2328522969613137,0.5239001910140246,0.2187074347351248,0.577907635858202,0.715539701556048,0.7444548817438099,0.22686299,0.415466174,0.659340659
0.9680442178064028,0.0308511513930467,0.2198032501910345,0.7073265674106916,0.1984343030019982,0.9836578472860326,0.0226377644537756,0.8643948115115769,0.307380979605845,0.066938626,0.613875341,0.553846154
0.1303142701374767,0.3565990837524498,0.7111833190844867,0.2067760436567901,0.5187578598282908,0.4126644860495234,0.2568480477927375,0.3793435620725485,0.4679687852404475,0.104441727,0.206929299,0.48
0.5821959716074993,0.5082665952051606,0.8107392762374288,0.528146211526768,0.2079959334897027,0.0514494040131887,0.690040171647864,0.5770519946809739,0.3201250195282348,0.353148271,0.084918564,0.04
0.2845540870977258,0.4866628664246089,0.6106862140316767,0.7185761491105506,0.4019499424284011,0.6835192475878737,0.3837752802865868,0.2384654058309957,0.831950753397314,0.260032541,0.230117917,0.545454545
0.977401834831092,0.4333675319505816,0.6897226268312654,0.6441759162778268,0.8048773270655356,0.0982984157850271,0.6475530788200241,0.3398201613156012,0.9101434147016508,0.294527567,0.240196302,0.0
0.0187800923216685,0.3905572991519239,0.5862689623228683,0.201094777005099,0.6451644635136864,0.2904634737731364,0.6651539855538037,0.0104423304524996,0.5950744028357735,0.191487041,0.154332854,0.244067797
0.8233878011444906,0.6650090061680736,0.3278275871775743,0.9435544742920884,0.2691237083275275,0.4447933027790145,0.6511440776164759,0.9392946321831324,0.4790045745504587,0.360331255,0.314781045,0.0
0.7215417395406221,0.2730639482450978,0.2723996618927784,0.4720460587809357,0.1897265927019035,0.6357745987378203,0.1887506876305552,0.9427594994926344,0.949579935757218,0.06598615,0.483020925,0.5
0.81674913881372,0.5285095096775128,0.2210417950819924,0.0767554592743269,0.2648423868972116,0.3743910893449332,0.9830762716255432,0.6643022919092392,0.2554997022590571,0.2308788,0.468799103,0.40754717
0.6576649615990265,0.4392667604000402,0.5963106590095999,0.1882589199343133,0.1374114318300842,0.2169163276286164,0.0140778428552593,0.6408212428804017,0.3162543432759255,0.090841514,0.289541977,0.8
0.2942647693115632,0.4859846755015232,0.0943909319829218,0.6171129955376436,0.0674844984561114,0.1453210860838726,0.2505209909160754,0.3891611458699883,0.3946400643167728,0.1766437,0.030727745,0.0
0.2084300091825738,0.9298337253513852,0.4012143741637791,0.2121939175205621,0.971540296890334,0.4601935852185044,0.4445079696086546,0.3265905874404947,0.3444710288686861,0.273813432,0.201697149,0.0
0.8676525079074384,0.4668498042159621,0.4042872202657925,0.1665785957932751,0.5363882124592843,0.2908576962592175,0.627331635091616,0.7650924998040821,0.2875314267041197,0.25001353,0.419636068,0.466666667
0.0571369951858589,0.7534101097199791,0.211063739464243,0.4732316150546213,0.6715020891156238,0.7495726981418173,0.5745112078182182,0.6304485172391652,0.5106947633904221,0.388169917,0.277636364,0.057142857
0.3877284812687959,0.9219907481816634,0.1373949246041553,0.8259782056474055,0.7290725660765104,0.2874674432672434,0.980853776101548,0.702042257194855,0.4828818124091006,0.474328844,0.294333508,0.164705882
0.4385750199284267,0.2642719518955629,0.7041402150967155,0.4900665865129258,0.7710114957576933,0.0839776715802644,0.0004917239437933,0.1875598027646345,0.3703312069147936,0.067871299,0.182624636,0.24
0.6351786166704243,0.6740335588949723,0.5993588387734621,0.1039439608917899,0.3864008304551478,0.4897909232909037,0.7604337872594094,0.1250034606308949,0.1551459300026468,0.310556572,0.529719396,0.16744186
0.1133382432535942,0.6681553674636233,0.9727755009438156,0.9075508857459956,0.6494390698013447,0.8890259809510038,0.8519422457755512,0.1852827823406193,0.8230761908125762,0.359414888,0.402224181,0.144
0.0110720192623265,0.9191323468544826,0.5690706725038168,0.2122178381998327,0.7502509739091543,0.2818990355244442,0.2687086563829706,0.7487715369897976,0.2614402654285804,0.318681996,0.1135819,0.272727273
0.8551825937732562,0.9281870473925716,0.8543219867474746,0.133774737987089,0.6225578326445378,0.2414489952944633,0.5024957102498058,0.4147477983707063,0.6637483174103191,0.662498954,0.456642225,0.65915493
0.8357002727156556,0.7319435738173012,0.0463007561896507,0.527892254349158,0.5143602338041783,0.9358299237594035,0.6209487383594628,0.0135195258629732,0.9417138902925436,0.390686776,0.547599886,0.295384615
0.0822164473624328,0.2970262862762683,0.0333038981343543,0.6010931440217849,0.1611236328546033,0.3756915252358734,0.4606387904282109,0.965616182132376,0.6199272603790786,0.094854177,0.203285167,0.072727273
0.346858732651807,0.8872716292104676,0.0514190670737203,0.6391282074957105,0.0064874900177365,0.496322674990832,0.4963112759143522,0.1432966924568838,0.0957891364092619,0.189937832,0.21711189,0.776470588
0.4346472709680722,0.0841845071446522,0.4562950264294642,0.3133908627036132,0.5791339680226922,0.8048116641478387,0.3644054917783504,0.5482507321060642,0.6091681890393307,0.083952328,0.729646281,0.0
0.6959882742522295,0.3371188929859868,0.6199450411941402,0.7597089155850643,0.8165423604757588,0.4754615375206777,0.7052378193277833,0.2308201263565604,0.5310710537526264,0.216250328,0.451608215,0.629268293
0.4421646635834589,0.1808534502550115,0.2426385036238209,0.3053613845400771,0.0902454901857441,0.3952487560645052,0.6945271118649647,0.2367355599448678,0.9173998940849222,0.144090189,0.346515163,0.034285714
0.6185746731822522,0.8975633310724337,0.6096695571391666,0.9724964819845788,0.1449527932495945,0.9927318467737436,0.0929042145766887,0.3539553341911216,0.3424243004324135,0.274059387,0.4456876,0.0
0.1705803986082641,0.2286450662411028,0.1376880573651452,0.8585556899590094,0.7806792475359872,0.2679133314702753,0.9171933364809204,0.4087160275646758,0.7008967094530734,0.186312902,0.175169465,0.3
0.7085549700767323,0.5185025906890224,0.8148459372066653,0.286738627150254,0.7818818883848345,0.31323745923096,0.9469613634475376,0.2006592726314491,0.0797377507118137,0.233043221,0.354858211,0.15
0.3009255067479417,0.4141859716673379,0.2454707051707086,0.9659764132362332,0.096623294180995,0.5229275290736823,0.1468476415056856,0.9888313898437946,0.7775955599990045,0.082023353,0.258199608,0.0
0.629141307574523,0.6342268457003019,0.3375097159485105,0.6615389071060049,0.7983085821596183,0.5026608399533649,0.2454339936892521,0.7574128520835135,0.5524919014727784,0.233434995,0.387153035,0.505263158
0.3798854211346194,0.2275072510627948,0.9348846611306582,0.6870385432713131,0.0513726285420554,0.6523667571934806,0.7422819639613077,0.7012842935505503,0.2862198044488387,0.163705883,0.406017545,0.6
0.5657014448136278,0.0983063741915167,0.3274554519704838,0.4991052311320513,0.4112958187707616,0.5972002581625642,0.499245109467276,0.5152749126284525,0.8618867024162012,0.090870939,0.461435181,0.0
0.2421442114499074,0.4785156975143123,0.7738267550272467,0.5073507471981545,0.1118991812248266,0.8828175114117658,0.1068144309504667,0.6563891787317435,0.5549030191133919,0.157073684,0.30210274,0.0
0.3316129644058232,0.0063682227801985,0.6978740024807117,0.4972108966730865,0.4639210815134311,0.8083722746339446,0.999958780972798,0.9978486751253184,0.2778808037737535,0.083460961,0.483359595,0.428571429
0.3317656927761105,0.4244723022722586,0.175957410937845,0.772173001669791,0.3168868417802585,0.3842110399964354,0.4919035978011166,0.4048299831533399,0.4361798025302585,0.099867587,0.321508422,0.494117647
0.8747193155952486,0.8118829277544339,0.0919015197816275,0.9915110329926988,0.2215716898167394,0.7337922433042688,0.8112603710141716,0.0630452498818282,0.8212319580391155,0.380042773,0.47661977,0.098360656
0.1170416866940503,0.8861941768241451,0.0380305175149141,0.0392628150568263,0.0902136142344059,0.2500981906631023,0.6394965679030389,0.0319475157788168,0.9378158497349408,0.602389873,0.139409273,0.05
0.0250653202026199,0.2855432133842414,0.809675622370473,0.8479551673191806,0.954023604261005,0.2161407736014217,0.0191764837192662,0.0403595783926423,0.9497033623236492,0.086171153,0.137379101,0.533333333
0.4256982634335541,0.646077601060029,0.4109935961056939,0.3069988859288466,0.1377981014935964,0.791102806274753,0.3242387288990479,0.5674777125715902,0.0161311497946627,0.186068803,0.346903853,0.0
0.3720601507591349,0.1084208937744267,0.0248163953146908,0.279474661003949,0.8657871238645078,0.1059346977539024,0.0081788432723963,0.9007654211513992,0.1115801071667185,0.040203611,0.233885571,0.56
0.9674230895876396,0.3362242320930586,0.1912522341657436,0.9243431149868332,0.9252885215421394,0.4239073380916386,0.3044827910907415,0.6799210110273037,0.1767364408011833,0.100034434,0.422905693,0.156521739
0.2629572292802883,0.2492787029022873,0.7121651650531436,0.6522027972923976,0.0029071601740938,0.0879783948020364,0.2050271733989086,0.0879822000241919,0.718723614310121,0.075236106,0.153287549,0.342857143
0.7723816638334653,0.6122719254681384,0.5810220246970094,0.7863049442599237,0.5237227872052576,0.3081376550796708,0.6165176002877689,0.0388466412213557,0.2857579173851456,0.291507847,0.494850714,0.52173913
0.7140202339316805,0.6535152592770331,0.7012863532395595,0.274359741690622,0.7071293135729526,0.6704588693831107,0.3183298935174341,0.7134249432215762,0.9977153762152168,0.164372803,0.701345186,0.0
0.9074754197941978,0.2492247308567841,0.9542903040416488,0.1370718536673872,0.0943786727534595,0.1910382230833184,0.9940200384685348,0.4888659521694661,0.9912255869404896,0.17520021,0.345655117,0.211764706
0.6518802314251865,0.011924313831499,0.5351756396456232,0.3122556219926139,0.966267042339321,0.233329741797576,0.1092016575818921,0.2655584943481558,0.2294292243190948,0.073108029,0.302025051,0.545454545
0.7300479117809735,0.1489408003200664,0.7679704147959787,0.5414904720146819,0.6203230805169596,0.1226228797416834,0.127343667287771,0.178865962240073,0.37903262003291,0.093425311,0.321372305,0.313043478
0.1606525354608418,0.6790237080313699,0.4202005360413218,0.8433049695732454,0.9047623228814236,0.7321493149924323,0.5366908318398662,0.355784772180742,0.3355109572434855,0.339185535,0.358680873,0.559090909
0.9744641754714694,0.1044973199605956,0.963132013789726,0.9213030733507316,0.0738200605487173,0.1239930900171822,0.000838978211784,0.99089286020642,0.6726158105629095,0.080865962,0.274235584,0.4
0.63269669709532,0.0449116079163776,0.5759662079095151,0.0361829242484833,0.1360488714607269,0.2126713624376229,0.1641165297977843,0.2125061860037765,0.8290527067714968,0.102414153,0.293806587,0.709090909
0.4857825697021486,0.426098365965799,0.6937681543306139,0.4017644473457332,0.8225007264467726,0.5510964318036687,0.1056251020531192,0.7631223550407549,0.4117741037953538,0.159663858,0.374453465,0.08
0.4063957751939882,0.5841585285620842,0.8015096363184742,0.479045014536116,0.8209757474621672,0.4787247863568808,0.9787166883602488,0.1329475231280388,0.7813907157338862,0.381531642,0.435442156,0.387096774
0.1221040376429942,0.6605943710889626,0.1382767245576007,0.1356144075347346,0.4970670401968646,0.4832134863598982,0.2157021491473931,0.1178385206886357,0.9368152609879404,0.201533648,0.352329572,0.0
0.3484220653469265,0.7398706044038014,0.3628532316606491,0.4136253912515318,0.0629910542450147,0.0560477226832755,0.4686431492050803,0.1984173624998808,0.7879330365460083,0.251756139,0.035791281,0.461538462
0.4033909103596624,0.2013737631034611,0.5671415398229266,0.1945519960795509,0.7053378732516539,0.151765400906349,0.0075026175352933,0.6164076720356797,0.6378506930222303,0.066740694,0.246033682,0.525
0.9687267300875588,0.5782250122015525,0.427288970398232,0.9751251670214256,0.0278600972964438,0.076596258154669,0.6155969347041254,0.1549212527784268,0.9926428284326148,0.334729578,0.320636152,0.490909091
0.0119569596573473,0.3941855150841195,0.6734522313665934,0.635357378394053,0.4419287827274863,0.8657709894837611,0.1642910936420095,0.9594490093460052,0.4080958930093433,0.113936996,0.265129184,0.109090909
0.7941297247650478,0.6767622289416805,0.5681762832049144,0.9976102237469378,0.5832724280511734,0.4094207044510225,0.528845599709901,0.6559102258901415,0.9609593441937178,0.470940341,0.427396681,0.537931034
0.8859588208176287,0.7129257878826235,0.7299513878305783,0.8136647909711402,0.0361407638785948,0.4808721187802525,0.2464052411204224,0.7268382033273475,0.8454884649578212,0.199623416,0.451036578,0.0
0.2476252244814344,0.8119168466452632,0.426027407718986,0.991169346011757,0.3712765095106149,0.7080510738360719,0.8330480337098127,0.9344697454942188,0.2219491785819634,0.458555578,0.413857404,0.1875
0.2527232198099093,0.9206315380670728,0.7324725159811283,0.8058240046100914,0.1112962045822466,0.7614402229755721,0.5055604148028728,0.3837514907793348,0.0654113153880719,0.432143591,0.327163274,0.507692308
0.8877854060642935,0.6638232804946513,0.7815815592853556,0.8878260249219555,0.1812644244740762,0.809309129617952,0.1870702924465791,0.9026233308846306,0.4366759824009765,0.244058552,0.433693087,0.36
0.3358109722553183,0.8251944065508945,0.5126926326063365,0.5298734455018851,0.9960038423734162,0.8186308170928879,0.9642119258073244,0.4668722979408433,0.2541871635223364,0.440723494,0.440940553,0.573134328
0.0784783135381086,0.5278829036478342,0.1598598536751743,0.09429448198817,0.9492692842323758,0.1884850419051272,0.898003223352813,0.1748488309233209,0.8548612043944883,0.215445984,0.066526259,0.0
0.784872491721141,0.4383513872821587,0.3796924293843033,0.3789017263992139,0.1431639791365028,0.2448327111006516,0.7264294229715165,0.6083424189052351,0.3489463927130618,0.216470099,0.281739444,0.042857143
0.2043025945303458,0.9287652235661932,0.8599466365604953,0.9976567068765868,0.3507724947060636,0.7290676761747916,0.7781690111385099,0.4061745841987847,0.5860417495246697,0.676944093,0.343814875,0.124137931
0.701667361510275,0.0606982328684182,0.2397494521742973,0.8074206810546352,0.7019447227460649,0.0710082667286639,0.8679278307673205,0.4335929986435136,0.6699433881330347,0.099399367,0.241703905,0.593684211
0.3874207686059107,0.614632724630745,0.4767242403637943,0.2701192784602279,0.3870320590683611,0.4453878711998933,0.668123799772434,0.4764037830250176,0.1825455579539443,0.274792624,0.361876334,0.272727273
0.5872934022501662,0.734793067235523,0.1813673500004018,0.67619693022642,0.9733706142551306,0.1693837479674197,0.0336989923526441,0.0956537986000304,0.9810000399648214,0.217540949,0.303841478,0.184615385
0.5324895202433731,0.7345146159545152,0.2624882266548056,0.3111682598905082,0.5095718084763817,0.7636730790500896,0.2198279539625841,0.9418335856277598,0.5335845416070963,0.247436896,0.481431196,0.545454545
0.1296309796522547,0.3976820186231811,0.6284591627172312,0.2585072077685285,0.6424666331602062,0.3192074914148722,0.4930556104584531,0.9808527633724896,0.6584104178991839,0.117844073,0.227640123,0.0
0.4592558620497218,0.9124617589581258,0.5494244451746527,0.5401635786954647,0.5038345493386339,0.1430322163380791,0.0471706021591645,0.7982460497621837,0.9945673629808004,0.491696081,0.300196579,0.6
0.0856045938255509,0.1189568615883348,0.8970486244826895,0.1547717189147629,0.7906359009377184,0.3503346222234943,0.2705074897984486,0.5163643299452888,0.9374778880228892,0.065799719,0.175585002,0.428571429
0.3208066999110796,0.7805770867563239,0.098505560192785,0.1271130773330495,0.0471775306318283,0.1006817059535878,0.8421323194575188,0.8709998652707415,0.2500051458896525,0.345194704,0.104949914,0.038709677
0.7107374046260827,0.4235895986703492,0.8439905105420944,0.8241189396659906,0.0154932287916355,0.1248357787269792,0.8212881482491922,0.5821372786279994,0.6023122875948629,0.266312009,0.201661508,0.0
0.7207682517173508,0.9696211411693688,0.0337150108375863,0.4109372047336603,0.5616415211088622,0.1669900955121973,0.5992827701035848,0.3256764996866452,0.9030716114517724,0.55368051,0.330816557,0.668571429
0.1392892006042294,0.4115628206270615,0.1966519418977034,0.601996799085033,0.3035976020501284,0.1883373382825701,0.1220044067597723,0.333254413082837,0.7671559972722286,0.174255531,0.264946238,0.821052632
0.2472218396338432,0.6782530529330252,0.2716109461979602,0.8816698631038296,0.9516948785912844,0.2903253599627327,0.6918781687367823,0.1652795708967328,0.6754343275369953,0.377549898,0.095473593,0.0
0.8404233761705292,0.5620091195246598,0.1469808564385659,0.2652791251550852,0.9445962770199076,0.8963001475426716,0.2874685352010966,0.4602327475267074,0.433764263726661,0.241869171,0.500569576,0.0
0.516938743279932,0.762492700998009,0.0597322203855211,0.705557448069747,0.698819665251802,0.2538556173980149,0.9033393078958672,0.2240945623083754,0.8797587578244376,0.383094155,0.204191306,0.0
0.3707785387063711,0.7607868760800162,0.5102224137535553,0.7457318518373038,0.5097959394862772,0.6682736338671552,0.7992218267964872,0.4121275405815574,0.9282447927121596,0.479174162,0.332270438,0.0
0.1406323291218724,0.3878267301405448,0.5064334783762101,0.9311255745308548,0.5158366797906105,0.3463451592169149,0.98984863546937,0.8379290562252049,0.9131443344509576,0.195400065,0.11887167,0.0
0.2416700153205199,0.6130901199017305,0.1571339728342338,0.6905771715017972,0.9575966603749928,0.131657765690331,0.6323358640958724,0.6516826621381461,0.0667956220680637,0.27972472,0.082622786,0.165517241
0.9733527685337724,0.906283131048672,0.2069821687002809,0.1392666987950886,0.3758135159902972,0.8637700512523114,0.3580486568515688,0.4473764332596014,0.5124402412571354,0.308301598,0.592084505,0.646153846
0.1622865144132774,0.636393925361603,0.854484375786756,0.7980160181514467,0.6234574962559134,0.018084027290902,0.3001043934142345,0.6113343791181192,0.8071263886500467,0.275663302,0.041433468,0.436363636
0.6158588969428278,0.5243177175691347,0.6350968871709505,0.359230006627657,0.9014541442676184,0.1688961473604474,0.177453903145592,0.4628222782591628,0.8898097254606697,0.223387092,0.184215441,0.0
0.3626701445022173,0.8343071480879596,0.8902790988646322,0.4603451519699081,0.6850449629402136,0.7310476947686603,0.2063039892964341,0.7590914961913445,0.4722795065387858,0.466601925,0.422962579,0.0
0.2794986066579238,0.0144661982394241,0.4760809478300618,0.0874783998086746,0.087376529664461,0.148745481583008,0.2894745784646744,0.5073273269354527,0.98847485688535,0.0730032,0.204915934,0.52
0.6231724742801186,0.3818953758760642,0.0347083974592017,0.0348824910898648,0.3972867004916092,0.6818804761514402,0.4881542047572678,0.2753591857922669,0.7080351260821834,0.086069297,0.477179469,0.694736842
0.3121361563396435,0.415165596649491,0.5907886313135334,0.6129394759616296,0.4583732227129534,0.2251307440074237,0.7053606010729665,0.750011091632614,0.7993511220984855,0.234688339,0.328955021,0.443835616
0.1099947244588083,0.3514669094797271,0.201748217594577,0.5192427191950925,0.9069575546945272,0.8964898175821362,0.4672840009030095,0.93642294662254,0.1834552355022063,0.111738745,0.395689371,0.5
0.9474175900144048,0.1234751138651052,0.4685136859189599,0.0347767556397961,0.5109246750216118,0.4010007913220473,0.1622773218796076,0.4245834774099439,0.9856205380745352,0.078102714,0.410601315,0.266666667
0.0161689227864543,0.6054940335560678,0.4791148360725097,0.260866885563083,0.1316756684257002,0.375599467902507,0.9952165003655712,0.6493099810768503,0.7026516676031878,0.281949453,0.213366242,0.645378151
0.3383196651941725,0.194417102281975,0.7785328473120257,0.3401950292419099,0.1339444345514379,0.3824624979007053,0.7242906018716502,0.6482777886958182,0.3479554176451649,0.115388652,0.384886431,0.48
0.9873133565719542,0.7346987530275518,0.8528071898434397,0.6457077742889753,0.6842856297042089,0.6171063351442851,0.0346049277132993,0.0145844445936674,0.820574592562177,0.306115923,0.459482412,0.3375
0.4865618448290613,0.8136854238257374,0.9636803613546014,0.1650458310803187,0.7122204902701026,0.2555162526829365,0.6105439471367828,0.568604650117804,0.7252132114131807,0.500660317,0.381309245,0.552380952
0.6912361751430257,0.4841628851682926,0.7820792839743728,0.1328639465226508,0.7290990197734061,0.5243158272571075,0.7605979080266823,0.8913945461887105,0.1026817929339326,0.187445776,0.514128886,0.048
0.9923184495997032,0.742120673772184,0.4074919788578421,0.5410579970207351,0.4699600385064446,0.1543658819146669,0.0973309449350571,0.6551832740376974,0.8208651168305656,0.218342746,0.416927045,0.64
0.4655115388845279,0.6510200215894559,0.9868325174721996,0.6950457794156012,0.6766487279025838,0.0214746067413188,0.4125653505361274,0.7237586853781494,0.1286449592387362,0.117255617,0.079844669,0.705882353
0.4091686689136918,0.9808866245528396,0.4048170504890517,0.7236338503059704,0.2406665602291542,0.6771059485428417,0.2738638082375643,0.7373263505993781,0.05415348587105,0.391363844,0.441055199,0.568421053
0.2453510132784483,0.8676161549027996,0.4047404781750902,0.7505829150842126,0.1540774536280424,0.3247062725936075,0.9804612950552188,0.1737224212646354,0.8442265619167172,0.590737028,0.205901658,0.0
0.307203280600459,0.9216436117361688,0.6198055687862816,0.242872635632796,0.2476870476492086,0.2366707409714393,0.3470245296175687,0.6032832148869319,0.413474310284419,0.451152107,0.237013728,0.423529412
0.309463220258379,0.1540090544083768,0.173913922654243,0.0747004431549439,0.4117988325018187,0.264665943667594,0.6016918137965358,0.2534945279110292,0.3204425497981991,0.108943108,0.211011649,0.0
0.8176255123282437,0.8730866368748149,0.0864820239877998,0.5901465383469535,0.8590515766121751,0.4716613131330675,0.4333448826593232,0.5500807210752372,0.0897140949784263,0.25099138,0.452187295,0.15
0.1929951135689036,0.0630289434428464,0.8173172272876228,0.1991069194862208,0.314264859711493,0.2366021301213572,0.60470073799337,0.2725418351468051,0.9645087189962208,0.149082658,0.209582715,0.757894737
0.5443700427183289,0.6550986535177065,0.1922586812462016,0.2005534017297764,0.6970361308482628,0.3609181435244085,0.9513547216124328,0.4372570999604314,0.3933980152236912,0.343864968,0.305306098,0.036363636
0.6313306282355594,0.3429869464978734,0.3970223282274646,0.9474936601524102,0.3724498203620745,0.8911224408094681,0.6278910325064159,0.2260096091295494,0.2542150568632392,0.188077178,0.517100183,0.144
0.402861806816946,0.7036350446557065,0.7325151659469262,0.2393579263175509,0.4962698491348579,0.6243319190959975,0.3566553684335031,0.9465883326433072,0.3262694806761465,0.325260851,0.34802721,0.12
0.5832815416228204,0.4912576588811471,0.7113334953372313,0.9138142902409808,0.6336575280134089,0.2358134418127793,0.8102932653575547,0.7108521863413245,0.3167882129017174,0.214158757,0.232560735,0.0
0.9389121418468018,0.4396133538396793,0.1548845116808129,0.3341749604705574,0.1381448028826476,0.2400065598305569,0.0847801890693853,0.1622916622503232,0.224941320619037,0.121982044,0.473171528,0.442105263
0.452709897920924,0.452030649900475,0.937834622745175,0.2826881341743493,0.3190249338121198,0.0446604695703926,0.5010653768801779,0.3729888035897134,0.6308876801957011,0.225358492,0.101621509,0.0
0.7680153396760062,0.613965407203751,0.3748219989527461,0.6187191005267051,0.5836857364478215,0.3206821401061859,0.3530053074738729,0.1937649047758954,0.417997118179887,0.187190101,0.44396794,0.0
0.3166554807177878,0.5799279078486181,0.9490946972920212,0.1533583653356285,0.8099095785535845,0.555550387768227,0.1039752262366379,0.8529488114734848,0.1239511266456871,0.171095642,0.389328932,0.0
0.4790694716047667,0.338891821580184,0.2275245274838691,0.9996390268538964,0.7484097030484246,0.813182804192885,0.9094041156954984,0.7840470374579025,0.4060735227058802,0.211111411,0.338709651,0.070588235
0.7072681302835793,0.9342754031059604,0.2400932845672009,0.2048810743846006,0.357953301451709,0.6188274183677577,0.6757140002139544,0.8670553312076894,0.2020381130505552,0.504928871,0.482803609,0.257142857
0.6741728986167257,0.2095503007606591,0.5001244349812843,0.1193026075291746,0.9484230091218304,0.1820754100837626,0.6813890786394543,0.7691122392244516,0.7396618843669862,0.148620926,0.294534067,0.252631579
0.8545209266524316,0.3019055396071373,0.2161436445573702,0.9598260743648545,0.7589323247595067,0.8049277657059647,0.7155930498134965,0.8841139584026535,0.7001583541617197,0.13219741,0.491999392,0.0
0.4691494297258417,0.6485823535600449,0.5489058371982048,0.53441066717877,0.5151749525215101,0.0878576427963643,0.4166387102690175,0.8558565647774669,0.5558040399881388,0.223492347,0.172594151,0.626086957
0.7667909079182764,0.9485246742053212,0.0550697480314342,0.5728132461473285,0.498924240227223,0.9544394593418244,0.8432580218130333,0.270296233457753,0.6924274295611761,0.508822353,0.469737331,0.435
0.0476386055193526,0.584690162835184,0.3395879472423977,0.5028314154249508,0.6860715073107706,0.4677725929867153,0.9869920168280636,0.9833259884030218,0.092819998616628,0.251172591,0.217946288,0.678787879
0.323023304061192,0.3160598156979491,0.2947828694531488,0.9138368125835148,0.1046308864547809,0.7425905579030775,0.8978352200139877,0.7393839303250059,0.9434172819922432,0.221810689,0.478600426,0.369230769
0.9304951968481416,0.2615693271077234,0.3788445823587114,0.9693876389495488,0.3732180519259628,0.4806931060861175,0.7657360918531975,0.1494422574230243,0.7816010254944754,0.13432065,0.502890152,0.495238095
0.31439818077128,0.7302837524509842,0.7055298419062436,0.1002727564752015,0.4649597438520818,0.3749454066734449,0.4156579214659581,0.5210711594210925,0.5980245395310639,0.288223904,0.23967,0.0
0.7002385879571523,0.8346149802943346,0.3348948241378663,0.0267807996765097,0.7659956208884403,0.5522820934123155,0.7314613861242387,0.5137578308906602,0.5800997565114168,0.638849054,0.508048887,0.617647059
0.1655875529356862,0.5009275587088553,0.7059850417324455,0.2243876426038999,0.8687682784162336,0.9784392944482336,0.6347859848138979,0.2531408569967367,0.1263789567212602,0.18595715,0.496380082,0.606185567
0.0284948683602358,0.8237115005797048,0.8623963451443301,0.4467762224870992,0.6633438780556079,0.4722732589080028,0.4289670023226576,0.8042574284050326,0.5237878448826293,0.380800762,0.237124392,0.75
0.110981144835748,0.5629168669189413,0.5047491791185034,0.61430473103937,0.4189630225333761,0.92040306385997,0.0136446503663976,0.1636554794105047,0.742667914207805,0.244784842,0.453833071,0.545454545
0.9985805190346116,0.1636074664832303,0.9408073686897144,0.8928737381920469,0.80807345294735,0.911691890786054,0.2810721048291446,0.4056840049990952,0.7009040481539336,0.068645635,0.832691315,0.0
0.9850271585017724,0.695550084276808,0.9636671124514744,0.4799889058389318,0.7812168783390165,0.186965789938343,0.6434159521951455,0.2492548215719667,0.2480698286424123,0.334135934,0.388192033,0.431460674
0.1414862979761586,0.3636577709866374,0.3239169532353213,0.6394721969339427,0.6243743864984659,0.6303332435075527,0.9723012156636855,0.5955390906674193,0.5731184021131801,0.193696675,0.338450988,0.288
0.2275421979988476,0.9649575985808476,0.2699282686167673,0.1446934021824057,0.9006403629984949,0.547296831485496,0.5733208017358957,0.6336546329930168,0.5042464502133852,0.467524614,0.38549486,0.423529412
0.8925431371443647,0.3553284887600434,0.391909502412099,0.0635417226022314,0.1669605560881274,0.1432486163471444,0.3920147690381537,0.9238195582493663,0.570969260574546,0.142046702,0.286542044,0.6
0.4465580149555473,0.3725774636044103,0.9636089737892882,0.1116271040553633,0.9100754484821164,0.3653403020290979,0.9255598673404376,0.4347140162539141,0.0063539278027343,0.144910152,0.390937599,0.665625
0.7150670384882557,0.1166136910525661,0.938937410783806,0.2082174680940547,0.4802767925225057,0.6213697051319891,0.3524074455778553,0.7053396966322161,0.5793073148682337,0.061141385,0.397264381,0.333333333
0.0508896177756644,0.7876363775060998,0.7183894386057291,0.0164131667231094,0.8586675066998168,0.3788595860975976,0.0668212446751178,0.9520970921924462,0.6366616671098032,0.315756118,0.131818611,0.052173913
0.2342023972388354,0.3823424456257785,0.7088109608220658,0.1119522542925371,0.0268648426001651,0.8749635613121087,0.0475294853731003,0.239889263372417,0.7075263585471567,0.15142878,0.316695294,0.12
0.0119861622014908,0.6413805851377792,0.3262258774561534,0.6774400419924198,0.4986143663368643,0.2562791518646758,0.3003145209345057,0.5216808983123699,0.1618548258539008,0.179298748,0.181366758,0.654545455
0.4536190163435134,0.920897038145898,0.6743698147918327,0.5368835328535237,0.2735897905938282,0.399729870998497,0.0854138427385625,0.2897039305063134,0.8480864942369083,0.366966957,0.523010027,0.0
0.490219864313406,0.9948587371147584,0.8173365564665097,0.5751592410123231,0.5986004658728503,0.1172457634299366,0.3615988598671583,0.8849896466104334,0.2928881102501707,0.480338275,0.182551667,0.3
0.6645928345997546,0.4621586142657643,0.7896853808989851,0.9443687182813196,0.1957346464213604,0.5726981151363374,0.8242851158531087,0.1163899239179079,0.8487694346967491,0.281365876,0.442079375,0.0375
0.8581332288191648,0.4993427771016936,0.703428581160919,0.4022005025219174,0.9543033206737992,0.1739584824391801,0.8669554709113959,0.0677468596155089,0.5415806192400526,0.267874769,0.280278802,0.0
0.5940931759188799,0.843162890414791,0.2301985736675332,0.7482600504541657,0.1600501051869239,0.2464387509400299,0.7464618881226425,0.2665782065832238,0.0329483787951333,0.34068636,0.220286767,0.308571429
0.5537722507391782,0.2962724219043363,0.9334450622132778,0.3675305418190729,0.548042121850279,0.1757401923107037,0.2545439766208882,0.520849249907213,0.4055391474154424,0.092269263,0.238814111,0.0
0.407129778990498,0.3697634383183314,0.2428473333804353,0.464861608944887,0.5240268628047015,0.1260585376162961,0.3485713311683037,0.4737483071803552,0.8344636365014009,0.137992183,0.118928954,0.0
0.9264472887998602,0.0359970982955608,0.0031933710679298,0.6380354454121705,0.4381994769146016,0.7250260142832017,0.4676994725581734,0.0187352960804167,0.1551261555532816,0.055557771,0.502717287,0.189473684
0.5589513167174438,0.2005308552438384,0.7115822983451463,0.3673063436331819,0.044499301430097,0.36859917138427,0.0314467741408814,0.3938278394031352,0.7162427901386862,0.069018907,0.283349828,0.2
0.6346408674418923,0.6248554375137839,0.7428220434993801,0.1235138339118051,0.7814871663342979,0.7096231827708148,0.4454456477952505,0.0552348010305109,0.6943243561236309,0.247845504,0.428682106,0.0
0.8254700496102376,0.7843520810891799,0.6292944425883988,0.5549403767230191,0.1916200620391452,0.9230208227923248,0.0324374960185831,0.1503760701900881,0.5967064933656818,0.200882924,0.471356687,0.2
0.114836792589323,0.1734284665207422,0.0190995165735506,0.6594791536939665,0.950015989429237,0.9604558514876234,0.08752899478412,0.3745932616260097,0.2273934372022319,0.075963802,0.291413165,0.15
0.7044703782392869,0.9294259245169656,0.4981648257556398,0.6772531784973543,0.401743524647856,0.2112534642454278,0.8580959590720065,0.2296201444923893,0.4513606114644801,0.560859605,0.244958164,0.184615385
0.2393772763393292,0.6643246251169265,0.8019343236378116,0.8393779504023002,0.8683682720644799,0.3238624614053748,0.1169580937906219,0.8998999764771641,0.252734595368458,0.240066021,0.205202122,0.2
0.6777991122974955,0.2027925042923,0.7356829171379722,0.2978660619378503,0.6943441760265416,0.276894266147027,0.2764272409165216,0.899212573677884,0.4659391137823844,0.098528614,0.498898624,0.553846154
0.5156872768331261,0.2710438258007923,0.0742745579543134,0.9167901598757278,0.3332222231627143,0.5398286260165239,0.402332942036413,0.8896286685304924,0.6889177456131428,0.091003091,0.46275955,0.3
0.7869300980688179,0.591802691873679,0.958527857655756,0.3826994401765181,0.9235631894352674,0.3294011234938372,0.5571545031733302,0.5385138537161201,0.7881526265676156,0.316429556,0.318598872,0.0
0.0593142924301275,0.7959446021461979,0.2930886362584505,0.7042995436612781,0.0745598055626738,0.3207177412024968,0.9821285020463628,0.6189679551945697,0.0181765368410363,0.273011073,0.178591613,0.365853659
0.1980386126078008,0.4508468539793022,0.6138521383450524,0.1809473373220216,0.8932483440232997,0.3368597224644349,0.560444577317816,0.818749661096996,0.4868593451697719,0.176435468,0.310828582,0.457142857
0.7348641335313738,0.1576420214723816,0.4918098933058391,0.5880648584905296,0.290798089485096,0.6712164931481465,0.7914438727920065,0.2737575777678257,0.123642078118066,0.106313248,0.410342092,0.362264151
0.0437280625450641,0.5746687287057698,0.5893069362413536,0.7545877565662161,0.4749047233583982,0.449291452725779,0.9588549850070004,0.9429574355275504,0.121694642556875,0.218349165,0.303241086,0.65106383
0.4535497003749535,0.3773012926997925,0.5089291791288164,0.3163745925659034,0.0046683201277654,0.7119857197558453,0.6449355837358323,0.056167083741791,0.0461037976807958,0.155562903,0.377863055,0.690909091
0.0400922416149281,0.9692256397564784,0.1272222150230013,0.0601849411549384,0.8473125638513065,0.2615611797869087,0.8430812638913838,0.5908432718586436,0.145158075136595,0.468143026,0.061346297,0.111627907
0.6367817495328048,0.9843509724235296,0.7185779561421104,0.2661817963538285,0.0579402411594544,0.7848486461660749,0.6309446541513211,0.7829311809516764,0.1896780073851853,0.59020431,0.566197669,0.184615385
0.7211861283407405,0.212268354732283,0.2443385605336302,0.3938638730107462,0.2287335487857743,0.1633241029446106,0.3109773093648676,0.161973240023698,0.0970247597599407,0.087713189,0.36223445,0.6
0.4205565775074278,0.4640372570263846,0.2957180223877351,0.8459113445024179,0.8692777633732924,0.0898906256473568,0.9855161545784732,0.7570467518910409,0.291991175250994,0.244722681,0.174105148,0.36
0.9711388775741704,0.0325493468708395,0.559215566516858,0.0197240402021137,0.0698003099580368,0.1874924951799377,0.7994979965861975,0.0972783606682313,0.6874233767583152,0.12149951,0.401255113,0.42
0.0315727853834582,0.3520160231935793,0.8776781289234605,0.478140167888445,0.9419080494935336,0.23851046539893,0.2627361665730567,0.18945069046232,0.2425018207085463,0.097168153,0.109757518,0.64
0.0072920579430217,0.3810596722564914,0.4394805379345163,0.723705871320127,0.5450209776597129,0.8394148596746976,0.5227465364446473,0.0193594622126841,0.7972821130197121,0.252818666,0.365312472,0.672727273
0.8002084258514539,0.5164190802470424,0.4908138716351183,0.5649631053878706,0.4905292488410621,0.777817891628045,0.8111975262570749,0.0376990414677349,0.06995588065756,0.206206154,0.487762551,0.44137931
0.5361027868134421,0.7325165556583465,0.4985161466235324,0.5333501380179572,0.7892925306575187,0.333324763258638,0.0940879934950695,0.3002481445996844,0.6158792574944147,0.370689738,0.416781752,0.6
0.876132189004906,0.7614016881555736,0.5552832697249573,0.8656149886097214,0.769700412186998,0.9829608337737368,0.5115286426763613,0.2838817055780007,0.8990620384199028,0.395243338,0.592854732,0.0
0.5444029631988301,0.311595991643028,0.8351388800020569,0.9700274229175384,0.591003009057904,0.3115869375984338,0.6583487444237727,0.1359111115929396,0.4758343143126677,0.150305039,0.355895306,0.058536585
0.7797348968201665,0.9864332196619374,0.1013752482560323,0.0490779339203211,0.3118914986952023,0.3194490440321523,0.8761590287139723,0.0343532557990048,0.5165517498476976,0.440551259,0.460681269,0.12
0.7766477975228777,0.4213158063663876,0.670905317314357,0.6735351844418402,0.5468431061057659,0.9400957894053926,0.281598173582767,0.0861767966560077,0.751465061218154,0.097871284,0.717467819,0.0
0.4694568387182553,0.2340769762922125,0.7757027028812424,0.4481665433314856,0.1941259109414383,0.4871530965174544,0.3686240409275352,0.924249879790128,0.1809222385308658,0.071540517,0.426367328,0.333333333
0.3772316032327165,0.8448562284457901,0.7953378922465159,0.1125441557865626,0.9818182196294892,0.1085342230840823,0.8412373490925009,0.3502765235975236,0.9691703636291266,0.490689179,0.145725438,0.613636364
0.7021058832554637,0.6957907950303635,0.5100488492448251,0.7220871426569996,0.8305702021265075,0.8524660339108983,0.8548925049403437,0.1176970584014923,0.4498128585257165,0.394004681,0.609687675,0.0
0.442583540202666,0.9652786572527582,0.8369946417813481,0.5840352211877525,0.0041002280499645,0.620790084270327,0.1454144883547115,0.1986206609640703,0.9239012469803272,0.312930007,0.445713895,0.15
0.1008836295365384,0.1469332647247174,0.1176055584687036,0.9927033223131654,0.7297130978795994,0.7155144443473431,0.2217650674327924,0.7116075253119911,0.6427876638129304,0.085266184,0.316766589,0.0
0.3700294534450163,0.0945282118626985,0.0590288309014188,0.4366562670063125,0.536363819569031,0.7286359498584831,0.7587833576186843,0.0552065963779326,0.6685581783911745,0.103668623,0.458741821,0.215384615
0.0510752371168503,0.406224728984514,0.6980997291406656,0.5813795259342842,0.550028903052137,0.0198606987525927,0.2854211045048335,0.2642435357738807,0.316170315327522,0.168222266,0.016678969,0.24
0.1119327416064646,0.5417888011662939,0.4374440581318457,0.931908512004971,0.8700731988069907,0.9435916820210416,0.0307044621929948,0.502228581841435,0.8875640314926843,0.099017746,0.410797291,0.15
0.4895412260672133,0.8940035634950999,0.891006215123841,0.6679223587684986,0.0784584352292403,0.2454584206290335,0.1417935247563978,0.0601522891084733,0.3316925198234902,0.414577539,0.288344997,0.126315789
0.4861003125862543,0.1543452887285277,0.6283843770320633,0.3173971504505687,0.9382026957339304,0.8186061087768219,0.0365695978018225,0.5605121178277693,0.7515907319240658,0.069814452,0.521038529,0.0
0.4865624838741177,0.2522593740579101,0.592624492612604,0.0090938905175687,0.9645467013389152,0.616747581593783,0.6356827846239311,0.0627168419833825,0.9678191247838434,0.14714058,0.459894368,0.459259259
0.0989659073145211,0.9605463450631682,0.2200574112976657,0.5522309793379113,0.5700691172150191,0.0153617253094231,0.1369943911061991,0.684061972436216,0.2864633503971341,0.306676472,0.036467232,0.24
0.6414686566241169,0.4895721974372319,0.9483860649993866,0.3835619543444323,0.8992008978409283,0.715306773685959,0.8901787310207421,0.3834607025000125,0.5186049028043856,0.259423997,0.468556804,0.0
0.7691721680529603,0.020287233735591,0.8291861463805671,0.6437004650210997,0.7297626186458197,0.0839190773502628,0.0945353038986419,0.977686124026903,0.9707452002995834,0.075070184,0.21305352,0.0
0.6047538261059336,0.2509576528928164,0.2082530278581333,0.1171213831198559,0.1482111708966469,0.7931052448365469,0.7926524000457116,0.6536645000898449,0.751922526684461,0.130603895,0.55076912,0.146341463
0.0825360350154266,0.0462433855139301,0.944139942800206,0.4894415365029061,0.113585316285694,0.7848216027548247,0.0493092005579288,0.3452687245843573,0.1542717397046022,0.061878176,0.310254937,0.5
0.6004503026662047,0.073544561516647,0.905785009402952,0.7632499264287295,0.375292096930698,0.5545462946132931,0.3051330125142734,0.1803196101050207,0.6131679065526151,0.046996858,0.483263421,0.48
0.3195788375539894,0.626960226716091,0.9448721171395172,0.8174249157053427,0.3887601160296144,0.6384092882150245,0.2905132119850671,0.0703251065766675,0.3158320706434592,0.234520588,0.338415247,0.32
0.1442851035283798,0.1017525453317719,0.8459701387645242,0.5502207883664111,0.8235207764177291,0.0608077519438997,0.1966636521039102,0.1937664615673395,0.236953991580325,0.074004285,0.074732962,0.3
0.8655890555448076,0.5496622396300492,0.0759012761361102,0.1586157732062566,0.6834484665997698,0.3520164710770488,0.2861975346051572,0.7010810252237354,0.6591126897867183,0.157505976,0.44539003,0.257142857
0.6714501779258374,0.7643471437310018,0.0804373291402023,0.339143199561702,0.6839726147829939,0.0234000228001107,0.3072149040299693,0.2871138975599053,0.0548998662813046,0.261782746,0.08506132,0.533333333
0.6442802981544749,0.3343105727689652,0.2546722849508269,0.1580868110781107,0.1495856227746871,0.2463151244198067,0.9043149305840568,0.1005338610491444,0.9537433279326438,0.164853651,0.378612328,0.229787234
0.6360968378042033,0.1902097775862156,0.7116197311134772,0.6084039470882326,0.4497879983003513,0.975713598959197,0.0592149273763856,0.7624111913890632,0.3267143205090634,0.082276608,0.544980582,0.0
0.1052467067279334,0.2961462466552615,0.1951639641100776,0.0942580581278877,0.8529366385712713,0.1538292071391312,0.1030927302546867,0.3284664092322474,0.3364536907510181,0.062796756,0.087325602,0.0
0.3325620595136399,0.2080743353903702,0.8065227408862055,0.5194084468875187,0.1102697012859631,0.1863320592392922,0.2244605237672369,0.0563563807850343,0.6644307701307695,0.094916629,0.214787577,0.133333333
0.0091247926863069,0.99273389364594,0.9118691897862676,0.2915005153062654,0.1692382398213108,0.6896671251789486,0.1734285227071867,0.1812127975436723,0.6433859538134858,0.332486954,0.426177201,0.75
0.0018367083770715,0.5746490271564983,0.1310960752810789,0.4958219216928005,0.7584119431618594,0.2544173897569204,0.2140300808548805,0.4813728592949593,0.9853194236668628,0.198020028,0.140905853,0.218181818
0.4652172039460063,0.6330520563627348,0.181553464601308,0.6624922855137259,0.5510150061737022,0.9584094390206896,0.144818218105476,0.8188606027086447,0.7410037437854083,0.150792052,0.609828093,0.0
0.569883048499859,0.5900397776736483,0.9466436931808372,0.6803572095983635,0.5854379041644973,0.9099516974664748,0.0592399535183313,0.8126852373842477,0.8996014622161903,0.189351767,0.429695173,0.64
0.2860382256132658,0.216608159163515,0.3397825800510631,0.6686836279901422,0.0717610373055985,0.5568193654263724,0.2913510862049082,0.3593058774103391,0.582128747509264,0.11429908,0.305891127,0.36
0.5572765558065509,0.1029565265205003,0.0213771191989763,0.0217112825712004,0.2518359089406562,0.8591494365436066,0.9543225323569732,0.6268524597978904,0.3472519372751184,0.095703579,0.551467989,0.0
0.0191783265423014,0.6822194348315306,0.1476535356197993,0.5925845343421691,0.464474142156158,0.0092219711349283,0.4743415230362998,0.6112330381411818,0.5835870110150446,0.240287883,0.009479095,0.4
0.1530955976126365,0.2952131625081601,0.4572625294362591,0.3240593790687234,0.6071360745057839,0.963491807249048,0.395242304898624,0.239738181247996,0.2669877128314487,0.098132153,0.420412134,0.5
0.9375345875409896,0.0885252478523956,0.3883889863557298,0.1005622952312014,0.1142979441257019,0.4411682304433485,0.4364175253683506,0.8955353211464697,0.7351972760422822,0.067226728,0.422591228,0.0
0.4422533481862295,0.9007252824759856,0.8339307940471135,0.620292062101701,0.5024829413283536,0.0781706697213022,0.1373681853537189,0.0625760943203596,0.9080299618460662,0.413591624,0.06761995,0.0
0.9783200017755572,0.3302953788055331,0.6853279719418195,0.3125274474150056,0.962318592283602,0.935088619509576,0.592493284069034,0.3443776376781611,0.4904719917052121,0.167398507,0.486501499,0.0
0.2703250501958693,0.2993115484583943,0.1628260010777812,0.3215820034923219,0.4246186058847807,0.8072792483597259,0.6377626428365829,0.8956223902934706,0.6798659919825306,0.192021695,0.406561852,0.2
0.6166509605643269,0.2230082418873051,0.4671911584355257,0.5725908499482044,0.1725108215643906,0.0176734227958489,0.0570701463328504,0.3484536259949454,0.6471158166533166,0.084892555,0.054350973,0.0
0.6264989534159437,0.1943607890372033,0.2400058360530369,0.5027438600929074,0.1187086221221045,0.2990272631692002,0.3575646255931585,0.95373512801951,0.1753293374824135,0.095939656,0.290453283,0.32
0.9892826808183316,0.1759858801510536,0.403978323289772,0.4452009917354632,0.2245033092582326,0.506409974701461,0.691712789742939,0.4812291190960419,0.2319572611179322,0.150548274,0.548932205,0.352941176
0.6099214693551517,0.3857890310668663,0.6537018242823682,0.2106613143178645,0.0293319735021582,0.2677354972328281,0.5540640905256056,0.6559721158960283,0.1290805950838376,0.182746923,0.41695534,0.735
0.1113263058470268,0.8865538134886759,0.7626027260490222,0.4717383539543008,0.7445921418754625,0.8422513594913317,0.6392922451217742,0.0587927601944653,0.9461534837439872,0.590127178,0.273605552,0.094736842
0.3373683021879663,0.7897267383964901,0.1195410994142496,0.9332313576214644,0.7615605126984922,0.5364559585373526,0.3951303376401802,0.4406637470862823,0.4620195474644547,0.214947186,0.337578092,0.461538462
0.4037740546952783,0.528542658826677,0.2137792464754386,0.8478122672192486,0.9919326922792564,0.5810989963412908,0.6399686389563467,0.2392692103176829,0.1800419143213304,0.221091,0.439954935,0.518181818
0.1312605137132639,0.8814769305791855,0.8814455115049435,0.8837961540678729,0.1685420108150364,0.4104832994871448,0.6999686242367118,0.1241392333942899,0.745795674347123,0.628762037,0.273068684,0.171428571
0.2919803018609856,0.8695029928014519,0.5144892109340194,0.5926200784621717,0.2492046567223775,0.0773529691885511,0.5490269439307457,0.7682145892922928,0.1966618124717616,0.472110998,0.176956868,0.64516129
0.1283845281977261,0.6344952298932378,0.4166449023339564,0.9906385587532412,0.0585832928937124,0.5334248943967785,0.1842044278942188,0.7839474733952645,0.1130378320550915,0.21846698,0.315631999,0.72
0.1917011271980876,0.3288939900142408,0.2342397618015373,0.2183610123227316,0.1120823171523501,0.4923394990520154,0.7903972776673499,0.5706846722888859,0.4889351432048187,0.135132611,0.272771726,0.0
0.6110772858925008,0.9023497410588976,0.1661522641784854,0.4345967133923823,0.0060565407407627,0.5470863264211204,0.7277053811795781,0.7041906867827546,0.2193017809167233,0.527453282,0.352717886,0.0
0.6214189933654984,0.6222812133269928,0.4474807031144528,0.5580661148224648,0.3213583854134635,0.0112476712797655,0.3577839107660139,0.5385177267654554,0.8056997424479114,0.21429931,0.049605759,0.48
0.9755760560008572,0.3746067176402213,0.4790970585873081,0.5857434615774959,0.7504121269517862,0.4510672233344146,0.0716179911918877,0.5894604302787558,0.4698710428665487,0.12636449,0.561484674,0.0
0.0944694078083238,0.109402745313351,0.9087979976066466,0.6001074617307188,0.6413554947338687,0.6146954406391588,0.4401194449967411,0.7734853119023734,0.1113830444372788,0.080881296,0.024083193,0.24
0.1872819274408181,0.2667253383608274,0.0079271368634369,0.3747352138163797,0.6223508142865823,0.1583751731005065,0.8710387473612426,0.9771810597589792,0.7872498261133962,0.132150058,0.190780278,0.225
0.3734447635840607,0.4131948191450647,0.931252811046026,0.7881708052497974,0.4246873134190462,0.2823147471864129,0.182175675409802,0.1259698508562455,0.8348643087316333,0.165619008,0.380333258,0.472727273
0.6935241702491435,0.9419300887027616,0.3573673113618285,0.1749788827700673,0.9002134347226051,0.3372918730519635,0.914806436493478,0.0472667271145189,0.9652510840201116,0.547066713,0.52850874,0.403960396
0.0538652388344971,0.7327524640135223,0.7574780647008893,0.1837340924945582,0.9244591442958054,0.9252098165364128,0.7611325584147739,0.1740489559527357,0.7843546116640664,0.377630265,0.412457559,0.174193548
0.8386462700069974,0.226784085617835,0.2789274663326592,0.9411149244979016,0.9746336173871448,0.3620069217521641,0.0171747612448293,0.0688013431430475,0.0673480720395761,0.092042732,0.494037126,0.432
0.6989732788066271,0.4126213795789069,0.8093679439129586,0.2949768615561219,0.3235223975280343,0.6360160561971152,0.5998115653708163,0.4696981993613287,0.2698388095821245,0.269157901,0.494010408,0.48
0.2328933432802484,0.629978185592092,0.175377847918144,0.074211840613056,0.6162173969520325,0.8910188635423382,0.0806525344172508,0.5640901603237997,0.2793206931567406,0.154690291,0.537958223,0.705882353
0.2495828848520336,0.9837738358165952,0.6684272963799283,0.8283421071608378,0.1972520626187551,0.9878583986178135,0.4902020104586695,0.0330489986618207,0.7452980277154315,0.430857957,0.478901493,0.635294118
0.6042620344696907,0.1408603034975603,0.7108095010955308,0.039001053081718,0.3761928958939795,0.0675800518199111,0.4980652692029924,0.4615580707015188,0.5147021909362296,0.094003127,0.132596108,0.65
0.9689298305412952,0.3542578056428807,0.6856228546994159,0.0360044665282704,0.4512688417514237,0.0025897326493845,0.9238281491736116,0.9081542201963654,0.4498932276067043,0.191346706,0.074186726,0.408
0.5982612397772535,0.644204746120141,0.9139099094545262,0.7044295133500059,0.6599694876896033,0.485768006439864,0.3933966061171192,0.8926301240378366,0.7844606518491807,0.266472341,0.278636012,0.0
0.8950623415945294,0.6712963219169645,0.768756375333232,0.0083947109452107,0.1778516746493436,0.6892898881655336,0.0380470557886284,0.6922029718969946,0.1922301222812482,0.245263476,0.374585318,0.730434783
0.5064624697649187,0.7136669181700183,0.3894653721692415,0.7463810385166458,0.3207419189711196,0.0480232722178765,0.428528172108126,0.4009375798758979,0.4026450646102227,0.26603747,0.197579308,0.64
0.3917213523132932,0.3382889126556109,0.1235273338334885,0.328740347410468,0.1760055316595004,0.5322094195425735,0.5093000343598995,0.2587253512318794,0.6161350581294555,0.173146856,0.41773975,0.665546218
0.7129441069218151,0.9317268561376936,0.0363817312902647,0.8061523928556914,0.5038917094244366,0.1426723622680052,0.2091950415530259,0.2107962315557956,0.1386669241182438,0.337004621,0.165556869,0.276923077
0.3025674996504827,0.5950410406190074,0.6851133983259909,0.5644976244424345,0.92818041618117,0.5203553001056325,0.7767849054595503,0.0080203685138289,0.5602168187114586,0.33787473,0.140705653,0.0
0.0889588446075194,0.4419869839208259,0.0474922626426502,0.7910854279301203,0.0143461680808643,0.7928597952919766,0.5668524131459487,0.635203358579954,0.4107806195184292,0.191167986,0.310871931,0.285714286
0.512477210622035,0.4343474351925653,0.464455893215544,0.387941356169711,0.4735346168828286,0.5882297814392777,0.4376684113979324,0.987000507484776,0.848869109559896,0.156199596,0.343997819,0.0
0.3194039620607651,0.6103259184490242,0.8722436757803124,0.4183815818155058,0.8426209110634164,0.6695484411662574,0.5249332420412668,0.6940378419592592,0.2635110607741404,0.275517513,0.414403273,0.042857143
0.8685228740625769,0.0512123974638512,0.9474943795444016,0.7481887128641853,0.6516634154173463,0.9997152861158884,0.1096650268018034,0.736900611801232,0.191724133459109,0.049898815,0.573212862,0.705882353
0.8755805911359886,0.4254868063898115,0.4696018974601026,0.6839555033758763,0.1490879699044479,0.7258750113867085,0.0531711072440793,0.5372904346854948,0.6292167893439954,0.107637243,0.492848218,0.436363636
0.0221582839421503,0.4770468980273256,0.0692223777677708,0.611041728342345,0.8071531598596048,0.1161690847802704,0.5222212385234472,0.1574977096657154,0.1166825911469129,0.234621464,0.095275755,0.62278481
0.2563058704487436,0.6828674640224989,0.8656542053054325,0.8977662322588419,0.6899761186734397,0.8387694707346454,0.5158347456239989,0.3387768245471323,0.4436006359494514,0.30418427,0.410127097,0.291891892
0.6033673909256212,0.4160014175074426,0.6774920112266838,0.4924609865511991,0.4803532841259129,0.7418794552783116,0.1158717161274933,0.2712798097700193,0.732482285730832,0.144185346,0.443503131,0.0
0.2825548252039273,0.4792447545071391,0.924963964160395,0.0887181846530915,0.4965609537108278,0.7618108482688265,0.8685992393501311,0.4839555934492545,0.3480527025637578,0.233997379,0.475912386,0.455172414
0.9814287138498689,0.9822070693817776,0.826010938869062,0.4933985004309591,0.1479222277300659,0.5788416145907691,0.0274108479684508,0.3007784648509787,0.4456125648965995,0.476676741,0.58545009,0.4
0.954354810781618,0.6665167340320647,0.7199462387735465,0.2012131162241177,0.2844942719637223,0.0756619592124078,0.1221929294525396,0.6626161609890406,0.2177541475196207,0.226597244,0.349347571,0.742857143
0.9457218440470088,0.8226504746633406,0.7814039556471601,0.4085829985160946,0.373911148577151,0.9951701357626248,0.5637033753785874,0.9456977123076732,0.2989805681281836,0.552268954,0.536733466,0.227027027
0.4124714698313724,0.2825848773569498,0.4533756180166147,0.9229952693626804,0.5105763954791064,0.9476592884062666,0.3796575866888066,0.2469216467564219,0.1320672457692032,0.120605696,0.315562984,0.327272727
0.9719266865389328,0.7413868433698405,0.7817001449430859,0.277513648199119,0.9633093054615844,0.6418791814129883,0.0941537148922416,0.9315389639739726,0.1903797605779642,0.280820674,0.592956709,0.12
0.2051046924221796,0.6531411335122995,0.5476527940901552,0.0003607016437698,0.094031499248731,0.475920285504159,0.93678363280743,0.4259023346976363,0.1768903908742105,0.385343957,0.337543919,0.514285714
0.1389321292069831,0.7397033125890397,0.6721238789941268,0.9414589921644316,0.7436094565166388,0.6374790658391662,0.4610447006619821,0.4160630883096975,0.8804294098948942,0.241818559,0.232963483,0.0
0.4228548915181754,0.9948923650970404,0.9870305742917124,0.9394708836287404,0.0998382346427316,0.5727341456856294,0.7612243862478834,0.0396994292217596,0.3994490684598992,0.719375567,0.425648288,0.0
0.2701077087019636,0.4994765410453375,0.6717630824239802,0.5418880557724338,0.7061682983635705,0.5694635997812316,0.4083622073280242,0.1270069499911503,0.161806521659809,0.152614501,0.372307245,0.635294118
0.8339082547512678,0.6175298006845206,0.9413865753720384,0.3245342357108489,0.0477372862925534,0.2520468021068012,0.9757514626719606,0.9318537254474568,0.3053586900313632,0.300751637,0.439271417,0.544
0.1595238727716194,0.1683942705851497,0.952176934060244,0.5835740902847658,0.5461788936446128,0.450124497433257,0.5530524302439916,0.6349937953901019,0.3223699737555388,0.165380806,0.303764638,0.621428571
0.0361774012011227,0.2223435270547611,0.1374007680914322,0.7541120612384931,0.9774306873738916,0.3143386084412749,0.1728307120957836,0.7228351570639181,0.3095198330039614,0.096394645,0.17614774,0.12
0.595576996889089,0.7524826902957998,0.3019429201537457,0.4307796781159752,0.3068044364672013,0.1078822880296754,0.4664356573987429,0.7625889966175291,0.1804981699843598,0.216960613,0.120557738,0.171428571
0.9881120064584448,0.1197103688920321,0.574567383278688,0.8266474978817508,0.8123104739744132,0.7621404578289549,0.4576065509270381,0.5794269653466857,0.6318051869855249,0.075139759,0.769115023,0.0
0.525711487194536,0.1404734307076314,0.3023129571775264,0.3409686764635558,0.8066456121767968,0.902748302076522,0.5428060641321439,0.9821334355257324,0.5152104290070809,0.137569176,0.526219261,0.468292683
0.1341802927022215,0.8226765088784919,0.1929065841348686,0.0176992974987638,0.1256965029947474,0.542289698101773,0.8864016543049829,0.3529620108531681,0.4574816737220263,0.549400821,0.243865178,0.16
0.2367630874809096,0.0368323364682754,0.2497847964157916,0.7319587725030914,0.4487061131578473,0.2877749651482152,0.1940743048761369,0.4801700513267058,0.511382766122358,0.060170724,0.284061334,0.4
0.4960976902978299,0.1406345701187675,0.2016347207847308,0.3142789724928007,0.7261609588957241,0.4559207583144001,0.1140002812761602,0.829791383508274,0.580926307442944,0.077836684,0.496682745,0.0
0.8228478122218967,0.6954313102040949,0.5482293923282414,0.2338470479832453,0.6501447086302359,0.8557110156591956,0.8625342083296094,0.9898164847738272,0.4656612468118404,0.364512913,0.510765644,0.12
0.85502178547277,0.3248217703354609,0.37692544323666,0.2151487033680811,0.6989960468895893,0.6397895931428567,0.5732258656194446,0.4724877197032524,0.484041746338813,0.163364738,0.49923343,0.5
0.510721449403395,0.1417670665286342,0.02104618663278,0.0911637467932625,0.3787654918878483,0.4378342629644225,0.96496349565464,0.4467070756630916,0.0979554052218509,0.095737367,0.47605602,0.342857143
0.381631994737678,0.2860486847990172,0.0620052047860619,0.5930196748067529,0.308806938512587,0.9674724925140332,0.6389804880677328,0.3335452791797697,0.4904036498611721,0.207511545,0.437390494,0.063157895
0.1751155688198512,0.9364211315496256,0.7949409957262547,0.9125742405669212,0.1244634693614238,0.2233788906804299,0.8699658098814316,0.3112547640563603,0.0435181313373658,0.455821531,0.148627886,0.664285714
0.6210197500925304,0.4705147122608742,0.6858317495336502,0.792614418067913,0.3417821780296936,0.3267916160497173,0.3832171938290472,0.0390849062839958,0.3287445878053151,0.148491192,0.531865429,0.505263158
0.7427447744138016,0.2758202102037016,0.221779095059912,0.8968906751585742,0.6417644190947424,0.3717173707581982,0.3001637688980583,0.4676886131195371,0.1061943520264683,0.08657539,0.37229944,0.16
0.8790959903203595,0.0069264104181737,0.0281606159306568,0.841533699811919,0.5316267576516095,0.36724903672587,0.8778180054431582,0.4806452733899946,0.845361465962592,0.087559139,0.344586771,0.0
0.1429398339656159,0.5103286656010495,0.8499318965975005,0.7314364382026901,0.364959915353423,0.3262810761492816,0.3547889560771922,0.5475096967125295,0.6969566730039358,0.087124925,0.188502443,0.4
0.933633174115418,0.7285077116721465,0.048795958194489,0.8061666039589472,0.2943550137517066,0.5743429317649218,0.4220509035728933,0.1132193059201301,0.3065570486770317,0.146058199,0.548901329,0.075
0.7282632339284244,0.3342221493234854,0.7844583968960355,0.6596101541262787,0.4281823281823608,0.5474271772188406,0.5831608537904193,0.4743092077049891,0.581269405343968,0.162602749,0.391549254,0.0
0.2093107247636472,0.9383005636229816,0.2445061384659497,0.1210884758012038,0.8464146099292916,0.0118672393787736,0.5383547718692308,0.576061135781821,0.0678848616275583,0.424320283,0.0420548,0.40661157
0.7642108241743876,0.8704431309391719,0.9365820953778052,0.5438519663490986,0.8813191553128864,0.2791951317102975,0.647585155039435,0.156005568143459,0.5918210270067226,0.674691499,0.321951847,0.285714286
0.4201818620885482,0.209482352609892,0.5025749856210232,0.9671231913658752,0.1110402231689702,0.7016228566953949,0.0912094874977249,0.079414182211618,0.5440617282460984,0.06687762,0.055457781,0.0
0.6135309058993532,0.0562750317308107,0.2053420195703225,0.1831957410806816,0.1644580984787393,0.5062498287211604,0.974828229430282,0.4908496411637389,0.6361138713271041,0.085463655,0.572134827,0.441176471
0.4537933480170467,0.3774341924844197,0.7376900622264548,0.5973597071053727,0.5724833569393112,0.4880314322475614,0.0578445153901757,0.4484483421661981,0.2829936025294286,0.110797072,0.602673526,0.6
0.700770875440392,0.5840346840290056,0.7045880706830773,0.1877204874175708,0.5629191627638669,0.6733100997068602,0.460689026587181,0.4871935063633368,0.3709517792768534,0.18240133,0.518864456,0.55
0.8651261189346536,0.1667572639905113,0.7542577520694325,0.058575066810215,0.5081421407200964,0.1224821731670018,0.3388599883367613,0.00288362434398,0.7246501835643077,0.087278185,0.199342151,0.0
0.6928080179234261,0.3866927701489274,0.681066007573527,0.346973980835652,0.7834254768304488,0.0607419332738266,0.4215117102144606,0.7275326627549822,0.6384368607243374,0.093587411,0.0618903,0.0
0.3512642124284559,0.2936883337720084,0.7357578603411337,0.4301177672597402,0.6862362022622399,0.021770283871263,0.9587388867313515,0.0015547380843456,0.5910595254254835,0.131134035,0.102707916,0.494117647
0.2787443728862997,0.4917559382445425,0.1616551299492389,0.7967664577907534,0.2815816870481862,0.2730069684695538,0.7765772290566798,0.9220558221633256,0.4064900643450825,0.227510991,0.354490343,0.51147541
0.645307760258008,0.285789966453529,0.51483964105207,0.3458982759227106,0.6058584624514988,0.5779596014695761,0.6423967613782857,0.6934804070711473,0.4857132679937517,0.170759209,0.474895009,0.618181818
0.7930951323110356,0.4146892483774168,0.9346498889738134,0.978514800199137,0.7866305289629061,0.717715060295175,0.7421414797400627,0.36556898286816,0.3438261398623068,0.258567476,0.372552746,0.3
0.292641540125975,0.5395303376163179,0.0527005833464394,0.5396960203073672,0.9790811476052302,0.0987598000012479,0.3998468137883302,0.2959381660995118,0.5446788231884659,0.074708855,0.290185798,0.6
0.1562001485851202,0.8239169611642615,0.7130838865664111,0.8306656717712927,0.5255236344203195,0.6783484551203364,0.4341477601867092,0.5550619198152498,0.6396376863484032,0.294367469,0.35979683,0.0
0.0874884065310679,0.3789596275504693,0.0771951905762931,0.8775775073621201,0.3421077314596071,0.3166239628296645,0.6986022928364118,0.3264843313835465,0.0718512585061649,0.137284434,0.21261433,0.666666667
0.0658680525302575,0.1696008252468906,0.3360883180824203,0.4492576334995972,0.0353517452381128,0.8406371877064069,0.3871003778530751,0.8608564258454035,0.5756756605914946,0.079157967,0.266300345,0.0
0.9845073364216886,0.0988412502006638,0.0653314015411846,0.5620636077765178,0.011709336960303,0.2108635421536039,0.4173029789976495,0.6803123480745222,0.6001972929387647,0.033589236,0.296562559,0.15
0.6499746037872395,0.0486209425256939,0.894763606095266,0.2193294097892273,0.4479452148197994,0.5235512056925785,0.5830437922447628,0.8001401883391396,0.6616063384511303,0.108319277,0.472018082,0.531428571
0.5811993142795715,0.1752580310607343,0.1655060541025573,0.9341265352734276,0.5528419290410985,0.908388869328537,0.820769381445912,0.4329251882175213,0.8646964881311561,0.13980145,0.482603568,0.13125
0.3262930024060223,0.6729832981104057,0.0355829202889312,0.3226517881581383,0.4930486737480027,0.3689355621592483,0.7333610755707783,0.9974004483607808,0.262507457692013,0.312230143,0.268088495,0.28
0.9805980172995616,0.4109943238533255,0.9444533204106728,0.3500752440622559,0.9510120462700756,0.3210938274902543,0.5880004600018157,0.6538507511855853,0.8952210597350774,0.246769942,0.365847278,0.564705882
0.2924639480782433,0.8731651100970682,0.7801524176735161,0.7447676499643281,0.1805292209200036,0.1703577103666719,0.6495654382058218,0.2204731938702265,0.901700129173352,0.666116855,0.174479369,0.390697674
0.0332659819330161,0.0887504631359639,0.5309441151551603,0.6193700667630565,0.5883402573717618,0.0031177603774197,0.6571724794918425,0.8498237671129713,0.8682397965755453,0.105608551,0.007529174,0.0
0.4171417751164068,0.4563879621174987,0.9436214206272746,0.0189187097828986,0.0717476428440119,0.674438823792912,0.4548538489458832,0.8704729405913084,0.1640363335298229,0.127244994,0.423460296,0.6
0.7374105223731513,0.1618955114395396,0.1235112994105739,0.6920447707883521,0.8042332216655051,0.4174717701322764,0.3908817385387398,0.6438419303370555,0.1861417928301754,0.054249325,0.497677472,0.436363636
0.4954947716334171,0.594921306746193,0.4687670960282518,0.9843032651888044,0.1772970301934572,0.0469844940139476,0.4157812207643939,0.0459355966051497,0.6317437537283871,0.219756623,0.160737155,0.423529412
0.1863574812962012,0.6193941419278428,0.1467781098070819,0.5512777180355667,0.2074580341699674,0.2424587284343669,0.9059039689235032,0.931040329213548,0.9114525161704534,0.290145305,0.279797426,0.429850746
0.8915184923158551,0.0318191847273781,0.7893301952161672,0.5305847836034349,0.7034434248221959,0.7958302715592821,0.8880200886392811,0.6477218481917946,0.9499205330219992,0.112381982,0.509673561,0.371830986
0.815956092156297,0.4066872982463261,0.791030276636037,0.308285702697446,0.062146070126791,0.7817777348698814,0.0876671180216664,0.1866241688111382,0.8294916403122362,0.148400203,0.537795141,0.072727273
0.2757181308235275,0.3092561907131949,0.0686744786560744,0.6799856413626969,0.0554612282331404,0.1981418390715785,0.0495940238284299,0.7459768547171546,0.8423139747823142,0.108228304,0.120908207,0.0
0.8857133865166464,0.8972745550413193,0.2677465599272391,0.9289853886889862,0.6648222073846927,0.1547938720639199,0.6491467034775071,0.6915526388753374,0.7240489880052646,0.705621319,0.390221906,0.557142857
0.5817171509782401,0.2297803872564492,0.0026097514247198,0.0268491208534807,0.4592427810905363,0.2283816124388819,0.6980949800349638,0.6840545332761632,0.6227438739363809,0.134321421,0.345875767,0.467532468
0.1294444071702112,0.6540159180738012,0.8593776835135565,0.0812073249455672,0.1708996718937788,0.123264522003778,0.0777178629991776,0.5028946655620392,0.3867749360498435,0.181887477,0.14094821,0.378947368
0.4078241458529879,0.905697816512586,0.8798563994406304,0.2581547860353764,0.663996855878236,0.242427556105761,0.3973356278416214,0.3045854890512451,0.7498396449449183,0.392759685,0.35422637,0.733333333
0.5566447008429258,0.4028819020448354,0.8148584241819217,0.3473233173383444,0.3951202248398112,0.942271664885268,0.2462873579984016,0.5449368802767859,0.3113613273537913,0.126814763,0.477636611,0.282352941
0.7663449695108071,0.7790167476735848,0.1643525923561081,0.0792803157297985,0.8110679652514515,0.422214225186563,0.808142473391058,0.565434545663654,0.9771214727075536,0.562348894,0.420665798,0.24
0.6829346096467033,0.9184656081401116,0.4201036421901436,0.4754438632123358,0.1467475757307881,0.1944965632512492,0.0658276788158487,0.9563541573000234,0.5341410696901132,0.22235363,0.192892576,0.0
0.7233543339582772,0.9599178202358338,0.5222422530533811,0.5628421018565635,0.9605727924081842,0.4818937008373271,0.7764412365235795,0.4977743328079524,0.5643735938611819,0.549608307,0.441470104,0.0
0.9250170024666908,0.5571630681593087,0.3280318772260678,0.6980840619615893,0.8746740978780719,0.8718020336990583,0.7767202534388872,0.0998594861378117,0.9337811561940972,0.270916828,0.551039452,0.285714286
0.0933992261859583,0.2249733703685466,0.181008354642116,0.0063289663412094,0.855608453392398,0.6860340889650842,0.8862316220738956,0.7219912593874462,0.8412921606318431,0.156827184,0.295370986,0.416
0.934854869835738,0.7356837615633512,0.9659724979373322,0.4753470502724837,0.3469686530375003,0.9617944329462302,0.1421373153186971,0.1230770503044739,0.5968161275801537,0.171676567,0.432305705,0.133333333
0.7675534795039106,0.2095641348420046,0.600514023191106,0.0439306576952914,0.2090951683819761,0.1579660634445149,0.8482075023124132,0.6774316427087494,0.8360884706385587,0.170563662,0.282775746,0.269387755
0.191544060932966,0.5463059987477769,0.9868321876828676,0.8349851860211115,0.2687118303373507,0.5466573629726712,0.0040390563795627,0.5305700133950734,0.4700969155979378,0.11594687,0.380202534,0.0
0.8422298644985717,0.2121288822302797,0.3823040249612046,0.2002028951640463,0.7004421507000819,0.3991099175761854,0.0868598093411706,0.4498928421250608,0.6382624890842213,0.096626648,0.545366533,0.8
0.1341999766894851,0.9934030467730584,0.541741955420357,0.6886535554229741,0.2149405932845624,0.6429162417111842,0.7137736599233904,0.4161154117849919,0.2963169745096041,0.630872831,0.267168923,0.097959184
0.2847038486906715,0.4497430493020707,0.87949548559201,0.387015276317289,0.7273841821895364,0.2869972938806262,0.2514567869289101,0.8425246953394234,0.254289547482181,0.104916799,0.463082538,0.72
0.5524510783189861,0.2399426851949232,0.2403558226365608,0.4306380921838633,0.207761972018443,0.4376089230194308,0.6748238386117676,0.7538880695745402,0.4398125794646259,0.149896609,0.429590022,0.577777778
0.5218324118896345,0.492105232561065,0.9479895156482412,0.7200543112343963,0.2969824337775906,0.8173838460982844,0.9264916035343148,0.5796474308540251,0.262226039447451,0.185583469,0.508059815,0.0
0.8821139500439203,0.1136746240265736,0.7915164342234402,0.0040570247071873,0.3655509696522304,0.5628088604158704,0.2160345876722578,0.2886524711821744,0.7885232565422126,0.083830614,0.476654119,0.6
0.887140679864254,0.7641315883442334,0.7482396797139916,0.3897312555265287,0.0858244107906618,0.7855017279374751,0.3726453838957043,0.5510452031497659,0.3483988288242057,0.109330707,0.561189739,0.0
0.5339644880631095,0.0959293790259282,0.7689130847748795,0.8608117779808925,0.2549464207640267,0.6801194905177762,0.5527529452922977,0.8440606912292564,0.2514763727161516,0.115525647,0.488599728,0.488888889
0.329663865362368,0.0676294439497026,0.4328725272962532,0.1583792421014488,0.7932892596099314,0.41553378968174,0.0933314734789652,0.2819953356978124,0.1852159563154685,0.045776819,0.395968232,0.738461538
0.661348266562889,0.4803763849281895,0.6236477309196135,0.811227037656156,0.649117651509588,0.3805006868974184,0.9819411443369532,0.8012022430364791,0.8233465696853627,0.255980122,0.44734676,0.308571429
0.2451769936603683,0.1647453472456826,0.905541076680097,0.3326439193716775,0.895389752009307,0.8439281923027,0.5621507907972284,0.9283283966657812,0.0920172273532157,0.095107294,0.411483939,0.2
0.3763551403388709,0.8804726408104521,0.8496299941319357,0.2431357325443022,0.2228226258761003,0.4319501551540059,0.4114907887154955,0.0413972303701591,0.9387175102106398,0.315122801,0.324884818,0.327272727
0.0926968878301006,0.4944033089526323,0.9838332396696452,0.4404190458079583,0.0621162951172122,0.9299552817400104,0.9873501999385096,0.7618978174664037,0.1690943158845314,0.238917529,0.284009274,0.24
0.0743142546205638,0.9418318500160616,0.7748533524709973,0.7288279668927926,0.950074816739515,0.844976009543167,0.4552787851153613,0.1076900030345761,0.0703815812006697,0.489496701,0.322443029,0.0
0.3226298684336138,0.9412464366023024,0.1163412790849602,0.9918387001011528,0.2511220666731908,0.8523070225897097,0.4877621436591445,0.6864305202596035,0.8292946522498666,0.333881108,0.433836164,0.2
0.9859229140443658,0.5408771302935205,0.7080055079539835,0.597586148725742,0.7491376587716064,0.9965796933989824,0.4792004754004294,0.7257187861409689,0.6769239675766717,0.150154097,0.448352622,0.4
0.3255918498784109,0.2378677139726426,0.179318815635069,0.8719110425135429,0.5172807174341035,0.1029449350261092,0.7586818081600369,0.4475022691349196,0.5628349493648795,0.148276989,0.155367253,0.136363636
0.0874846773592485,0.5385745028718726,0.3346999866143371,0.9313280456975056,0.172796173846267,0.7904836739190508,0.741650424934804,0.9865559869833526,0.1998507322106676,0.265699132,0.337185644,0.409090909
0.7504777703552422,0.2810507184871903,0.8182410697967331,0.1758103542947562,0.0876895543588683,0.6884779907971667,0.46629450287685,0.9245562338347544,0.2274361873825863,0.108075127,0.497241198,0.0
0.4511051139423472,0.0558625016299838,0.7292656085925024,0.7357670741595113,0.8643062251383221,0.1984217824496709,0.9512730988506573,0.6622811750257043,0.4980414625631788,0.09228746,0.233801272,0.387692308
0.5165711360425628,0.6883553246381406,0.7862507555992132,0.4731288896295073,0.092327975507656,0.9608199990318738,0.5886724938480454,0.1055736930392043,0.7265525331286719,0.47295413,0.659422214,0.0
0.5841645722766432,0.5888092960236595,0.7887323402268682,0.4070486721787564,0.8186502417784561,0.8440324767820858,0.8723428536268587,0.2764803570996791,0.0624708569897408,0.228342856,0.474650363,0.264
0.4722642153155711,0.0829758006186367,0.7418357282087957,0.1565820505801288,0.432574313090269,0.7695584546640988,0.10204419087132,0.7369102486655872,0.7266482365838413,0.053463599,0.669010456,0.553846154
0.6174726188415951,0.5573276335119748,0.5059095523258497,0.2239730651332857,0.3031459564379913,0.8914980885204419,0.7938481933107121,0.0207505472677258,0.3295212265492481,0.223203935,0.599287916,0.45
0.5639269870277763,0.8505947422529127,0.2988305421908149,0.0770281553526358,0.0803881286376502,0.8039770460949257,0.5959788243956334,0.178131207631802,0.6832042855012933,0.472541804,0.469954821,0.248275862
0.3368057688521734,0.8307924352807858,0.979396063995422,0.4719877791829121,0.5566537881599624,0.7600382867595754,0.0041432139923688,0.839976531439673,0.923874456447544,0.343838803,0.472887629,0.507692308
0.3758655284272489,0.7095826102288922,0.7376262516573012,0.8050495450435516,0.8799119939545441,0.1528601706033503,0.7126357147019289,0.5737132167798645,0.1172029512342256,0.414741272,0.22744414,0.591044776
0.2622061098584004,0.8577452476162206,0.253749994937645,0.8480793992050158,0.1892603376998268,0.0962991305730001,0.6720430695058975,0.2729908280101055,0.1286312038971616,0.541822727,0.157637344,0.804705882
0.5232704668423818,0.1583810363880966,0.9567860607444926,0.5365485788877355,0.8402730317938287,0.7925565858983575,0.2173414604872958,0.911346136766964,0.7438034336538271,0.100258233,0.547081522,0.109090909
0.4656890337358228,0.8274501311438008,0.5140056604522181,0.7914498642124629,0.7121924710069197,0.9343236758914124,0.7134323481966736,0.6422795085447398,0.8936059046505908,0.655750309,0.515295328,0.0
0.8086639819257005,0.8693205700742271,0.0383366080505663,0.4328384389691794,0.7981037228849011,0.4025085268876466,0.0360709868367387,0.125589865546323,0.5255634038321374,0.246481509,0.59470262,0.685714286
0.8867702772179397,0.6334825267146499,0.5029957601658102,0.1371855876138993,0.5118260987376939,0.3788397354535734,0.5920925786652097,0.4554268408207796,0.8110144408308341,0.322092388,0.406534785,0.336842105
0.9235672672818556,0.6338301475718109,0.4133558374640503,0.6875689032968908,0.3623848432092328,0.1446327635911365,0.6233622971769173,0.1770098546074384,0.3033741443204325,0.305926752,0.392601946,0.434042553
0.0666011809311226,0.1540892083060344,0.8935411514590973,0.3519738255354828,0.0416016117674258,0.6951022894144749,0.6110953441502717,0.9726773949112903,0.2862753246961204,0.121536824,0.252928282,0.135211268
0.5406156804571447,0.3912842570942564,0.5029069903887932,0.9468967528074452,0.8029862446056155,0.5950103341693016,0.9074174321197408,0.8912336991842233,0.7536016682310362,0.178685956,0.448946183,0.164383562
0.6929350581743511,0.5959687971963998,0.256279200223895,0.1929920056895225,0.9144027034607646,0.4124888137907432,0.7177114970216736,0.2761485084892946,0.575599515142712,0.343152135,0.52706943,0.475
0.3185186244384643,0.4834494570697605,0.0905109560135369,0.2711639209824993,0.3515628978979663,0.550623413519582,0.7567969774362694,0.7884746366056715,0.0400753149558014,0.165360038,0.397425361,0.608219178
0.3303290062098966,0.1187909063437826,0.1965811247663011,0.7355121232802121,0.007257078485257,0.1004676176257433,0.6226921668245574,0.502415970883559,0.6678436650024974,0.166337865,0.101055938,0.0
0.978513088541266,0.0130194807952594,0.1190825323268304,0.86235560180458,0.2704474961444778,0.1742122716640363,0.9474411082338456,0.0748313171294159,0.7437862957834588,0.087805247,0.29392687,0.09
0.2564568477637573,0.7140295484161421,0.7092144068211796,0.7645382643546135,0.0777343515743836,0.9064873093062994,0.8946283598199651,0.3903993001866113,0.0910709350295164,0.419381009,0.357767686,0.52
0.4779080752536224,0.3688066466301611,0.9976475461143705,0.4565090289444456,0.1468106230901937,0.1841150240378274,0.3177422655371015,0.3602740520310854,0.2026453167660247,0.190843661,0.233457939,0.0
0.7016251774026786,0.0242567557656564,0.184707747787342,0.7657654092552044,0.3107717790266774,0.2577681553662112,0.9381733979108676,0.4880857721377533,0.970621610437621,0.095045641,0.392318142,0.184615385
0.8484607012715635,0.6041778765559115,0.8435781870878235,0.7762488610405551,0.6102063643727091,0.5193951020381778,0.6042659079402377,0.9854835452430356,0.5416988645671948,0.304415301,0.509095945,0.175609756
0.5598299591347986,0.7859647369876726,0.2134476386521723,0.125257963189833,0.0236477640729622,0.9812145385535076,0.8747830201694774,0.5613303683583881,0.7128089393592935,0.331937422,0.593228671,0.0
0.0500411041729492,0.602122989048391,0.1236730693030114,0.4916519770844233,0.79256627250907,0.7350249409510983,0.63035913181589,0.5091419333666449,0.8272217690748541,0.377008667,0.320000581,0.36
0.3520354035883567,0.6034773867173904,0.3861930790450142,0.7889173824572235,0.2247755060010015,0.516704985457995,0.0367716365663765,0.0996787205324307,0.6495986865289015,0.233907922,0.457386833,0.218181818
0.0603613940407391,0.6619449501022409,0.540737305518327,0.1721255229837113,0.7992322894279417,0.6176645265823367,0.1757322214205581,0.0635675026232361,0.1441108654813867,0.178082652,0.39345283,0.545454545
0.7281640030294578,0.4230247510923718,0.3726915607009943,0.4061256877376132,0.0168876689264485,0.1602684145426708,0.4709421957806354,0.8575118136835428,0.4341238500380832,0.043185942,0.334231358,0.48
0.5325553244952852,0.5471331433113469,0.1033419349640802,0.8506129951916049,0.4600541223899219,0.7804905463322517,0.6214577556742767,0.5910978540716242,0.0809033813302726,0.234938998,0.515289324,0.347368421
0.3355240620447295,0.8087014391171207,0.6594726148932534,0.1804354260628394,0.7608384498947739,0.7188889161651838,0.7944778985710768,0.3551654148243571,0.4587924179819213,0.50641429,0.345715182,0.725581395
0.3078925652393484,0.4659821998575882,0.6382126728006091,0.111078226182121,0.294430081507841,0.1782585802546643,0.8143131698183009,0.0419259923607583,0.2104482241811943,0.20986618,0.142255912,0.0
0.8293926843679263,0.5630835112958805,0.9793149048629018,0.3750905934708443,0.6675619774820857,0.2204031732251576,0.0180217604874567,0.994906029329907,0.7895795617048397,0.218235046,0.367047455,0.0
0.1912568517514008,0.5226903213580659,0.4778095946764142,0.6639607059822801,0.5680795299010586,0.1659348574233021,0.9778104748473958,0.1342834110574041,0.1157024383691707,0.194343194,0.168329702,0.21
0.417980377068519,0.4903239284367057,0.878908995909213,0.7578095775735249,0.1790454754553964,0.9649531579008436,0.1374467420879354,0.8028276548649758,0.6236501953892134,0.217797983,0.296347756,0.428571429
0.8780919286700319,0.1353255330620247,0.4751530669515755,0.5349760219598613,0.0042656974843195,0.0807523150219318,0.7542429793135149,0.6671901906405089,0.1455408588345508,0.134471556,0.153186545,0.138461538
0.8603861272604625,0.4828466124934519,0.7646078442917845,0.4531160787951338,0.9852132279686951,0.8032142606966881,0.2947544017202357,0.5450207650699805,0.54670048252008,0.164375231,0.431709751,0.0
0.1040257750343873,0.3748785091469304,0.2881256382473145,0.9907533974332556,0.6747094651356779,0.8118252838423213,0.3337445763219074,0.4581965387676711,0.9054557711301914,0.117756202,0.405675806,0.24
0.580586751411205,0.7034443624161002,0.8731182789009996,0.7732446475517597,0.985154013244576,0.9280911689831496,0.8474890619780373,0.671091001944937,0.4496918197207067,0.373362579,0.461537725,0.15
0.3097470350222405,0.7577667781341376,0.5466026504977625,0.8049801974798605,0.9641535941763416,0.2531073337596788,0.4749602906899512,0.9002669112406325,0.903022508922651,0.274493572,0.160109039,0.12
0.8702362261009018,0.2289681451311791,0.3549384085182212,0.1957515784374391,0.8398639671240125,0.0196292392760599,0.6321676151254116,0.9179717292471606,0.4807674055555195,0.133572422,0.083032432,0.092307692
0.4414530977368283,0.6943054223499523,0.6223636677321793,0.5425713227933243,0.9161761599368656,0.6299182693164191,0.0957336643255121,0.4235597390491638,0.8302044232718493,0.316387374,0.439358765,0.36
0.6889491806836876,0.8128508274894939,0.4789533154331939,0.0571512610850459,0.9996352209805536,0.2284293648065106,0.856532512753547,0.580481657947623,0.99926667200756,0.384657743,0.220273495,0.0
0.7885344115233833,0.4099124957726848,0.3479815757927467,0.1314610109321836,0.0956509506261135,0.8979718110362617,0.2111602383895748,0.5800536793539566,0.5405325598197429,0.129205745,0.475885144,0.654545455
0.8447067394298996,0.7525609171582772,0.7188868751931891,0.8164685765468142,0.4861112461031033,0.8638660276642973,0.5035922889987506,0.13762511692231,0.4468880395867731,0.411876068,0.519640087,0.194594595
0.6177880909484393,0.476300671156638,0.2203827795309011,0.2144824878503936,0.6289238687695171,0.7908731407630939,0.0674873359934549,0.6635937538522996,0.7233963076245469,0.127725105,0.415086792,0.553846154
0.1744071050160718,0.4429461304580937,0.4247892517405617,0.7500231151232366,0.696516082681609,0.1588165938644227,0.7218755374271142,0.6024578382931506,0.4070940517265702,0.206451672,0.134037985,0.097297297
0.4853732091410254,0.6092149382053492,0.2953104199215008,0.6580189656075669,0.273932198525096,0.7001558374510248,0.6583282155060827,0.169881594385815,0.2466852245860946,0.276218966,0.511767741,0.116129032
0.7628574923909026,0.3833042980292365,0.7469472144420334,0.7094743394665152,0.8220289462729821,0.0586364568354265,0.7640864075932684,0.0350980628219704,0.4138537027408551,0.204831559,0.103951312,0.0
0.7234976136931446,0.8702886876769488,0.7252291337573284,0.9217837568988904,0.6429850106568282,0.481091352231094,0.980784399055683,0.9075668798749696,0.956141470248479,0.525544417,0.482004537,0.216666667
0.694057929444887,0.2983261069513985,0.3029736425443341,0.9921670741457276,0.2789864439864329,0.2660969630695575,0.1874528038848562,0.7986949112279268,0.6118226495754464,0.112307696,0.50525602,0.8
0.1494997568639081,0.7384796907660557,0.2418268047918399,0.4317350792130849,0.0643920249727251,0.1976338312211827,0.8530122647076923,0.0310515981475658,0.6761302427029835,0.323439951,0.171598425,0.0
0.5854621667130906,0.7328964512823155,0.8864006291575418,0.511126280777289,0.6029424538190518,0.9108438838905994,0.755363490605917,0.2956633694542245,0.7279658193361268,0.504476182,0.594118883,0.15
0.3184336275121505,0.7279142165685102,0.415693063463741,0.2061802436536899,0.3489123665395975,0.8665040991307646,0.9882396766212608,0.2294099485243583,0.4410551771303748,0.380128253,0.447295278,0.409411765
0.2881683212117578,0.1339343657931152,0.0635963382253521,0.2073400231486242,0.5377309592053289,0.080173033702076,0.5472596983265186,0.9595477474507365,0.9853962873758514,0.105030387,0.172513959,0.424242424
0.7438370706356626,0.8727056546083382,0.340637205121143,0.1734248533985803,0.531697223616642,0.5996022103005587,0.8562833221455686,0.8835913103382651,0.9949294390771702,0.549892243,0.509943153,0.030769231
0.7615222972123361,0.3928839324642604,0.3808232719141355,0.5453707392484601,0.883061911339367,0.8567793706135846,0.2647507516180163,0.6588990951169682,0.7641548655343039,0.158125505,0.436427225,0.0
0.755112461749567,0.5587346323180519,0.9082137362063172,0.6949210022587937,0.5884536759445782,0.2216284625626737,0.9692765206104283,0.4429072109514229,0.5062772595385869,0.334431689,0.347455687,0.2
0.9700507400334568,0.327128054857571,0.1916750761156657,0.3203341974188445,0.0790499529354279,0.4142283242022359,0.6542990278128852,0.4214200666742429,0.9595052036474544,0.162519696,0.484766937,0.104347826
0.0424540984154241,0.7636346624263549,0.6052587541663583,0.8554345490458062,0.0956204451396403,0.1420714769621623,0.0129604252419228,0.1555523278388825,0.820275857044583,0.243189339,0.099919568,0.6
0.5337050378277314,0.1211363690972204,0.683133216143479,0.8112058074524244,0.9683067831230474,0.8586499755984993,0.6420968172424958,0.4218075378642832,0.9667402303906262,0.103732107,0.569110442,0.447058824
0.0039162189596854,0.0069844739418195,0.2072183955298954,0.1537283557409131,0.469961220249545,0.9178179650582992,0.8431184701811671,0.1981476038561634,0.8452977601019468,0.085440533,0.218624369,0.0
0.4132246295177867,0.2896160539116021,0.8875447928890109,0.0198837939449554,0.9464099021101222,0.2599674675780457,0.7120347818584634,0.9098568379490266,0.9320653695616498,0.172050784,0.356416139,0.498701299
0.3494677235258273,0.376804081320782,0.8464597928097921,0.6087117831355384,0.304370203428904,0.0458292342849312,0.670975333698951,0.3572540968147826,0.1788821666099846,0.187672909,0.095669213,0.628571429
0.5968608930932278,0.2247718949328837,0.8865853989151662,0.8805381724868846,0.2646466310955172,0.1129016769364603,0.3314723724188284,0.2421192735177268,0.0849246445633501,0.105790847,0.192338247,0.685714286
0.3897617013293759,0.2406105480189696,0.1271282980204298,0.959566520652458,0.9932463743794612,0.0490316052602468,0.6517118333335191,0.8904669292651767,0.6678864554513898,0.210869718,0.170828956,0.72
0.8771485889154753,0.9840897463363114,0.2656426514735693,0.2646883183609744,0.3706691142339049,0.2109218339971454,0.2379426033490733,0.7700298494851672,0.1478907141216416,0.35637276,0.284182835,0.0
0.4706274630192075,0.7343437189130709,0.4416814785428307,0.2387786699424484,0.8456447628017366,0.2184312247112212,0.2919880048957095,0.503507992118347,0.5075654817339871,0.212241916,0.246293369,0.378947368
0.0354149548780459,0.093354361965448,0.0956192708755278,0.8475840867202727,0.3242881034503114,0.2901930317384403,0.6954541659470417,0.2349792391170823,0.1447949039637992,0.058856217,0.067262847,0.0
0.3450466637644901,0.4550962032324521,0.0642884296447883,0.5976188888259758,0.7450441364299949,0.9577653155116664,0.2021639648564611,0.7525212794874105,0.3295248760770468,0.1167354,0.577448627,0.0
0.4705262570708786,0.1216495149550694,0.9214341711600438,0.6921025387465887,0.996662701884148,0.3503417110578001,0.7629067087206318,0.1655671432847716,0.7799903075823326,0.125209828,0.266253474,0.206896552
0.3928797172002373,0.8962980930468423,0.2014885714242724,0.8409823178954736,0.5600107558287409,0.2877303256687925,0.3361679711174785,0.4723637617121859,0.5518666767770898,0.429384912,0.192102352,0.0
0.7617476491582037,0.5961139067705296,0.6796853680169775,0.1643540078361929,0.1093991472605941,0.2767097098585804,0.7341122575437631,0.7797174566167896,0.1435268298011941,0.229740884,0.380804164,0.325925926
0.8783638733036375,0.5924840564291929,0.0530991036387683,0.6733171236958477,0.0861528457293336,0.6860522230817694,0.1352000676577343,0.1543318969963433,0.3859899126994879,0.229628995,0.638346825,0.0
0.119945901547781,0.8808913279400589,0.9531334968164016,0.3639592004501861,0.225734514727526,0.6869854787567007,0.4560091940112739,0.1685840298292187,0.8537850980131179,0.398289504,0.384208339,0.0
0.762688736496396,0.6138718999617274,0.6455680118013996,0.9110841902071086,0.0758179863888901,0.1710817222566801,0.689613105684546,0.5882244820712759,0.7745385931750125,0.347081864,0.271961699,0.104347826
0.3432783014417107,0.3232810759114305,0.4037042974313101,0.7263186622515359,0.6873584287816887,0.6626233820727553,0.2184536550417213,0.0331242114463614,0.0503040128548485,0.067386143,0.505250689,0.0
0.3220879557407305,0.3597287496047464,0.4140102105024427,0.2420644181738789,0.0945118549334279,0.0382420994186759,0.8731916906743357,0.6642608785722424,0.736600503072529,0.158630916,0.038492039,0.0
0.6377688699043452,0.5858663939501592,0.1116725119423581,0.5285668126361593,0.5463648886875396,0.9257747486552652,0.9669098566527916,0.3743956201721422,0.2457747413625567,0.223263479,0.476331145,0.324705882
0.6675609326044611,0.9126699403671276,0.8022321886204797,0.2184092134077561,0.241107660733732,0.549424658458386,0.6091789514824965,0.3497164962433243,0.5463872480877717,0.552753439,0.442240563,0.744
0.625777695619175,0.7594637263311892,0.7577623987755548,0.4021339278964635,0.2182295833191271,0.431119474867359,0.5273730796360033,0.9677337784777432,0.6505814937246686,0.400671351,0.331940432,0.0
0.7720907274367705,0.3724826956404122,0.9275886033571468,0.8695030868299892,0.3121218840650668,0.2606116769163076,0.6410421586421263,0.2813137371450382,0.890224637367229,0.188934663,0.282034985,0.144827586
0.4040126372971253,0.1936593776099482,0.0653688371891009,0.9040455124838078,0.6511196247743338,0.6760236039594835,0.3804372945548021,0.5047207046017643,0.261987279844354,0.090994139,0.276752852,0.0
0.5992069178516802,0.9796182876241596,0.2865390801918804,0.3060795307025197,0.3461457258639876,0.7155489342759273,0.7679366340950643,0.8005968375161946,0.6166879700489422,0.569447588,0.570361236,0.517241379
0.8862470105152498,0.2205170880552868,0.404956076189928,0.4581932335764033,0.7992186767585024,0.5267480726869969,0.6053709069777129,0.0557438446211722,0.1271778476181294,0.139211361,0.526690029,0.0
0.4925789304047968,0.8727761253888192,0.3661850366287585,0.3948562132103455,0.5382613282359048,0.4643613499944514,0.8692684771155679,0.5164120613417688,0.0174887834883864,0.476109597,0.320560098,0.317647059
0.8080920766198993,0.8683778643055114,0.76186546196691,0.6778417714576653,0.8780670341272574,0.9848821802727976,0.2092801226006561,0.0564006072449063,0.0577342632365303,0.34687218,0.517089774,0.0
0.2093625341073128,0.6026954617772083,0.4361236265885957,0.1902522599460959,0.954813941019541,0.2544049468257727,0.4935095026605945,0.0229637589358934,0.8873949462806228,0.211671083,0.297817111,0.646153846
0.3134159168925174,0.6743379939499551,0.1059842354158351,0.0799773627807516,0.6343509868006413,0.0034289139662739,0.8090864270499428,0.0607221230205204,0.3960663709728581,0.285976352,0.028159865,0.094736842
0.2407191122718035,0.4648870247105049,0.6198496961190548,0.3999561385132598,0.1465407172411637,0.970544800176694,0.838856136068329,0.8833244264390558,0.0753022571337096,0.310592133,0.41683193,0.0
0.7797233826551105,0.7921097030600366,0.181357465288766,0.4463987273114087,0.6472805696633107,0.1288819795680307,0.5383740750865859,0.6101259547661289,0.0047584931706319,0.392876735,0.238810517,0.615384615
0.5628592578329242,0.8649891711967718,0.7132742647622906,0.9912944525750904,0.9688002552044894,0.2480088286575721,0.8772457176890172,0.016592027456258,0.986246223208784,0.490791436,0.12726514,0.0
0.941168987037828,0.5181997042133792,0.5270731308402475,0.4266218307259822,0.5993007883698125,0.333260425051028,0.6692339610866188,0.9775000425889178,0.0434098692964816,0.251728984,0.354477163,0.292682927
0.2989638622882316,0.6003682717654673,0.8597265451445991,0.7856423114861667,0.508111226948446,0.7314933136457381,0.3892777043742584,0.8113876728895549,0.4143182014128124,0.217704506,0.361227059,0.0
0.3870509325727626,0.5704809244512126,0.964413499260364,0.1233868708837844,0.4693905228912923,0.4219749634703342,0.0578978325163629,0.4989212859710623,0.1061824551884174,0.196995116,0.247842245,0.685714286
0.4054235789373015,0.6240805358630538,0.8089514863502367,0.8911106365194884,0.2230045961604811,0.467774346021155,0.1261042362239429,0.3566518430888763,0.5177917220069562,0.268360676,0.377296201,0.56
0.4753064646660561,0.8120382356184086,0.1197493774697435,0.8069959974447583,0.6784458099714864,0.3531951537051616,0.6624880099441832,0.6084677603109926,0.4240404463840677,0.488234256,0.307110438,0.06
0.651841327198098,0.2804985526786822,0.94119295370539,0.97611566750187,0.8204638735263489,0.8683448886692351,0.8410843879255749,0.5791752309707193,0.1780904907701999,0.137075193,0.50754625,0.021818182
0.5435024559417965,0.7036470981660179,0.5223482099496791,0.7520901616864492,0.7551142633789203,0.3335660826083091,0.5490487454189502,0.8930093517465088,0.6301409550372858,0.366808048,0.304552247,0.0
0.1843277535269238,0.8605049401947308,0.419723466424532,0.4877608698847945,0.696091920412,0.6973855226843566,0.8009852356103226,0.9506159649058146,0.8438309841244388,0.506916681,0.239060616,0.0
0.5058576400359055,0.9219114684261528,0.0775180795739656,0.2468521056466549,0.1211734940816658,0.2829677802526553,0.2396695783377097,0.2013935489656098,0.7255488568070503,0.402963057,0.299759882,0.0
0.6937110788005831,0.498580162448903,0.2770661319801498,0.0595263514670885,0.396990830539709,0.05427680925213,0.9977797367876514,0.3414630137064932,0.8883082457283537,0.270920262,0.147592191,0.305882353
0.41137366383447,0.4318097143209063,0.2415058804421025,0.5832108961830543,0.0745078017036354,0.0764230817341413,0.0374494595904455,0.6328912234353441,0.2903694545661808,0.131884567,0.035641635,0.3
0.372432523437193,0.000645085148085,0.9535014277434412,0.2702578290135254,0.2472083494636001,0.5654148572298325,0.2137684495502918,0.9367029033563464,0.7268005344770069,0.070282419,0.383080997,0.16
0.8752022524982684,0.394389203416463,0.6402304108912087,0.9532593756649836,0.3090873831024437,0.1645380412412971,0.613067577290418,0.9060214667229094,0.5255241134140696,0.22088509,0.396248886,0.55862069
0.1906660056054805,0.1260566507852121,0.9277528092498905,0.559701220094827,0.8846647797350361,0.0526691988709618,0.1325089250973589,0.7907787755932403,0.0708207766679859,0.055403313,0.121871073,0.857142857
0.9056201159014764,0.485646585856664,0.1630406702967819,0.3409706330230031,0.2973317066403986,0.2404508081217273,0.4286502119510803,0.8457220458872546,0.720345547752798,0.092476158,0.429340353,0.15
0.0490869455029276,0.1069687392061694,0.6969178953764312,0.7500825538296401,0.9882856938886052,0.2347819404739231,0.3396786338501513,0.421299652339183,0.5289715504983622,0.056068087,0.139809248,0.109090909
0.2759232119936463,0.4730229574123673,0.3860679368619406,0.4718312702057844,0.9270403815702548,0.5699543647102985,0.2256953307413963,0.9424480322159244,0.5515984403183292,0.149372078,0.204025902,0.0
0.5512977537980976,0.6264474783996272,0.3088539775336703,0.7365474490175391,0.0961137335646565,0.4355861421617323,0.4203627441373199,0.7946075913289474,0.1808101529854971,0.131516236,0.376577088,0.66
0.0156728134326497,0.2126660896252967,0.6055964950073206,0.6205910155366692,0.4445192216175612,0.6127939059191592,0.3055874878059901,0.8982438282811729,0.6574691490745427,0.109944863,0.238267688,0.0
0.3258741954929518,0.85999380410033,0.0745403672407719,0.7553432351638831,0.264046734650977,0.8280154184158675,0.1268495357786844,0.3481194502166358,0.2707910753899862,0.053043614,0.738124304,0.0
0.6722852970022191,0.0705465868451877,0.7655552497091173,0.5075212270214583,0.1188333001355939,0.1900615616191746,0.3553804130915572,0.7572901808992251,0.4471248880234226,0.06888296,0.247178298,0.257142857
0.4901491842778358,0.6145565111450929,0.3732406747971529,0.0706430417931288,0.0220143383561701,0.8501131853475754,0.1537594464667361,0.4537733404066562,0.2683820138028913,0.200621339,0.492768987,0.6
0.1743119661112232,0.5936644494329631,0.2783397931566205,0.7964940029176246,0.8384703227965449,0.8532050165979322,0.6646099004105963,0.017194673968169,0.4116297194161021,0.314473367,0.486462954,0.425
0.0775335292718473,0.0795668401868653,0.4794225663607722,0.6490410483912565,0.0904674147476796,0.1910190065120831,0.3069445317260502,0.3913342234149105,0.5774628156054352,0.085197099,0.047927861,0.0
0.3110193446517683,0.3306393199267623,0.2632924745514194,0.3048275330755428,0.6740178314987771,0.0364407261458933,0.570798414660116,0.994208283379468,0.0326135419548704,0.192346342,0.083543489,0.852
0.7165198314786578,0.3058684172132988,0.0948288865689404,0.6419713911583712,0.6879263957120065,0.1211744411540517,0.257666542840808,0.7842382890117322,0.5768613606065317,0.10945867,0.185907562,0.327272727
0.8549334368762517,0.2204151604708533,0.7740101826577487,0.6199645031506331,0.2930833673023065,0.3133760442624912,0.4758346602358664,0.8544254090370854,0.6415852364676343,0.092392322,0.231409332,0.0
0.2625348645132518,0.9652062659045167,0.2178450868261883,0.485315735594873,0.0782600224133579,0.8319632460923162,0.4418385479828769,0.6217125800608158,0.8222608805807514,0.434927703,0.360556879,0.0
0.9880446672349148,0.7039755440416874,0.5882734860211022,0.4440240716512292,0.9928496414375696,0.7692202896775694,0.2106740892169968,0.8299173955398493,0.1305242742579075,0.127010978,0.70513052,0.0
0.0287160281865481,0.6119098284384689,0.4445886736186343,0.130936081560936,0.7322736873852492,0.1169685805386748,0.8347861426730437,0.0742827533783062,0.7613203830993628,0.282059259,0.095446687,0.43943662
0.5291318063386033,0.5738477363414662,0.9322115812058528,0.8746728966168306,0.482392557331943,0.8990159167427613,0.1806504926560683,0.0241993454202772,0.7912988432914773,0.220889585,0.505658126,0.036363636
0.9141485937153914,0.6287206594365718,0.0023517029965091,0.0703086554530569,0.7572957964514754,0.3929988004358633,0.5236210062616483,0.956141110332428,0.2626275627045124,0.306278593,0.385668385,0.452830189
0.6900005519324395,0.323486009273181,0.522357886329688,0.6308194689449508,0.5510673169701671,0.2441912708276356,0.2389484887486235,0.7835536731493864,0.0799750129248223,0.086885372,0.417529997,0.72
0.1426308069965129,0.2633875772719241,0.9912331388840429,0.7515775881805394,0.0825972380054927,0.3193582960239042,0.4508127245010045,0.3735268469520744,0.3824654977641115,0.07719794,0.197506978,0.635294118
0.6365929414522907,0.0364082019948551,0.8737647735827693,0.6379902563402651,0.3832082806775547,0.3511162026472846,0.0093124826701764,0.5507052520826528,0.1615202612380446,0.080203435,0.318195791,0.0
0.1283152400387551,0.3646057586499446,0.5826792702110233,0.0400953192899853,0.486934112145471,0.5320103958123964,0.8171790248812288,0.0419854727019702,0.1972623861918691,0.166365447,0.280339958,0.295652174
0.3620569560811905,0.9613426853867756,0.698925830987027,0.6461424488811212,0.2010581129491877,0.5417788916335767,0.4418206573388851,0.5565177877197226,0.4525613461778763,0.482255781,0.388332728,0.08
0.6875094990359054,0.7075106372792018,0.5551368530685422,0.495305997701679,0.4961455969812168,0.3729054546769696,0.2798144617493866,0.4345652212600974,0.3585518533024935,0.15813609,0.415954518,0.457142857
0.8587027526580806,0.0597737139717682,0.8297565703997731,0.71549957461439,0.5315360197103052,0.7588500639219259,0.759303928635251,0.250261541227434,0.9557428720100012,0.113654496,0.503380371,0.261818182
0.904107084646282,0.0089922326899729,0.0355645414737412,0.3262758716321815,0.0888482866591222,0.2972656381420383,0.3154109309141588,0.4593385775715533,0.2929980696466951,0.05629992,0.382516969,0.505263158
0.7859607193147836,0.6151272171095512,0.8174583678779163,0.7608740627334925,0.0821414192430936,0.5850995627382787,0.1667475410647911,0.178591367718217,0.0754124531016974,0.209348095,0.48227366,0.466666667
0.3341152936274434,0.048436767878155,0.9678490875738084,0.6253526043530219,0.8981397553732601,0.1575823463808074,0.2954068544939857,0.6388868207049307,0.2470929297653842,0.05895206,0.137330681,0.171428571
0.9210885683348666,0.937327576772784,0.4993661339598984,0.6731480582349602,0.2467816294828924,0.446031835520432,0.1212615953635714,0.305328585790684,0.4446572562718061,0.484610883,0.413659599,0.654545455
0.0693921614414093,0.4621416042515387,0.1995928538516533,0.6161229696132119,0.7335030068808176,0.2540368724701032,0.3567254869597428,0.7525926839789844,0.4688494623642948,0.124761032,0.076638271,0.514285714
0.8934389274798117,0.4376266758222473,0.2931632397405445,0.7473328772534894,0.6916489483619551,0.8718579565334044,0.0910799332149039,0.4867126587783016,0.6036285222516147,0.142246278,0.552091997,0.0
0.0550180119617473,0.207346814614154,0.8630654071462113,0.964960749023736,0.0785893567308773,0.9034038394830926,0.5596673095728566,0.6756127585590481,0.8361902121445868,0.142479856,0.242288389,0.0
0.8813590529410228,0.9915804598230904,0.6859003048998943,0.1852910983436828,0.347369945973246,0.2902076585871677,0.4795031389120586,0.2067815085485568,0.0704428659931025,0.412210175,0.263621672,0.0
0.9590342515660916,0.7551369771408356,0.7910770162163285,0.211831792134429,0.912772958490922,0.1687067585248806,0.244653028372226,0.6191408235165267,0.2418717861719722,0.283200569,0.426157145,0.378947368
0.2373104607372863,0.785319472926221,0.1281475217605583,0.9300574346697752,0.0361802378392935,0.0419320448874934,0.6117677510924575,0.3975017815276123,0.203723455253825,0.412719668,0.099494278,0.673972603
0.9804714685692706,0.7001054727073673,0.0695662875025452,0.6964531544408757,0.1729174150800138,0.2216167876899027,0.6311762886166241,0.5725071362480603,0.6054562150679159,0.28852191,0.412097574,0.260240964
0.0692099083375097,0.9336383865033816,0.8181689176811485,0.4393038240522169,0.8503249358936497,0.4230994673365178,0.7547098737058541,0.6544402330163057,0.1199492302093037,0.507061941,0.117326741,0.133333333
0.833694507177566,0.4712261331373812,0.4901351249239154,0.7939431387909639,0.3241631507205667,0.0124289970423526,0.2510632645332626,0.1280391651093425,0.7078427655939991,0.21145193,0.042941076,0.0
0.4191309445665804,0.6787267636650947,0.1651878788203836,0.3789002695199424,0.8147459208865322,0.917182293588951,0.1639403929821083,0.1252018193458383,0.1624039554703562,0.195772473,0.56523472,0.0
0.2048962650240173,0.848651419723957,0.3020106725521918,0.3731112138159403,0.9692040682263556,0.9599020512513472,0.3103550259297866,0.9466583197438684,0.7886566460540301,0.282056757,0.485286844,0.1
0.9106988681343616,0.915940075036425,0.1090307049283487,0.8313689811927417,0.5714075776507535,0.8575147429806793,0.4474618141323903,0.0065647492881054,0.5498353842593157,0.42201029,0.594738231,0.2
0.9160849154915368,0.0944057051935484,0.2550075668306574,0.4221586395149006,0.654668619981903,0.5854088059883372,0.7236154684758247,0.0406705549417217,0.155144251694148,0.114138415,0.494589359,0.572727273
0.0519751920844047,0.8654564208986837,0.4528436373840173,0.4668045067426325,0.3546728311742753,0.1038857116119132,0.0955467572124314,0.2238543540553697,0.5195780425418645,0.288535194,0.057120414,0.1
0.3480725770275381,0.2601139539833518,0.5351723771739783,0.8051507567352031,0.0432113158296025,0.3878836809668459,0.7292180552001352,0.4434761894572315,0.6661473169438406,0.146606565,0.267853308,0.0
0.7857816152251356,0.8705431096175832,0.0339599673292502,0.668216407244304,0.7609770582631445,0.4700533651869764,0.9057804386173272,0.4960250023569379,0.132116788084588,0.587161685,0.392027929,0.558139535
0.0975938239526702,0.2142409096357251,0.7497758553299312,0.0917188248955209,0.9855022235635524,0.826743870006829,0.8799271362499061,0.7135130163138166,0.3570982420542558,0.131972702,0.369531597,0.568421053
0.5788248977016927,0.4504366912658745,0.4032345471217926,0.5605644242767023,0.5279586025988807,0.1851799553651112,0.2522084737245308,0.9283606169342647,0.9367557915689558,0.228358351,0.231926872,0.3
0.8896829677886482,0.3086332135221759,0.0918167292213814,0.1820651970897354,0.1263110755691283,0.922989605809185,0.7162400844095482,0.991202137051558,0.582918494882331,0.125779892,0.51899075,0.494117647
0.4373675192516861,0.7526565420667164,0.0456397413421432,0.5819236388793976,0.167329296355751,0.2183120953315045,0.5363206428252176,0.0697246042137719,0.075374443196947,0.320828171,0.256023278,0.503225806
0.5054549136898477,0.0420916552576793,0.7429729793024923,0.3712045829580622,0.4493122766141006,0.8574356941644399,0.5343657548262019,0.0953032664685898,0.2917375765983465,0.095969518,0.50016442,0.55890411
0.4992281187162313,0.8445968581486923,0.7585355966549356,0.6127076504931558,0.0697554065518769,0.3880709081051665,0.1185683455176443,0.2663029219812157,0.2912770720527547,0.266987824,0.30225558,0.432
0.5832849058793809,0.4454076608890365,0.2826168257601938,0.8034353704052939,0.2099869612405547,0.673274827355182,0.4175004460421404,0.2687577034245137,0.3618387958302154,0.257192339,0.57827076,0.0
0.3632034556323249,0.1773545585424655,0.3545289553135391,0.5303553530365909,0.6496297690070092,0.4531752125650927,0.2172532996890851,0.2097418797911787,0.8444929532415603,0.088921339,0.494188869,0.0
0.1912122158968792,0.0067272870455017,0.0988614522703361,0.4826757354325222,0.4577738826840116,0.9671651163344992,0.7179241633981149,0.0333769276676539,0.1569607443093864,0.072106274,0.475966342,0.06
0.7979455574718639,0.1361384045213354,0.9295266989646588,0.5477711310665341,0.4168856232308662,0.1415418809231988,0.1800530623058241,0.0568687067793336,0.2379624043629491,0.092360717,0.252552395,0.32
0.9503692641305918,0.8113099500993773,0.2860835922856946,0.2429803731220872,0.6996270761802231,0.1197551992415635,0.5146567527081384,0.7569040732378235,0.0994298758258872,0.453703884,0.221837319,0.105882353
0.5155993589954088,0.4317150530519948,0.7209570407751489,0.0698013756558597,0.9994398294909362,0.8911363105256688,0.9491063461018172,0.6361120136546674,0.6063717388679158,0.227283717,0.505235577,0.547368421
0.5561047622522135,0.9364007305598624,0.5745590444363038,0.3229423550161171,0.1069585885857439,0.1169313051892776,0.4246066234463239,0.504585387131264,0.8555950061875311,0.486554029,0.155980871,0.282352941
0.8802339575355169,0.2041155494247243,0.1913647211608892,0.5854462263551518,0.8570147173831439,0.921230503609265,0.5573923691172217,0.863943696275795,0.5158445377933153,0.146778575,0.555400943,0.369230769
0.4495855369880324,0.8305336837169891,0.16150328046621,0.6542440149865998,0.3335217708312659,0.658007077502623,0.0786231555440593,0.4739939182507713,0.8153897535561652,0.308274133,0.463929317,0.0
0.450321427792018,0.6203258999986523,0.3596965269088384,0.3576017156389623,0.5115686583113287,0.7073612518573984,0.6361933268245996,0.4227906215100754,0.5115438830196611,0.307571349,0.549595269,0.429850746
0.6132031844187076,0.4836084022966614,0.20995854870738,0.4881974577479345,0.079358523849828,0.710390951107765,0.2063715024386142,0.3146368384343559,0.6762873899616277,0.14978426,0.499313872,0.6
0.4317911715797445,0.2558228051998493,0.5378003414846235,0.7600286760154962,0.4956250696021571,0.8919927632664358,0.9847983504813648,0.745134073127418,0.8884165819179733,0.169589726,0.568956082,0.0
0.6207838458822642,0.2936567380447585,0.2606892564139069,0.9803783737584414,0.1183752843365643,0.078837540920435,0.0897835139999682,0.7684065551378475,0.4651796470389352,0.121239726,0.157025887,0.266666667
0.931690031906898,0.511104853180967,0.4690782076962076,0.3292415641475048,0.1614059391787459,0.1513666276902119,0.1613296239734972,0.0281199250660051,0.1049865397807069,0.181412251,0.285396448,0.494117647
0.8527012516138169,0.9940395616421698,0.4885374540435415,0.5396590888466603,0.3729812218012757,0.3988208945129752,0.4848457776847522,0.8362735769446453,0.5187702615064592,0.412244807,0.469696024,0.0
0.9614192017278538,0.3857131867880238,0.5937447460626333,0.806660671806392,0.1694341750792278,0.773126541875827,0.7445578114805839,0.1773973903826765,0.250340311601875,0.151108961,0.613863293,0.0
0.5777925871859184,0.8020976888761305,0.0054967248672519,0.536588992344543,0.94561713212002,0.7089821782179244,0.7005716641137487,0.3684045017867429,0.5689595910310558,0.410434418,0.579329505,0.125
0.3754931148671196,0.4980067893525235,0.1070257387080022,0.8699894408459486,0.5236634595796199,0.4631090401358146,0.4409245498505523,0.5283744932255965,0.9755413075831606,0.169994629,0.414295772,0.327272727
0.7565270109514026,0.3410844194562853,0.8883143703931289,0.1110437343604241,0.360924542747765,0.5984546069261433,0.9679426136685634,0.3459418094590971,0.5617621935630964,0.23753825,0.508691308,0.591780822
0.6606070141413124,0.2303670305902909,0.8418834057874212,0.5351729914648303,0.3430396870226857,0.0706509603647268,0.6295930076446661,0.5663005084152857,0.039963468441499,0.142288519,0.178320146,0.376119403
0.0435248013688605,0.9873932080128924,0.7863801435519316,0.3053245933927189,0.8622019466007167,0.3415294566615076,0.4807067675627514,0.1743208957790669,0.0103057588134973,0.520670779,0.149214579,0.564705882
0.2769418064392377,0.0697856530412162,0.8094273525145419,0.8150419026137711,0.0960544345743564,0.7202974320273761,0.9521172155394644,0.0250517052933367,0.4154406000065581,0.096186512,0.321428077,0.0
0.3918123718172474,0.5351457616132071,0.62253567305845,0.7822879399351534,0.1857153118806868,0.1582497239769004,0.1385737214411908,0.3679972745864061,0.3948486692699612,0.176562245,0.270931997,0.0
0.1909366414021203,0.7586625395726321,0.3257463029910556,0.2669216901066913,0.3027229412465869,0.1637306851730042,0.4042978383513184,0.0654215002450095,0.1875360313557681,0.289313411,0.090589871,0.0
0.7792644659715078,0.8111780258969123,0.0680169440794894,0.3931581993327853,0.5118629837697223,0.6028641547247627,0.3137640637791548,0.4682758816229685,0.1373884582541408,0.214542105,0.463232052,0.171428571
0.0340284690426405,0.7016447689882443,0.1504491453777322,0.3090290524650021,0.5531009680759755,0.0673747527156374,0.917766197698672,0.7386991772748545,0.0549570347233274,0.267339126,0.049596212,0.58
0.1551706417335369,0.2054722509929305,0.4704515539190215,0.9026815656497628,0.1573557733033821,0.9705895636556,0.427519713442591,0.8961504555606452,0.2653277720457627,0.066123351,0.484471063,0.6
0.5657268917288965,0.7185789794841909,0.3197832357334594,0.7552161528380441,0.1199178719856279,0.8865421566022567,0.5769339856976515,0.4895659133976539,0.2874097608511643,0.447953743,0.502311944,0.15483871
0.4072170325722853,0.0421287671466908,0.7813465382809605,0.0504206510545618,0.3060305216513149,0.5359531044599847,0.301811477804435,0.3167802243900031,0.1886952809657016,0.049086332,0.293063371,0.4
0.2870974218819569,0.4341024969633356,0.6379827372999666,0.3980859616762731,0.3809573785406261,0.6434106331244989,0.6678579492043107,0.9022506407518388,0.5297866382197111,0.170980266,0.439239138,0.155844156
0.0404533440122512,0.9033368030767366,0.6080317507169137,0.7274329233392306,0.5222107241755788,0.9117857569215588,0.5959653255070541,0.9339983584512888,0.7701333726481255,0.55804718,0.402472634,0.367346939
0.7639858910824139,0.6661952318502025,0.0669802640192763,0.8663156567790427,0.180657709129105,0.8894974946470293,0.2965623924381967,0.1001022516291758,0.2679338861327245,0.191917726,0.558285909,0.525
0.4202166073368737,0.361866292225229,0.1402691245115918,0.7586851843998672,0.6817163577099714,0.3193513077569696,0.0448592146890068,0.4415855926041404,0.5378149625777939,0.097993363,0.339129841,0.0
0.6119369442390107,0.5124848406222234,0.5056160493944646,0.8467689552237427,0.7563297065356792,0.9250768996441872,0.1187426694998172,0.269579674217604,0.9847244187022602,0.093296102,0.467098311,0.0
0.0777994328904092,0.16117397006367,0.3041161117233301,0.207300794037001,0.5213506586942473,0.2801309392021325,0.2278230505309479,0.6471945783387342,0.2027231217010325,0.071803541,0.130472549,0.6
0.9772952732723168,0.3614901497159286,0.604055206353827,0.7746165533332966,0.9287516789539292,0.2234413059878954,0.4166958695495835,0.9744960067795414,0.8815993590043439,0.133212181,0.498920421,0.444444444
0.7142220016490823,0.3215814505591186,0.469196205383899,0.9888009984713136,0.9957629476446018,0.7695725527196872,0.1878310925685962,0.2701654538719419,0.3039309246364826,0.141563722,0.486999898,0.6
0.3969274259134104,0.4029310634336021,0.9309335299843214,0.4839983576552944,0.5468623041392311,0.4822142255279052,0.1563769101594921,0.0763204225926322,0.6943998711381368,0.213950469,0.376976042,0.0
0.9352658657071916,0.1601035908117968,0.4207296814486631,0.3143577091955603,0.0284201852793347,0.7562041969331504,0.4579104309866185,0.88712913523513,0.5785829548339425,0.049120925,0.549485434,0.436363636
0.4850771810786451,0.8743522778375112,0.2826818535236296,0.3751220063277771,0.5685600522841057,0.1026207712464845,0.1546717602710667,0.3851030875746835,0.1874948669701004,0.295177769,0.170962419,0.48
0.1903806278811014,0.0243478215217148,0.0716636092767373,0.2860793805271121,0.1354285409132337,0.7454257035491126,0.1193954348671915,0.5359385039738307,0.1961734449933038,0.056202485,0.286030265,0.4
0.099824028591487,0.9935225729342704,0.767482798555636,0.3918939760086262,0.4310450936170031,0.918971480383006,0.4610257059400027,0.3097343561369302,0.1135010909674466,0.547816473,0.326760976,0.171428571
0.4715945476802528,0.4591240072916235,0.4498201999330851,0.7697638761647834,0.0917281484276817,0.9472011299460896,0.117577540263244,0.1005358074649644,0.8199805871867425,0.135939336,0.491394497,0.36
0.9065146485319264,0.6492864567033586,0.5097335282339759,0.7427046016540232,0.5679771805131167,0.9224744709981764,0.3087025205839068,0.3113219527550326,0.3178875120955425,0.225653297,0.706780096,0.0
0.0598242066269916,0.3652943538873427,0.1260342854776281,0.9271432496475968,0.1554069261668699,0.9903789307792976,0.761714999869418,0.236442487591883,0.3682366791515375,0.109868125,0.363137237,0.0
0.999410090139092,0.647146226887978,0.4574890575278593,0.2812455734985234,0.9413572531801432,0.0152211389685218,0.0178371018897938,0.4003010922658339,0.8324404453371722,0.211280391,0.063671631,0.2
0.4876910380452508,0.4121534283060463,0.1661136641246537,0.5729169502398516,0.9879185203382764,0.617725587840964,0.0963791331328404,0.5496818630455995,0.5207641370985899,0.141258785,0.359066633,0.48
0.5565562586558572,0.5170240173179673,0.7190983777413309,0.923343063538588,0.2123775675959952,0.679329094367204,0.1417568852280419,0.4040783947672811,0.6308549695105963,0.209344451,0.415413056,0.0
0.9158140704557386,0.1545101652382066,0.0925863608666185,0.9198179567587936,0.0631583273951676,0.4296754708669079,0.71332566203251,0.4361505064351765,0.9484515411969612,0.137783295,0.493765887,0.096
0.4909691112601291,0.8169094490870717,0.2271793742159579,0.2424791482775209,0.6863949645795856,0.6352252257384815,0.2588666012488564,0.5273262937218473,0.5504294521768685,0.361983716,0.547696413,0.553846154
0.8437029035590825,0.1480454686181883,0.2442659845955689,0.0065272482262591,0.2326251908529691,0.5290597859097032,0.8164643378367907,0.5632868748561505,0.7866454742676022,0.113282452,0.544365948,0.529032258
0.9234597768124068,0.9030142250716948,0.340019348239125,0.7270704005674267,0.4328090488045104,0.1377124952037225,0.9522024490513368,0.2674777958281392,0.2881788640149151,0.548807385,0.269671669,0.498113208
0.481318092815833,0.2925493367053047,0.7337061940677915,0.5808506019950742,0.716018131343561,0.2294914361210004,0.0545339922102166,0.2185212364165676,0.2290608680908026,0.121344915,0.287921728,0.571428571
0.075653561607544,0.5593126930497253,0.1533001553569072,0.3694076044214736,0.8464322270932089,0.3593558177456364,0.9142792456288732,0.0518185804762667,0.2917593420551659,0.290762624,0.164068098,0.2
0.6322227767665389,0.974535398511687,0.6620700702378604,0.9604969014986856,0.8768334836944914,0.2260803237215171,0.8610988331866086,0.5650411267189245,0.357359918333228,0.483384114,0.240239193,0.0
0.9462914562963682,0.2501312961456776,0.3282267351702121,0.5048310185289453,0.5531298175392241,0.8302215937445685,0.1591218582582128,0.6612430444449071,0.8670321803909393,0.108003888,0.497094315,0.327272727
0.2006145763371215,0.4471488522678676,0.4015869161765961,0.1649267243178476,0.4013506724325237,0.5733635462728424,0.1586425913478238,0.1358827724784381,0.6189433103296303,0.146622315,0.168088642,0.0
0.1596311849061819,0.4881452568922156,0.4450923226481363,0.595922599695207,0.0005956516671696,0.8421959900576447,0.4920756313132222,0.438905393072769,0.5015233388857627,0.178920562,0.449748414,0.2
0.7457649054566878,0.6709171365522313,0.0424456209405825,0.377575759828878,0.4555624013120369,0.2433896282859647,0.4588475119840007,0.2377609302042653,0.0757386032531697,0.172741148,0.374554606,0.171428571
0.0685834403613847,0.3892445903460361,0.2881862194669179,0.7006480529349035,0.9769001914590316,0.5074638953306305,0.059976197143053,0.3122273736721583,0.0770364483654892,0.106554963,0.126241156,0.15
0.1663505930365433,0.1749162128504748,0.4566561180042932,0.4352071903655075,0.228844723588747,0.0296069474939543,0.2828405649310531,0.8100025573128196,0.1056934749759873,0.073121447,0.068487009,0.436363636
0.1167849938201029,0.6326938340235484,0.0430509301626017,0.4341941153513141,0.4492633451644388,0.438345881013392,0.6527968783984841,0.6507822523290039,0.8341072595485315,0.27427339,0.239179353,0.253846154
0.746697295165675,0.1325473630713936,0.0180118383884705,0.1091895016899389,0.5771758342221465,0.6785385700974633,0.8184417387247526,0.612378578915192,0.8336705892735058,0.110599396,0.471666804,0.222222222
0.4723918309414183,0.6090350238113771,0.3128441964603616,0.3871209232629702,0.0891408324848938,0.0217480636283874,0.3235079211616142,0.7170679433328423,0.549790219663385,0.18960512,0.070034874,0.56
0.3132194023881431,0.5740840619826464,0.1336514669865705,0.1656356436347161,0.3767364107715737,0.819965813458655,0.1940583404006558,0.1839140130765515,0.0597074051417679,0.147547633,0.290386804,0.24
0.6839474483395355,0.1888188392270622,0.0744257783083477,0.3639264091954057,0.5400426955975217,0.9127714340682626,0.1817455048628297,0.6236024002519863,0.3488736846381123,0.086316413,0.500604344,0.0
0.7108653312572899,0.4323299057771488,0.9183412292586915,0.9304452801036928,0.4760991449015166,0.2122694552408549,0.9548505543088884,0.338097117261865,0.0869947084676254,0.191205924,0.29438877,0.168421053
0.0252649168795419,0.2375076099399713,0.2106049424877237,0.493042467691298,0.4888712899288826,0.7529396546504579,0.6575933100280642,0.9594371041852228,0.7352406072606341,0.096921756,0.130364601,0.0
0.5758537080255701,0.9798011766032196,0.541116661932609,0.0690963241605441,0.5091234156590166,0.3717770634475905,0.0360606936038643,0.0904052309396062,0.716606354823406,0.348828115,0.439279741,0.24
0.3204581285864257,0.3665317040945909,0.4719909308562021,0.6251923568695846,0.8297393822274114,0.0103955657058302,0.0159047690990589,0.4261533291903302,0.5303393873488151,0.141185088,0.029436481,0.3
0.2428092099543625,0.5406513718493297,0.2707340349326003,0.4392985023043965,0.6423680878371257,0.2236883342593179,0.2292742256036023,0.7966297584529417,0.191522169911637,0.135665771,0.195734958,0.133333333
0.935954847964904,0.2202463268709038,0.4863789452483381,0.6428984555213367,0.2837035119722332,0.9627624259737968,0.5334895540957633,0.702863412111031,0.946984052358392,0.114747343,0.6176144,0.0
0.2419667703259822,0.7531307903228663,0.80124941588529,0.2672341527132755,0.927285359959944,0.8706180013074518,0.3278373050534505,0.2677752380357352,0.4588207622207227,0.23371705,0.323068827,0.171428571
0.9560274026841792,0.0598999821133164,0.8261418632786759,0.8955889201992568,0.4093031930181602,0.9534190700436612,0.1892663244890218,0.938622273370992,0.944194269191662,0.065250091,0.562672982,0.48
0.3416110048312109,0.5924942646098803,0.928101670146615,0.9927300460349372,0.1891379829770418,0.0153753788660885,0.9406787403287602,0.7691863902681829,0.1400282728879239,0.343812862,0.02924474,0.04
0.919343184420455,0.1124887435852142,0.0567660277238351,0.7074319436809067,0.5229049496496632,0.8151074157325536,0.275171912960619,0.4307449569365518,0.0282928465689762,0.06075985,0.313690426,0.2
0.0194986541051711,0.2998645277256111,0.2032037617164729,0.8088303406831092,0.2060019465488318,0.1545730119761035,0.7162119850265812,0.1821498569042443,0.480791689634202,0.19044623,0.112753556,0.514285714
0.899822769899752,0.4491808921574026,0.9160403587687944,0.7636613789885165,0.0563787476558369,0.0660170596026341,0.2406948734734976,0.9657226655360636,0.3113993616527341,0.162757397,0.198939447,0.133333333
0.4518187061251066,0.4060773369107968,0.9105976812939172,0.3768733449493187,0.4736893494230266,0.4424796674336644,0.3378206303982234,0.512136813640876,0.9528209915928664,0.157910516,0.393742446,0.2
0.8858692349953305,0.5355056474453355,0.1168117311467216,0.5858058046209649,0.2916891426765842,0.4170047616939795,0.6308074234145103,0.1408184454576869,0.3569785714348429,0.23048805,0.549249064,0.465671642
0.2094838746803122,0.4708057307354327,0.2141875479818694,0.664308250572911,0.2190970926834785,0.517010595334986,0.0174528154588022,0.9219628084633192,0.2751632583369426,0.096314973,0.383272314,0.342857143
0.9664340689121722,0.8416978143118853,0.1569037522502869,0.2442301825868473,0.8790569481404319,0.7285703349152772,0.0968972602348502,0.1599751124549849,0.7673169624167816,0.304006079,0.513389369,0.342857143
0.6368120497700738,0.4117266517883553,0.5755863270173335,0.2164649782092771,0.4861247908947231,0.4908340563880278,0.9598058373505284,0.1727967926275337,0.8270360670869213,0.181514804,0.483497097,0.4
0.8727841210566506,0.9581927228557988,0.5863691211642904,0.7196716691317974,0.0754411613804089,0.8549074313694989,0.4229670521986495,0.5975639986614691,0.9610329872214928,0.485386576,0.597593951,0.171428571
0.4265581704612913,0.7116119757483208,0.2456254254614759,0.5658177591045022,0.9052202465717476,0.9244902462804752,0.6975135124178466,0.1067427010031653,0.7286288067191313,0.342767787,0.571839514,0.048
0.1786232583413849,0.6832369914187102,0.1835736594780314,0.2495729306060979,0.2317066311702582,0.6536888566962059,0.3318363110486025,0.6664014643453473,0.2995992663029071,0.179557114,0.388662827,0.872727273
0.6256559314429344,0.5888408689959573,0.7944248631181223,0.7391236900311099,0.0615528604614618,0.5785192396008951,0.8399298219593755,0.6043367448222012,0.8848975389002196,0.277298798,0.47989462,0.12
0.1967010223295824,0.8392759263731331,0.3721548056252025,0.2055717405415971,0.8026342210770645,0.5889806648795113,0.5244200727324169,0.5749313751131994,0.4472477243387044,0.512433953,0.354524219,0.442105263
0.3111431709014456,0.7312483041564137,0.5319923883804091,0.9114135523547424,0.1173962227872058,0.3372778439318821,0.0740490353891371,0.5809769351636007,0.5265172200316742,0.160974987,0.664136885,0.0
0.2931249779346211,0.1358246919694429,0.0864816672638156,0.9808849129333936,0.8894205545964226,0.4061877196804884,0.710249215675494,0.5014920809281478,0.9903231234740724,0.121410908,0.261049898,0.0
0.4146752374800114,0.0572838292567616,0.7793122371579608,0.7193698281632288,0.3415221014994832,0.5498442688377905,0.2399525486406886,0.4634451655890322,0.1524768806397189,0.067871909,0.393949837,0.0
0.0154519062829505,0.9221986519458202,0.2139221525797766,0.1777791832047146,0.5675653768348015,0.5777848607215611,0.2622975182717793,0.7947064841643692,0.2657444008480638,0.296690261,0.159928721,0.0
0.9711482981625484,0.4003324228095487,0.4740489792374173,0.3615627578060748,0.0019741692009006,0.4105296714205898,0.9422473176307044,0.3605732662230655,0.0997490338908781,0.217699492,0.423293052,0.528813559
0.8138108957168843,0.2590425282962978,0.0044778549532313,0.548303750689172,0.5024100869960825,0.961668026854908,0.2863288404341201,0.4834343893738101,0.965965830701342,0.11764574,0.462127008,0.3
0.7762506902893483,0.9969164371047602,0.3170485908558731,0.1380414006634135,0.5833955742320903,0.586160952156239,0.6840414272598372,0.2110338152098999,0.2483318970047133,0.597234707,0.496747668,0.377777778
0.1584010711792173,0.9434844715245656,0.5934344594148144,0.5831805114830106,0.4137794691904549,0.944048842705125,0.994131813798929,0.92073009013392,0.6498522603173591,0.591172349,0.499677059,0.351219512
0.8419184914031972,0.0801157210722743,0.0403865037027407,0.6934779960856403,0.6955866287601821,0.7243244871942613,0.1710149361984874,0.9663598141418962,0.7356592154176081,0.074809771,0.506844772,0.0
0.0286430832095705,0.1062129189900529,0.6429320705915662,0.3394840281897496,0.7239326410868818,0.5554591924258925,0.8398182608973831,0.8215493628428067,0.2135246792567553,0.105379234,0.280190684,0.615789474
0.8661331744193689,0.9988479288778668,0.5943435064736466,0.9055898462310746,0.924215543745714,0.2562409133707912,0.8679312455474025,0.728404860149282,0.9512610773406862,0.67246581,0.373154048,0.225
0.723322231478957,0.7055387947116506,0.4638258852513957,0.5906408525809803,0.474038420833327,0.3156071371549761,0.8557715848788532,0.0388046922323864,0.0902747448215619,0.349580319,0.441993425,0.507692308
0.9313667354832322,0.1293103474595904,0.6934426614591337,0.5468494199325173,0.630305541341196,0.7863569924682476,0.4387070130550444,0.1711205220216447,0.6042053885848483,0.088695479,0.481851307,0.0
0.1599058289521705,0.2747368484036556,0.7859610846617895,0.4096889738192882,0.702998065180547,0.8698012224586545,0.5570645401940604,0.8412967522518527,0.666130911226406,0.152728188,0.489095313,0.474725275
0.0615079264472993,0.060451358285704,0.4157265395595709,0.2955642241847811,0.1153595228017813,0.6036141528567838,0.3202574106859772,0.5100588740338079,0.8336254705528944,0.13016602,0.541499681,0.0
0.8034295623133773,0.036265300909658,0.4556289788646225,0.888815742668214,0.6554007133558297,0.4149616258621165,0.942155735873561,0.8136798162687535,0.2778707916332781,0.10269674,0.487715533,0.661538462
0.8307388912773317,0.8830793203081917,0.5634625868804202,0.960122102732894,0.817790962909205,0.5071261900571982,0.6869303567690119,0.298775237937231,0.9935903000139482,0.597760673,0.454762826,0.261818182
0.1503154290443139,0.6530467017863392,0.3038891672391317,0.3754484844693057,0.3159405602214153,0.3831245485923945,0.0937840487290782,0.0295869902041207,0.0483274617473916,0.226646371,0.245226385,0.685714286
0.0096600899103989,0.0426370687217493,0.6337239796326656,0.7789475965973408,0.7380998117953167,0.8650502042976554,0.4699825666830206,0.4715265870024501,0.8632193743439759,0.057312721,0.279095829,0.0
0.8932569731810749,0.7203428581841216,0.7885769898965349,0.6057379018713908,0.6698010932879949,0.0520516729678153,0.4989067689167019,0.266452768525417,0.170339186685551,0.270561433,0.200314823,0.163636364
0.1035435092513125,0.1798415666722136,0.7381821565196035,0.265825127128673,0.785827267550953,0.111545006085747,0.9544861106076012,0.9582396456826976,0.2376849704990321,0.143976791,0.097093283,0.589830508
0.8457628243718801,0.7122531959698504,0.5566845170683954,0.1873652640676218,0.2094409981153078,0.1488163830467072,0.084021817194098,0.0220199944189715,0.6443634697282058,0.285747786,0.253639271,0.311111111
0.8538254789012996,0.990575796483844,0.2953151162490933,0.70333527748511,0.2220237712775254,0.4770361735269077,0.3290151522243528,0.3608203959935819,0.0138253765491659,0.419161512,0.60980987,0.109090909
0.1120693195456413,0.3917436063961277,0.2902654952933291,0.6372507334048121,0.5755576349673004,0.4344685660949275,0.183630769382613,0.2219366485181025,0.2351862014430465,0.119367592,0.257757439,0.0
0.8369435219541765,0.872817174397326,0.5580378126902488,0.1175664962749162,0.1676393796373553,0.9427346860356838,0.9493485434487908,0.8398278402199073,0.3733793574015578,0.406101439,0.540601028,0.435164835
0.3611218156788143,0.7476522353979855,0.200010371639384,0.3646862125048788,0.399232930811603,0.771792436282568,0.6029164615410091,0.2200183375666551,0.0834025827179374,0.344646497,0.469998487,0.6
0.3223233386795288,0.1697406463408916,0.1437979434295534,0.0392328945666275,0.0662034506769072,0.1234779547309172,0.9458922476438064,0.8905091895036236,0.0588106670185928,0.127528729,0.135034631,0.327272727
0.4118257755520882,0.8797130787308243,0.3601665702619455,0.1239516331180641,0.1361608504444036,0.8722979631469691,0.9981477167002424,0.4194751365730144,0.927295036161038,0.514173837,0.503369056,0.26440678
0.3380613604577327,0.7027349868305134,0.3580664380889393,0.0192791858566955,0.4756069800842639,0.7090953047092001,0.0611462652567679,0.7998972634821776,0.445140648761169,0.264574945,0.401952266,0.694736842
0.2592259290815152,0.3264796446667568,0.9533893922568528,0.9237746763897484,0.0904718275824582,0.4251283522573306,0.037585294632954,0.2645176851693132,0.937667482016108,0.151982692,0.203811105,0.0
0.2928655688895583,0.3539048277132256,0.5036531469136243,0.2777698354635931,0.786717637513064,0.6985382358455992,0.6150757102189378,0.2858825171584283,0.6847560952663247,0.186027413,0.411007105,0.313846154
0.9913501103168002,0.8330945133575549,0.7655319781290528,0.8269836700321785,0.3605347024032825,0.0712366967889157,0.4262168643953737,0.0171484078143584,0.847593478615406,0.390410322,0.192048005,0.6
0.5234772547324226,0.98127714484401,0.3519381712176385,0.28279823093194,0.3174329966445931,0.6496929789443106,0.7047988698433827,0.026139622962045,0.9028070641109488,0.668153266,0.472519898,0.0
0.5709593292399263,0.9731709274489332,0.4204274684412066,0.7879778998909485,0.4707496483183806,0.1101379699395253,0.5768629157690466,0.7988002615765127,0.0072457468694658,0.636871124,0.112374137,0.60952381
0.3575246888668436,0.8994113979042043,0.0003418309836306,0.7739859497687857,0.6199311892616107,0.2298349848767052,0.1943692312073793,0.6310561592306254,0.7524959710279935,0.227591782,0.030830953,0.0
0.3967783577284415,0.7976081764414629,0.0687030250746683,0.9741356534168786,0.2917869642369873,0.8180193841699345,0.8276316032878243,0.4669885276870003,0.0364335914274863,0.365321438,0.34949014,0.1875
0.205104468865885,0.6208606601738268,0.8769825620033305,0.2640644260824083,0.3177561914920096,0.6714449171471585,0.1726982500559739,0.5673907385668118,0.396765573511587,0.15355897,0.45840646,0.4
0.6039448581294562,0.4821070789067867,0.8592846181401713,0.4256929382804865,0.4288119434847472,0.164730730334524,0.4198894879699211,0.4294427554714888,0.5749834051240919,0.157557083,0.193929431,0.514285714
0.2288554422299156,0.4529244559294868,0.6066944467831218,0.913368365055241,0.733985948395817,0.5204966424906339,0.6011268420513597,0.9819765506531888,0.6252842000207139,0.224224101,0.265211413,0.04137931
0.2850803037548965,0.6157713540208682,0.5877322393461557,0.5780307746398615,0.142828433753633,0.0718976232517418,0.6450940702508694,0.580110414217845,0.8159222911247037,0.342097079,0.183569756,0.675
0.7971315693504883,0.2859555985224365,0.5111576260229893,0.9319632916573402,0.9334263048978292,0.2316082853170634,0.1856676612857004,0.7593478509602345,0.0896428458687551,0.114192032,0.40580466,0.657142857
0.0264421564387202,0.2391432902997454,0.2858476052978859,0.8351994347496242,0.504426353773168,0.8797677258056409,0.2519555055442597,0.9215060021314656,0.6408458413092232,0.066890171,0.196980319,0.0
0.6677817975330647,0.9784668520010388,0.1606974395633683,0.5023731474877352,0.8061535828107225,0.094226705026556,0.6672127894245083,0.8744826126503905,0.7725066528494205,0.689614323,0.282439942,0.486956522
0.9396404367852534,0.2483786393263269,0.1519200401665646,0.8419348144150418,0.322663652029948,0.1446345840691305,0.1234874542877231,0.3801763687856847,0.9965398918740908,0.128163542,0.356846903,0.553846154
0.7690837284468479,0.3002358324669648,0.0667517013729305,0.2466186841746638,0.0296117423206542,0.6095605064739682,0.9290374145447108,0.1594896068272218,0.4848498135426855,0.169171085,0.457299468,0.549152542
0.0659451118243891,0.6034339864803082,0.3256081926309478,0.614501304333434,0.5323546431443813,0.8467743112134856,0.938217948396768,0.5338868672196849,0.2053099877990614,0.223522328,0.399524795,0.070588235
0.7314649133441454,0.8719126709375391,0.3384326609390654,0.9426147229070718,0.4728345002674002,0.064653965780752,0.12690554425532,0.8095692942761459,0.2427832972340354,0.289418445,0.297541678,0.730434783
0.067926087773204,0.3913662218268138,0.4618865151708526,0.7892948349577885,0.5431399562620499,0.0663914944717893,0.4431876683791684,0.5876950370469287,0.0399675427477537,0.150777783,0.033213239,0.9
0.936506653753147,0.9020941309706316,0.4129664787863957,0.9884064283190724,0.7220565843844736,0.0198438198632395,0.3621783827184791,0.9852258865840716,0.3970929450551625,0.232041963,0.175242385,0.3
0.6710676106442157,0.9356830900614388,0.9276537353475214,0.330837640694583,0.7952114060564144,0.5806922376781585,0.7509595698510292,0.204839501560845,0.0742522057166972,0.505152935,0.445212468,0.12
0.9766358331207108,0.9068038627739636,0.2658197610039143,0.4800238519898462,0.1702709812656075,0.9175799588025338,0.6961579540563512,0.0628255096862239,0.9439914532890452,0.594345409,0.694188471,0.124137931
0.5460110435597709,0.7068206306266301,0.260592892859848,0.2666796932130896,0.8409104455345955,0.9315213173666737,0.3874428733663267,0.5795027540356397,0.4017099063194396,0.31907803,0.74904119,0.0
0.6572388511614762,0.1175469065653368,0.5050187688086,0.8596405425527749,0.1651371240386964,0.3576450413998102,0.377296985611013,0.5781293156469655,0.7949628247095959,0.084665981,0.511053983,0.635294118
0.700381029069269,0.5969599691893375,0.7940129176452099,0.5956985692346336,0.135724843290739,0.2373003931143235,0.5304974937306544,0.906673388673962,0.1016046439592762,0.318070077,0.277379343,0.0
0.4903694437337731,0.7381108145442223,0.5131853984943003,0.5188549322121129,0.1488481319236932,0.6409061450760865,0.4545242247979341,0.7561997686861435,0.4956148170720295,0.217673062,0.486587926,0.66
0.1859603807241188,0.01606668783592,0.5210823989272121,0.652864129561604,0.6159117554056825,0.8194756170936331,0.5196927491016814,0.6738527562332356,0.1075611817470291,0.087896123,0.363188378,0.5625
0.8132926720210865,0.1958756429792133,0.2094940945613254,0.6515336423648418,0.566233054113403,0.247432956975497,0.1507160214058317,0.5386632425806028,0.0350641228487325,0.073625568,0.243402329,0.553846154
0.9776916293744904,0.4469303456503779,0.4518029744532446,0.5520211964085504,0.927458654854436,0.4761101238492025,0.4996815199734704,0.0535650271873813,0.8137300641181942,0.158109883,0.486563159,0.0
0.9203637135512586,0.2861050842501703,0.396388682576123,0.5580651161720809,0.9405970252902932,0.0153126261487819,0.7670303153879986,0.3519723276101779,0.3457703399751386,0.136047907,0.114635284,0.611320755
0.9908869504818796,0.9506318078921594,0.2289180961671525,0.7229218561337123,0.9207800960188594,0.7227265779111963,0.8163900203764671,0.4712483303131142,0.4375522393594575,0.604606794,0.524138968,0.36
0.0884897232068577,0.6828050433314756,0.0679107945242677,0.1280827147647659,0.4887966398504551,0.6216874585879808,0.1374099557625634,0.9046063574762944,0.2511502433945061,0.214824845,0.263080177,0.109090909
0.1912838358385445,0.1354006653095029,0.3034526225632817,0.3342777318592335,0.4293212275516461,0.9115268301494416,0.5122559539592604,0.5004139099138268,0.727800746289004,0.102308241,0.440781762,0.296470588
0.5170623436054254,0.322111265256069,0.974131889243005,0.5736849651871172,0.3691450337424312,0.928408560151056,0.6018426271266123,0.0791232234054986,0.9380805848861348,0.204788333,0.54519189,0.573134328
0.8214739787476879,0.4574246398599441,0.0800146822083076,0.6354258830949127,0.6987942940259902,0.8378723019048643,0.6122880260052538,0.2115577031540021,0.4213208963985845,0.156340393,0.651392922,0.0
0.9679385294128292,0.3402310919214877,0.6490821990231687,0.8456602285055138,0.9007848627591648,0.9213847714991908,0.705418600451845,0.2474165133103033,0.5829469875234456,0.209823629,0.635486564,0.096
0.0103531518129762,0.6666721965730371,0.7228722765956063,0.2723715478718348,0.9925723771074296,0.4857455649288363,0.7097495805338798,0.9518564183364234,0.9357921175873736,0.430493733,0.256389219,0.490909091
0.5370906411961225,0.5349866696030563,0.3850994217184962,0.7044256392666988,0.1106517264399787,0.7853309783304466,0.9627159322428104,0.5395005127894182,0.0593933951059266,0.226857396,0.2827972,0.6
0.0613160263165081,0.0956680000529942,0.37063547609149,0.8287371381921365,0.503254998841331,0.3926908197923574,0.6449650092260106,0.0172925894514479,0.2983612657282283,0.101027992,0.297250029,0.55483871
0.1761628852484356,0.630792225412698,0.9101707639162566,0.6465109182047585,0.5870079246981493,0.0553307742453004,0.9883750470830608,0.4744126148171559,0.7745419383209956,0.420201153,0.117414889,0.50625
0.0174829092614263,0.8251772290474826,0.2499740161877814,0.1222698805952567,0.3308649383922545,0.6688511915137934,0.2915238258650248,0.7556206536773198,0.4691805072538,0.357064951,0.309111809,0.514285714
0.0284602736217868,0.885372823439089,0.1238645046333941,0.5983720952349131,0.0248322690258157,0.6599753080390766,0.2769701831134318,0.9745795038147456,0.2092744427974592,0.310214029,0.214048185,0.0
0.2408106182839434,0.0334363874071301,0.7144399074767442,0.3558056605000539,0.4221425591091832,0.0939513925785944,0.0480427797492579,0.7913544074824422,0.9954752379833488,0.05587517,0.104206809,0.685714286
0.4693620853585221,0.8630948758668647,0.6820149076225863,0.0685355936372509,0.0699157934288272,0.0497847986846207,0.8550164466503962,0.2543560492922794,0.2650237340429495,0.575303341,0.13229944,0.65625
0.0528208071828725,0.9339004645530607,0.1690718566888861,0.8284987665709987,0.5236826776081123,0.6680168901494764,0.0965272792740218,0.1928777899219916,0.6908587912891174,0.269117593,0.185433082,0.0
0.771068433827853,0.6528626774318635,0.8176650200763212,0.2827985554373652,0.9434617605826316,0.5944761537695039,0.8770106956238755,0.4961051418806176,0.6371776742211469,0.292902729,0.465261796,0.572093023
0.2962423439231071,0.8722413570158599,0.8842257234803004,0.7263973588734599,0.9048599497288876,0.3912044627535039,0.338618822024097,0.8096911948204234,0.1814586659598625,0.423655503,0.284033736,0.75
0.3606809213771845,0.2777938813562175,0.8257121297531862,0.5418999106553668,0.4742265823080644,0.2865539438325019,0.8431853560627274,0.3042343245499077,0.94464558876576,0.155493573,0.273309854,0.61682243
0.348557477488797,0.4439935241941876,0.2428750719194635,0.5753699745658033,0.2526118383104878,0.7910469339565924,0.963609784627168,0.9705136710050638,0.6548924490718917,0.234858099,0.558099886,0.088888889
0.4284200499192183,0.2739651806644357,0.3118182915022196,0.0423778664150225,0.8738285717035525,0.6318508636340231,0.0728060520667546,0.3455100870434355,0.6811090322228761,0.127592031,0.586867177,0.2
0.1948972025913398,0.6964002879716601,0.0371118039634121,0.1389497542291131,0.7269777400860586,0.205737034357765,0.4736197730182933,0.2185220390171819,0.4356500518885065,0.198072127,0.096263237,0.0
0.7294599796318384,0.2190166704850961,0.7442060445768602,0.135404966424344,0.5952968859491334,0.3025687429464576,0.7056206681442673,0.2375704407087563,0.6457022977339201,0.165764103,0.444974455,0.305882353
0.7270511556568164,0.8205728679052905,0.3385394395934085,0.3585084682201173,0.0952511088204542,0.1210381724244152,0.5946054405634905,0.623523738277897,0.3030781602088758,0.468459067,0.23654367,0.443076923
0.3781052025163741,0.8379419745260286,0.0603243354686986,0.4954813832097758,0.75168636812914,0.4306701768836061,0.9901065736955504,0.8142377672642424,0.8599891218757071,0.42992575,0.422061172,0.166153846
0.3710517354503804,0.536928943335789,0.79585659019064,0.2809685149224151,0.471053570921125,0.5476127239783688,0.0660221690446846,0.1751977772717982,0.5313341605105498,0.187380666,0.45924787,0.257142857
0.1382078532174628,0.7349976492480671,0.6640800526883793,0.0214093003235565,0.2669706571020996,0.1301309859322239,0.178254963821229,0.7057341824046152,0.1844712514808438,0.244246106,0.098851074,0.825
0.2562054927960863,0.6770194221982638,0.8524082417512738,0.3341633470858483,0.7077280949871473,0.4703673624766583,0.1847677580492072,0.7237382010918031,0.9269801330320364,0.265653207,0.232889996,0.45
0.1976052554718318,0.9680474775537412,0.6712915243081876,0.9406801514329354,0.8466918748277038,0.9566550618595908,0.920631957221878,0.4602529295348205,0.8140404612706572,0.814348569,0.433565615,0.230769231
0.5219033912161687,0.2382472483043421,0.6730294651976952,0.1903292255452792,0.0630171746529382,0.0736339547695549,0.0083666418358888,0.6642192516824988,0.960330539807426,0.105984291,0.207927072,0.763636364
0.4761663351928462,0.7510821153537097,0.356498059875342,0.3335996220597905,0.2341195142339719,0.7236206967479054,0.5282473386026291,0.9538575515102932,0.8920095474821037,0.410375835,0.507016369,0.489473684
0.0335385533030088,0.6802334844084322,0.1475797169504169,0.9099355741208602,0.6526671800846476,0.1057944249585717,0.2767386790904492,0.8786435163786952,0.9152964864002644,0.272515986,0.105956648,0.461538462
0.365806381088037,0.7343353939646906,0.5510381490138675,0.7815552493578123,0.7232602879903143,0.7905198370185565,0.3232038629961963,0.2818908343958622,0.558267639778511,0.271324019,0.491570775,0.0
0.5895363598753259,0.2223351282006382,0.0016424094869798,0.8187367035939997,0.6705038944641213,0.004576381861467,0.6671625612502269,0.9552327861801412,0.3197587197382588,0.131292973,0.060364515,0.318367347
0.6683439862180677,0.2609126924247756,0.0812740103155079,0.2029133700996542,0.1675919294946467,0.5412351705257715,0.7320859264577367,0.1744686099157052,0.7386687732385921,0.159631222,0.518196406,0.6
0.4587765687449161,0.5715112193744971,0.3451829178376816,0.1913922808595918,0.7906419607300864,0.3713564948368181,0.912790501865186,0.8253762960319344,0.379069628925043,0.278956173,0.4724073,0.623529412
0.0661161646333291,0.4169349185380419,0.6074473502262655,0.5260097194892601,0.7344215128907721,0.0102398034993264,0.8995233695136103,0.8485418640537098,0.2651009676471573,0.210663457,0.0324238,0.666666667
0.1677505511820591,0.1338089381165023,0.0221303810162726,0.9980627444538658,0.6292730957833549,0.8540292329906695,0.4151274818263069,0.8730390219831647,0.2965382058206222,0.067854866,0.311459931,0.0
0.9003883845120542,0.1409358785462588,0.2840397445894069,0.1545366394948877,0.2395073835289196,0.3441783692977394,0.3172917999643295,0.629371575533143,0.7135895272450253,0.069926758,0.386250088,0.1
0.7025424505284179,0.9225036624964283,0.119850305342368,0.3398275470343151,0.3986461103278801,0.8434703914772852,0.9704348680120564,0.7070086298923965,0.1689778183852753,0.591869875,0.577965935,0.274285714
0.931839107005598,0.5128296000010681,0.2513863194460769,0.8996202445344181,0.0294201975213983,0.6243958695067677,0.3308940337529105,0.358342400699099,0.3781285453064927,0.181461928,0.420013445,0.085714286
0.4769196509156057,0.8784252648777189,0.0890968606663685,0.2395794485331853,0.4554423872355267,0.2512979249448269,0.4453482579869197,0.1864459350115632,0.2179457601791843,0.252027856,0.310118038,0.494117647
0.2911623903354129,0.0551179200858888,0.1946757431472955,0.9570058042349762,0.2446944380255481,0.8151507615730104,0.0201836404591643,0.5588668185823269,0.5463973440960724,0.087498149,0.421554355,0.0
0.0803638887245287,0.1233168070152543,0.2396542900204968,0.1649140998448209,0.8389076143820668,0.6266079577588533,0.4032161994547456,0.7753597453553212,0.8762055480639576,0.082379541,0.324496951,0.473684211
0.4062057365975822,0.741608993949677,0.8257512934590419,0.5901502907490074,0.2239548374757923,0.4482688493762431,0.6147813660920758,0.1584279289327499,0.6727772492951954,0.480970571,0.329092002,0.0
0.1353594379424044,0.9870744961865348,0.8521491963565131,0.6089261356501487,0.0063591622506963,0.6396791998142516,0.928586684088637,0.3435223780318249,0.6862768459396349,0.75129232,0.267795411,0.28
0.3682121154253452,0.4604587651152979,0.539652416139057,0.2475356717636493,0.2431987750571147,0.7473253555030386,0.2927997738454896,0.8789769397254452,0.4310930771734103,0.153640555,0.381590789,0.0
0.6130837004298764,0.4238682633074755,0.2665771463261173,0.8608053763427953,0.2425119997695431,0.1208658027143967,0.6394876589700194,0.1486985515328325,0.3590015269533079,0.179937627,0.27536404,0.272727273
0.3203818966624345,0.5251795763096557,0.4642017735074609,0.6447224087681293,0.7032886207923883,0.2912707948044807,0.0505992997272941,0.6542751779734157,0.2634816844905929,0.11927308,0.298505,0.6
0.8706916711940044,0.0694892228242189,0.3983274559109757,0.7596114157554139,0.0903650418823839,0.6838053815825791,0.721903172199684,0.0463892358139647,0.8064158055838598,0.083798856,0.597245131,0.189473684
0.9237329453008196,0.224989564236969,0.2899612837960906,0.5031609352109082,0.2449116245861977,0.4575484950338851,0.3881560583967219,0.2673122063258423,0.5563936161308991,0.046987508,0.480597733,0.171428571
0.916006691775984,0.9505127482861904,0.3823920414426548,0.7546548279952952,0.6479296749842391,0.481880358335527,0.3179852637861612,0.232668711817426,0.0156436227511925,0.325425055,0.10739433,0.4
0.3622082669445032,0.9469078772202998,0.3422412802069241,0.3664035642225554,0.3456284329029223,0.838053405372059,0.4473991917120101,0.8001683865185204,0.0736952508641437,0.316985902,0.310491887,0.36
0.1780430300710539,0.7319187023340212,0.9198390890134754,0.986120098801375,0.9056832117902816,0.2427621419424311,0.4273450765565261,0.6765252952409968,0.6304977118877044,0.349138859,0.174107992,0.327272727
0.1351311015988809,0.4149970797408886,0.1412658771408763,0.9293979006803572,0.6862936399402932,0.2133400218672331,0.3632757628515297,0.3494339897806124,0.4043082989547885,0.106137077,0.376184731,0.0
0.570500787416836,0.7690880986599756,0.4224044297804411,0.0506676680232829,0.31283594542709,0.6847295204653248,0.7117747282420709,0.2070542581533626,0.2593546758229207,0.471580003,0.495484653,0.489795918
0.6328360590078116,0.8380837103211961,0.8165078069861211,0.9927480955366664,0.6291219528586187,0.0526662453636042,0.5223114210644018,0.908648096563342,0.3144725021860264,0.497720217,0.179482414,0.291428571
0.6579773461092577,0.7649500128799452,0.0049385084676019,0.91097423654122,0.112550162776169,0.3121903003791443,0.8756697063240197,0.6557741785419399,0.530902715755812,0.403101498,0.50440528,0.385714286
0.3447965871333647,0.9774772753119102,0.219135504843696,0.7501968372454283,0.3521460137688406,0.6986563006111162,0.377697590700085,0.2464256079015829,0.2229497876538516,0.340610393,0.385489848,0.4
0.6677997889391742,0.5106622048009363,0.4145703671126517,0.6808382987066371,0.502749393172295,0.0087963754318025,0.8593496685445283,0.1356849938961971,0.6719895489195953,0.230123843,0.101647463,0.512195122
0.8006194462168007,0.6887398919370006,0.5699961180051983,0.5188353580575056,0.6361638686553205,0.0041537502765139,0.8097407532440152,0.9567452221497706,0.9023031121364048,0.365737055,0.112698947,0.416666667
0.8417529658463746,0.6004642537818562,0.5495140183311025,0.1904213509973894,0.1956475085229233,0.8590527166814081,0.5531611937820196,0.4276082844018062,0.6462580606796943,0.38668427,0.609095183,0.218181818
0.8306051658609024,0.6514439268281652,0.0763127129341024,0.3915520281855532,0.6310879230532161,0.1017485617807331,0.959944906040961,0.3026698765006561,0.9226096048267014,0.318321846,0.23290222,0.543157895
0.2987381790339034,0.4639346956744128,0.568578981723455,0.3157155500426121,0.2613707125229528,0.3423459897547641,0.4748095443865134,0.4867169815063523,0.6412891349712428,0.179551479,0.285479397,0.436363636
0.0617065790020988,0.5118546607575889,0.8867625225434911,0.5435940911733431,0.2847214873280153,0.2162566115401685,0.5396333451736729,0.9289095304768272,0.9878665210528276,0.368031951,0.075767552,0.0
0.0507285135263632,0.8569599012599718,0.6416950861275401,0.5202787062040276,0.2476923648185244,0.4475032312720277,0.9170114436086284,0.6769323034991529,0.1629105761853412,0.527751226,0.164530267,0.321428571
0.7914504109614602,0.4041014034503772,0.5450419846123175,0.6117715804615041,0.0954775878907308,0.6222304688104695,0.1483167622811761,0.9718130561265982,0.8059706679977507,0.137371682,0.565936514,0.184615385
0.1442874041202776,0.3465324667166197,0.6222622476796482,0.6346992063774856,0.4965607308919967,0.381435467113088,0.4357286608399565,0.1100651932189167,0.3018424155347901,0.117153664,0.169582656,0.0
0.5260284862049737,0.887993664600069,0.9910811712957978,0.1941710222730394,0.4760915777499555,0.0024802036007836,0.8716791725862502,0.6486998625646719,0.3355134723165173,0.609722855,0.047152713,0.207692308
0.5953505606187629,0.3549707836953097,0.0065154884916235,0.7274755255744954,0.3241187351424337,0.8783889321928225,0.2418128002094319,0.8873591894985883,0.3643337650040154,0.123489928,0.618397129,0.0
0.8437755729415884,0.4517675345147477,0.0468791185718612,0.6153648482758387,0.8151535807871962,0.0772766378585713,0.6594224772422538,0.8532429022464905,0.1904843667650699,0.193545032,0.281334969,0.556521739
0.1383160229720547,0.9644970543292598,0.112528882536553,0.1561426683215828,0.701938857360477,0.3525605158952984,0.8419627672990475,0.972107719038238,0.8663720237645579,0.727091319,0.264374119,0.550819672
0.3212286029917183,0.5438940086137865,0.4928213185375135,0.7850220914186122,0.7985503426113079,0.5934636999956182,0.2891263822502037,0.8274005029529873,0.7260890959410211,0.16205782,0.263742861,0.36
0.1327644144177371,0.172284096877986,0.2711380407568338,0.8585486196195282,0.8523474829008008,0.1281428380698291,0.913386598847124,0.350734271057146,0.594725665760082,0.151434436,0.132361004,0.65625
0.0856958793588956,0.2864729257040201,0.4545790897948717,0.5716021788796949,0.718670978050613,0.7371014125223132,0.1129324480309061,0.6818721976446046,0.9078955900651072,0.105831342,0.219288149,0.436363636
0.7687491943544418,0.667570688539022,0.1521723870320029,0.4828970891384502,0.9815721643106624,0.6126170677734999,0.1376832800952341,0.7251047132167688,0.4140504018635584,0.271004205,0.504223961,0.0
0.3009909420320298,0.6428807987291344,0.5374811310840326,0.6929144486190613,0.5834351692944836,0.0774562449040509,0.437653852092364,0.0587948872148202,0.356975138218227,0.171737479,0.204384925,0.564705882
0.2346093235102798,0.418691954858633,0.0984361179003102,0.3361409170935097,0.6465203969213786,0.7459089335322103,0.6795246840556537,0.0404258491662402,0.8462922889809209,0.200574012,0.508200132,0.381818182
0.7206566723928015,0.0721771606731968,0.3771507126655049,0.9315564800421808,0.5079611486579234,0.6049004160915094,0.4948076402453591,0.1707560828842244,0.0143807530859647,0.050898033,0.292183348,0.533333333
0.9290963519129488,0.7535327447323253,0.0345523957354162,0.6719929887259951,0.2829230343298544,0.755472687432115,0.9636039056368446,0.0356821256190106,0.1856060195741137,0.349932037,0.373807841,0.352941176
0.7552246228945847,0.8384990099986145,0.4324927162929547,0.1165307110402891,0.7656871366988035,0.8674606082771358,0.8545473250125754,0.6997732312881411,0.4017324954681862,0.470029244,0.451526851,0.688235294
0.6529296534637972,0.7163008371754483,0.2992085144887096,0.5344009818660499,0.8351059255541278,0.45343663429121,0.4270036772769827,0.3879855076708629,0.0529208140675193,0.212901577,0.511260902,0.505263158
0.7044898539047031,0.7117612548068712,0.1893839496910849,0.9801221716010902,0.680388545673033,0.7956623981830272,0.2969344627482687,0.106647103084049,0.5654989762767854,0.185170833,0.555391892,0.184615385
0.5354895260898876,0.3339203256789133,0.3395970261810943,0.5956498509319331,0.6531616449714179,0.982831830763408,0.1528264184067854,0.90310301629504,0.1051987897921009,0.104493654,0.411752742,0.45
0.5864501655813255,0.5462100373324384,0.6343352549668956,0.4802965876231114,0.8198422061715954,0.746737108245281,0.9441515313644708,0.9756701735282796,0.8742875208300581,0.29954393,0.515887199,0.419047619
0.1140484697650036,0.937275353105499,0.4630112292071784,0.3728240436902955,0.4058940968281074,0.858072912361239,0.2603092860900887,0.751788275575703,0.4364012338131754,0.414039358,0.317982043,0.0
0.1564608529488955,0.8065356857843742,0.6418521287845828,0.0122525527821335,0.8593495546283466,0.8345464643674174,0.6175295990349582,0.3723866238883414,0.4560878720645629,0.375439298,0.359281547,0.028571429
0.6083977756978328,0.7182922344257178,0.6924506743677751,0.9424677481707676,0.227818608039748,0.4342532696032133,0.604607734528752,0.2582629523752638,0.8781781228546908,0.406536114,0.462767925,0.576470588
0.1418231678765757,0.8945111047628241,0.3671840308857585,0.8944773988658983,0.7301168258070354,0.1922752940489294,0.425272099551094,0.406565151877903,0.7250696653084601,0.28632714,0.135184512,0.276923077
0.0517853682947764,0.3811721441191257,0.6533256277442708,0.2104632318927465,0.5026666303238124,0.0519375401583332,0.8847489204256311,0.4290424246600921,0.3826617083851305,0.177946571,0.013695894,0.027906977
0.7532096707671686,0.5800788201800333,0.0312610989418034,0.9260859602701704,0.1251797185512623,0.964534087840255,0.3001866795156727,0.8017994128460049,0.6398600170123055,0.142013596,0.64940683,0.0
0.4521729014730197,0.2713071927773405,0.2185354986676533,0.336936643674077,0.2909337719024339,0.135189925659104,0.8030249847544149,0.1002582137883005,0.7230469421883562,0.186452861,0.28263772,0.591549296
0.1881879455779465,0.861495506229639,0.2356494341643373,0.6342881001267867,0.862372238508974,0.3674181728321437,0.5393738764890424,0.8884235056201446,0.8406951736232655,0.575508774,0.243687213,0.286956522
0.7069713918330741,0.9408165082784417,0.0159802286620965,0.0983567045048658,0.9081441057847696,0.023603021773693,0.1526959668142363,0.1526124687901047,0.0885448042696178,0.229259266,0.135926421,0.733333333
0.9820101891093386,0.2382503672677651,0.7403601559860522,0.7303428573194666,0.8136266113017612,0.944056972071854,0.9465098743796776,0.9859048128240228,0.958270465916365,0.181920135,0.560809849,0.407142857
0.2694387392160727,0.7147971521444945,0.3301759924197227,0.4018421688640216,0.831682459547624,0.2742180626091234,0.868083401826883,0.2128015902210858,0.155930877631048,0.331192505,0.259154969,0.0
0.3188955215623023,0.056346357408037,0.0994580536097259,0.3387789276051074,0.7035225394151652,0.4328507769617632,0.3306745335245191,0.7085136201415841,0.6879597779023213,0.058456837,0.313978652,0.141176471
0.5648490680490929,0.929119006894738,0.7275035742075869,0.6337708453996477,0.4924838219077182,0.8147193672601771,0.0868851134470072,0.8182331887167104,0.2859893454111147,0.329224461,0.420704638,0.533333333
0.7820556653832917,0.3992143328682471,0.5233299190995326,0.1187552251361059,0.9543998435275852,0.5729610869237491,0.8873498605518696,0.5424457538104974,0.5761973605319961,0.178447864,0.562102351,0.338823529
0.4716146229349245,0.8633373573003955,0.4725209864598758,0.6772197305726779,0.4578363995835738,0.0973171905543965,0.1833787690083562,0.0134474247791569,0.8746152870367498,0.370850356,0.091824088,0.0
0.3980493576518219,0.0767840876354641,0.4006140313528331,0.697883618376153,0.8770000133974085,0.7886839455794131,0.8375406928182011,0.7178374006101003,0.0080814790642457,0.101709487,0.350935897,0.391304348
0.2815583473601961,0.96415170733357,0.0471187311748027,0.3921463728593836,0.464951603088604,0.0831252649098344,0.8126021165895019,0.961730687266866,0.8354864412305746,0.516879327,0.185761758,0.505263158
0.2398796514831687,0.7290147432866532,0.2482706255184695,0.9129507391181888,0.558896835303603,0.8035861597428016,0.983997910701226,0.7648356345790306,0.1730954485781372,0.420117008,0.465175049,0.048
0.603603001071872,0.3368386936818937,0.4913506919697136,0.2305095408256762,0.5626145973439014,0.767935062648034,0.9909196493470452,0.078722647424585,0.1349883283934818,0.139910146,0.502371667,0.0
0.203072033841735,0.2417893211033961,0.1769291350172727,0.4963926633953958,0.6195408476501965,0.97199847757535,0.655062248642795,0.449834362327279,0.7747969659818935,0.154654968,0.391676627,0.348387097
0.4121640076709988,0.4497888692387835,0.0085778015305942,0.1120482441594407,0.3049416984705807,0.5511244545909857,0.6317109623300659,0.6881978297547162,0.079103772114047,0.164569203,0.392577558,0.512
0.8459824290819599,0.9382917113726728,0.1080549653447155,0.8136731490430927,0.3208265945370367,0.6024596266764487,0.8000159820039816,0.7646063472336725,0.5533922402348123,0.510168511,0.389550257,0.0
0.8638147967103591,0.4022837875480274,0.8354892429799835,0.5786535333810591,0.7461311451230699,0.0123177279947287,0.9349315846744378,0.2825761180395189,0.9559570277229278,0.275307278,0.093959235,0.163636364
0.9851426464490308,0.1138806798323778,0.4853669927018414,0.6843897150416534,0.2144390727381593,0.1239487312726193,0.1874398857643584,0.3389859334341,0.1184800506604316,0.064503444,0.316865153,0.0
0.0564807719709704,0.2319237077639476,0.1109994790984701,0.4128859522978224,0.1073609067548272,0.4515892447331652,0.6969832024196633,0.6027552838811245,0.7098874940756387,0.151908877,0.153388387,0.0
0.2001063400095172,0.6086137099643085,0.709322587960771,0.5658243994958602,0.028009460999526,0.557317147286118,0.0252695887339007,0.2748682911839379,0.4216177142054301,0.201805063,0.284673054,0.757894737
0.3399159223565985,0.3235928983027156,0.5352371725232402,0.1533994928482097,0.8552536658882276,0.7538915631575773,0.4642444884508072,0.3791466114765021,0.3071277308127454,0.122569052,0.113676528,0.48
0.3455142892392363,0.4115944196908059,0.7120607464850331,0.5089587788442688,0.2867271719920086,0.1646095452164103,0.8733299051906843,0.4843396288501781,0.2154102755883112,0.210736155,0.224195951,0.130434783
0.088641419730188,0.3415511382090085,0.3339017106350604,0.7294484098004017,0.1843720794049732,0.5711585364968852,0.5370011867630786,0.3495997197745109,0.1880857024785067,0.150815953,0.286949654,0.424390244
0.6245792037133493,0.8051853448155435,0.9940660780183028,0.1609346137588438,0.843410498212404,0.5260605887205936,0.4606140637252167,0.9320103648053348,0.7459418484741048,0.299250531,0.526955829,0.514285714
0.829766913886883,0.9842165168245448,0.8658007944407299,0.4191407173731565,0.1351744925301251,0.606952133707459,0.7462450559714138,0.9121284718281122,0.4242056660498272,0.74026386,0.561911879,0.12
0.6353046446848591,0.7112480089059608,0.9758322325429516,0.6475011539444596,0.4398840254045333,0.4649931099791368,0.3722218140947757,0.5199042080181401,0.0715509519508592,0.191170622,0.365229774,0.2
0.3384367368831926,0.0564847945831852,0.7579424376860058,0.1036801475249418,0.7616976004889566,0.8745575944549451,0.8946804545094469,0.9686091705934082,0.9095188413160288,0.131597245,0.511331762,0.523636364
0.5597039467840857,0.2461183255036871,0.7839073092634294,0.5562291859383628,0.1256931280273755,0.7863418928129233,0.0879799586911398,0.575505596526366,0.5644851339409558,0.099811535,0.42992893,0.0
0.6837764280340634,0.2884765862159075,0.6071811238544098,0.15510997406643,0.3590612299398353,0.2426317961886821,0.0459296816333739,0.6916977570329534,0.6749976651723246,0.122542872,0.418682231,0.145454545
0.5921085629099214,0.5456514441984575,0.0990132507591663,0.2500908315837791,0.7142429027978224,0.3753232679291541,0.3473885936543889,0.3843694120588455,0.5719145807531575,0.182206752,0.409054845,0.666666667
0.3261737997087121,0.0715187653799881,0.941580193599632,0.6476807480736563,0.6432331033578379,0.6438319473409809,0.5022637497827962,0.2823018664564303,0.0867421671885066,0.108094929,0.408637005,0.767213115
0.1413381086033143,0.139117453721757,0.5959815130187796,0.1257403605632948,0.2374298084565658,0.7656899088417817,0.5272199019617513,0.3684193284178999,0.6137371925523881,0.102275962,0.346645323,0.476190476
0.913838263650796,0.3391271421371655,0.909743763115945,0.9439594702237264,0.3510058208894392,0.5083656773457528,0.9281766908987114,0.0765095076791895,0.0345920974975069,0.177069559,0.37865863,0.280851064
0.8813791802234194,0.2045806942396901,0.1491414912123293,0.3711464074326666,0.4003461442391582,0.1900764305039771,0.7581781260502622,0.2158663625732435,0.5357421490323873,0.151957611,0.336477025,0.259459459
0.5783501820553123,0.1084118029963782,0.270422994598294,0.9565743758017878,0.0059484653655214,0.1650930052209258,0.1277423984095073,0.6574069620652698,0.6571398864699909,0.10117896,0.21288633,0.0
0.6917491549827105,0.8435975653564595,0.1598345953756712,0.9036037004309998,0.4327700510963663,0.9140693061352057,0.7560567787671265,0.4614679013159414,0.8555767159059982,0.408434424,0.548450073,0.413114754
0.2497967969415045,0.9074956056450956,0.3776989425754109,0.9541602485910062,0.2067828074879666,0.6600115558241387,0.8389520622145314,0.6948182015209364,0.2550364900162679,0.480992742,0.367537201,0.06
0.7426943686520386,0.1575193341271912,0.5084624268485382,0.7236451988153583,0.7238998754342155,0.3088865242388781,0.9629341269728248,0.8207537586452531,0.4495829754752209,0.107881845,0.466315927,0.523943662
0.0257756913667331,0.2912354137523266,0.8535643397453758,0.8622218897935646,0.1989814711287426,0.6131043220675838,0.7364550558870622,0.891241189686232,0.0252921126926548,0.153761387,0.161416127,0.04137931
0.9127496897302162,0.594063672796294,0.02288887150588,0.4872756300310695,0.3807918248581885,0.4902058020111244,0.4592974002771647,0.1767191253540539,0.2389376369573022,0.166796057,0.38764396,0.228571429
0.9658026593838648,0.9628123777710492,0.5990402334531473,0.8035873376337052,0.4161675128180759,0.7610708582027711,0.4834526140273625,0.2184430656649356,0.3025340068768207,0.512922177,0.479933971,0.48
0.1335893135719562,0.92561121373463,0.5962980148508118,0.5490795142509574,0.8980919503132196,0.3428365435612754,0.5707275312056872,0.8445892960956305,0.8939998659842808,0.633578089,0.133179056,0.0
0.3014550806124038,0.3874055628818194,0.3209976284782427,0.1438626809296507,0.469579858263647,0.3823770315931273,0.9596207889179684,0.906883351484799,0.8199941579975567,0.206423926,0.344636959,0.4
0.5972775473892173,0.7232397897211499,0.3659818437851679,0.9454286648544562,0.6126908527354338,0.0630570252032519,0.954937982808664,0.2608179294548916,0.5892180509672512,0.335870455,0.109233901,0.0
0.8616553446842475,0.6295552895394423,0.8910195223506091,0.1377435665005588,0.6822786922492504,0.1990234285475699,0.3079146250818625,0.3078445907898173,0.6053222999314739,0.256779529,0.370987849,0.2
0.212088352394514,0.5759595906151722,0.7355539361372793,0.1990461843697594,0.3153688572619312,0.2684717216185632,0.2207857352174677,0.3408249222567667,0.1721316701346357,0.208488397,0.220269757,0.342857143
0.3131918692196922,0.7707357645174915,0.2750122642401076,0.7329101828181745,0.7777829876953853,0.093572737312948,0.6299373344455207,0.8467075013222201,0.4257795107311846,0.444031876,0.039736163,0.0
0.6641049733964176,0.1775609016799231,0.6054826603201969,0.4390592954490677,0.3265709739275894,0.1665861305711602,0.8204752385169324,0.3480231037417566,0.9118152388952212,0.131688933,0.257553192,0.528
0.569669496169192,0.5801300585030577,0.468108972260068,0.8259120430813259,0.9748967836796844,0.5880412490268657,0.8805459718858238,0.7268600311039601,0.7605139790672905,0.31922069,0.473935726,0.032432432
0.9691044818932024,0.545915758935252,0.689273001448675,0.0523743897652013,0.7861805638601939,0.6190277230641089,0.6964588300836388,0.333374033656418,0.2353742483327989,0.292213152,0.536936826,0.288
0.2406650514176538,0.1820832967292897,0.5015528917193222,0.7285749769313489,0.83731576946825,0.7594326733665674,0.1754800107584656,0.3735217140737831,0.1522699900455044,0.066784637,0.432855457,0.0
0.8678212655392671,0.7874513717934302,0.0037372035499488,0.7456145111171932,0.98180409621004,0.5587898880772451,0.7790651094439155,0.2480051933924841,0.8358755303789239,0.607437691,0.61823846,0.208695652
0.0048648411910361,0.9208579670796806,0.1049938341925008,0.1395314730842974,0.0360841170218445,0.802809937422863,0.130308136801833,0.662010747819735,0.1344113538841969,0.310294679,0.374500894,0.620689655
0.5158510787894874,0.7172271982757229,0.9460990485960564,0.127349725437241,0.1670677641965999,0.0400055849983602,0.6200534285480046,0.1250243197392379,0.2854620798764891,0.332288892,0.124371467,0.364556962
0.6900803823611977,0.7396765221238499,0.2690154863043105,0.6800148420871551,0.6383334619896419,0.6297640430739245,0.1676635021130827,0.4223968856176578,0.4433898524458546,0.267285006,0.441461297,0.48
0.4392016151185623,0.893212425762118,0.2758749436344199,0.9569083643197314,0.5801336350460242,0.3685892344903713,0.0343132711162929,0.2130152839796819,0.6461685176109858,0.311893498,0.35513676,0.5625
0.846799702882504,0.5887027980142842,0.2742615759469829,0.3885990405835723,0.925302100755528,0.6997869318637892,0.759733584820849,0.96550958162953,0.9653717084294312,0.340753697,0.496227501,0.50625
0.5296005382348082,0.0788119247392287,0.5978858777813261,0.9136484661476796,0.6428398261670624,0.7238380034834808,0.8704349868105726,0.5569723361842221,0.3581008385466618,0.093672496,0.407472125,0.03
0.6144923644906829,0.26684769153192,0.6571960720819884,0.8274527487633802,0.7277477917885928,0.8167148990123848,0.3511637475131098,0.0693533730597175,0.2335346407422405,0.074124824,0.563968328,0.6
0.9952646669746912,0.3317588236448386,0.2782274827353828,0.2347052186672105,0.5095436035800426,0.3400085989910503,0.5492096695393774,0.6073978693217618,0.1634212959038711,0.186894183,0.420294096,0.610526316
0.6476226705156676,0.3030462803616812,0.6137343928093776,0.9590285157326844,0.8776180153667232,0.4862314618665599,0.4182814923277106,0.9313205912907432,0.4425650117606885,0.085328972,0.564837048,0.36
0.3815619110146405,0.2118111557322938,0.8825369088300186,0.8877265929979562,0.8260756574462886,0.8229630333369344,0.4133263109119334,0.728686611317798,0.5882298573558546,0.087392853,0.435547397,0.0
0.6344638328199932,0.8583168339045003,0.5149931611502577,0.2682723590174313,0.4727077064915292,0.1382646310196689,0.8369228008068925,0.3550972052793109,0.8008938838985851,0.492732165,0.204256271,0.0
0.5670179730864889,0.2043627288963843,0.7916224364941624,0.2406645375081529,0.4416456982892693,0.1053038456319072,0.4250645318269813,0.1688455781415205,0.1827253027584184,0.067357302,0.20838129,0.631578947
0.4924511827242579,0.2657382880986687,0.0699449791651729,0.4638930384059792,0.9405928996878268,0.862222090773709,0.8077229361908425,0.3615728017956984,0.7626105926519265,0.154575463,0.346475438,0.0
0.7047140114139262,0.3956874542738984,0.9258561884666529,0.3410241040234726,0.9312242648559244,0.8742578997064919,0.2550148311872821,0.6628494853145716,0.187030336440777,0.125338968,0.56328496,0.0
0.4139338532455696,0.8072734161699608,0.9950218195740824,0.0420168001741759,0.0727217936182824,0.3245295940416979,0.4505476161600822,0.1995974163142846,0.960541792436686,0.319165754,0.400652857,0.3
0.6227636419785181,0.3868371643167008,0.7585712431158645,0.2806376655835128,0.7338982076098607,0.25644395757328,0.442437796965299,0.230251799860121,0.280135563182201,0.124676956,0.40466477,0.662068966
0.1161091995808429,0.5863828845161702,0.4007083469867996,0.644023173166257,0.7898400221616924,0.0411081922533729,0.3047349953521352,0.3187210246205005,0.7712633386248006,0.219693735,0.018830602,0.0
0.4832968703189382,0.1540134903803509,0.3826621703459117,0.3593277987710774,0.0569818804102379,0.6950469883202258,0.398862315066793,0.5153003673824375,0.0127507687001257,0.072778223,0.416520865,0.6
0.8314839274386933,0.5837596987159627,0.4061339356800211,0.7088497877237615,0.5511276886473142,0.0787893609892408,0.3737192124385206,0.9382386835913634,0.8285064933799821,0.142172072,0.162916785,0.0
0.5794417085991693,0.0006662519746752,0.4146622073352433,0.1198328063861083,0.5369882375596539,0.6690512069774368,0.6867836185118544,0.9525174154193656,0.2193664673828319,0.067892777,0.49278839,0.458823529
0.5016468922873867,0.2478988820531925,0.3956293195197209,0.8716997471990899,0.5605225362503579,0.3753481961013379,0.8057515506126147,0.0418062410457868,0.9008478137785806,0.138444507,0.42661136,0.369230769
0.6414336299983708,0.7375928173755416,0.0998053495047303,0.6917389440312449,0.8812222757320625,0.7282009247490008,0.5025110122714814,0.1189216966270043,0.5680591759111585,0.414869737,0.503304142,0.4
0.3732568447975894,0.3155479017731467,0.8360777438665951,0.7231841535599174,0.3019377992843464,0.014602219624023,0.0452057457676848,0.3217225651833066,0.8474987211452556,0.099049079,0.014129287,0.0
0.3539250097681277,0.3099589903293306,0.0316137150692535,0.8348246196628863,0.98697491693914,0.590398709013728,0.222635470427049,0.2859933749776586,0.2118964567110879,0.084825505,0.446417152,0.65
0.6329963241182034,0.1617167592425342,0.966693830428194,0.790535741802917,0.9540279393205467,0.6560279866997388,0.6568166032887871,0.7422276690049968,0.3263962061312832,0.15146948,0.433293149,0.575342466
0.4909858274027543,0.3792876352259927,0.1354583069447951,0.8394277980939345,0.4084586047931107,0.8321111864311947,0.5765855793758681,0.3720893709604496,0.0703887282196036,0.154989108,0.389224355,0.415384615
0.4158202286116014,0.0138270836319334,0.0042774617149242,0.6217941436403879,0.1954427735895563,0.1308830059142479,0.3113896717657857,0.9232930385602542,0.5782670719258556,0.065400796,0.279577114,0.84
0.984961212122994,0.8588084939694192,0.316427772391856,0.85009918967122,0.718081077935494,0.7476008644709504,0.5367825877478997,0.5222254181004654,0.7473102754888283,0.625478997,0.43174008,0.0
0.6924343296915801,0.4658885469068835,0.6221015673858868,0.7509485688756117,0.676703387022023,0.2478718949094647,0.044314326095092,0.9459045225834252,0.0525443528159147,0.131073962,0.309722567,0.4
0.6452181884142628,0.8541560047195538,0.7079767740849304,0.8933598334468213,0.9730665423805022,0.9541729423304022,0.9588420461759708,0.391270028848809,0.5205704986558644,0.480036676,0.506116254,0.042857143
0.1669139429316091,0.5766280052947941,0.2410308153206835,0.5061964558363728,0.9406251773197484,0.3199474130898119,0.9927211256555046,0.9262624289145256,0.7045332875778206,0.36745032,0.12192925,0.0
0.983095864652294,0.9011964413340844,0.1891532140184803,0.4974427588585367,0.3708599676174078,0.2843719836557182,0.8139242559296905,0.897363842533461,0.1387134346739245,0.422105599,0.339967322,0.048
0.5627728824772489,0.9288944567545376,0.1012880165756875,0.4485375461420646,0.701038711476112,0.5812260343678863,0.1177518555535496,0.2313945761807626,0.0414010138573454,0.340179583,0.337583989,0.218181818
0.2138988437460045,0.7337390929795236,0.5304891989696974,0.9151422283036847,0.2551109917393355,0.4787627782163337,0.6507768276418948,0.4985078262801875,0.2412339116140663,0.396362773,0.325906696,0.189473684
0.210395829999074,0.2247713026461504,0.4971202751007726,0.5886867674881,0.5644453864512036,0.4107509464277572,0.3424696139889711,0.9296751450733084,0.5639686291613006,0.105741655,0.17485079,0.109090909
0.4805513791561859,0.0111190019359255,0.0995885233053227,0.946153785853406,0.0282286175654463,0.6647829899315201,0.8251820494702298,0.3741958546395484,0.2394740255739027,0.076512341,0.347053781,0.034285714
0.355559581526057,0.3913158725547108,0.3502255348211275,0.2320983379635376,0.9940967095262464,0.0491612255558714,0.5442572142335937,0.8194164097773897,0.3080144411549953,0.197674729,0.129206804,0.475862069
0.9410851689997216,0.0585331234162882,0.3317556864268258,0.690031518385973,0.3118514816217227,0.4141842641086204,0.3066137824601037,0.4182695693477305,0.877156220191408,0.053335063,0.318242292,0.0
0.4003890300869278,0.0857004778140428,0.9978297932864256,0.7103294345775024,0.0482099318722913,0.8636953234965181,0.4917669818719583,0.0614672814927625,0.69679214492893,0.090385408,0.438586641,0.133333333
0.3498272940425777,0.9497875026744628,0.7382567044417283,0.5571564768755939,0.8108156933299354,0.7628168276529552,0.3833065433177312,0.7251157905259407,0.1134135712667447,0.291275653,0.280889852,0.8
0.2941058413320948,0.0237651394914617,0.470227849484464,0.235209502938843,0.2706416682112937,0.3862929269512077,0.39296526846572,0.2579294073087795,0.911153054936712,0.072505166,0.13746678,0.631578947
0.9991908367934692,0.5355430883901706,0.2981215970317874,0.4823780639108705,0.3664063855573364,0.2036313679294947,0.8127685925291889,0.6110253976367521,0.9484189083685516,0.343325205,0.266301979,0.0
0.9828533701149836,0.5502453128261912,0.6464302076770844,0.3782382409666719,0.6441007824987813,0.6512139782545883,0.6862785118839185,0.4731524915215833,0.8266073023729809,0.25700682,0.489835304,0.232835821
0.2269143747003636,0.1116970076946649,0.7780956148259136,0.3010025668737971,0.5915898059867335,0.6174290416272443,0.9324128746048526,0.503947155656155,0.4281489004687926,0.137756829,0.420770248,0.114285714
0.5856707042976369,0.5438615000956005,0.5897627104907838,0.0307286510481066,0.6782743498982359,0.3619401559032087,0.6772922558585909,0.0305585010059945,0.754535140609601,0.29555637,0.380101268,0.063157895
0.2113884073006942,0.3493645010747868,0.3106680292545201,0.8962262176338004,0.925084202357562,0.6265559299382327,0.582099822540265,0.4359322898860827,0.1104290488286233,0.172176808,0.407771979,0.0
0.0886511423951332,0.8219995279967872,0.6178203166188048,0.952760189794658,0.4519612122294272,0.6719503519659846,0.0641716101129541,0.5250047822351296,0.1185021602717557,0.121866937,0.279577389,0.776470588
0.0793979687655511,0.0021606841205651,0.1574305203204289,0.9251186289560144,0.3072129127795251,0.5163286797679347,0.7770092792463453,0.6554684321615569,0.0920118817718332,0.073223758,0.252391581,0.608450704
0.343589876026365,0.966831786487141,0.0672363417485912,0.1429018457726193,0.0595440601829571,0.2715875992280797,0.3160863393150561,0.3820252442696158,0.3127422284063623,0.342457919,0.276825642,0.141176471
0.703320126163531,0.2242035441805204,0.3672289332601218,0.433662966960217,0.1396592717104657,0.1179311199724468,0.1980655520417013,0.2786261351952185,0.3388959711149479,0.028499726,0.152048382,0.0
0.9278473770057336,0.993978182573795,0.8488367414519171,0.4459377126732675,0.2766254022768334,0.4240957458013474,0.6473862612786707,0.071581826421506,0.1523031791785422,0.568698773,0.478303262,0.232835821
0.5422482844870515,0.6621057955911173,0.554046493372572,0.6320668491927294,0.4598542372408433,0.6345084370724046,0.9789781003449756,0.5852482831291084,0.9858494826550712,0.354275594,0.459970418,0.203773585
0.0891832616236505,0.8915451455621044,0.2696437748581398,0.3942626380519602,0.834819606788938,0.5950006992419894,0.3766061498038749,0.4482638824271656,0.0008661013151497,0.26601207,0.310709344,0.24
0.4701743246005251,0.2916566354265806,0.2271522522085649,0.0605850930528456,0.9512694972300468,0.888757191214774,0.3758880590630981,0.6172223997843589,0.4110007046954064,0.089508877,0.490840991,0.0
0.5007498711521979,0.3184931663036349,0.7920928726748403,0.6334057758131375,0.4594713885584831,0.4145336229071831,0.5169303718583725,0.007406226177778,0.7835709142710138,0.207610321,0.480099544,0.16
0.6466496014429713,0.7107154912510878,0.2279893332651111,0.5926392249870713,0.401020039159448,0.4509437198677288,0.7310043059921971,0.868575355515716,0.5875541509472231,0.296356212,0.460147503,0.391304348
0.6503716541204129,0.6541202304659509,0.9465153450062808,0.3968550096705087,0.4886912028500392,0.9883327206863496,0.0411843103931967,0.0178049324811599,0.6126468813538843,0.211291996,0.610606899,0.266666667
0.7948932996763897,0.7187516852740956,0.2525579452811309,0.6358821732912183,0.9326827573235452,0.0886300268036602,0.2695900802969049,0.610341760102537,0.3409273769671886,0.146104281,0.29512271,0.3
0.609450074212011,0.3262136606496719,0.4268264712759829,0.5837511756559636,0.7859463632829821,0.8388114170987686,0.0085778435472874,0.0265562167163677,0.7393769192337446,0.106248998,0.55683311,0.2
0.6417899767917189,0.5964503948423072,0.1522877197826477,0.256397550287852,0.1212751692496529,0.3587839405592025,0.9993088485008408,0.5864493464819897,0.9597975186676344,0.330254481,0.451355753,0.048
0.4963322992933934,0.8433097070286186,0.891102642015606,0.0899681943085112,0.7739445719534307,0.8704949202002291,0.1007341880128043,0.3294714264921911,0.429579695095681,0.352644785,0.362383195,0.342857143
0.2207547596431888,0.7385126935016759,0.6568042749251434,0.5711878938786206,0.5651054201703686,0.707114014055166,0.8676972013558356,0.6399409025110152,0.7701482367169944,0.474506392,0.323297818,0.038709677
0.6528761724058859,0.1585701671746093,0.3279886751179649,0.8391027987177181,0.2004806539426732,0.0352354641359822,0.5965969847773006,0.945608783733057,0.0741081153953401,0.102765571,0.065062371,0.033333333
0.6260876316286561,0.0493507510682795,0.563428653250374,0.9667425870233756,0.7314013606167785,0.2604114533378104,0.219677077499383,0.6265855561259494,0.7500945360651209,0.085234808,0.288299724,0.631578947
0.1013935441722015,0.2514369998054169,0.8470959402217589,0.0612612212469038,0.5724504812574907,0.3242936213749151,0.9754948377100496,0.5204236692736909,0.1703347392957483,0.122907895,0.27398303,0.594594595
0.8550563819042364,0.684841055004415,0.2423734765993183,0.5537128356300132,0.9711159275208496,0.5570165249172321,0.9835628084960758,0.5816461821558806,0.5757750873570788,0.356529387,0.566531367,0.545454545
0.1483752303711351,0.5740700705152669,0.0315677848877953,0.5864948735003863,0.1681698636150881,0.9969609165357164,0.9223809872800512,0.951400551997001,0.0290181460047996,0.190847066,0.421293213,0.7
0.9225883409956236,0.5537352430505722,0.9540422247594486,0.747596427320988,0.2837668766379445,0.6175488082313626,0.6417446111267907,0.1842162298759636,0.9289767622080236,0.364091117,0.439400156,0.0
0.5038280673801735,0.317603757506838,0.7889789132858162,0.1250298041312554,0.4563071011550603,0.1828793432574894,0.194399272053805,0.2407380934775052,0.1244861727231664,0.116397462,0.269735121,0.514285714
0.0432058147908385,0.6559626723723693,0.1383111381036883,0.3697085201441932,0.081904504120885,0.1614996193248511,0.196170404853559,0.2258282423615558,0.5950194168811207,0.237081887,0.045240085,0.0
0.8656371067102767,0.4914504154363064,0.1201381876953935,0.4721322161860363,0.6776297106324399,0.2970784657064411,0.1207434761449207,0.971120668787859,0.0368904595139499,0.111887267,0.346613569,0.0
0.7848983798976038,0.9933966943435976,0.1988111938211423,0.9553584636126958,0.5373409490979754,0.4841190204981153,0.4350359019983079,0.9285688956956402,0.963734172734943,0.468165352,0.346409866,0.0
0.9602466002454204,0.2176376560364153,0.1859442422756173,0.0784295971858105,0.2533222786349527,0.0411416632685379,0.2059197531958607,0.9965308171626358,0.5949885302879068,0.092664192,0.25032047,0.628571429
0.5319300505818966,0.8338270449339392,0.1952473584112745,0.8480242620599737,0.2756871288091096,0.6408244498381506,0.8841552844520949,0.7147281387882273,0.2977061165016952,0.299298654,0.418439948,0.0
0.3468742759637043,0.3615031141031596,0.5137660667595927,0.0042526030179698,0.4418705428249954,0.1077723962694038,0.7466815906621044,0.9312494588209124,0.8327923866906423,0.15919235,0.243966055,0.592771084
0.2074455436084928,0.7830395081822088,0.4060569555195906,0.1275121112703581,0.939676202211738,0.9314482049341746,0.1314439652243051,0.6244500039356802,0.3923424550537314,0.293447873,0.535079994,0.3
0.7232934636595384,0.6117607310652758,0.7552932975539931,0.2299422270040324,0.3765672245647393,0.949463546715576,0.7231742316456334,0.7220474499837046,0.0417499743036603,0.286421449,0.489989193,0.45
0.378894347078482,0.9729847380654016,0.9095560862929613,0.1517436242501778,0.9929557929209408,0.3726811801549237,0.6121463558850986,0.9249041115668616,0.9031322740391222,0.766514742,0.411030171,0.213333333
0.4584105830281416,0.4477640379852688,0.51512413245186,0.8969747064800779,0.3123441947835648,0.5161229045005803,0.9232788903918056,0.6973857904229185,0.2270018387802652,0.195096442,0.370985302,0.092307692
0.0206438887067208,0.463002671014279,0.392581943294903,0.2470502426083238,0.7106963281465263,0.3669710501568769,0.4804326848381856,0.858971024797982,0.739760049829618,0.193471344,0.196907807,0.225
0.9935011716397858,0.0743542205611249,0.9406255640360772,0.007046470689374,0.6756059962771739,0.3219344501982116,0.6264139173675056,0.0480008887436063,0.5040416265541756,0.105616939,0.517884624,0.357894737
0.4475990289688074,0.0170104042322337,0.0049807444939893,0.9548752032691522,0.505508226840817,0.310806094090216,0.0740501216016596,0.0126271158859178,0.9466143347726326,0.045826109,0.415086925,0.56
0.2612574553971414,0.7071324364573962,0.5567461692805248,0.0569196042263957,0.3092816643321722,0.2111397968431443,0.3484269778368321,0.7247560371884633,0.2535236544651056,0.263069871,0.201723913,0.628571429
0.9036098565906076,0.9912982960397398,0.0669312533561146,0.5346070476062388,0.6688137591263248,0.6459360430657923,0.8227979246779511,0.5139928293684949,0.3199790674214871,0.543950144,0.559111685,0.461538462
0.6147752673946104,0.1364245374804032,0.6571465400291405,0.0785587170058845,0.2944639157430876,0.1920684257117784,0.3991327966079734,0.366960070537492,0.2567471305686652,0.052789591,0.194885991,0.72
0.9796328553538378,0.2970590840857862,0.9447061002110432,0.9509086159952834,0.360208505113207,0.1139832660261394,0.5284500310335631,0.6824734850317346,0.3542097087040069,0.153073217,0.314992454,0.156521739
0.1787722359584042,0.5786963147859119,0.6190003067073966,0.6490383352023128,0.4285770819484681,0.6007684235319409,0.5356244129147314,0.1021789134075958,0.7628025360892816,0.233275948,0.258255845,0.0
0.7571907776252368,0.4411078317665855,0.8259231586530683,0.854350231180727,0.3530006696007121,0.5224378745039654,0.0725826246062237,0.5514856471843342,0.1083857025920264,0.158777867,0.041893286,0.0
0.6392934711988038,0.4166104115324593,0.6780101844024023,0.6478249917583873,0.201232602893301,0.5853651417802892,0.1708017140422542,0.0396482828787343,0.6221531134906857,0.097170975,0.422339264,0.0
0.5567573455760157,0.975168755556901,0.6285693334662572,0.2012627642137795,0.2517776874567553,0.9894346950042164,0.7431619494153695,0.1287120413165338,0.3224381405198901,0.61960049,0.507807851,0.245454545
0.0755215749342232,0.0710739777767271,0.7588861691916011,0.2486793941330107,0.3982281888217869,0.4183711489410984,0.3608944440637662,0.147861546543553,0.3997732505796978,0.07923639,0.276295578,0.0
0.0104003620113535,0.4324001839736133,0.3842515888658917,0.1264621456689675,0.449269848269755,0.771929061262209,0.3018242387639236,0.7759806768502652,0.678264887895012,0.138743519,0.236408978,0.620689655
0.5331787300879727,0.9586055548527174,0.6857038624322641,0.8585443395962746,0.1459331026765274,0.1282742672805482,0.8986290522616489,0.2084968563957434,0.186748567928972,0.573488228,0.299356682,0.492307692
0.7379614941950092,0.974133369675404,0.397187415211047,0.5095920422253134,0.5376450732014049,0.0466620134452311,0.0748452934037431,0.1696236311656487,0.9830411753483228,0.402268105,0.068603598,0.0
0.3596299074507902,0.2322679930207583,0.901987250641594,0.3589702684021564,0.0938277973641975,0.943709086254742,0.425718265863091,0.3484853417321236,0.1070391234407653,0.099567528,0.593907585,0.3
0.7651223797077668,0.5472800691177211,0.9859884875953716,0.3662940410837869,0.5179335978678433,0.7722089134860488,0.2673705711388732,0.7726148366772362,0.3732648968294093,0.128600229,0.554773242,0.0
0.0076993746030525,0.6233453447462137,0.1594388004538952,0.0313976068695686,0.1954239504766599,0.4313723348632194,0.7991858631577171,0.3563974859740079,0.2488317371822095,0.281453998,0.086967825,0.061538462
0.5893632437437454,0.9949551436082196,0.3103113348296497,0.2829677460582113,0.5080169739494287,0.1360204420914434,0.3083609415199753,0.3637005752207286,0.892460740495659,0.535751199,0.431763338,0.64
0.8954822290152126,0.8218086874199644,0.4905013781848737,0.8276024822012009,0.4439555517000659,0.1893683059903467,0.0340594180138903,0.9633172690871288,0.9449864465350714,0.361596709,0.289885215,0.0
0.279812287023638,0.5894751992313623,0.9080619830999676,0.7311500267013817,0.1836211096602196,0.8491976600157015,0.6121588254417357,0.8572926728699273,0.6257310253929194,0.303608863,0.434847797,0.0
0.8916547607860215,0.711978523908054,0.6672366927755489,0.2467288011344376,0.0080232477803725,0.499072868347109,0.9479088687398176,0.171152568982832,0.5394005232015535,0.355159849,0.449403641,0.168421053
0.6283587145926,0.1717667532916786,0.7949666131211127,0.1139408522531054,0.9511324989973164,0.144442145896954,0.1636454951839951,0.4466851537857298,0.6774715855924195,0.064434186,0.427651637,0.2
0.3935259205781987,0.066541682599944,0.8995175473241299,0.3200938518782513,0.3126506653878645,0.6320490436564912,0.7890469012466176,0.4110147116702439,0.210765434786638,0.115980631,0.410531096,0.04
0.4655530511882519,0.6476710350620475,0.138378640561806,0.5406379621997988,0.5383603034968429,0.3689360316408288,0.9783057813165892,0.5037548602829454,0.8484814167618757,0.355039662,0.41336811,0.391836735
0.7079881668870176,0.3123218028563024,0.8210526212697121,0.0899003502697696,0.012831184025573,0.7185749582507907,0.0081998761751238,0.6385178727002014,0.921685496282781,0.152706454,0.449827163,0.423529412
0.3674033598330166,0.1318480187305913,0.1610413500704715,0.9504402425288616,0.7410292243087413,0.3481978920021658,0.9431994704231322,0.1518894408061128,0.9637664002769132,0.142619473,0.289890339,0.12972973
0.7541945383045272,0.4851492932715717,0.4468872072767927,0.0338336625617037,0.7526685623469541,0.3785703495281525,0.2109836907376053,0.0184758443763247,0.8158764476927227,0.199605201,0.466957634,0.381818182
0.9325263671313614,0.2096468387684242,0.8207365115355447,0.0685669557355406,0.2903098362226057,0.7871701408334886,0.6986225390596452,0.9730107033000104,0.5310352906634827,0.133496939,0.606008461,0.557142857
0.6631712179098772,0.7237356676404855,0.3773129713952841,0.5744200449658595,0.9377457664938272,0.3780335226424596,0.7214700557941768,0.8265677133221105,0.6685467244680139,0.400675705,0.409968381,0.423529412
0.8598306109415542,0.0555129183855914,0.0657955189255434,0.2944106088594048,0.2891932135228852,0.5610337854043044,0.0553565542836698,0.6420684544178833,0.1957260458400516,0.052107126,0.40156408,0.32
0.7697378292220718,0.7070316063250892,0.5669447702988433,0.5936994536197319,0.0361494432855047,0.7368801144306639,0.0137557454738702,0.2036186906321018,0.873789342982426,0.212104649,0.423133408,0.2
0.3926200767554328,0.5782609508115434,0.6010736263062015,0.9125255529038312,0.7217259491984136,0.2161613954307755,0.999197566528057,0.9497225196467654,0.6965607419098196,0.393998723,0.133891687,0.0
0.5748204291087272,0.0719043764059278,0.5447215023811253,0.5103312390703284,0.8601482005029693,0.4744071443993193,0.8175192871999567,0.6908302308938032,0.9453557568017726,0.126869418,0.453260312,0.54939759
0.6536491743941594,0.4597998917002697,0.097613710386437,0.18571473801699,0.2313847761150461,0.9855449710569524,0.2137854227315383,0.5114958002308636,0.3899879447999009,0.134158505,0.616438745,0.266666667
0.543495006274774,0.5038779680486756,0.5167850758075127,0.0814383917442974,0.1120787998292789,0.8545497566613236,0.1285834761725472,0.4235957832232483,0.9183864120245264,0.172380357,0.319723666,0.276923077
0.4448794905537694,0.1566061387764733,0.3885617161723502,0.6878082987216916,0.203288331638727,0.5817530545783428,0.7494439810792072,0.7339331284843686,0.7824680230505376,0.135646129,0.482007622,0.284745763
0.5503282374698368,0.8251713292734817,0.4425205853152191,0.8134843621015142,0.026498221652202,0.210153882251054,0.5776983755763289,0.2011123009167771,0.3049167711326412,0.513922622,0.379495236,0.582857143
0.066817363373876,0.4365563302488849,0.176218405759616,0.1370327255129901,0.7683687423400848,0.8918236837140215,0.1212363231227319,0.6332101639107867,0.3446221736596366,0.14322529,0.394560257,0.457142857
0.6827107257241422,0.3023857970731616,0.2159059062271507,0.9334002296158832,0.9364525392002356,0.601966128002485,0.3857956239492838,0.3923326811524401,0.1626320356522104,0.144845815,0.442501047,0.553846154
0.0212652563397028,0.7112841997803983,0.2427692866780153,0.7340784679922637,0.2164246479547396,0.3302357426927751,0.5161107890943337,0.6471329601960053,0.0868004842104229,0.302824019,0.180168736,0.731034483
0.3625994900027054,0.2502052740081956,0.3168657340474081,0.7341186259018874,0.3634641022767603,0.173140518007837,0.8893516632671299,0.5125692500176784,0.4163131514941536,0.120095637,0.229964671,0.186206897
0.961658339308074,0.8079394264824189,0.7335595301563117,0.7703226834302801,0.8135841123110463,0.8429341324511088,0.225352620206727,0.6376790986897103,0.4361053573302615,0.37268268,0.403929235,0.730434783
0.8147309290873872,0.5221129537759697,0.8998498297873416,0.7923620396016671,0.594811760615057,0.4731356772885227,0.6222870772805461,0.9714958931492078,0.6298535942061922,0.366854121,0.380275173,0.096
0.1251475062161012,0.2307876139119745,0.4594403926555317,0.4358075706223838,0.4793404510760642,0.0006953055936026,0.7162683812881926,0.8288225092474834,0.1910465464602221,0.107616316,0.032239347,0.620338983
0.9062600778103612,0.8059150722619225,0.9780820708308476,0.6060348203873227,0.3102572174318838,0.6832757811573203,0.7420908045581021,0.7760484559592712,0.6884175817814867,0.59363638,0.546335744,0.0
0.3103451408837842,0.1760963753116331,0.0751135073821219,0.5867151817051856,0.0283019978227861,0.6064141919804344,0.5958680302248069,0.2120435049825498,0.1987305699717844,0.117650477,0.429366839,0.42
0.5590116542085665,0.2148477498610089,0.4031624306893313,0.5218215675910423,0.8111803147117044,0.2839572459778016,0.5773411519287759,0.6221024966971272,0.4264918918149097,0.123343151,0.34117211,0.0
0.6074872536181785,0.9243747723744704,0.269503605552854,0.5151540922440241,0.2621943996251513,0.9883181287370796,0.0757063434843215,0.2450611137232028,0.9901948628621692,0.513522517,0.460957943,0.0
0.2358216290427074,0.7987467314113522,0.5494467942503084,0.2895145132317874,0.0809943069851077,0.6022257423065571,0.380583666745399,0.2366341911422094,0.4486334482621326,0.300876833,0.277897974,0.0
0.9747753696230372,0.7193200611288191,0.4721398346730218,0.4433874785635556,0.1209851213615624,0.6776788895753155,0.6470009571085363,0.6541236089021248,0.1138273900053795,0.344340951,0.49370364,0.6
0.5947678854020626,0.2309994377352473,0.2454559722556701,0.1592386958225057,0.6967312775368336,0.2063213397344035,0.368055227319946,0.9251610559229304,0.8193296523101734,0.103253079,0.387451431,0.78
0.3168372787379555,0.9001954530084438,0.1794690485320313,0.4869078748342655,0.2797990521759208,0.5789832608022892,0.8052267282297182,0.2947292438415257,0.7875763824633957,0.573503135,0.405023292,0.0
0.249317967484016,0.0633594991839349,0.7728893027708714,0.9296776547759046,0.2561464600332914,0.9450721238948776,0.0131145874175703,0.0553792616887627,0.8031434140773936,0.068053087,0.353215796,0.0
0.7382829101054108,0.9117300332602624,0.085281557459854,0.9316580582620372,0.0441415981661696,0.4769770455212577,0.6366622498419179,0.4474049154311105,0.4519219434546183,0.436556159,0.420625191,0.0
0.3934981652451005,0.408624569092803,0.8262582912683364,0.4904506297768761,0.8606726507186163,0.6113207762711109,0.2425018021965488,0.6325462086627538,0.1791489824905271,0.12679796,0.453258853,0.218181818
0.3589521785588551,0.3034284445907504,0.7796966307437787,0.8941502228465396,0.9891393384344418,0.4540698410005619,0.5608543419680233,0.1456518363841672,0.3468621145676962,0.151412256,0.344550076,0.214285714
0.952046671574052,0.1494555737445516,0.649844017134389,0.4109949515366247,0.325028412783921,0.8944209353307682,0.4558729813990235,0.9022834695646628,0.7849682191754815,0.106642432,0.438250265,0.0
0.1203540081445144,0.3761249155352884,0.3896517612730472,0.7648605370436478,0.935457866456827,0.0184441979033216,0.9515320621626662,0.3129766608692494,0.9228544044179984,0.244841375,0.045384808,0.7
0.820438448926741,0.8849658666827716,0.4495248705511175,0.9104737234707254,0.6622055740434899,0.6985699140199475,0.1500124010074364,0.5000712271544862,0.1176218462116168,0.348590923,0.244456208,0.6
0.5623677136213078,0.1066497071741202,0.5731763093992062,0.2439214389584015,0.7755825671620512,0.9838393537654267,0.2990225655312737,0.1445146655344878,0.9668001413514892,0.083140993,0.504042437,0.15
0.9379040089286202,0.5109586242498032,0.2221232383889247,0.3315180613167621,0.8563571796189334,0.9925597098928508,0.408175762255893,0.1951891488994828,0.4123236719383141,0.12478096,0.533968014,0.1
0.8927260711673033,0.8681493293798174,0.1554964681629178,0.2169970324676179,0.2767542933792604,0.9502405394652524,0.4373956407629792,0.6559076651450914,0.2786999541891777,0.234667805,0.464933999,0.0
0.1905886405280341,0.9082294201031202,0.4516428675789066,0.3063661064249783,0.6291602335596901,0.4228723105897459,0.9647995218144588,0.8860067450706852,0.4970367840404378,0.613898289,0.364659767,0.640909091
0.0924186217403714,0.8592417296334844,0.5947571733134887,0.6345369858760301,0.0654846006372568,0.0783250181799383,0.962700738298548,0.0177635166707158,0.1408939676538398,0.468933586,0.092046885,0.592
0.382209747365573,0.7738313180876525,0.965855505640568,0.9717518501465916,0.0649867857192657,0.2849774900832563,0.6502196820593473,0.7271680535603429,0.7436235692914689,0.679006051,0.228051394,0.0
0.9900927786550092,0.5216034904599035,0.3158018783865868,0.6358086148471801,0.8421598564951783,0.1344648907623318,0.7488172888884016,0.2035394025544038,0.2644289881154158,0.218215882,0.24517037,0.32238806
0.422139981506867,0.7976652880191385,0.0828866571529105,0.286714515715061,0.8671326249631346,0.8828543718451531,0.9504514027374746,0.7749614694086213,0.706152035265039,0.422801477,0.425113505,0.052173913
0.1466939070812517,0.90698271564729,0.8596572069433829,0.9642686169047068,0.7597623106689382,0.4628418702005054,0.7654400786396656,0.0369232138980828,0.0613062846276946,0.510036352,0.237333165,0.4
0.8994000383402364,0.3459664238554475,0.8804454921516796,0.7137268595749424,0.8239527097096344,0.495775292534077,0.0160039628032087,0.0006291495017629,0.7234876952797313,0.125954791,0.399109069,0.3
0.7764057558064323,0.2999623442218091,0.1484532225668239,0.867482138538617,0.0830536605080083,0.7979116638308551,0.4745738691725049,0.2403419636476548,0.325556963198228,0.086498473,0.627856868,0.0
0.6349621614875658,0.5450785294608047,0.8763217309172407,0.7983355809259053,0.7082560371645231,0.0118024370397409,0.3028968308810175,0.359172593866448,0.5705857537807025,0.204994757,0.071411492,0.6
0.584478931456219,0.7369952481781015,0.0860015869690185,0.6532077788261286,0.4593435629017608,0.0329543015840659,0.0784676221203767,0.3678849352008582,0.3922381026863305,0.258273214,0.060980951,0.423529412
0.9059966659443772,0.8919728014417557,0.4019400556591144,0.5545081244039931,0.1313043536182182,0.3984646877239203,0.1835846776016675,0.9029636664908576,0.5084070411422623,0.266361712,0.497978657,0.0
0.7116422310855391,0.448731532685098,0.8660593484230422,0.3905367919401539,0.3714038636958143,0.0570999538370599,0.381320682276955,0.3630605852026463,0.2325675911546098,0.138720847,0.172107456,0.5
0.6445724679057651,0.9447641902462788,0.6770153125488062,0.5213373937077787,0.6051865178837751,0.7985665164534457,0.2822190088902968,0.8615844532223295,0.6179457771814227,0.340302014,0.484370804,0.0
0.1142260263397366,0.4766322976328131,0.521068353527353,0.1084342815191929,0.6387929353783466,0.2790123155861895,0.6678499162503986,0.2188798779276966,0.9546244092859189,0.373438281,0.09116821,0.044444444
0.3748806608101408,0.5920696230148488,0.3134034302125337,0.698278618027629,0.7632885514517648,0.1212511783741804,0.0477175792598791,0.0291455441070512,0.3522271944398264,0.105128525,0.219128346,0.8
0.2526303199837858,0.5583963056380152,0.5922562262069924,0.5448694292446594,0.2370816909748907,0.6400860693668604,0.4615316137110552,0.0854076441785551,0.2114618317603911,0.217093149,0.476337948,0.675
0.1337210009843181,0.585649329720149,0.7606986389421587,0.1190929502533575,0.0039471404017876,0.5969630798776598,0.3000323754377164,0.3284693164179308,0.8335567362960327,0.182839376,0.331928927,0.109090909
0.4016491874264514,0.5214285457772216,0.6070432168329366,0.8446507319862245,0.532092221955793,0.0974258693091505,0.5415965264155678,0.4726705379192012,0.7511904484659824,0.26812681,0.13140632,0.39375
0.922059558558894,0.4224174148713112,0.7591710219780191,0.7230594966193753,0.8907997674694728,0.117749665856576,0.3493197581978302,0.2059316711862774,0.6191085002907564,0.178865847,0.369821078,0.742857143
0.9764616384256471,0.0453622191115964,0.7853932224588639,0.776197369466645,0.8838106689279779,0.1540042230845283,0.3534844861054884,0.7150752732755662,0.3666787669159733,0.059957273,0.269184308,0.6
0.3705883521600446,0.2812216776638263,0.3237467141098844,0.4810143030111029,0.4603957783964314,0.4645759867418322,0.8750785018598211,0.3988578766312566,0.1365655980823965,0.165501407,0.401936722,0.15
0.144690070424672,0.8801007465644191,0.0609020278378293,0.7329666055335203,0.7173311704889551,0.8398629898552944,0.3978336623152707,0.7226384184341026,0.9262868029135504,0.303732948,0.477750429,0.685714286
0.7996888194406683,0.5482049927397403,0.1495232270996237,0.8880340513597678,0.0951909815846814,0.1176169817406821,0.5127226591212701,0.0924810854205141,0.6448524119425276,0.309770121,0.220149779,0.0
0.4839932139145756,0.0792579866544498,0.2518753923265345,0.5622958290894632,0.5731398445771981,0.8846793842010667,0.1556939954264887,0.9746304144961556,0.4945706945724881,0.052252425,0.393983606,0.327272727
0.6430472267753412,0.0400127300854257,0.1815437542125936,0.8574719285651252,0.8413087742221304,0.9479573213119632,0.8628805198477771,0.9253042984285708,0.1916252564520282,0.098323815,0.472670475,0.0
0.9640254931538096,0.7158212211229888,0.549446665279468,0.5072245560392821,0.3031098946805158,0.4840887662668243,0.4118736542544259,0.2809650406803484,0.2622061210842706,0.202224669,0.456519192,0.24
0.6140576909160761,0.6583529283360788,0.6899675233041621,0.0283707621516515,0.9892385965102686,0.2168820972466332,0.7630503416104596,0.5099436296451851,0.9781586495608766,0.364642098,0.314767149,0.459259259
0.3907284814379256,0.5699080750976127,0.5341309047652912,0.5806933141859062,0.0818736469277491,0.2715018332574204,0.8341618269779597,0.1379778036155573,0.1323736483262616,0.280620172,0.325039233,0.609230769
0.1895587397716337,0.0304742932526667,0.3008702100638278,0.2930118324988645,0.3648837971632527,0.5632021076353418,0.3510436200763154,0.5430028838716499,0.3727221741436364,0.063112236,0.425595801,0.315789474
0.434990346679488,0.3184734590575131,0.8865964433439529,0.5280756533313807,0.0728149018316945,0.564228611733529,0.1295878612299326,0.5357745369983993,0.5661882018414466,0.178404651,0.339798449,0.369230769
0.3027862104529072,0.910805594914,0.602124732025255,0.1908461189255037,0.9825640429942318,0.5508817073561342,0.2340256298066027,0.8408093109998859,0.9202334278793326,0.360501392,0.421535675,0.72
0.5486783562514395,0.7292806573070219,0.4075176572140585,0.0540660223244549,0.8732911823827946,0.0107320835672519,0.733210202679945,0.2066462002225924,0.2432710371984151,0.354659092,0.091777842,0.652173913
0.4972433806035067,0.714657031474763,0.0805686605542583,0.2530326542020543,0.1748892737239328,0.1888752017998461,0.3207637882796127,0.0390755932142087,0.7891801021857325,0.300618884,0.298373556,0.6
0.572795846927649,0.1905058399179173,0.4110601202514744,0.4115806973912508,0.7011847239469275,0.3394557297868978,0.1941953743169768,0.7693554382434423,0.7095720553267365,0.112252224,0.370260081,0.0
0.2588058780704585,0.3406383736542879,0.1477328737553341,0.4450003588756913,0.6286578295339935,0.5701198971210337,0.3832766627164957,0.6832152854175244,0.4192443197928841,0.0704812,0.308335951,0.48
0.6900293353501726,0.3346574571174594,0.4253832113575163,0.1718216123938925,0.0513024583439302,0.0851252741172982,0.3347116173783896,0.1587407279917303,0.2452121353247708,0.095786021,0.20725003,0.545454545
0.0487013545202827,0.7199065388063232,0.2445901331510708,0.5414415736970742,0.806917746305276,0.6956184321812842,0.6310169967893817,0.8897601788696461,0.1012895714940331,0.327862343,0.224899376,0.0
0.8309145955306851,0.8869239461327646,0.0349726567821234,0.6825790717217594,0.2564164205061272,0.206512732526282,0.6182942536219651,0.8109742448444279,0.7563652416751335,0.55919837,0.367418297,0.08
0.0907210132348522,0.8922901092394291,0.7020019363063187,0.8401157251807575,0.3417997549789614,0.3243459022929325,0.3182069535196855,0.0973626450832272,0.9831487475299766,0.438525411,0.192190332,0.222222222
0.2933734977133998,0.695173599954074,0.8557795480949104,0.7635707397948469,0.7727997685684113,0.7440364549165485,0.5738302876356319,0.0645363459653335,0.4729894432392535,0.441380371,0.449321582,0.088888889
0.0432334701272633,0.2783690451968889,0.4957941203995147,0.1671931629891122,0.2079917614319438,0.6608658221391678,0.2242450924697877,0.3450420465963355,0.8762547154230677,0.127101045,0.214051218,0.654545455
0.7517655907186886,0.3517457647537459,0.8852344503769991,0.7163289536839366,0.0334248726263546,0.4929603524329903,0.1291303984875508,0.9271009339915164,0.996008337388924,0.133540722,0.411010395,0.057142857
0.2381653638970252,0.1841437750182398,0.0128722452763553,0.5940683270643784,0.5728581560921194,0.1563978440904669,0.492720503900757,0.4459044052590142,0.5845515304419255,0.089589289,0.252575916,0.633333333
0.0645281518770577,0.4788334180231928,0.3798172737553431,0.7045627309707978,0.6559685072528089,0.8471657937011544,0.9429099853374908,0.2478740254290194,0.9686150955351416,0.233725214,0.207431725,0.0
0.9232834991993912,0.1107727321925626,0.7520412576172059,0.1626338455021003,0.2285044406414695,0.0330935979776293,0.7505126436606481,0.1415359200705214,0.61472042228978,0.118490456,0.067774011,0.03
0.7888180145424216,0.498023672968735,0.1282906008549281,0.2079038354860449,0.996618247551603,0.2017599635754871,0.4513840772042705,0.5303512662436877,0.5696237917457628,0.165978025,0.407712309,0.428571429
0.6963810504848338,0.4197345271113766,0.6721830344174271,0.0638521823649823,0.1696063810966791,0.6215758563141144,0.5466186729458924,0.6382076955778961,0.3594977655969755,0.225859911,0.400586948,0.104347826
0.4146121012718691,0.9036180227369224,0.4679924784182835,0.6233999061235963,0.9758692798978412,0.1919760901931482,0.3214701294922134,0.6109649955831,0.9809871216827124,0.475846615,0.325993495,0.24
0.7375717353342314,0.866165832053594,0.846628129087822,0.1215098674350299,0.3999804698622548,0.4905015360497541,0.5561654002718966,0.9022210481718552,0.1983665518134302,0.398984519,0.571011491,0.422727273
0.0704793954508578,0.8754570293859911,0.2103971171395126,0.6785773367310306,0.2238130527124815,0.914555767600361,0.8847720667287272,0.2267438836768905,0.2382862593105023,0.507711145,0.258376916,0.046153846
0.5855074453599746,0.7737533587400938,0.7379256299653658,0.0052044905376992,0.1815760703437646,0.5761971226360619,0.300508224946126,0.6202732983231649,0.8483345463217681,0.240234217,0.436645114,0.646153846
0.7850420730089441,0.3460727589044677,0.3875865980605404,0.8885134476201064,0.1187466545497422,0.9733909883023814,0.4769593160762144,0.5756517649436155,0.0689830752032214,0.15017882,0.448725924,0.4
0.8002316972208022,0.1692563619447668,0.2539590191435313,0.3149322156641277,0.5695679985048191,0.0413375489257367,0.2984238272400307,0.9842178306907772,0.1038619932547199,0.065865037,0.107169869,0.085714286
0.2598270591537267,0.3677706528179504,0.6156201611520613,0.3615070524284854,0.3308091776021685,0.2601291000810684,0.0110457176174341,0.0609544350622578,0.2158327206362176,0.136348103,0.226312199,0.15
0.5056788895610923,0.4669956795355023,0.3656850950668507,0.1813930904520939,0.9726740326829632,0.4704937317359576,0.4670256640753959,0.4663960990707172,0.3460607805580025,0.198997319,0.455300883,0.48
0.3995931454063652,0.7692593717631054,0.8369979646589716,0.3314822960400619,0.0824251942950622,0.7562689008475048,0.9389467911595166,0.9636347349022096,0.3814199114447556,0.436872922,0.450577553,0.39375
0.8248331679612663,0.96036925511737,0.7663807566356623,0.3144015021491829,0.5436274291953778,0.751732338359134,0.6977749568358196,0.8883544648637913,0.0416126683240644,0.653323358,0.53760719,0.710526316
0.8083055842338589,0.0558497678061999,0.8093153941574305,0.1648881276036042,0.7443479957905181,0.4968112952249639,0.1529577980720445,0.3292953039319249,0.9302604926176704,0.094265852,0.42879792,0.8
0.1747148754435342,0.2905950584386133,0.0693487837517151,0.7791406679657186,0.0808536206088905,0.3111863526622604,0.3156183897105515,0.4320920237665129,0.7138357274598415,0.088782783,0.189152802,0.0
0.6695014592006232,0.4334417153297402,0.1419718548954427,0.1843079243529151,0.3422014794517977,0.0373010249977786,0.5928502044561739,0.6155652313732253,0.8561103797566413,0.193234867,0.097083508,0.0
0.0770456880309854,0.3642028537084886,0.9480150180611236,0.8939319781634879,0.2152656078126367,0.8459240467801384,0.539732255108934,0.0891307758967909,0.4607232032215589,0.195579852,0.317298705,0.109090909
0.1019433438191997,0.5293510548414438,0.3143690354234266,0.7021522058256533,0.2298629143856803,0.9371405964615248,0.666450321735123,0.5318282424140554,0.5571703107770128,0.211985798,0.335185699,0.0
0.2417006712707008,0.0293371265216456,0.0538506341669913,0.5991084691602024,0.0065326715818763,0.8088159343955265,0.9666654066515118,0.5482574473857158,0.0508800146164158,0.061346488,0.346928113,0.347368421
0.9776659102302778,0.17213310659552,0.8620732317960175,0.7127824735398273,0.8494529454289605,0.8341506536035861,0.4359615994357316,0.7659467645734239,0.7690721480596874,0.104649864,0.479419246,0.5
0.5617782086040297,0.804207156153886,0.8239678005642059,0.7760448359150482,0.7035842571786434,0.2999271707275833,0.8908100977623438,0.5723281645242619,0.3009271089431181,0.409085041,0.247521174,0.025531915
0.6954092957875058,0.8439206594184058,0.4765518273211486,0.2182081744278809,0.9207564647091084,0.8611054391799543,0.0383363258810729,0.3390684871002868,0.2455885383583322,0.270930853,0.717963464,0.2
0.4963809127929983,0.7886880042566977,0.5371548013974452,0.6793134476309776,0.1258803803407079,0.7148169711446696,0.242784688326662,0.9613253044130288,0.7385317460398517,0.228176692,0.428662776,0.171428571
0.6502546314686826,0.7621070908741389,0.0261950950589919,0.5406781695651596,0.0391086447801908,0.7623368189649391,0.520553906362105,0.9935244036416696,0.3460293363892153,0.33877677,0.595789927,0.0
0.9902654958991588,0.5411521814887544,0.4736372754365298,0.9790000505619904,0.4931579888836961,0.8325217082582399,0.9759451218931342,0.8491279293273287,0.27563671463441,0.255045152,0.522918863,0.285714286
0.0652048685193392,0.96082824527197,0.195120063569101,0.1733609784118974,0.6841463380974507,0.5651966077587539,0.4593424648560678,0.4371010891464845,0.634659413096786,0.462530339,0.263842455,0.626086957
0.9048249621411176,0.099657010262417,0.3791616337841605,0.3947246082569329,0.0383173934342506,0.7700779478685955,0.7620768465713804,0.5182827453514263,0.2170449811526168,0.118059892,0.594544751,0.550819672
0.7404828456135333,0.9262504234329806,0.3962851007170677,0.1196068682088682,0.8807545491883568,0.579701045808886,0.2280909922918342,0.0216429729891932,0.3591871498139775,0.246840856,0.606202049,0.553846154
0.4092233904160972,0.4193134014065263,0.6450402404127472,0.9623320619848544,0.7764418745558704,0.0144858529252389,0.2055826964346766,0.3202333925511472,0.4909529031252989,0.163530913,0.097176937,0.514285714
0.4177401225606444,0.4943650723506739,0.0479263802960963,0.3917772501591714,0.3519958365968614,0.3300866022977324,0.0463228756380466,0.7743379347400158,0.8810218580112017,0.168493399,0.311895243,0.0
0.7050183877740015,0.3865110511372071,0.7664436435521926,0.9571339685569056,0.9037855702563908,0.8517669598442282,0.7311411168248941,0.3321538892433646,0.2141095344758268,0.193212552,0.48658079,0.111627907
0.4165233207589726,0.1583095468377051,0.9975854831577324,0.9128338255683328,0.2804102229234371,0.4168809762901302,0.9286319406692312,0.3487868697152512,0.3038122455792008,0.142704264,0.336752744,0.313043478
0.5677624499813809,0.5011818101417941,0.6364325140895821,0.951843385011935,0.2032796876060526,0.144321221692887,0.5931670732012946,0.5113149775066138,0.4987325517045566,0.292826414,0.251709802,0.413114754
0.6638984060650565,0.8460509096607621,0.7370344808009789,0.920238897040966,0.3086604772261094,0.9068672623482116,0.6917062786197782,0.2774324045409068,0.0863909760860855,0.407671799,0.564799329,0.26440678
0.0424103069121321,0.3815745044419057,0.9275652846007372,0.2730682051889016,0.3122787419329249,0.7419796383641691,0.6312049492882771,0.6563342391332544,0.3353722171426807,0.178966192,0.312169436,0.472131148
0.5011772580020536,0.703076932619362,0.6230342519744315,0.5401220182634576,0.1080199721466589,0.1932041500548165,0.619505002145528,0.7147039944534042,0.8628160470358783,0.33016312,0.224686807,0.0
0.1561292141648464,0.5471563838564392,0.4052451644048195,0.7104251074034587,0.4531636630492449,0.0011304968949936,0.9185472009488392,0.2118244566861061,0.0619223781235778,0.206909704,0.028253084,0.663829787
0.594798489170432,0.8062241832155542,0.6497062499536947,0.1225192024822187,0.381580593251552,0.6846693747716301,0.255644853829661,0.6579194131576205,0.7779404854196914,0.29075109,0.365036107,0.141176471
0.404418450249273,0.2713524873968418,0.8900444821339109,0.9054067739396104,0.8625296258636707,0.7972210126731818,0.6916300431922028,0.2409522151017384,0.6090631460602075,0.167614482,0.417249002,0.385714286
0.0126208883996287,0.9280871631080696,0.7531497303560726,0.2837722370171338,0.4658779750268058,0.4158320946808261,0.763109026399678,0.5029001216052551,0.6445607836554247,0.545151704,0.150154154,0.2
0.4085856988556799,0.7452025888338942,0.3717892036250979,0.2568438709357893,0.8643093443954392,0.231551925723317,0.8234162207553906,0.3869541604246762,0.247193534372644,0.410167912,0.268707378,0.031578947
0.3045404200253823,0.3883655266870291,0.7275315147875011,0.2489492956803973,0.2118361773901247,0.3817768311477864,0.5261416766986518,0.4038003831177083,0.7202919697268316,0.24547387,0.316004863,0.369230769
0.7872090951356342,0.2605633681210205,0.6821302569412311,0.5924469729071807,0.2246843915587181,0.7337675916901818,0.9832113743405684,0.5829024437306014,0.4644781558075296,0.167674441,0.559513682,0.50625
0.2690796096044994,0.5725348773006556,0.0885278901882602,0.0986481998607591,0.875828063021134,0.0018287136816056,0.8363729749361285,0.9726975637498956,0.525878212704177,0.280516277,0.027911224,0.2
0.2975540603638403,0.3993306027166156,0.7653318699914183,0.2196236838180369,0.2736554133211116,0.1841984636866334,0.8782295765692972,0.030268713044989,0.5768653672799786,0.237128262,0.111429606,0.033333333
0.0622659583833958,0.8586966992652386,0.4024271739840613,0.66312598176692,0.1213896425091818,0.7841898752356282,0.9630553622193264,0.962629649156969,0.6730148826299593,0.474198898,0.313790346,0.433333333
0.3236557977421156,0.3291722279228739,0.6375853970971155,0.9678907233278532,0.835539608128468,0.6078337029231973,0.6749938097630274,0.612639532935068,0.8294838724199216,0.212141723,0.438240438,0.346153846
0.7669777588289655,0.9229475931006256,0.1648833591503364,0.0911078154673504,0.982683404371838,0.2392248520298432,0.6641101105725417,0.4505175686003398,0.7753829602463505,0.582653087,0.395199182,0.438461538
0.5188072891241844,0.8894757368507195,0.4605827592075221,0.5169295345451678,0.1665956784257195,0.6972541953841944,0.5958896394744857,0.3387825465649675,0.8832776662145236,0.66144195,0.409291297,0.0
0.6154109119467334,0.9688128890698732,0.1335182766849303,0.7758283627236102,0.4920880417793777,0.2144816685659769,0.8165083494138109,0.779555772376662,0.499993043899292,0.66901728,0.23540308,0.0
0.8908091246314064,0.1915931475661756,0.9358018643618304,0.8642058098831735,0.033909444817735,0.7060373902329798,0.187079795682786,0.1383632583619642,0.9998763156752244,0.103902016,0.414720034,0.0
0.6878729908057313,0.1085211171031557,0.4319158094783973,0.8666742651521345,0.448956514985514,0.0808025872146438,0.577703634302512,0.286629803665748,0.8063926080418512,0.137924233,0.194452111,0.423529412
0.6633738652862462,0.2933750627124073,0.3683820129267056,0.3661058619283778,0.8594397771360266,0.7057256440004143,0.6523147943808866,0.964901476108603,0.6695696418441971,0.155075857,0.452435173,0.0
0.2068575054107344,0.9776052488292036,0.2594663381460503,0.2140580999006177,0.6255874460598047,0.6936192032930701,0.2836075369219982,0.1996057464840817,0.6252264186227257,0.398184592,0.334718306,0.266666667
0.9641783475097389,0.7935874070153214,0.6493880564075108,0.119757647715311,0.3030977327146907,0.8882714851635337,0.6525648389055947,0.1934982820807245,0.7892428945449379,0.471480026,0.534656469,0.027906977
0.5003010338920215,0.6629030801707939,0.4946514312009965,0.5541180662409594,0.907449645182192,0.8129609754807664,0.5625935409629322,0.7006610502500825,0.5708508697543079,0.314100109,0.475274499,0.313636364
0.3059393816504154,0.5184180813559741,0.3501566737047026,0.8026595535796895,0.9658295353296492,0.315801410813614,0.0723562208525624,0.18628154591881,0.5601219158135436,0.180781979,0.249302066,0.0
0.4354696818669104,0.3700750435107127,0.3996328290359972,0.6893545663124954,0.6052455927960869,0.6224619296882936,0.429292318356883,0.0084342900557533,0.0383269342847377,0.085688944,0.278373291,0.15
0.8524611000893784,0.1273004697311238,0.7382372773568823,0.3797379743835817,0.7298712077011702,0.7533428591947905,0.3428521003543959,0.0543162520106258,0.8509688112609516,0.072208513,0.490430049,0.457142857
0.1127058444315348,0.9094258859879,0.6324402021303581,0.4272318364253167,0.0209647221305931,0.8753740647975758,0.3173108814444531,0.0669794072194935,0.4896509478950329,0.364815832,0.244072829,0.133333333
0.9700752269877412,0.4424135982682409,0.5296070324517874,0.3501924952409765,0.1154434653208396,0.6499752551719684,0.7165773639104269,0.15466982803336,0.5393986838155769,0.235306529,0.601622862,0.0
0.2226048306561001,0.2424953978799267,0.3778556264687889,0.1486875491122306,0.6591471192823727,0.5271737026195034,0.652033626615507,0.579017105361176,0.425251088666928,0.17610344,0.360351689,0.312
0.2114827149417224,0.7308938327893035,0.7241680438057985,0.3012590655460312,0.5717668354807591,0.5238799697552601,0.9261758142224112,0.2711543429635388,0.8473845045666127,0.447457643,0.41726347,0.4
0.5441455877307896,0.0384669717684177,0.1509049868300086,0.3596585235451702,0.1940738965006561,0.3193575344862518,0.4942214103856155,0.1082858304904754,0.5945727091809274,0.057787393,0.319830392,0.0
0.2148229734474485,0.1215365204073531,0.6486936721459787,0.0376143507672372,0.4900019874064453,0.4418348169430285,0.643607376604099,0.4642889961713948,0.459732924758941,0.133935436,0.334565903,0.557142857
0.8303393860383967,0.5381592947107707,0.3075753124099766,0.4883297439512339,0.1949197673083937,0.6342724762698079,0.0002425732810263,0.551736971917459,0.0809366745746743,0.142694994,0.468529235,0.15
0.0975086386213752,0.6228746410152587,0.49407117927358,0.8059280248372293,0.8048315382838465,0.8787804406482166,0.4564680017803776,0.5463621600384423,0.5752874088440725,0.156836425,0.375799911,0.24
0.9217152546931324,0.6939506697544177,0.833008699904551,0.5704229082724931,0.3711213366525898,0.0801131254796603,0.1207400263588633,0.127715766779383,0.2834003014936651,0.234611812,0.259303999,0.7125
0.7214377377212781,0.5255192614105576,0.0515988893830241,0.628461253592185,0.5276772744618846,0.757415749561302,0.4105009524641851,0.4951806711465804,0.7009070315238684,0.103409059,0.631972953,0.2
0.3320376899472431,0.8123659040099965,0.1285417224523792,0.3191599928983971,0.3710300178832995,0.3436896960424698,0.0847906924866349,0.052765933799792,0.3231652781476822,0.137154423,0.274127312,0.218181818
0.743465228400502,0.1073502502686164,0.829794795469401,0.2567007966079034,0.4545518961388061,0.305445655635827,0.8730942145461452,0.3359852622367295,0.9747716372468777,0.133368714,0.419504659,0.615652174
0.3079546984911052,0.3250073397867732,0.5395468489271965,0.703394526642933,0.9759303805403872,0.4424429251274455,0.803244646536485,0.4065967811009784,0.7785931617199419,0.166346166,0.305552888,0.08372093
0.2659140353868316,0.6686181552138998,0.2539647897730722,0.9768697915593244,0.2267649517258811,0.8402212214772591,0.1569434447205365,0.5657602845829746,0.4250188759573786,0.207071455,0.394369966,0.171428571
0.9441624749281236,0.8229640907978124,0.4158674984273802,0.4903951733375379,0.7855685020194209,0.6627067044992984,0.9384991754410572,0.2525876411211483,0.4608221598989516,0.490899486,0.637316654,0.0
0.799642884930782,0.6029768265767748,0.7502742830342615,0.8146964637076991,0.1602575878185158,0.7264327326518942,0.5755753716957244,0.3624613669837803,0.8147734603564551,0.367089277,0.432680431,0.244444444
0.624886900086549,0.2523929112742978,0.5550914635668696,0.7492942047962946,0.6448761167894129,0.3543153717736909,0.4094960121988408,0.0014162196930757,0.733068384512489,0.1064011,0.037037767,0.0
0.6915191883958295,0.3350543504071062,0.4515019923796413,0.7911638925195982,0.9485590857794682,0.0363319122634094,0.2696890755574612,0.4971604429624222,0.7880958678803051,0.108923547,0.079752662,0.141176471
0.625779473328717,0.672424599952849,0.1088723207790376,0.1932549970030629,0.730223669777884,0.139255943046167,0.943133590708084,0.7539396056993666,0.4633348447385433,0.330477131,0.309547096,0.563265306
0.2575885563003796,0.9457099030680308,0.3087740043729119,0.4676733324535292,0.5254561325673524,0.3036412171391317,0.5651750368216468,0.915603310323838,0.5651399663153431,0.469554973,0.253813774,0.075
0.9243671002937516,0.9612843344941544,0.5228367839770806,0.1930143957413184,0.3752452175700291,0.6176554328788862,0.1603203127097198,0.6307726088204672,0.135528394319309,0.434096674,0.423151297,0.757894737
0.2155797572468314,0.546102073193626,0.6911470911248128,0.7376193694639513,0.3464191245084528,0.3263415746972551,0.7683596473346185,0.4423247809046016,0.2782047896104356,0.216985057,0.333243532,0.531428571
0.6924548226407201,0.6833376132907408,0.340504383626027,0.1553689768526371,0.3717141605888665,0.732771295623143,0.4174795414905657,0.0953053961930421,0.5493668526642189,0.188889007,0.579264657,0.184615385
0.7290473409487848,0.6379838759322426,0.0744273009466559,0.582565552255164,0.2391567068622868,0.8413291799369206,0.5972298170032776,0.723159734440551,0.5990092201465215,0.25486068,0.550361809,0.234146341
0.8819424883650976,0.8074201403924468,0.6152518537890606,0.532928257701107,0.2826051287472234,0.3439124627649575,0.5026315729108077,0.5145757777730403,0.3471660883397327,0.453248864,0.3313621,0.044444444
0.5284599024717925,0.7040929661094267,0.7481608095456517,0.629359096955665,0.412333425184659,0.9240544696884616,0.830981018072859,0.297588718774719,0.4243554471250464,0.400295159,0.470839828,0.428571429
0.6992771210663432,0.3155031338854832,0.9740847719125292,0.820429114077992,0.6728254944555029,0.8995662893526025,0.2230662996850205,0.1199030172857467,0.3526611730176545,0.092985974,0.468415945,0.0
0.8698355513322846,0.982484968909811,0.433000404771693,0.4148989226415355,0.8097777260885703,0.1653312365554973,0.049452123798106,0.491614298616509,0.739325541749213,0.495480875,0.39248167,0.64
0.968515232008472,0.2469430705640736,0.4607381305063719,0.0748001482308128,0.0849098504852924,0.8572065376347503,0.3997633145275111,0.4958211141097628,0.0106076161126223,0.08427671,0.179015664,0.0
0.1896813964109286,0.6561684747836535,0.2937473705045634,0.3802413978419565,0.1820309505835597,0.1817433315611367,0.3533857069786483,0.177041748519349,0.7870430132497312,0.179541385,0.101799227,0.109090909
0.8652099161094242,0.3218493516771769,0.0968591044647445,0.1213859532221851,0.1928031924526849,0.9855479465296484,0.5529324114953609,0.5281136635782498,0.7232805734227216,0.197862479,0.577056859,0.662686567
0.608498806013285,0.1617116932614972,0.0481213454687041,0.938812373986116,0.3841136769521499,0.9548000480638482,0.243780932508461,0.7141211963377204,0.307004932725302,0.083684289,0.69440734,0.0
0.0918160859318589,0.0842169684707714,0.6928684370000088,0.1471339425675053,0.859743853781698,0.0746557559369219,0.7938314156654742,0.6342901627941515,0.9494269675970596,0.1350285,0.095282784,0.637974684
0.0318421775388815,0.8871211724391642,0.7039966498575546,0.3523888848612493,0.5143842063011678,0.2695943946955168,0.4539302636236786,0.4091449670171418,0.838664136934972,0.330879675,0.20584892,0.564705882
0.7721854558180294,0.377863068784652,0.2767647357181169,0.1097791655380362,0.6738418616350017,0.7534017203283928,0.3273323708235816,0.823939486706518,0.6497707128670854,0.050578267,0.63417785,0.675
0.7834180422075445,0.6481732875703393,0.5153437536070086,0.6332627839915076,0.4902576735648188,0.5815891867039232,0.772318579669647,0.3236335497078163,0.9134253255537784,0.466196407,0.451979813,0.747826087
0.5762408828723528,0.7360896704066084,0.4026638643705146,0.3503570767439972,0.6778998020866206,0.1116770901388527,0.2282005912696786,0.6418020672081183,0.400374055433049,0.198512254,0.204215504,0.24
0.5816386699689998,0.8410029466217694,0.2902453845794146,0.6077484905680505,0.8177573243928363,0.3216689451677553,0.5037768659907402,0.9196946175831748,0.729297555664667,0.473772183,0.356902124,0.15
0.7322441379495123,0.4113573308870136,0.2740264844450136,0.9419529613921508,0.8371793587483879,0.5292724929848444,0.3071660119963239,0.9107893434403084,0.1949759874772347,0.114127026,0.501472666,0.342857143
0.5258411775481036,0.0055392514173806,0.3461126607707762,0.5907506993918664,0.7898148120749401,0.9449013600132196,0.6910799629963826,0.4268784832930156,0.7764142853323633,0.11007883,0.473733346,0.063157895
0.6369281131054406,0.0705353012391323,0.2354141361925814,0.9815426912128716,0.9996230155651894,0.5111399771533338,0.3980012913598549,0.8618033409110964,0.0399636736040687,0.009073035,0.0,0.0
0.2280590933909533,0.812340624522893,0.7324923143910085,0.504612944128888,0.1274064835225238,0.3116230354999713,0.3410804193580824,0.1871455410312043,0.6567485046158966,0.318704228,0.241380669,0.6
0.1618284231024767,0.7974963021349402,0.6436898905765719,0.6726483996815336,0.1766989800521489,0.5670771902641474,0.3926084539728176,0.9390251029122548,0.9295016513105644,0.224630427,0.394827922,0.266666667
0.3900735725675475,0.3428063271280736,0.8829048482467293,0.580405521646298,0.7640452029825642,0.088494391082981,0.1227396872564491,0.9815133822926896,0.0526310144510128,0.105266637,0.053771536,0.0
0.1776905193473019,0.363425810501962,0.9003250755362918,0.4100771082315235,0.441512933256444,0.8920702037504246,0.6819892571303304,0.9841083490599644,0.2203190168648164,0.163763528,0.437716735,0.211764706
0.858181613287522,0.8544566436920672,0.8197445852477947,0.4939294522603393,0.6642187152509017,0.9164978478280168,0.9777560550520304,0.0805281990385421,0.0180012241841815,0.465978565,0.552717633,0.214285714
0.937441269951512,0.6330908933782811,0.3824075044042427,0.4107420059258529,0.1430469391499319,0.708810445282518,0.5928448824627977,0.8374729777659582,0.5820313331156928,0.286318619,0.571351484,0.15
0.082533753408555,0.3009863874870903,0.1500226302052679,0.8363956647095933,0.1730278882855176,0.0298930943389814,0.9643796981253594,0.1005988418142418,0.697375525594798,0.183762884,0.045347611,0.349090909
0.5221494662708818,0.7199256318807375,0.2215512297740209,0.027245044623632,0.3938411527968694,0.9219204419142124,0.1645122109544464,0.4678657137533234,0.7002015336676627,0.312993921,0.514530469,0.36
0.6501156016385771,0.0265081820459842,0.0221563470706037,0.6298718531833637,0.0493667393819056,0.5847318121566615,0.7325902389709803,0.7593678735953266,0.7479730419815153,0.127159592,0.494754143,0.342857143
0.8264721966304739,0.770758530941664,0.9888642289448348,0.7603151969145252,0.3478806542864626,0.3003373900087704,0.6842546736219246,0.0050509511874448,0.0869105954253136,0.415278582,0.317370689,0.190909091
0.7681155978603921,0.5941769642502004,0.4334516077137259,0.1337608037686136,0.5101927443149551,0.6563681707108363,0.8978795654190852,0.3396729638423206,0.6081802654030308,0.318561869,0.457112141,0.756756757
0.6710517870420785,0.8971060171104065,0.0105518891600354,0.8023664474433915,0.5062242144261324,0.0059762193352912,0.0546168942573673,0.8871662209792555,0.6219319882383099,0.367178892,0.042546674,0.0
0.9533514385039336,0.8577610404574467,0.6129807456588328,0.5226616768245964,0.1899313471802894,0.8597208743217923,0.0103300828883314,0.8237968555507579,0.2222991730157516,0.313212334,0.386105502,0.45
0.0055316803977176,0.633678240005635,0.1648343034809045,0.9241031137562016,0.5156305469264033,0.1698616074897588,0.5055679929659541,0.7201948159268735,0.5146391072071332,0.315850005,0.090571623,0.504347826
0.9823037076979774,0.2741284200637701,0.3666065336161926,0.9735133063592196,0.2672279185124253,0.874094860355909,0.9093495865119398,0.7949895792541332,0.0609040863862725,0.12262862,0.400903444,0.0
0.9907008520132272,0.9948809481018668,0.2127864984232298,0.4254730552067108,0.5252107049506057,0.6416427692142256,0.556301683070685,0.0390022503460129,0.704288950933757,0.592418503,0.617143771,0.09
0.0868245850268791,0.5229838995397822,0.169254280216803,0.2800930280539218,0.5152913383561559,0.4682876344396127,0.4942787905769676,0.7929364987702568,0.6061571042281343,0.110260255,0.141898532,0.48
0.0573645271406856,0.5029518540130655,0.9383443326184684,0.3474897727349481,0.5573912527419768,0.7444996863740794,0.5896605588909666,0.2905879440123519,0.1989947140222723,0.285244458,0.259689892,0.279069767
0.3100495947521172,0.9803007927177616,0.4144008517550361,0.1698171043509482,0.4164975880866921,0.7986778094295395,0.1795772807571367,0.1530428428417649,0.1043265704963994,0.395531617,0.456582336,0.228571429
0.0176538024027355,0.7275261533373757,0.9338953012385908,0.4327358625127901,0.5286279285388481,0.4352836667430819,0.0673538824570875,0.452396551023812,0.1914180680899283,0.29816591,0.164037548,0.342857143
0.558971095072854,0.6755006009918635,0.2732452826800609,0.4364807219138271,0.3719431606499122,0.1873403066582137,0.2968068554144795,0.7391915433462826,0.6511605852141588,0.195211923,0.282534455,0.072727273
0.3292414877930272,0.8439557566620218,0.8491774212832279,0.0363916311119095,0.021867299468737,0.3695156766607601,0.1472417883068725,0.8612670953730925,0.2099786090698461,0.220481998,0.421247021,0.388235294
0.0033465294795181,0.4623365447654697,0.88476407307016,0.7830358756108353,0.3755508605644868,0.8763453400790798,0.7770606289400206,0.4682634270362258,0.5877059061517814,0.199290031,0.211636123,0.0
0.1009789644995693,0.2719617589466246,0.1333498926997174,0.7506040058361504,0.0872363991242652,0.3753866546056765,0.6876252738900457,0.3305069769984845,0.7939698527636856,0.138674046,0.16474279,0.0
0.3170125362492207,0.3573893964026664,0.115084747819232,0.5834729739128113,0.5934517017111189,0.7199558297468299,0.8174353246026729,0.5871710915354474,0.9362835858422176,0.21451198,0.44934987,0.408510638
0.640977695010885,0.7196304845843944,0.0612430458189776,0.2976721142966986,0.2822656701389545,0.4965120882719096,0.6859846541450144,0.3570902690455613,0.2752412823636553,0.408389392,0.56042465,0.752542373
0.7865239011033515,0.2315759209775222,0.3646156031140704,0.3657646733035257,0.9097575902172664,0.1084809392930886,0.847485197896731,0.953846187771834,0.6803444511933606,0.160334756,0.284882684,0.650847458
0.4169153107227764,0.5320198706687544,0.0591341825044963,0.2005286990080558,0.5295410490742996,0.2269092062543999,0.1009246990177443,0.4799474611011193,0.9084226432841428,0.122919238,0.271800757,0.0
0.4554671639451977,0.4038566709602241,0.997448469214955,0.7067188114082089,0.0070451858737433,0.1264511399593468,0.1117376106393452,0.5315789022132164,0.1635731279831062,0.118961316,0.181653038,0.48
0.3362401142871166,0.7957470926270156,0.8443831113623163,0.2039758724103563,0.8633894794392399,0.4242895333818971,0.977097169377922,0.3241017495312632,0.3583474517485306,0.445654967,0.298222597,0.633333333
0.2619464939802295,0.2974545440032062,0.6032611780248701,0.583529912442765,0.2728066109354565,0.0458852825628873,0.3341638533024121,0.3023886644749934,0.5081493545057941,0.152351961,0.067104405,0.327272727
0.0835040396010007,0.9200419814025016,0.6434473183173416,0.6466631180351456,0.6511397437257798,0.1984927805700601,0.674882942740809,0.6338959742048993,0.7005042374425942,0.678471404,0.042721661,0.04137931
0.7654711864883197,0.8293411138020674,0.7779559937307023,0.7621595865929691,0.167231677973743,0.3772531083404006,0.2938149315823958,0.7468222761862111,0.9235157150139724,0.282372112,0.393236266,0.5
0.9454851561786548,0.9450053295107916,0.2147747226583032,0.7294202092261918,0.3551315671322019,0.9229556541009928,0.5924687665896884,0.9143560177537532,0.0124384660711448,0.549675607,0.650774701,0.363636364
0.6439339620784981,0.6793930461466373,0.1676154135533271,0.9017910599674358,0.9407307447960652,0.9407390508327262,0.6121070753622544,0.6599462857068144,0.7650744230553765,0.291192827,0.4606595,0.0
0.2568959201549734,0.684596435691582,0.7880009040455007,0.9006127735706958,0.0424908663168355,0.0848371712639757,0.3589873199464427,0.4541317385638602,0.8011995024676494,0.249445374,0.093547898,0.64
0.8929480780851126,0.6945518952198253,0.1717759736154177,0.3378203004322114,0.6508199283540176,0.745135285474305,0.175039327282234,0.0781845014451524,0.7765517864729296,0.233238163,0.515072732,0.327272727
0.1559188297561823,0.1628707402557864,0.3924780905051824,0.7986317794568498,0.2280891490492019,0.6307230220094164,0.7393765117660867,0.5254785536478913,0.1198427526323306,0.113174969,0.358975444,0.489473684
0.6536234217518804,0.2880842979310888,0.7535429545605494,0.211339697877287,0.8821365950962919,0.0422744086914358,0.448734731912754,0.4895251985272683,0.1819568344917368,0.043595578,0.200888211,0.3
0.5433501244448242,0.0170231481252216,0.3703053671271367,0.23961807118061,0.3470150583115517,0.7153924454182309,0.5267043552722289,0.1420813867672861,0.5887025313933816,0.106510125,0.534467633,0.333333333
0.3398364032032801,0.5662562804270541,0.6604732491853292,0.7057247390839224,0.9409170014053302,0.891307883751708,0.7707267367983051,0.3264500623403819,0.1889526958373333,0.369118683,0.479332734,0.085714286
0.3801903643785898,0.2450878191826624,0.2088099783662208,0.5247334467062245,0.8180602109219812,0.0299283582986311,0.575110972223933,0.2304048195185649,0.8184070724224728,0.139802654,0.101141033,0.692307692
0.1318912763117526,0.5122157083426147,0.3026774825329303,0.4880853109259658,0.772992065851842,0.4535054594343574,0.6219617329166734,0.3452293440655722,0.9621076291711856,0.271318818,0.269673096,0.491566265
0.7089410853457853,0.4631169197133851,0.9547557753104016,0.8125894471647427,0.8065067761671773,0.6731718738250729,0.8100601273174893,0.4352882322953543,0.1442699949028932,0.250045503,0.542497672,0.036363636
0.3195535714615373,0.6963563349728469,0.5793304381715123,0.2851249921758017,0.6557977432230565,0.0051263016850627,0.1872577864756078,0.748080376572546,0.8118025005566892,0.329025377,0.014560186,0.0
0.3382478668263303,0.3319753084021313,0.3101325314729788,0.9948274433390552,0.9634155821294144,0.4119535943671378,0.072529884152994,0.5156957343695975,0.2028697257969071,0.080708149,0.25167791,0.5
0.0119800930742721,0.6660809360094119,0.0430746811852823,0.8179799314228754,0.8383369075671024,0.9850209039064552,0.5604527356222788,0.7527759520252735,0.0409798855049943,0.284261275,0.254090311,0.308571429
0.9405335087100838,0.8078163963735545,0.488781941367239,0.8169607546903545,0.652710494325691,0.7818279200803916,0.0946812333420651,0.5391178980230298,0.5569455024946458,0.138344029,0.500763421,0.15
0.0571311463250394,0.3259968557706373,0.91527936777783,0.2303727956456359,0.2319301223018659,0.2453177820600075,0.8419415001046359,0.4966568389611765,0.4859882333815966,0.257579452,0.127566851,0.64
0.299123209813965,0.883529418799873,0.725155009142868,0.4464801176223321,0.8362774232936638,0.1880756283167904,0.3695741763240479,0.8741161168573869,0.1275368001493088,0.392056145,0.026590333,0.553846154
0.032477620645088,0.6348575963266301,0.694354921002313,0.7573200108083407,0.2529234396202817,0.0348852057289478,0.2277294185810305,0.2326288382268317,0.4530547821990858,0.210035833,0.012661435,0.0
0.1812280298504067,0.6481979623219826,0.4052042552228038,0.8282412502161889,0.7889974202950166,0.1617101745351405,0.5729843677210666,0.0557660779505234,0.1039453566868384,0.248509929,0.196577947,0.541176471
0.2702801263774979,0.6010998437600757,0.2193111863485446,0.4380355938649808,0.2645634428980562,0.0907280176363822,0.5076772047183841,0.5172803115657458,0.5885517234115455,0.293364878,0.097193902,0.292682927
0.0477384018501699,0.3078176120849611,0.7581995677954456,0.1313422113944038,0.24623448185311,0.2153261465513528,0.0715831359578759,0.0021423771682502,0.1896565508545555,0.094696094,0.126011842,0.075
0.7535399338754752,0.0809294130094229,0.8045656399504633,0.3379669578215531,0.0815962560337012,0.971711423072797,0.824260927617681,0.2842082282005488,0.1614015461049952,0.108183158,0.646592016,0.06
0.0268439815060475,0.7657557161907914,0.2726455862327916,0.991052626183176,0.3224789685213658,0.970292898512473,0.080841974908788,0.7732132888394775,0.3151735207141538,0.194610789,0.247415497,0.432
0.8239193385718188,0.1815296373998551,0.0405456081877243,0.1064191292759094,0.6795695872591662,0.9291783851491908,0.6371648954045687,0.6360166169924335,0.9736217610630225,0.131423761,0.700022605,0.459574468
0.6327981273602828,0.0519311352600562,0.6591735801013128,0.1642293856976504,0.5674669680678233,0.0225169310201772,0.2115222930218622,0.594546114927997,0.3728439670366759,0.075395844,0.122205592,0.206896552
0.9765336781862414,0.5769073362050109,0.0133076644532571,0.2904561101156612,0.0974008617888733,0.5259482985310668,0.6243877522479989,0.9479703045443836,0.175751736106039,0.246523483,0.536877746,0.452459016
0.5186682227587113,0.8472927953351762,0.5164368117789324,0.8781514425503413,0.593915854665126,0.9104624421539108,0.3051621348181751,0.5876455122215675,0.8018654458772578,0.370948359,0.480786452,0.580645161
0.8086208464383685,0.6695031022086452,0.1959108792078507,0.3167615334015725,0.2050472811918451,0.4056330166844525,0.0430933191602999,0.1981368850031912,0.1162565893967489,0.188814248,0.537811866,0.443478261
0.900770945871906,0.0997921441906226,0.5976846437415643,0.8708480731470806,0.8396490071972735,0.082431187423962,0.984985577004422,0.8162874691984232,0.0326624966953752,0.163139457,0.084737338,0.057142857
0.3448527066823299,0.3884051558561828,0.2200075114721903,0.9519461221861898,0.5548371754205532,0.5467168274229232,0.6219331387972208,0.0823559260660299,0.2680357257854741,0.18962132,0.413279605,0.321428571
0.2677158863521501,0.7196529156959175,0.7790871317042202,0.2847688362808611,0.3321454482236354,0.92268794238692,0.5263720903866977,0.5536552734125181,0.8001182484210391,0.377343288,0.474571518,0.194594595
0.1594459673679013,0.6750381091236313,0.5177576298405736,0.3965819073885941,0.6411295734925935,0.3990936858934416,0.4225063201768867,0.8200157343438981,0.3744462287142843,0.235205317,0.277353516,0.6
0.3258319570059289,0.6998070193306071,0.6006810103371982,0.3982680400286884,0.5875620071092404,0.5694614877849,0.0681714517076614,0.6978254872382754,0.629137340816998,0.186365042,0.476546537,0.666666667
0.6234665729788421,0.8360612988203273,0.174151157352609,0.930843411592661,0.4210267106238545,0.79332904952051,0.4827690341090932,0.0246376557987656,0.8683544210252255,0.345314343,0.606738019,0.266666667
0.1105394248846705,0.187174660133083,0.8302861425045751,0.3583588487524892,0.3175078942711079,0.8834395624322285,0.3700390259318223,0.5461737540386554,0.845749934388683,0.097887963,0.323365786,0.12
0.615198774342081,0.7229572063289609,0.0923295347409286,0.5879184683610745,0.8590784397945889,0.4515910320007065,0.0042007120512204,0.2642222435505359,0.6339497007289459,0.206216119,0.367146342,0.352941176
0.8013944282877741,0.1495579792369058,0.281361934372376,0.0718982775860329,0.2092807953054808,0.157130643293171,0.3376708589896712,0.3174678775228547,0.8198930396183037,0.072674613,0.286617694,0.7875
0.1829667885610013,0.4622159819204567,0.0217209769222667,0.4811057208123342,0.4965278422382626,0.3488773420352185,0.7761952538527759,0.7929322257030903,0.4257679591915383,0.173793637,0.317155801,0.474418605
0.2128587949402945,0.5696769147792747,0.3355921373306745,0.4037495642439025,0.1858814079153006,0.3809708872418719,0.7832436679379134,0.8502116247529423,0.6752083241810787,0.353072604,0.328452429,0.648648649
0.1412937521725068,0.3064601559493084,0.1220995010233791,0.6129877037586723,0.155962457933248,0.3918692322731864,0.924135973147429,0.6445800785410074,0.7350965042502051,0.202951025,0.315486042,0.417391304
0.2894089174863206,0.7697871654056289,0.9277370510000889,0.9248062057907748,0.6970496648802673,0.7605022497252086,0.7034321129721153,0.291954555550541,0.7319973374100874,0.442928062,0.432735182,0.385714286
0.3138457619726298,0.1870972732911164,0.3438352795065358,0.7833660306503399,0.5545929501978188,0.0983393192005001,0.3888632729199363,0.9205534268898165,0.7609738750954832,0.089645185,0.217156008,0.422222222
0.4777392581940254,0.2692004675171203,0.4990047422801822,0.0986166294570609,0.5087741502061773,0.635211329114855,0.758462304208734,0.5519652992350581,0.4994370802477009,0.155376036,0.557202,0.632432432
0.8162364414552353,0.5200396880749723,0.3590258145547812,0.118475942596339,0.5147047719909572,0.7460822193492851,0.0577223248328085,0.411071382327097,0.3779252838883993,0.156052473,0.436852317,0.282352941
0.422121295867091,0.9632836880440884,0.2106156258351257,0.7014412256962032,0.7448374140877628,0.976606566347638,0.0165780111132756,0.3996627446532054,0.7531159704802587,0.286388949,0.435227083,0.0
0.4115822510854428,0.9766814697836114,0.119952645880794,0.7512481322491408,0.7278107756399071,0.9455882771429864,0.9535351615528408,0.9220397992581224,0.4833152699630408,0.823392409,0.477581264,0.282352941
0.4832219259942754,0.7387205394067256,0.7455508726565625,0.0620564140328869,0.1851173394083337,0.1637358137684135,0.3513462919746295,0.9216799512839456,0.6831821056245647,0.273462059,0.246110209,0.0
0.366279129853967,0.383517996734566,0.0565357552011139,0.5953467545440271,0.1198986695382192,0.9256306897505002,0.9005727904473081,0.3657244365878049,0.1567509425166264,0.147842617,0.539567615,0.133333333
0.5132373044285916,0.286125328188656,0.0233266119694258,0.8985563374943947,0.7482038614680854,0.1890501751055173,0.281073595150172,0.4172731224164969,0.2950611899919598,0.076294443,0.256857555,0.763636364
0.9811617616961502,0.2960600324773903,0.7617055108355231,0.0359832843979788,0.9151746679934836,0.5403034418280747,0.5835689315019947,0.2480650600136986,0.6019254834856993,0.186977544,0.43876215,0.0
0.4146116897465826,0.0418926456730212,0.6912047392930369,0.8861538248787696,0.8592668875371751,0.1375929065765013,0.7641067123904052,0.9939633618651518,0.5101160540938166,0.085283406,0.310227985,0.444444444
0.3734338399305361,0.4444850674261841,0.1783051624379772,0.4572440662623055,0.0403534928704251,0.3013245004268601,0.2698398633088287,0.5986619939051948,0.2205504826314068,0.133366407,0.111671917,0.0
0.0182856033810188,0.5075396685716114,0.7656227488681052,0.1050932190369209,0.4006490358310083,0.5183624431029034,0.1468503685511863,0.7419678351133765,0.0254652116562134,0.156428567,0.147468918,0.545454545
0.6684919021844499,0.3924100030363372,0.4693267510394566,0.0120604396939791,0.4925535891305416,0.4948471814067371,0.7929939591001818,0.271218005166425,0.1546823925230421,0.204493968,0.382212697,0.264
0.5224317560505408,0.0963110253446943,0.9117121453140272,0.7561269940538843,0.7310186845322146,0.7317489129113142,0.9750861311278748,0.1509755638753763,0.7649152381607093,0.120852575,0.4623503,0.092307692
0.36172313469646,0.0726230455870647,0.6987620344961283,0.1743628498975442,0.9696805732305084,0.6972817850320561,0.4149279239302338,0.8436455184246372,0.4616378140739939,0.092706218,0.580583217,0.436363636
0.4311741970207744,0.454529829995871,0.8214132885258176,0.4547057573949788,0.933098234309528,0.122236645441204,0.8302570478906016,0.7836954737687309,0.308271743853126,0.215752908,0.129500533,0.156521739
0.8633378237032063,0.7468078179743987,0.264887912146557,0.3543269534623655,0.1341204114244957,0.9016527289828388,0.5608045981941109,0.6514817579734967,0.37246786110437,0.483140319,0.53138549,0.0
0.4924743862315878,0.756724794899817,0.4310135701003903,0.6626501983825851,0.1064731606759057,0.1980662803029829,0.7907754921196171,0.926929980036688,0.4582460293636338,0.375369935,0.369168929,0.495412844
0.9282846623050884,0.3177401427281827,0.2882987035702677,0.9622460253691322,0.3038794593859956,0.5142894127104178,0.5195512542180796,0.9184650331105202,0.4142596065868321,0.153913616,0.477180182,0.146341463
0.0624526964616625,0.4732072888129797,0.2501782061411509,0.7845433418970956,0.8361557436135671,0.0368749853923517,0.4412023670960816,0.8190819482848424,0.4613546560025586,0.175226951,0.068740889,0.757894737
0.6068886835578118,0.193155866907793,0.3848882079921656,0.7563056526084295,0.4579230016622168,0.8510146816645442,0.8556284318231168,0.8540878902444895,0.2062020997279043,0.121694677,0.544705382,0.0
0.4325535145469024,0.7135321144630709,0.0758566910212372,0.861297765025832,0.6082907247219487,0.4379129608886277,0.3167625636742224,0.4316335962456503,0.2513685560370864,0.210907206,0.331319421,0.063157895
0.1419091488077297,0.0292537060254737,0.9750170359976116,0.5643782364586605,0.7809085963642984,0.0530289690637444,0.4498861064634233,0.5972866921912361,0.9947455685597726,0.045909966,0.043906984,0.545454545
0.2460348905681572,0.0583198836689533,0.7838820622204092,0.1856557312522236,0.3627591874865131,0.6973831660049254,0.524992049365623,0.5134118574243396,0.0133848142205403,0.1306201,0.307709613,0.3
0.9179437550846584,0.2451074732541078,0.3533869204579307,0.3678434841534864,0.5986360539588982,0.2864961130784876,0.32763659667604,0.7944114445987377,0.029968466284785,0.08578107,0.384797422,0.64
0.0946891537132305,0.92112105597781,0.6812323372549779,0.0868017384851084,0.4307446012802993,0.8726978763160427,0.9223201992169804,0.9318523451875904,0.4270807800046794,0.490211292,0.391305418,0.255319149
0.8447913813817323,0.9715564427082372,0.0997154192819531,0.383199846722832,0.0319011975018032,0.7838780410842177,0.854275717394241,0.4030119592574072,0.0343841649809582,0.57220516,0.356080044,0.375
0.3650970170995415,0.346390514596565,0.9661275285318278,0.6585575281583874,0.6812235964711416,0.9202527030789152,0.5653090623488124,0.0740955928277146,0.727227649700272,0.177835643,0.488746908,0.082758621
0.1101048606662267,0.7554266730506122,0.5838433711077786,0.940062891070071,0.5290653873284075,0.7248559387211443,0.262012451648586,0.657174088030452,0.9137614246185228,0.339851347,0.387823923,0.564705882
0.5492626752997875,0.8572148897629835,0.0809022701675469,0.0580195380487319,0.5495170196368014,0.7667449647149108,0.2537961805233497,0.1654086029643897,0.4907918431246404,0.263694599,0.447270958,0.171428571
0.4655208815854038,0.2681002002637184,0.1543827011670389,0.9244072848916964,0.3164152678187927,0.3776640364675757,0.8416938797731379,0.2738140622026529,0.3257822044803525,0.118270923,0.394584703,0.495238095
0.3698102890933199,0.6267870841547288,0.0404232219966523,0.8855266375352122,0.6801974529648457,0.2463231371856544,0.4180221491755983,0.5189203451086817,0.200997044099063,0.127034392,0.254509817,0.0
0.6123168825431624,0.5367650373023908,0.9136619890637984,0.9693917080712866,0.8940937723610161,0.2140218987857735,0.9853402581553856,0.4127808498407407,0.0560501387457484,0.237071155,0.234591498,0.327272727
0.7372156882706626,0.7193963937648631,0.250102531663426,0.9801843836459948,0.4052669625068053,0.489432650314728,0.9034703416822832,0.0546719512438008,0.7562425247464326,0.304098006,0.495240544,0.0
0.0865762811418079,0.4976709487767992,0.4613240379078582,0.5589088131194438,0.8275834527254404,0.0083768491652737,0.921306901941558,0.9823772371706162,0.2970897486608312,0.251375492,0.032207119,0.65060241
0.6768866689028844,0.579008898903493,0.4375635629515197,0.968349363101406,0.7958297022243581,0.1381627799138877,0.8589790166100064,0.7245332370066001,0.251714863011633,0.231108622,0.347156006,0.305084746
0.4704220721330571,0.1448955553456185,0.7936360481865231,0.8342828464339945,0.3965391169430626,0.6381823034094649,0.7015845846318003,0.372768700523047,0.5218782212883346,0.133929958,0.440401377,0.6
0.7568081025949998,0.0093345445487615,0.9199134740004268,0.242326074999476,0.3012745769244663,0.3679236302820231,0.1209335788127183,0.4538146997300984,0.8894252513720953,0.054211065,0.444378546,0.576
0.6198901122221747,0.3488797336286733,0.8151406946626006,0.4585494926439454,0.1435950133129991,0.552974290192136,0.48359131583281,0.2364142259090645,0.7205644712885757,0.073820297,0.474013509,0.6
0.6022516033750324,0.7341806699754689,0.2499142641998549,0.3249238800403593,0.0964372026205884,0.4505531746824393,0.9607945927296972,0.6223636877208115,0.7345356133173915,0.349462653,0.421720835,0.362264151
0.4585959219031609,0.0020589941935483,0.451955956523394,0.743792629801982,0.2563849743707974,0.9544391999112876,0.4427525036838227,0.8956585948789353,0.3427785985747047,0.061214153,0.358448998,0.436363636
0.479240890288678,0.2622480017649281,0.6242630662843854,0.1707176012531219,0.9266762033605548,0.8749703157002651,0.6584065630164165,0.9276532878738653,0.6548966641329717,0.199524984,0.519853375,0.314285714
0.2195478905905751,0.0561128708052549,0.5751620392149377,0.2020205415059918,0.807753716494356,0.9103999391200256,0.9994152705860226,0.551470719203204,0.4640267250647001,0.099809904,0.427576498,0.3
0.2218901844372852,0.2525086107638474,0.2481297476823903,0.5852119478488587,0.7696976426247062,0.498044489854513,0.7021839221015543,0.3988155704869303,0.905377110375238,0.151946952,0.349049971,0.26
0.7159901625425348,0.6318880013719915,0.701694722007893,0.3690859951113204,0.1646436260307677,0.9327463123898994,0.6703760439004047,0.7707769885506538,0.915715575037618,0.345514183,0.477308357,0.0
0.0579755683069659,0.4179498331330251,0.5934758655360243,0.296728652956114,0.4460993262415672,0.5815358029592573,0.0911526849577739,0.5555381947162553,0.8267209838327614,0.106411851,0.343386531,0.4
0.3461627352424824,0.1095915352602501,0.1506987013039289,0.7542695827463008,0.5663892833038583,0.7982210879785606,0.3669656946572353,0.5584770371565025,0.1085062429644158,0.050904258,0.220725447,0.4
0.0456836299827808,0.1246854727954388,0.5095650836076464,0.0834473315315499,0.7020964376945755,0.7908604218848484,0.5349916579715456,0.7479456252087409,0.924790871576884,0.104660735,0.265945791,0.024489796
0.5301744207830142,0.8614272332712405,0.6849249432130485,0.9140843376416222,0.1665055936881424,0.2839896365800631,0.9819515519507817,0.2578075981107508,0.0298428142789243,0.530985257,0.312421312,0.743478261
0.2736362741163642,0.3240727631983663,0.0766727585537495,0.1624629032862276,0.8547744566179704,0.6672253597211,0.289170380137724,0.5692428855525536,0.3501906366556573,0.082202671,0.257724856,0.0
0.7420154849221458,0.4967594253968393,0.671195438790815,0.0400623992576272,0.8320071843886531,0.6393456423569647,0.8896425764721697,0.9330698772451244,0.8686023243904306,0.310152456,0.467026407,0.494117647
0.2108274112812078,0.6634418254182588,0.9181580612336008,0.5707563048616537,0.6085056830294063,0.3871261167876876,0.2923308125841104,0.9526753409426432,0.5337715694865975,0.216820797,0.156663325,0.0
0.5891998050602203,0.975950192582029,0.4918315007281676,0.6439353955865936,0.7357761641828703,0.7241717924088965,0.0465150461166303,0.4058034465590645,0.4600476087173089,0.370047427,0.483383556,0.5
0.8967874774182076,0.0740636766863749,0.8620827995458231,0.9076078515224024,0.8403177202270836,0.7003727703006767,0.2857885057634952,0.3981274419887628,0.0489512021958653,0.044457956,0.386909841,0.0
0.1452781289840928,0.6184971034042684,0.0472729273049352,0.9353319272855702,0.2448324610646201,0.1027593379360528,0.9682444702336274,0.9682072094939034,0.7398480069138789,0.392222889,0.105792222,0.315789474
0.8398725287207842,0.9209728728861052,0.3964921403569302,0.2512752648608951,0.3226136773396715,0.4244316827677025,0.392576839166869,0.8861326488345319,0.005340484307678,0.211011769,0.308205204,0.327272727
0.521614299160918,0.5462709389299114,0.3198559599666997,0.5105462542412149,0.4904988254839744,0.2680626692234158,0.1808375440515612,0.5628003892887385,0.969635836567903,0.166322251,0.326761492,0.0
0.1282240755987608,0.8378837526992894,0.148887129153057,0.5650227071711156,0.0793288402545928,0.5923571412180346,0.0205194511995852,0.1613970997660601,0.8006022657941169,0.279661549,0.393638846,0.133333333
0.0553980367016322,0.2751109533791407,0.5108708925446199,0.1672543185234015,0.160101991774556,0.6080804660650512,0.7487700728859598,0.4743872221029238,0.2416597011742129,0.150886818,0.177264919,0.085714286
0.3012037057205698,0.751322895404962,0.3241431293978118,0.6107823986998175,0.8517916541151416,0.0494322166728274,0.5030110567644478,0.5557291225255879,0.2187687014339443,0.318078131,0.08106013,0.348837209
0.4086699007212064,0.1347646316089397,0.0973765925802352,0.758839001222537,0.6447190185871339,0.3662901154781361,0.0889375450840038,0.5178567277598445,0.4333093929968997,0.07318622,0.232425475,0.0
0.95980354248036,0.6548394819034303,0.9564098036757012,0.7486893250926346,0.6038474951316647,0.2602775301238974,0.6847783175749078,0.5282980182868608,0.2235267943746149,0.327689254,0.471703741,0.535384615
0.9554526674968208,0.268465096422544,0.6109502990230167,0.1282251271906462,0.0772315789330797,0.6850805274173433,0.864294104013603,0.2075154591952512,0.8572013611252832,0.163777405,0.492387933,0.627906977
0.5815773824013456,0.6690684099898897,0.5034435281708688,0.1852128187679618,0.2722101655842269,0.4059076656725859,0.9773556294489808,0.4177972718820423,0.5949413148925476,0.354961074,0.478275918,0.501492537
0.1981799513365082,0.5673572170154433,0.0534025991688852,0.8142636386561226,0.560406280506041,0.0845117682585645,0.6345395116264241,0.0147299847890914,0.0450804491847804,0.231158839,0.110517836,0.451764706
0.8495221067919424,0.9243506290956374,0.6352474590516404,0.705951653053389,0.876918017940473,0.9415326899858172,0.427911844674253,0.1070604879849391,0.0578021362440962,0.234150936,0.301046892,0.6
0.8780184568187741,0.0712214549245615,0.1574731116485936,0.6899923316091461,0.3545851128147385,0.511998037400967,0.579907990565127,0.2678824209719762,0.23309835308201,0.079342104,0.4681149,0.129230769
0.5636699753539093,0.8721584071151104,0.7974754608592567,0.8126277356738151,0.2118768402719711,0.2208655871281091,0.2297825272290506,0.5473490658974788,0.7054280379458625,0.434435451,0.447490386,0.728571429
0.2554627194509685,0.7732138847222917,0.5726588854891124,0.6843815118585401,0.6605957291475756,0.1785280495530774,0.2020363272541906,0.5283261066870941,0.8972248845990861,0.338986173,0.238839326,0.0
0.6750301502219402,0.3850119408171294,0.4528325548925458,0.7088971104389445,0.2598844718622277,0.4019255589668716,0.4304197525853499,0.5204829526517665,0.0809902080368435,0.118822686,0.504892784,0.666666667
0.7715225118260216,0.8786714717473251,0.8832441663165752,0.7870969702357997,0.6787299348632866,0.7318869719926552,0.521475275047588,0.4964810355968184,0.527650699559645,0.552069408,0.543589598,0.260869565
0.8169460799836199,0.5775255850178392,0.9458173683675732,0.8212633203372074,0.6493076104196311,0.082910793087519,0.6040540431076759,0.03716440762889,0.1610772690546704,0.248153121,0.250839001,0.285
0.9074318414972462,0.6039932377908503,0.6120307181707656,0.8069380482566832,0.0625469181985887,0.7554105999733465,0.8814807306687479,0.2605712920636065,0.5890263495621235,0.330219121,0.537469197,0.0
0.4559614089646897,0.0817093464048529,0.5923922371810563,0.2190198295228227,0.0336043850348543,0.876351002890416,0.3950953493275319,0.7029646044305352,0.5805893280659193,0.066502086,0.496037924,0.218181818
0.842921707217549,0.0161126528422214,0.3151862051917513,0.4940608806346391,0.3791666432555106,0.4890758849056086,0.9234431190125604,0.8450620810898811,0.227588492734159,0.094381401,0.575973904,0.32195122
0.6179300483646929,0.4590698446025795,0.6098235342645242,0.9541247777354488,0.2012116451106557,0.5209598188829186,0.5697946024027072,0.803232935514419,0.3632171457867111,0.206104584,0.449317818,0.12
0.756391744898139,0.3579197260071943,0.6897523335486619,0.967509572032726,0.5902608684929077,0.7666541800932504,0.1423331027486991,0.7106312250622783,0.3883885525398666,0.132070378,0.505431529,0.514285714
0.9416631593044053,0.8280029424301254,0.6973131284727099,0.9940359869732608,0.3624334417178388,0.6705843772978324,0.7248331952948037,0.393432351357358,0.6369968204631014,0.543671631,0.523940382,0.523943662
0.8053177312521065,0.1865014958608076,0.1029563588050354,0.071110800470509,0.0629112172371595,0.1977293014471861,0.8899905726380586,0.1962642516448028,0.4506289273830857,0.128976197,0.34798819,0.370588235
0.5916296529032542,0.7878205147071872,0.1506646161388283,0.4244277989000026,0.347798590950004,0.5523965918826724,0.8536115462574679,0.3366976658607101,0.202468152802834,0.35447297,0.493398325,0.284210526
0.0592486913183946,0.524434144046909,0.328632438435913,0.8673663673650475,0.5768335833972529,0.9317355450351784,0.2479666433086116,0.599811008848786,0.8579097868408885,0.181477717,0.205043421,0.0
0.5181763466395303,0.2975972086473846,0.3037589533177798,0.9613053256955154,0.6303525860865006,0.3673102514323099,0.0688084308137992,0.6760632487654528,0.5866814148913405,0.070671103,0.343907738,0.514285714
0.609879605643988,0.3880673301125962,0.1365488501360632,0.3511290735959887,0.6367981307595321,0.4798889706139791,0.6597527648657363,0.5513891906634708,0.7287328208778311,0.227178238,0.419827594,0.414545455
0.4588022931047957,0.0458090897298424,0.8521248597308442,0.2052491135088726,0.350224990305291,0.6952716570715988,0.1227547847077287,0.2439510329621637,0.3195400600582617,0.065231148,0.4237965,0.06
0.8906383259751015,0.3633969322839424,0.2073704966731462,0.9104108568865592,0.1552553868547145,0.1306674352603539,0.0210576853227265,0.7756671351326841,0.6501150859768562,0.119145782,0.293879166,0.32
0.0903086523218814,0.1094439027054915,0.6692752611086517,0.4824150387773348,0.3338630779124318,0.0763800786416425,0.1883512818892915,0.6238666711539158,0.5903403784425869,0.089993113,0.079551492,0.488888889
0.3897913531416709,0.1744630395050977,0.5424619049508168,0.6441943902658902,0.6663852953872799,0.2632598788617187,0.3471219045770114,0.8478807009814272,0.8148487645570929,0.120692636,0.321365203,0.675
0.1286314718504125,0.8949052090895981,0.1934950437140264,0.4332955904532378,0.0212771915566304,0.5467229133881271,0.0303101363746776,0.0178607392475927,0.581030375153297,0.200271561,0.32106811,0.0
0.5718064034189423,0.3173115238303016,0.3800332865290465,0.2765882980061127,0.1329331129549725,0.2621112797998829,0.0394487958914478,0.115531099337676,0.9878705719231224,0.121201889,0.335226329,0.345762712
0.5254665877263084,0.6953817374799247,0.3687421812186577,0.6086611904940804,0.7707097995456835,0.3483158822100028,0.8096588577799028,0.8360847000944682,0.9103460245076253,0.366075374,0.421210464,0.568421053
0.2130922161824694,0.9537924675784064,0.732622322359797,0.0729045383404555,0.7227600602717446,0.5405761605848215,0.0174011792276057,0.3144448084295447,0.2612264055483358,0.391568602,0.243868974,0.171428571
0.5235716720335626,0.6984989806917818,0.945698221591586,0.3865819328688249,0.2447626106341126,0.474399547290998,0.2690311924076028,0.1493487122673554,0.2076951916861621,0.254658881,0.272228737,0.24
0.2843403677481927,0.1576032009209619,0.8115561947941046,0.3411318626756802,0.7194801356355465,0.2838500168676408,0.0633149050223209,0.1117484340572976,0.6819730384069823,0.120211745,0.234965414,0.0
0.1421098635010984,0.843741600100293,0.4791465991600161,0.0600386856033968,0.1192607711999038,0.7874579817287187,0.2250361734723009,0.7105113848038902,0.2620328164259096,0.232481058,0.375536074,0.545454545
0.1333807257855951,0.36053331647603,0.3462234140661485,0.671686791660558,0.0376633106517448,0.5271627012294943,0.8462025764506527,0.586061577972498,0.5747774921273139,0.161590282,0.206411264,0.0
0.4914589205682983,0.8330671130431583,0.1658862479827901,0.9694852062593396,0.2925501973832899,0.4272702229072747,0.5446642620349583,0.9276542641951429,0.7649194545769461,0.474648683,0.484672318,0.468292683
0.8442449643290243,0.4574198949183647,0.957608328467811,0.1700217448687943,0.4732806426716697,0.2173838302275714,0.3886811040411081,0.2314433759061414,0.0479680696843158,0.115301539,0.413740787,0.6
0.8033793745156148,0.7940188705688535,0.1090887419747184,0.6982915387086299,0.953116441067546,0.0920597978225361,0.1795648025081414,0.7906280765284457,0.1887097687934626,0.282106637,0.275445389,0.461538462
0.5289353259978853,0.3886277665768666,0.3842581726226998,0.0457797244549298,0.116987577463958,0.5945059914632821,0.5501324449152775,0.3158823146085006,0.9158506154500536,0.234011269,0.462364173,0.272727273
0.2647904938703941,0.9082749944388964,0.1567575519823929,0.6540771683890872,0.6494691809318578,0.7258265629563604,0.5567629985896276,0.5666553358021895,0.7044640367954454,0.466455861,0.462253771,0.327272727
0.5221028777067331,0.9151888456585136,0.2707402091166031,0.323190659645036,0.5500590106123838,0.7723640574181027,0.5119996386219773,0.6974613264594867,0.4768399413539738,0.537021202,0.471683027,0.230769231
0.8801692693690872,0.3148366589908923,0.5925225588134639,0.8599591694986355,0.4551010244199756,0.3221401682075591,0.8843469670402632,0.4165385160372183,0.212878979366168,0.166464952,0.447322112,0.610526316
0.6657171017122917,0.0964993426822253,0.9324204925798956,0.7948274466809905,0.7873801185008195,0.6264215733223959,0.541923396167166,0.6115873882443449,0.5439116337778787,0.143458204,0.372571057,0.0
0.4098795269594567,0.7452489229413992,0.7955052008244814,0.2896964397070507,0.9077637578903685,0.3609459469951052,0.5136524128296158,0.6932098556461029,0.9113939227818286,0.382328127,0.249677047,0.0
0.2729625264475255,0.273855827192815,0.1524810472361626,0.9796316639635826,0.3684906014172182,0.6315884409248491,0.4006404010967247,0.9843623529950446,0.3284147778474179,0.099775738,0.339600717,0.096
0.6181403194772315,0.4840422146945399,0.253498536811234,0.9112196766968944,0.5555661051767804,0.4932580035317404,0.273353840924694,0.0609167827356157,0.4082181311448992,0.184205228,0.397891757,0.0
0.2532306105969309,0.5841991896284379,0.0708098236331091,0.3940224995708669,0.518719114016731,0.5535179837277637,0.6685576549391753,0.4491238728298898,0.8378358880941078,0.268623214,0.404872891,0.518918919
0.555247071298432,0.2026748644807061,0.8101048336377364,0.2010785739389249,0.8556698607785547,0.8921579894344638,0.750314001805205,0.6396830249549019,0.833987243901352,0.136560672,0.604997277,0.0
0.1446686487883655,0.965828161568778,0.8201131612953421,0.4384068767589723,0.1939653265441665,0.0355673642615647,0.3072746236991016,0.2883984761769516,0.4867513468598848,0.52246503,0.063207281,0.635294118
0.3306327206914174,0.6788441173575117,0.8468732567968875,0.7646347362212422,0.2479895598686043,0.069232969013709,0.9018399667121174,0.4363807419863731,0.6744650501722228,0.334042636,0.087692936,0.135483871
0.5608808106037874,0.2553795162709793,0.4029174414993793,0.8746840194659977,0.6343677328675459,0.0691386067745218,0.2535547126980959,0.7485062084834856,0.9828322031680312,0.077175939,0.164604131,0.0
0.5917795844154539,0.3741134350039399,0.4397334003469251,0.1208308054310244,0.8379587893300177,0.2783004050995582,0.1455217340345049,0.4288371760891146,0.9131347429029916,0.165090235,0.482895147,0.436363636
0.8822244507510983,0.0050699451608828,0.7290069981512519,0.596771259445672,0.8377002246771149,0.1651176458460481,0.17775019984351,0.7033826000949682,0.0402484577517898,0.070225615,0.277275983,0.0
0.7563795165748092,0.2022194941189583,0.4106649619376789,0.6667816571510458,0.5761675515450368,0.0383856332343596,0.3880423711545245,0.6544841362929144,0.5483530910719931,0.070093602,0.139918675,0.32
0.9738918059470112,0.0039886875638001,0.6935599439540073,0.0140767231318467,0.5710845274350327,0.6766051747312439,0.3049263900128418,0.4805908939593275,0.2857478582230137,0.063837936,0.516937445,0.3
0.3557433500690504,0.8875133873361032,0.5172165591272647,0.0646875834706531,0.1890806933898132,0.3219359891720721,0.5973316858993829,0.0217645927317161,0.3081266333257016,0.405199003,0.359883377,0.321649485
0.4461582240950187,0.9045562999182044,0.8185722261722866,0.9987079316830428,0.2044344407908055,0.0411328683580568,0.2268811162288987,0.0989093198095431,0.943795206101612,0.363232052,0.123837677,0.375
0.1853476600971759,0.6995885410012573,0.7306333855146081,0.5742503570429512,0.91982526033455,0.1028386468321508,0.940576212122574,0.047002035937687,0.6077553066848647,0.346603491,0.165914145,0.517431193
0.6033404112949609,0.8602282013753497,0.2656522337051774,0.9898261365488,0.6134544764722005,0.1351456659552729,0.2634278103732065,0.5556989785190515,0.7458956024735668,0.379255918,0.306615965,0.0
0.6442289602876671,0.3668905562644321,0.0483516193521237,0.4596863540941635,0.0914275483625642,0.6068922663307956,0.0488676977447307,0.3151475000118469,0.6963429810959416,0.100889954,0.502501701,0.369230769
0.4642623742941337,0.937518144867092,0.1172057088476224,0.1720848481528949,0.6001128617065087,0.0699662435921759,0.4501815049285429,0.9586113178355192,0.2722198313693922,0.501875004,0.113304436,0.2
0.9617958445460638,0.7621430790273032,0.435207325534778,0.042870083047152,0.2605940006496923,0.5928286057701444,0.2540564854602891,0.8467303315160031,0.5095089954663589,0.245653474,0.567895002,0.0
0.2881034527779751,0.4454058584128986,0.3273315440373814,0.0342991528979225,0.1240457999218958,0.9825073507981474,0.39193506396353,0.3921591773338826,0.4537569989436579,0.147473369,0.440801987,0.7125
0.4177745018176607,0.6260985149349731,0.0190249225191345,0.9221086687548686,0.9259770978691568,0.9204357937551396,0.5790790240260836,0.7646640391508962,0.3192135026156698,0.240348814,0.515847491,0.168
0.6043021971580961,0.1666550818282571,0.1775998322213754,0.6245043481228872,0.8956346029507047,0.008111946238215,0.0879145983261755,0.0904698920116225,0.4009979065987852,0.075267243,0.064681918,0.0
0.8854864991415532,0.190399809238664,0.3223076914570061,0.975098210259982,0.3976580023523961,0.1192017872490913,0.1001222953329042,0.1975549779463563,0.1668831125091706,0.087494834,0.374320159,0.821052632
0.1403786201238086,0.5185208625511896,0.9011130272909232,0.0809108895387383,0.4761991530987074,0.554332963828733,0.6590664884997547,0.5932056182050651,0.481213029383078,0.261601394,0.359773363,0.523636364
0.8340632403118193,0.7428412980079034,0.1725301770174722,0.8332359615845761,0.4179029346666344,0.3357760967420831,0.5174928450906554,0.0591316913598286,0.029294511727712,0.380088418,0.349684364,0.525
0.6297022265442096,0.2561902699284288,0.7267313905938841,0.6371547359024065,0.5266185557465423,0.4093448249056687,0.992918337171858,0.724356028324707,0.563441233230552,0.151910277,0.37499128,0.3
0.2512299788958591,0.371276676535442,0.3436344227083936,0.322976769343873,0.5880612595375141,0.9682040888005076,0.0130110499661983,0.8577892070235956,0.4083812254024478,0.115688328,0.373527611,0.442105263
0.0113807334923469,0.3965027448399516,0.6216622121923662,0.7515318374539766,0.7944408862930347,0.8888242625314964,0.3694729088503902,0.7343813705118659,0.6755647771731472,0.151525017,0.24845045,0.423529412
0.5298037921169524,0.8189133755409816,0.3424234963854859,0.915891207205496,0.3873634920752971,0.3960754487462864,0.8484434815272582,0.9539084440098028,0.1975669221606095,0.497860317,0.379929093,0.589830508
0.2705598661524078,0.0356596952382088,0.6762762343642741,0.8250658867654018,0.040070435025888,0.261378208083149,0.967187866129148,0.5002755573862575,0.8234088566354965,0.118374602,0.240492183,0.286956522
0.0586944367712801,0.7883519120884088,0.252287749592008,0.8622254150704113,0.5848581361961139,0.4475750541804056,0.4804427142461127,0.7755691204583164,0.3969858327538256,0.287369553,0.260627533,0.075
0.3874003098866246,0.6112562144427279,0.1885240551607432,0.428113783935001,0.7201588609304886,0.2236043880696111,0.0522775779120583,0.2637842847623394,0.6338283510749555,0.196228165,0.30018764,0.0
0.7440806910204475,0.8874765273386904,0.9357886964594389,0.9919483297313252,0.7787991500925444,0.475374809241619,0.4192972662464893,0.7360371825777209,0.1731469936055173,0.340776466,0.37307123,0.0
0.2846507767969314,0.3831559992420623,0.7365071499011792,0.4189546081855806,0.7974227645060226,0.3807382031531262,0.4662658562058405,0.8174612923407821,0.6592647699391392,0.122855696,0.481321186,0.75
0.8717681486005407,0.1318496669376708,0.3265773828263295,0.8814539100755769,0.2185234036830708,0.9025827051809082,0.4935621195068154,0.8779959959870414,0.8780750930682646,0.101945538,0.737898542,0.0
0.7068582796513766,0.2205824934960754,0.2537590173691747,0.4214537318520894,0.4493741158926567,0.1237345001334598,0.8265581858306723,0.3870784454627241,0.8793967174916629,0.13412951,0.279044587,0.735849057
0.3849510316627149,0.9932355918121746,0.816493707423343,0.2768037646152919,0.7792203492787492,0.2601068730881597,0.7744158701776549,0.5328194740642681,0.997228120004184,0.751380337,0.225484026,0.0
0.8622304925894421,0.9441062713632216,0.5956886143231431,0.1655513160024999,0.3092076214644654,0.6707067858469741,0.2654495624429239,0.5807990586166885,0.5474497021832008,0.437306442,0.662314672,0.171428571
0.7160958851588275,0.0961407722989079,0.63236720868638,0.7069755247672865,0.1844866591364552,0.2557712136873126,0.3792611558596491,0.9578089634553604,0.1841129180153616,0.055491575,0.333916978,0.514285714
0.0588944843034872,0.0795514393101795,0.9599339750552558,0.8934290471009012,0.7504053252574917,0.5307297549721487,0.6290091502609595,0.7417105283181611,0.2824568134472255,0.129867406,0.191095794,0.0
0.3441523711450946,0.7254551399518218,0.723997148720808,0.1844588728293873,0.4104663154756276,0.3547776382939058,0.3095234013304067,0.3418611537423535,0.7407189690083289,0.266895169,0.277529036,0.070588235
0.6990840968614793,0.6273317394774591,0.5679835520555557,0.5510638900484596,0.047596864338101,0.3091878554247225,0.2596163870835177,0.1029210668672346,0.9007324993528384,0.202009869,0.424759357,0.0
0.926542071690834,0.9611580712721276,0.7723914191314077,0.9720431723030244,0.8242779029331346,0.3889158308098883,0.764025660714808,0.1806338182069495,0.9028830897707152,0.761088712,0.518725508,0.377777778
0.472866403496219,0.5619626407574962,0.9916440360718486,0.3807208361209313,0.0865544094241043,0.0082411476940965,0.6487679213087334,0.6991087404685844,0.7503747823775436,0.297915829,0.050202671,0.0
0.8104469779887611,0.2944654760129496,0.4786023152317402,0.3532480162110546,0.0088997914980478,0.1603474016465019,0.3512780347900672,0.5133944909898217,0.6872939448875449,0.157983973,0.16115621,0.3
0.2451711496829451,0.5257656532244004,0.9857168585749168,0.6220031939344454,0.233871059931111,0.629467166141253,0.8736424981343034,0.8431101699386742,0.4442513618087005,0.245875084,0.339903319,0.0
0.9071005689150248,0.0985641634421293,0.8322203452253405,0.3037548889977187,0.116041979585619,0.1760869683548325,0.1081806813253357,0.5433564221988559,0.3493214228229631,0.094557368,0.213715558,0.369230769
0.449220204312876,0.7191407949558302,0.7201725824969024,0.6187851295629153,0.0403335700425305,0.1950591531711091,0.5111570558741249,0.2699444244210438,0.5863671293690819,0.408071546,0.186624865,0.306382979
0.8749198927163732,0.1796490114486058,0.0478251476553455,0.1929085352519183,0.8067915467200213,0.0446007291903411,0.0196294803297918,0.6963671394356593,0.3664178350800884,0.082990043,0.299365869,0.5
0.535711967455035,0.8197813498164007,0.5942454232898697,0.194704343250905,0.0790567693055198,0.6855877594602577,0.7972386338095293,0.6683056900866042,0.2305169836145862,0.350909889,0.599294981,0.557746479
0.7997567223615061,0.2204073030424348,0.5035645160967206,0.7508489708369499,0.4691609514218058,0.2854729229333642,0.0182979644027069,0.5744280587422865,0.2136243734476367,0.097025925,0.409713963,0.514285714
0.8235543252729293,0.175189282994284,0.5282124335602897,0.2339102221562334,0.8006925625733367,0.069616418663961,0.5846696097369103,0.1684783852280655,0.99069832872911,0.152505763,0.125741589,0.1875
0.7525252796303135,0.2718976725981685,0.8015015158371154,0.5173376122075665,0.302789410000576,0.6918763435546482,0.2720346691113217,0.26680189927605,0.4489049466466817,0.104219923,0.38108111,0.15
0.987347991811142,0.3867696932965769,0.992721644338306,0.9127116798638586,0.2542911894578716,0.5328179169993167,0.010816009568324,0.6906098532995565,0.4787856673741093,0.144058512,0.531320539,0.56
0.9491063628862686,0.9421771589455964,0.5525848496397516,0.9723704175652732,0.8547942602772066,0.1459802009907471,0.2739867205023695,0.7944131625760316,0.0706468596507734,0.351926275,0.248208429,0.490909091
0.0032258419536843,0.599643017743101,0.0514126875796531,0.8735861668912056,0.3837066601618041,0.4140152808982803,0.1936904686176442,0.5730800724293932,0.583691991735864,0.190362072,0.180297389,0.342857143
0.6156662058219308,0.350121186548978,0.3630203131428796,0.8772075612867238,0.3358922611616872,0.3336967035869242,0.2571733556865352,0.1649036791997733,0.7640514909646514,0.041767463,0.52046276,0.36
0.0093881438885261,0.6775203445912271,0.8632148619085683,0.4624326640199013,0.5875028392025378,0.1064638625158974,0.7289123726085309,0.1848088085904062,0.5681060861114815,0.368099779,0.087497405,0.536842105
0.7751277206517514,0.8304345494213593,0.4571782861217365,0.0044896972313258,0.3013547706872208,0.1192372315539584,0.9570938295325132,0.1592949738759828,0.2029986121963806,0.413036209,0.330188411,0.630927835
0.0990328556499113,0.1939895702799935,0.1974960182363512,0.1491384377934408,0.8217881142485687,0.365111778681479,0.291627550058936,0.1294206655658412,0.1955943588434492,0.067395274,0.225711235,0.6
0.0779480270298883,0.879492814968207,0.6052585594883252,0.0344961181567817,0.9248655248795408,0.6548685070332612,0.0622853524567917,0.6803689390103244,0.0833360484153489,0.272381903,0.247378459,0.3
0.0981752698169204,0.4725712778073111,0.7158029665432181,0.3101873664055642,0.9062133256053816,0.1973308046813182,0.4667113831616288,0.5265441958399749,0.0280751760006517,0.204828861,0.138239556,0.36
0.6081759866413269,0.9977288076393808,0.6820559494343142,0.018647868925132,0.1521925105119334,0.8140114536862685,0.4856877630114214,0.77283685810818,0.1426266821123706,0.462296633,0.541464034,0.75
0.2626061839780378,0.690419786439485,0.9394037154479216,0.992636627808984,0.651874816527435,0.5427493995281467,0.6212152861676896,0.5076151611759353,0.1053876685128506,0.319654134,0.326013462,0.40754717
0.1779197695936906,0.3839076911179183,0.8937431474925177,0.1575832965311407,0.1054522301387715,0.0248168882595993,0.1439787997856852,0.9702623911515484,0.8764987246847662,0.181127133,0.070863844,0.466666667
0.1181941694755986,0.8220211014183152,0.5895337199250024,0.6443652753333288,0.1361936955014347,0.0092010781870163,0.8027699214219133,0.8039008255068896,0.2032124218274055,0.494544624,0.032621455,0.654545455
0.2226283546923234,0.7915633250354918,0.9549408237414276,0.6486465309143379,0.8166103176104483,0.5603561007426404,0.8624841212770442,0.9951660372072304,0.9811183843350638,0.52175009,0.441730438,0.410126582
0.8096352440389136,0.7478736687456278,0.5878738284665972,0.5123736741781578,0.0828202159496149,0.1771919908615769,0.3546331907335135,0.5561316738721296,0.4345011347676624,0.272073967,0.284913017,0.163636364
0.2423516794731622,0.694156843444671,0.1820160520565382,0.8733262664427542,0.7866843234422365,0.7232458581277178,0.6496501509162682,0.7570303084188456,0.4748272906292904,0.316852636,0.285374357,0.0
0.6208179079890462,0.170902283780252,0.534897732950833,0.8104975159103357,0.8899882200930096,0.593043139812341,0.97337335254522,0.7993518244902412,0.877908582760228,0.121477847,0.500759278,0.276923077
0.6670651821312623,0.6956703204328097,0.723809697050596,0.5537728550176251,0.1725294570133396,0.4452574735978309,0.2323302518920293,0.5632352177484534,0.3587068734094687,0.283256519,0.428049576,0.133333333
0.401468430960043,0.7316078718911296,0.0339747372065152,0.6065012386624973,0.2575467642688775,0.3713954758939656,0.264672849567337,0.1381319560702424,0.6711652442779934,0.231626911,0.423429678,0.24
0.0985573165321879,0.268654902186578,0.391226552744857,0.1235344715360025,0.1111520634838811,0.9168523436291868,0.7309508736649245,0.4692292541432377,0.705616566175619,0.175585801,0.373875219,0.493150685
0.8756523733514945,0.327515948112326,0.9349742890766084,0.2176621786624966,0.9105743132736464,0.2374779338616726,0.1641821034980909,0.2666660447584078,0.1515590510129075,0.119037869,0.359871543,0.3
0.5552869417187062,0.2156998122240688,0.2505723731624231,0.5801591302482432,0.243395886695161,0.8996443434609231,0.7799433156412576,0.5460015521726027,0.5666108703021604,0.148457522,0.5617019,0.457894737
0.6462173855536678,0.048141577726935,0.9587254122059022,0.9538019815732978,0.0250642501961775,0.9372539537175112,0.8692248314726874,0.1324619806832369,0.0382544015263651,0.115061312,0.368754885,0.347368421
0.0692090301691397,0.0574786409601116,0.6364876947583492,0.5609543596823912,0.8947577642450896,0.1036267327186515,0.5823300660566154,0.91036738802168,0.3384122078729626,0.095464154,0.061377291,0.133333333
0.1839857581619628,0.6768663295130962,0.3675192161334998,0.2693427575033578,0.5090020514949004,0.5184494445143543,0.2871637384287399,0.1866394540007954,0.5957721930328977,0.125745342,0.279566589,0.48
0.1872204205547116,0.5258616087548572,0.1243171569644334,0.3365903532603491,0.8085345262330083,0.8392751579719064,0.3153346886614241,0.235770349259476,0.3987593921515644,0.181640018,0.428812699,0.564705882
0.3657919983855443,0.8451150018192781,0.2536742077620753,0.8839492209293842,0.9771293621038448,0.309421139731696,0.8878283033661682,0.4524476592932109,0.3547113834878205,0.344647297,0.291098082,0.05
0.6773336395874214,0.9021604435778056,0.2893452336939945,0.6608691972512297,0.8892219672026361,0.0823483090265189,0.2217937593964865,0.0465358367873807,0.3000152126072837,0.332323481,0.269683746,0.36
0.545276093307579,0.1948322643623184,0.6058828464713666,0.2135964144450717,0.273722951316611,0.9238719944708256,0.3450654972155543,0.7641764849814447,0.4056880295166449,0.084269682,0.491453135,0.0
0.7200365731699017,0.3914306741086527,0.9017441007888932,0.728556793118054,0.8995597371388494,0.9072420209838756,0.6546574678549492,0.355100301396542,0.00273897988209,0.173309746,0.550557095,0.1125
0.8406501437985601,0.5411420027312748,0.048878104947719,0.5914471729126013,0.3458523140529025,0.0330686748952886,0.3118209423585993,0.7931835246660318,0.7477178147974576,0.161873964,0.125520667,0.45
0.430855310665769,0.5009642891814439,0.575850555515537,0.1215056607117652,0.6828695629292899,0.3266295348514308,0.870861037368942,0.4835170817406873,0.922103385846583,0.312213704,0.332346349,0.0
0.9329227698744772,0.6393288620572104,0.7859078240210751,0.0550683579121071,0.5865991276882506,0.1215998736522389,0.9165703054157968,0.4338664600073159,0.0225455364958957,0.352362658,0.260236457,0.72972973
0.6562245692692948,0.9965647348371016,0.0355671732172794,0.8702364273484274,0.9041678839681272,0.4276471164339144,0.667128685792192,0.116478594462744,0.4959283639143256,0.733060664,0.282397265,0.0
0.2384200089061444,0.527401447691167,0.708814913595827,0.7732328770130588,0.6262668772273391,0.5359421623319877,0.8290822719739429,0.1358995910423529,0.2104899771085419,0.230436198,0.391476774,0.457142857
0.071648844604649,0.6218808643164963,0.3300244405549872,0.6466221147719761,0.0596150534250942,0.0629954923727156,0.7070811707369782,0.1521878637460292,0.3828500179316672,0.303167588,0.081557706,0.697297297
0.1266382331323762,0.8831681609906585,0.9439739970342506,0.8239993312425944,0.1930969833782331,0.8842017293662855,0.8462316923979418,0.1845326194146326,0.8731134958788002,0.506889318,0.326576276,0.0
0.4819678379998515,0.5842252519967993,0.5319210677863037,0.6817867577536721,0.83287634047808,0.4442917112612509,0.4295285306611754,0.4972791380802338,0.2094586661734703,0.175123092,0.581058598,0.514285714
0.525740930665132,0.5696754047993373,0.8482294085913661,0.2734844155670509,0.0600984520028415,0.139473964855012,0.8334675021621609,0.3689212247392464,0.6650601572637515,0.320450161,0.30205882,0.38490566
0.6844796583038729,0.6450688903314625,0.7736542609340722,0.6033072894123841,0.2520870961544442,0.756508119894847,0.2865636576060861,0.9197807270474846,0.6237889081685672,0.234344804,0.574702971,0.2
0.6447288438168317,0.0306703288302347,0.3702372844825942,0.8913101233404145,0.2518079794128202,0.523008813260655,0.8210335920378832,0.2805443463211181,0.799102030331775,0.084767843,0.462085861,0.0
0.8131140301146501,0.4780602100176935,0.4401335222278189,0.9461602188389522,0.9232915383991892,0.5842725168598993,0.1686319676302869,0.0481511905651502,0.6456532498528126,0.137762262,0.558493896,0.336
0.8379611774559144,0.7616038088737871,0.1487239454018194,0.1230501481725383,0.4723656183563061,0.5077738118286917,0.1768551081462013,0.0060834089570747,0.6548228285966493,0.249029697,0.463379607,0.24
0.6671598582325502,0.6283631260005734,0.1634565296770607,0.6505539133002017,0.8651609946020217,0.3920640286551896,0.462543985742088,0.9919291868778088,0.1097826772529266,0.211578872,0.438023391,0.6
0.6708942387093721,0.1016229491300737,0.7348272371432472,0.5729397647646836,0.1707069428782828,0.4987118937308475,0.7301806185439639,0.0057588304043411,0.3665216009154105,0.118534076,0.550914069,0.6
0.8377953502068309,0.117207912101384,0.5278861143960548,0.7437800776092249,0.4303872215924029,0.5692467772294137,0.54679343360238,0.2674896097548535,0.2091861951914573,0.122689077,0.472862472,0.339622642
0.9635143012781964,0.4066120898712421,0.8202434607751624,0.6041053027105975,0.548761018117721,0.3103224696233307,0.7157215516144133,0.1904286130706465,0.0159258490184714,0.177691892,0.343564497,0.608
0.315422217796852,0.1778705136509749,0.5936272595830534,0.4469692694262215,0.9868562102901536,0.5470113927247066,0.5391612098630529,0.8384398752097773,0.1474227242571936,0.115181718,0.449470419,0.482474227
0.8282343913940838,0.3908178953253253,0.9226345550632856,0.0252128657401069,0.8170433002315273,0.4446887607158153,0.7489791413364327,0.4601979427778105,0.3587251837456774,0.169588872,0.553943865,0.683076923
0.2362179293476685,0.6851427637633725,0.9546772723050116,0.1513840451166529,0.4732632834919564,0.4668966646028263,0.53495034546615,0.2229675986973295,0.0626465023139373,0.461181237,0.391856372,0.536842105
0.7452450856127886,0.0550473881212648,0.1977156525701413,0.973460131304176,0.1915143509836719,0.5952799693973836,0.6462950423850626,0.7125436487025285,0.6171140639448268,0.073705698,0.485370726,0.230769231
0.0110765172020719,0.9315618081593556,0.2072523901984214,0.2585655674118018,0.7165779093805283,0.1980705842351766,0.8515312940162336,0.6022990512830751,0.6338453686681506,0.600442228,0.046495069,0.082758621
0.5148705342533683,0.9350083014913616,0.3519722194406333,0.970056226304288,0.8755609718432733,0.0290748239580195,0.4364941009624591,0.7093873217113598,0.3613539853333974,0.394919647,0.076543002,0.54
0.2472898945589376,0.4925628118501626,0.2051663561850415,0.4689054775162884,0.228852947784572,0.5344053320782459,0.2654297259284087,0.3350923039013499,0.4915974565886708,0.196103382,0.473892486,0.0
0.5704057194998773,0.7262456745853739,0.4528953206104813,0.2019270436761572,0.6596647542654408,0.4139611337221278,0.1851709306075746,0.6463025520998968,0.4885307186349672,0.285806321,0.348363041,0.436363636
0.0250230232565854,0.3248947976306076,0.8289180261166011,0.4282597312417651,0.3125170900511305,0.3856560261732784,0.6297625307753407,0.5308972628641254,0.297051274816006,0.152190957,0.216175365,0.447761194
0.3775880392483187,0.5930891695565977,0.2166075252349105,0.2570086499005382,0.9569066620232692,0.3962722428125971,0.3266394913182119,0.5514743655493234,0.8317191818425801,0.200144805,0.36944182,0.6
0.099286642043384,0.0635781291931361,0.9012799526690736,0.0347672318750249,0.963506620041718,0.787866666955783,0.0718608179949839,0.6889061612806129,0.7776274101310615,0.079942109,0.40035221,0.48
0.2365765412860375,0.2926415343057107,0.1023752022764885,0.4686040612245871,0.2622446644382702,0.3297465855757181,0.916103339521838,0.6695302645578719,0.2233669194773055,0.134657452,0.312872955,0.413114754
0.7471798823198889,0.203077513031944,0.0841406854119289,0.2430727632250047,0.2677854906531836,0.495380806251597,0.8497445509026778,0.6063170989827614,0.9444658040952364,0.150930567,0.484595016,0.463157895
0.5921522771951716,0.4168286459912372,0.548476027576422,0.7702028256780781,0.4716344014847686,0.7987982743771536,0.0726811693096813,0.4057481823497819,0.7038116903477324,0.173868324,0.361779064,0.6
0.0376807063161043,0.7359862994114771,0.3112472733881849,0.1208350060107533,0.5877261625081419,0.8837379538044229,0.0730771178119775,0.4267557610553175,0.1681528664035743,0.215372571,0.448921107,0.496551724
0.07249197739637,0.768722719759103,0.952764838190588,0.6265663418600791,0.5896820904111831,0.2934648524536539,0.0790663591658172,0.5284715683505131,0.2845063423884181,0.236748935,0.206712284,0.327272727
0.8383300618158632,0.1124971649274678,0.2860798995332538,0.4290841222813596,0.4445685186947747,0.2385584111522878,0.1440321209659238,0.4582411336318797,0.0968743180426476,0.072601484,0.289504224,0.0
0.3781444530035079,0.5936681940390883,0.0599250925820374,0.2713320063941816,0.7454014779493193,0.2287362976662622,0.4375983339412581,0.5369338987491254,0.2793415211118917,0.154934941,0.298349496,0.6
0.7659715916669079,0.87695702101656,0.7158620474403493,0.3678414461301261,0.6313389961755402,0.2482620217950362,0.1637415067899587,0.0446394756934095,0.7041386459942763,0.477732541,0.398699653,0.48
0.9311394002044144,0.1410763810496113,0.495081106073988,0.6432603291127952,0.5398303422061889,0.5159405947394556,0.4126445199603631,0.6369713755184238,0.5948374898731681,0.047956325,0.531843312,0.0
0.5768155044833946,0.2223265245068874,0.9901928598525336,0.6377621428301757,0.9078144251570116,0.2051638367165473,0.2556454877950465,0.862028986421311,0.1542071229539211,0.055874476,0.294807237,0.171428571
0.8905456103608663,0.5129873789853483,0.4958322020551688,0.706942346718454,0.4425969835868879,0.3166018682335614,0.5791977119114537,0.948742573151824,0.2594379796760837,0.306464111,0.370606991,0.096
0.2553321202498778,0.3753917536612967,0.2553007403983636,0.736614327210825,0.1912361104850606,0.7930931015029918,0.1554059228424961,0.815198764630433,0.466100287778359,0.152816689,0.172378991,0.0
0.8021161178035654,0.7712903525901588,0.0709817182737662,0.3214515763539157,0.4320591608773328,0.5830087992728474,0.4883913801998631,0.2236238868725933,0.9609581738078008,0.196246734,0.713894346,0.0
0.0456013840180756,0.7816417050192417,0.0200649762371435,0.8789341203740432,0.8551327065983527,0.4023030674630922,0.716654683807201,0.7805604176562377,0.4338962520416748,0.318567784,0.206444618,0.333333333
0.3076665185738461,0.230599032410308,0.4742557503687377,0.0774767841467588,0.7379533308140959,0.0028564078462668,0.1794164659831936,0.9757534179691212,0.8265898224428317,0.11312027,0.043047465,0.6
0.2442102004987493,0.8279447360287921,0.4886939187243477,0.0425012338274397,0.0011459778205508,0.0929944759874823,0.56746292310589,0.3835609056522643,0.5639046942246809,0.532322668,0.081751697,0.456
0.9382796263056352,0.1081872767979627,0.2391736129390028,0.7577633368039128,0.8822789531354293,0.5438254073137236,0.8344695957706884,0.6824362367393512,0.2414129326817246,0.120223721,0.456794312,0.246153846
0.3737187265139129,0.7812462345487425,0.2039162074210401,0.7713847586965378,0.4454070698603496,0.7513175099508571,0.8849768171153308,0.7963889179698357,0.5435337404929317,0.399394847,0.497326961,0.511111111
0.0857092970616509,0.7014294673829193,0.8492778134830157,0.622655500962552,0.3474422378885308,0.5126856788543469,0.2627752380505103,0.3428315707119748,0.6455127046352364,0.314319161,0.346310016,0.52173913
0.1852762908636976,0.396060542532947,0.5275155775082175,0.8295350846715516,0.457461755691792,0.9930839974968269,0.5242944140868588,0.1825204221905946,0.1094632693445566,0.239837431,0.452485817,0.1
0.0125105618094101,0.1273240879170898,0.1273761379263646,0.0372177734565702,0.1777615647954398,0.0019060901583483,0.7615878629955285,0.6631134574928841,0.8355805984393391,0.154858758,0.008183611,0.3
0.5506365804994157,0.6128714784897966,0.1204167996116826,0.0220377000140719,0.1460838457263864,0.3834288190627062,0.1627416676802026,0.6801464380401233,0.2902739430451635,0.186168273,0.460145591,0.507692308
0.936085915867061,0.8824394845159478,0.961685750807874,0.7277489294758112,0.2258774403910943,0.2348248029251934,0.0995286058194039,0.6871221257655294,0.6334599513764843,0.325948584,0.337735243,0.133333333
0.2182013638249117,0.0961433289207277,0.4276874893053628,0.1710765514111832,0.1797973290894461,0.1966744587494263,0.7899382376610591,0.4918910593638576,0.1085277088000258,0.082579011,0.258336749,0.618181818
0.4318507807591087,0.2035677076052174,0.2032928828160071,0.5114231668340578,0.2516125203019934,0.6265039169885641,0.7672060514093705,0.5708149223097736,0.2372868297358551,0.080220639,0.333233914,0.0
0.0355853722392226,0.6890699111377324,0.9188189038066116,0.4705037682632572,0.6523976329538544,0.3383535234720625,0.1591110715571362,0.2423528835797305,0.414186053340599,0.264471462,0.138335402,0.457142857
0.8813348595807876,0.9134787329368972,0.1509465594708327,0.6152240076613034,0.0760548143242195,0.0895240072850517,0.4291085435954288,0.4917282754638914,0.4458222930121708,0.320867336,0.187482087,0.0
0.4106108350632996,0.1187810699026644,0.1293801108279437,0.8491276226610772,0.7443458858778107,0.6771926788419538,0.6448587185497636,0.3375066002569691,0.7961833283069201,0.11069662,0.384900227,0.38490566
0.0436716692261801,0.327904906698568,0.0659981463062046,0.5679332573957481,0.6471892824000542,0.98637979806818,0.898031177060391,0.9075733429161372,0.5969642084757896,0.177145383,0.459334727,0.547058824
0.8833426795840981,0.0092511368933516,0.4234416175554648,0.5805660357546524,0.3320792074749918,0.1761847655384241,0.2118406025355064,0.0887203239836332,0.4702692610190565,0.049484034,0.527206467,0.525
0.8939256644279856,0.9205453246734564,0.1109342743416109,0.4927207800291704,0.994849069334112,0.7589330486118189,0.4523113623683209,0.7905483998238122,0.0094334145508766,0.375273352,0.267774475,0.553846154
0.2441909054534873,0.2134187383926812,0.1012793257681057,0.2147768120299884,0.7714259926461098,0.3450965641148698,0.3745626192780952,0.3078642880889082,0.209724536756887,0.103233523,0.197545669,0.66
0.6496422118763543,0.7142252065495915,0.4680176277301899,0.2157126361725478,0.2455272726946383,0.441312620046817,0.8049833225061191,0.2362713034135251,0.1268495419289874,0.386998326,0.351419017,0.035294118
0.5611374171767044,0.3844621689894572,0.904229095873744,0.2461146768250735,0.0809589155529627,0.918524491549124,0.7944166812864453,0.3070746291549321,0.0682744605414036,0.219990447,0.400065804,0.633962264
0.8994717066420319,0.1356078043928495,0.654821254578926,0.3474023885268549,0.5410727055294988,0.3825108896134823,0.2085771857408859,0.3051120701995027,0.0755158068563923,0.086102789,0.476057858,0.0
0.1994083675160251,0.6601637491403753,0.0565658543745051,0.6115941418480105,0.285292203822859,0.3667745177023157,0.5646594855198754,0.4653599593985291,0.9715534544421612,0.362610108,0.206535452,0.090566038
0.8430931210934951,0.7890448055959843,0.5684620089877312,0.9903178995810298,0.1099721299082389,0.1649034446244014,0.4941949730555618,0.3821971803739374,0.813037696264633,0.236783593,0.178154813,0.0
0.8559311030688888,0.5661235647160731,0.3743420905076864,0.0620864804103851,0.3593436436596948,0.3531754274334777,0.8624362744636551,0.2976296393191091,0.8691356110155245,0.383312042,0.522274463,0.443478261
0.9718926859414432,0.8981604063729784,0.6238955805662091,0.1861822155927801,0.154422989235047,0.1917504565253793,0.5578839027698423,0.8102280391504869,0.0079312678209333,0.37594656,0.337510838,0.847058824
0.7399617408159531,0.9817742403749689,0.002288370477904,0.5932732508142382,0.5041764168876357,0.8843982164392111,0.1611978746276224,0.0664909239345312,0.9535956563075194,0.403433461,0.509135098,0.32
0.1623514511299194,0.5613168994165626,0.5788144698229385,0.6440638840949733,0.0673163947680366,0.4985228344231323,0.0942523459732614,0.3333151103403622,0.6203251966122524,0.198433196,0.534066797,0.3
0.0799696284423792,0.4292239669060169,0.627734105976882,0.2426097849041633,0.1760363747697655,0.1120565534554742,0.8943778499633206,0.986255331753309,0.0449518825566109,0.211873523,0.122514067,0.866666667
0.5049041283113285,0.5380677750170592,0.9286206610157344,0.3707607687163974,0.4346989783236068,0.983552883705408,0.1646932455617697,0.3579730805158402,0.7534472337009299,0.19915349,0.38465168,0.626086957
0.4851415770042945,0.3277638349206185,0.015771479907354,0.258859053397375,0.1103965651060324,0.3062906926033618,0.253169764889379,0.9063080964704192,0.6400532900779604,0.129503021,0.373810968,0.16
0.0376357156638114,0.5390301598298155,0.9358671404845555,0.9632821474743531,0.4252293291563173,0.3540945687053342,0.5909762586393031,0.2546495236751318,0.4291671689084746,0.243459401,0.167571313,0.195918367
0.6218795405056227,0.0467918608533226,0.9837233557376912,0.3029279427505946,0.8069941355166804,0.5454335300397694,0.4847274643809756,0.5203343297459522,0.5401732350293155,0.065801801,0.643161298,0.654545455
0.2745084631841,0.1370753934978202,0.6200292525836777,0.5906032771397839,0.7568635292105441,0.602672223123986,0.8094765690822211,0.6910759706477324,0.445849438465654,0.128080858,0.358252958,0.415384615
0.2581609704451481,0.834969980205481,0.2375700576702792,0.5986673612588287,0.492029355105286,0.5051560205770235,0.5591975469379905,0.3010099899043115,0.9649116977921032,0.447662539,0.326454586,0.498701299
0.4453949969799631,0.8771499640841577,0.6324766924634134,0.9750076573973512,0.0918887200895879,0.7308797861329267,0.5863093811164013,0.63824723288434,0.614311589418827,0.521761022,0.416288808,0.052173913
0.979799175278023,0.9993639995745552,0.0067087466963159,0.2301081890600873,0.3379464983577372,0.5177301549429253,0.0590453447104007,0.9302961204044048,0.4374300769029984,0.345774653,0.542291834,0.0
0.1595721150170723,0.6656057282510864,0.0498403968357599,0.4243748088789277,0.9435142627245636,0.5398078594123751,0.0698946050486688,0.1556470832506773,0.7968619961815822,0.164703704,0.2419664,0.54
0.9429370959643631,0.8438584480513396,0.509785860700402,0.2638029685623143,0.9242466002286802,0.9800215078929502,0.4839439675503063,0.0497080674537616,0.5385158027977744,0.292730558,0.616401951,0.0
0.2926082328136398,0.7769922498355334,0.3527915184324884,0.2065650567349667,0.1727173625477313,0.7534719057424253,0.1752201891240938,0.7534652904976997,0.4164543811943481,0.305875175,0.317429112,0.428571429
0.5336535210952869,0.5621076248395801,0.7665675272587246,0.1564221209390525,0.7935298060546934,0.799141188798064,0.0528673342347898,0.4161159291887563,0.2853504204293364,0.170620522,0.586301249,0.631578947
0.0065866028716181,0.3448488142259664,0.0256690809747475,0.8001275750518043,0.2474766287272909,0.4921438772654182,0.0811531579386797,0.7383699207052712,0.0166965125060036,0.078045822,0.113339,0.9
0.2478626759314272,0.4922134212435731,0.3659671797471532,0.6838094498171622,0.6069130274610199,0.843800340563596,0.1315008771199673,0.9553834606437244,0.3111073827183951,0.147702532,0.600317604,0.0
0.9392846552876012,0.8523920015391999,0.9186682476096032,0.6994078741136067,0.4957780219550517,0.9706068863291668,0.1485083880281333,0.6689034952146009,0.6162762953832087,0.238517504,0.632732109,0.171428571
0.4508039598081947,0.981696242057984,0.6257876113792834,0.590054283259707,0.12128479059029,0.5333198011394975,0.077175442248548,0.6047310196811427,0.2203287618391946,0.487479432,0.501528666,0.514285714
0.6936384908559651,0.6956136914330223,0.5794111539649309,0.2762105136573299,0.0131161804379271,0.1915085236291619,0.8874314460634815,0.9641578883762284,0.3572899359848516,0.361283462,0.373276318,0.621686747
0.4435196410552496,0.2855178628932916,0.4463500072023362,0.6238007871061684,0.3106247527127929,0.1564193545068204,0.3369017049810902,0.5731065388924901,0.1385969334758425,0.117645632,0.302681262,0.635294118
0.2922314151857244,0.8177549108337823,0.8481737525994831,0.8496058332058014,0.7132804705987252,0.1099744912000146,0.9921324888729292,0.5274574572191818,0.6982985765619111,0.578264738,0.076928001,0.0
0.775203317282926,0.6810839467189482,0.4968507592066119,0.3620919728250791,0.4027648421980458,0.6150072645336926,0.824874986064916,0.6630158398324829,0.1204905411631233,0.362490239,0.409623565,0.636363636
0.0413470817669724,0.9974170532371897,0.9286534218877436,0.4338102775173669,0.8600165511670328,0.0392134083940335,0.8182708964754366,0.791377495179581,0.2670636320364963,0.74340914,0.041204242,0.428571429
0.316004909400899,0.4309025360658758,0.6148837440371013,0.722772708148317,0.8094921669233169,0.9881087154153656,0.4529252164823248,0.1665046818894644,0.4873701686086111,0.131681057,0.382634337,0.171428571
0.477320822223247,0.485285121039572,0.5030550962543124,0.1551376921875104,0.3650416955178924,0.0706275186434725,0.8960180429438832,0.1910536596760695,0.7132639439038846,0.276085844,0.164363834,0.492857143
0.3912078310372644,0.4101399613374967,0.1002635805824883,0.9146306692620207,0.100192551049991,0.5606696251793565,0.9547180446881764,0.941651227513128,0.8130585753612152,0.255132002,0.48732534,0.0
0.9813287762792235,0.904417876528756,0.404068971882207,0.3134425256926521,0.0183545688272346,0.3537445063617511,0.9155238114095482,0.6260313321677696,0.5693653235658427,0.840424531,0.405542357,0.282352941
0.0762021662642044,0.7001863559976895,0.7383086443001168,0.9305941046275608,0.5543044505159727,0.0430171251004449,0.8334981197454376,0.4644194724822059,0.6217499023032736,0.403606534,0.070580331,0.620224719
0.3914148015742769,0.0525464442840765,0.4100114975889911,0.3179308368611632,0.1768624100165098,0.1367755375118795,0.9824084380040112,0.0628045828826596,0.4798645244821969,0.107992407,0.140328587,0.032432432
0.353445107847837,0.2112474974695691,0.5300255221856499,0.7670914272508391,0.5821723398940265,0.3084915448813039,0.3808987181015497,0.0622473027050221,0.2591687892352642,0.053575901,0.298142003,0.0
0.551541706875135,0.8851314323411765,0.8772426371980158,0.3110534335341877,0.5162328870608544,0.365194994511489,0.8592925069170481,0.9959313863657252,0.4638844472612867,0.547656524,0.291743042,0.033333333
0.3157802643040207,0.9528270933034338,0.4837068798379621,0.2381593920846372,0.863155613980696,0.8457310872553914,0.0736719345795194,0.3448192360203829,0.0354864773258571,0.442314613,0.352258245,0.738461538
0.2394931673873837,0.5987403616644521,0.4956675101374826,0.989337845635753,0.4968267387793955,0.4098306187654773,0.9848256345086088,0.1949330381837031,0.4855689191591713,0.313452734,0.460102821,0.507042254
0.3428957570603977,0.1385124189523525,0.2377335809222458,0.0709701113948433,0.264028326649093,0.2301372802144569,0.9266272306527398,0.9992719250464362,0.2509311285254524,0.093851589,0.335987259,0.492307692
0.5007151347842393,0.9370122310618424,0.6393658442238439,0.2904295193273695,0.5179056065510833,0.3557756091085088,0.0366740670242707,0.2306025928841433,0.1577759772063812,0.412410662,0.414322187,0.872727273
0.9320553477795924,0.3281487928894951,0.0114928540692498,0.1091215173957652,0.2644439177240193,0.9972483718328424,0.5667614323473877,0.2394014588010592,0.4545267799731861,0.197770925,0.630581737,0.247058824
0.1725119522403901,0.2870820628910956,0.062470906128594,0.7516266594655283,0.1851365820864452,0.0727918446269181,0.0058217458281787,0.7719861288215716,0.8179176499988724,0.140846337,0.114952634,0.553846154
0.8119624980050545,0.4698390778004168,0.9596463606015708,0.868211329301564,0.1982152968328783,0.763103313226332,0.6276442561438538,0.4386911687761284,0.844322765314063,0.306130959,0.438311955,0.354545455
0.2185754023849607,0.2932781471771891,0.7903764245430616,0.4848125237993099,0.9401252906848137,0.2051665242192136,0.7293911483029151,0.4383323628769955,0.5053478494691762,0.187651622,0.201127085,0.415384615
0.8696308125918711,0.7120949841996228,0.7513000855421502,0.2566043156022043,0.2927901033717232,0.5615764588142802,0.7571195673534346,0.7729589135790474,0.974107056023626,0.450099365,0.323694363,0.153846154
0.1838724334441149,0.9390736267307508,0.3779469719647444,0.4690174855819041,0.2474839044320946,0.8310591629438072,0.6273249666337934,0.2398528047616348,0.4387234923275034,0.654503199,0.447590471,0.475862069
0.8909441033526072,0.317454728738755,0.3265854239849444,0.4715371923895386,0.168118041545765,0.6077920425786887,0.9099255587615028,0.4517222870812116,0.7939468471851538,0.14844197,0.569839569,0.518918919
0.7344708982695294,0.7104950897435093,0.0995180370764715,0.3601599814030785,0.8692576815408362,0.2805445175412587,0.4511204774811109,0.7215035035632323,0.2771896100867944,0.192847026,0.345251476,0.466666667
0.8338634433651422,0.4911507147907221,0.1415085877618237,0.3655317302067317,0.8844244986413117,0.9220032798695942,0.6858179443180981,0.7031865307202527,0.4662639158133297,0.216106322,0.503611294,0.034285714
0.1344035538824288,0.7870895806073878,0.1627865770103956,0.0345641480654985,0.4302367238389428,0.678702510592208,0.7630906092486118,0.5720657706415282,0.7462855465519412,0.374134127,0.411553506,0.614285714
0.5205935715503989,0.3958294616893077,0.4223203550626706,0.5987354627729413,0.4571385098794052,0.4614344033379453,0.3485318186989916,0.8309628041430247,0.2977292293622613,0.098583914,0.402639235,0.0
0.8628756485539655,0.1105508550305274,0.2528500000223084,0.8760252802406848,0.6822514806318024,0.628657586996448,0.6436113015073464,0.02558872124526,0.9677340290026408,0.117765546,0.430101487,0.162162162
0.8466253618997125,0.3641536312107062,0.1880368629495321,0.12116095240683,0.3835391308930558,0.22814506042016,0.4214832690201442,0.2553551439994526,0.5543970154112021,0.13548784,0.465476505,0.36
0.7338846253289878,0.7956981844155886,0.1671216944477453,0.9793371686318728,0.0877748850187767,0.985560641039654,0.1745458922540934,0.0071821754436594,0.8678214925387042,0.299214808,0.53007405,0.0
0.551551919042359,0.2167236406705129,0.1174397330273484,0.7664040783201045,0.5997927229952515,0.0081536347797935,0.4869525107056658,0.6031904313201852,0.9034461651483972,0.086917659,0.042764853,0.133333333
0.1857734142147968,0.6445287529630632,0.0845340943508927,0.4513464630500384,0.0063164106476426,0.9836336169421728,0.7225400228939722,0.9822016194787708,0.8313024550764664,0.334910242,0.374718537,0.307692308
0.0309172933506468,0.1919927706365177,0.054812859587878,0.0815191355289958,0.1161170006176655,0.9014446000891648,0.3888961033586069,0.51091519853134,0.5036429246169687,0.066413219,0.347014033,0.0
0.168146676156791,0.5445475390604075,0.801273833538079,0.2581401975902898,0.8461827229693863,0.998704068192442,0.5365356047676262,0.0146550332643021,0.3229729007543602,0.234348738,0.526725585,0.346987952
0.9042837409956488,0.5214386969405818,0.2554155035571243,0.8889820596959178,0.1404308450468442,0.9745135682540756,0.2581744199488313,0.9328036884603434,0.2469424769713648,0.180925784,0.506700469,0.428571429
0.258713110324149,0.115453583176352,0.5655250797546927,0.1649511857615017,0.922084255077196,0.9603486982597466,0.0697510524230526,0.319503938016726,0.5013435938894149,0.057538004,0.378661831,0.518918919
0.5031302464900401,0.155886931283431,0.2886571714588315,0.2971290919781241,0.3283666551167082,0.2024294807278865,0.0950380038872628,0.8823550923857164,0.6139996298552011,0.083034796,0.430276437,0.0
0.5371457316587349,0.9398509010529796,0.2953036404156929,0.9907070771003988,0.9416816944708296,0.5225742636202154,0.7595457271543327,0.4299618576403273,0.4116193047684169,0.540208931,0.313863625,0.0
0.8458176160765006,0.7692362471144712,0.889623640114744,0.5179389379759051,0.1957485472511561,0.1371851441774256,0.5343588599742454,0.7283145058306132,0.2193028344807102,0.544313623,0.345987003,0.620689655
0.9436478790281454,0.226564144241142,0.3939818271319455,0.5204194955088499,0.4790648092599363,0.1117319283741243,0.9539519202713824,0.8979718653083576,0.3454337372271757,0.156698049,0.216720375,0.3
0.0594388266485553,0.9384821939139222,0.3298794517144974,0.9994731172375032,0.2648063533517535,0.7902719492976777,0.0584642399779212,0.5491929253315537,0.2333037949570175,0.323072445,0.321053929,0.0
0.3639459735476912,0.948634392525866,0.6689945380181871,0.6050047428898434,0.3388170860500961,0.1755687084393279,0.8673962248977056,0.8708445092811016,0.6060265311605355,0.68420617,0.284363869,0.48
0.0401401539928311,0.0865919765828282,0.1485293382561265,0.3117123092145817,0.3657230882085088,0.5774102711729607,0.8423287614201489,0.5460851716203934,0.0973474430816307,0.098739676,0.22098859,0.266666667
0.09929452363877,0.4272861488733824,0.5336138705935992,0.1978455592497429,0.3841469015226036,0.0235131681436832,0.9322463668699894,0.9479591481276785,0.5176076380669667,0.19562168,0.031444574,0.181132075
0.1141444882658521,0.6002167021621728,0.0016699614079709,0.4131904722749238,0.4078593948325761,0.6053371199836372,0.344018255815847,0.7873305527953868,0.0632940780938285,0.091296916,0.199417615,0.0
0.2217777137164301,0.7117984581791099,0.5821992821718278,0.4975840225111556,0.1622442557398694,0.7048719147607952,0.6475460797952141,0.560665613296852,0.4927501360374948,0.354724728,0.471943096,0.486486486
0.1527314126249054,0.6237392603217684,0.6524409436781821,0.8494653833687577,0.8877936114950847,0.3004620973740508,0.4488456462208124,0.5300911115191635,0.1411259622332847,0.186714007,0.09206738,0.36
0.9765467094308612,0.6676420341033271,0.7910295072137935,0.7769634421440487,0.1730487909907839,0.0801509446306452,0.6533062044222976,0.3903695058672608,0.1190898903700052,0.337265972,0.200953494,0.452459016
0.623015615168526,0.8608692979160112,0.5895339005941668,0.3973243297397268,0.8418698361202298,0.484070898807148,0.9920828797890148,0.3131063195973391,0.3546751453569616,0.552877053,0.509540717,0.535714286
0.8257353718191331,0.9661861445999104,0.2298233288390752,0.3147989422592027,0.6001957751611713,0.2638862678023362,0.0299753059078208,0.2646656907706323,0.7049381974795536,0.397382058,0.389810306,0.628571429
0.2153375689023041,0.8413480150622408,0.4028315325915659,0.178169507103587,0.9628768144395226,0.1035674128740915,0.0204018925390203,0.7828235799807107,0.0745947972400615,0.299881567,0.163869244,0.635294118
0.4926953287284507,0.7063819516008233,0.4120686039961005,0.2991739771303494,0.0175663113266189,0.705753346706106,0.2227155924420717,0.5564397737018416,0.8521601155887902,0.262349128,0.451230717,0.646153846
0.5273801912386523,0.4081117663310351,0.4509281498108156,0.2185087576228056,0.4255922083121493,0.3135012004295685,0.8247113172271049,0.6041405116602736,0.0982797063721928,0.178529353,0.266111222,0.1
0.9419917955843212,0.5943537354077848,0.374055162690592,0.5645416644974837,0.3278368305500062,0.3959053232940204,0.7366723120515687,0.0927114915808267,0.8315239269073011,0.299932115,0.455082982,0.282352941
0.6357676610101883,0.3509482171224457,0.5074814155631376,0.5894715881725271,0.0172281663128046,0.666567380547988,0.2846198704440013,0.215166211677346,0.7748814582205118,0.158631184,0.506098283,0.545454545
0.8875690154309304,0.7573314075392041,0.1469902045314921,0.0092090982266046,0.594252493080974,0.4967283544504774,0.967770498983174,0.0891361544236098,0.2297619115258306,0.369337876,0.548694567,0.349090909
0.7016310018275647,0.0186370638545151,0.453115158401184,0.6601193884552532,0.9536929335762508,0.4596072758904554,0.1917572892668488,0.468043857787483,0.0403005364776006,0.076932633,0.648413997,0.3
0.1501751866692843,0.6413257000684042,0.9075529398610852,0.7673108587386405,0.5403379946101874,0.0095509217777626,0.1833375760802436,0.6290923224095589,0.6964033550625676,0.265002985,0.051335038,0.54
0.9658568592266024,0.8852154935000877,0.2333517200124292,0.5529797655644723,0.0517357316914625,0.796723463667002,0.4714601543048069,0.4409763146959207,0.490181477036859,0.341288915,0.432493147,0.6
0.297606229334448,0.4050051826122336,0.2913324163749529,0.897701265172417,0.7608524281935118,0.2047228696600709,0.9996851484183304,0.3567116055914365,0.3473982689282061,0.215526379,0.100964156,0.0
0.9381496289512812,0.9565032453083472,0.2720626304493054,0.2808161813613218,0.684013515282811,0.2355281035661901,0.0909729775959251,0.5962190176810668,0.7930703363889995,0.438369665,0.357672435,0.0
0.467655939543921,0.7801446664610756,0.6220735607003899,0.3549603855302411,0.6302991711816148,0.745005969184624,0.7537597252468806,0.2682279567086002,0.1094481211533302,0.45764007,0.508134168,0.742857143
0.0128860750941329,0.9031847061870816,0.0538982738228892,0.0242740128784726,0.7826889046471939,0.0454568106218042,0.2850334897575154,0.5641344122058436,0.9438912054430686,0.304717996,0.026561573,0.218181818
0.1068490876498083,0.950537016108852,0.2590881990570947,0.4067123748650897,0.735915437748345,0.8268580485714301,0.29056529643537,0.7363900931979135,0.1739413782713705,0.356214453,0.290456559,0.0
0.9995144068582836,0.2207529859154272,0.6346945815347385,0.8122132329450237,0.3221892219237072,0.4230434516085496,0.648001508710939,0.9613502216187289,0.4012851108814248,0.141910241,0.401818998,0.0
0.2881812293483451,0.1972429231143594,0.3822912739997349,0.1680108817532195,0.7693344155338844,0.5233902735072089,0.2292555449364373,0.5852556608368467,0.2300886739369779,0.08089469,0.392485492,0.42
0.2447481715058104,0.587543543710935,0.1120946713838827,0.7782168407552323,0.0588797920602703,0.8224611095287212,0.4998763675556271,0.1157531524017362,0.3059445548141276,0.147203103,0.467175794,0.282352941
0.604768774985101,0.2747258593960726,0.4119192095862535,0.7871335837114366,0.1016380067315817,0.2397504989046384,0.1503520769719649,0.8396996263679302,0.5265462794448378,0.123944684,0.270450027,0.327272727
0.504270459122349,0.040875967916925,0.8282719368870124,0.0690392989029887,0.5894235013601402,0.7834672488582621,0.6551161726547268,0.890592575522943,0.6305130503916072,0.107420516,0.474436376,0.494117647
0.4061936953016265,0.4163290952643752,0.198519302926774,0.183262294366282,0.337292265212885,0.0707298096139995,0.14539555181704,0.7297000206011041,0.3942392708767191,0.106988845,0.187359168,0.36
0.8373826374021416,0.1969316983796085,0.5333158822924653,0.0183384659060646,0.4236543265742413,0.8678382468882715,0.9503490831673204,0.8964341996687349,0.4835163884804629,0.088546741,0.554311391,0.0
0.8329866167121921,0.9453241349034152,0.6070478997438881,0.5540963155571323,0.2301941375086166,0.0153263949935823,0.4035858649757313,0.963786726325616,0.4070637167271544,0.432613856,0.125572072,0.4
0.6495373874577858,0.6530363948064765,0.345999429203238,0.1544616622028196,0.3985343637421602,0.1783826112706911,0.9841126777357062,0.1978748232106086,0.4807006061458519,0.374578635,0.382074377,0.540659341
0.5439264266643067,0.8054581345628796,0.5559772048875216,0.0413388377760381,0.6096301414326113,0.153968711472193,0.6135655640305009,0.667878871857931,0.97559057174826,0.625136731,0.343145636,0.656
0.3371642127003856,0.1466402515596919,0.7537005484985445,0.8975084544424398,0.3485676085963302,0.3799045653978167,0.6253463803969628,0.8005793350427595,0.2375130134369218,0.101494708,0.373314927,0.351724138
0.0450525667346142,0.138198839003296,0.8731603141155966,0.1916774274811122,0.7212703779348494,0.7461238328515057,0.5023505280321046,0.8822179407477153,0.0541930850577242,0.114925122,0.262094578,0.508474576
0.4105498251228353,0.2758103177279208,0.5147321106082413,0.0844906585250219,0.8609186258408094,0.5133999954663717,0.2275899243922267,0.4125902608262684,0.3892726262499371,0.091067524,0.519039815,0.490909091
0.2029540803670357,0.7217954355476329,0.8287395845794603,0.5504340815953114,0.0068912669350946,0.656712453965957,0.7735827225597641,0.0269181332469159,0.6510256970943142,0.503521448,0.486974266,0.380487805
0.1185319414507926,0.615793549239212,0.1487315384458565,0.0175289659866179,0.4955821247725814,0.8829023163340277,0.0091157023515772,0.0294907224319118,0.6769385970493357,0.13197449,0.506967026,0.64
0.6282255644516318,0.936834267905988,0.2545142343432378,0.148730240435934,0.4144227285677625,0.3428787392350652,0.6224692181991779,0.307129232997093,0.0548118984018948,0.475285859,0.362751364,0.6875
0.2916024795503831,0.7181715402729156,0.4874028641203184,0.4883339197547488,0.7935855708791462,0.4379354121806954,0.4441628910529718,0.1386645552357943,0.392476347642833,0.225102683,0.387509599,0.385714286
0.8424883566535949,0.50140540812174,0.6923097366762537,0.5410996467136322,0.912948305695796,0.9156041552183124,0.6514782467869287,0.656632090451857,0.6293790001039956,0.241764164,0.602218915,0.506024096
0.1258463229155517,0.9769353035453652,0.9900865362238892,0.7908918326473358,0.7448681658777393,0.9365948648410758,0.161845619001989,0.9886663308877236,0.8232802760077214,0.340190111,0.380930321,0.0
0.4661027502357379,0.3625080934360372,0.15109330368032,0.5617913887709124,0.3850385731229866,0.195430018320713,0.5942071340907422,0.847771110060892,0.8828078446908585,0.196510526,0.243356085,0.164705882
0.5180497666578036,0.6600065163864544,0.2547576428245371,0.0858340281231946,0.824137248701098,0.826398862926161,0.8574218416188232,0.0374852307559649,0.7805801301568401,0.369329849,0.562390341,0.275
0.8198048024430137,0.615004235593441,0.0257933900223731,0.2068243718255519,0.7129907159035019,0.2493517132575599,0.6169879986385128,0.7883570234358132,0.2623839736152396,0.235435153,0.335504598,0.028571429
0.0772392962767462,0.998521553803037,0.7802774004836965,0.3452939416755706,0.9752462341904214,0.8708799654020007,0.2307344204302016,0.6654842502764782,0.1784469768605654,0.517323364,0.407524953,0.356756757
0.8979918281104156,0.296112430747917,0.2221016731223044,0.4252884777560882,0.5669587342081698,0.920489261680693,0.4078825453317327,0.7751589448623523,0.1307017862910128,0.070531386,0.727518417,0.0
0.7287002705398758,0.757959570095298,0.6719700163119959,0.1380084033799598,0.3186890847859162,0.4602164173242765,0.0059250370283806,0.2533207447610149,0.5757500115820089,0.379612766,0.489802421,0.631578947
0.5211817828425466,0.3595039815251333,0.4687771106362502,0.0024445132916617,0.7295199788409474,0.6503611057967683,0.7532973793292643,0.4505006738672509,0.5321770341357301,0.207330608,0.43609742,0.572307692
0.2136651488832281,0.4270478353706444,0.2304113428304862,0.0521242714674212,0.8849328917085554,0.6088605854533573,0.6654859169218073,0.9225498800852832,0.3818119318902572,0.169817987,0.298794644,0.068571429
0.4091000470582975,0.63194506396609,0.652485730018786,0.2821471432499879,0.5718591527687931,0.3179037608604649,0.8283864524883345,0.6939063799575363,0.4064612640279802,0.346239381,0.300767724,0.33
0.2404854929315959,0.2464100081561209,0.4126857101955236,0.522464852236271,0.8636764236258664,0.4371633758768938,0.0869040727489928,0.614006164493066,0.0570302290410636,0.064301691,0.110184262,0.0
0.0579060738573334,0.3994779577097022,0.8757897640353446,0.44227690819722,0.7688719068203718,0.9498083575949052,0.4137670473997974,0.8497554283752234,0.1859352279735946,0.151083168,0.408839591,0.533333333
0.4819305201629151,0.4180625802941136,0.1412508160277397,0.6039628154751223,0.192961330608934,0.4126289315317744,0.7697614213409386,0.5757665325288196,0.2310080493840531,0.15354058,0.361678303,0.1
0.4762362229807931,0.8584750778220872,0.964223002076017,0.6923293009803757,0.8670499074395412,0.6050046046111652,0.1114772353652433,0.0088874570864694,0.7278574888404511,0.254060526,0.472041994,0.675
0.85989034837927,0.5907664883431677,0.6045112811921474,0.3090231394808648,0.2752939125782,0.048511113903522,0.4890838847325198,0.6546779817493289,0.4368782693708438,0.164424988,0.184952622,0.16
0.4101900524446528,0.1579566440853661,0.835457755316246,0.5939965301879497,0.1429327074106676,0.4673546660147171,0.828960499851503,0.3814359943165161,0.5325638951235261,0.126588664,0.381093793,0.671328671
0.2780704332852431,0.2311760830864436,0.1676877695738208,0.1726342200622447,0.4021028528575892,0.4321945243507589,0.6691965078556926,0.8378093561724412,0.3373572040010507,0.124921859,0.337319157,0.266666667
0.6781532743043669,0.7902135659815628,0.6861445257638975,0.7089163559058881,0.3058782091993954,0.7105832865535011,0.8054244849547586,0.992565573492588,0.6274924980235661,0.454904896,0.435965496,0.107142857
0.745879907065912,0.6451659943662071,0.8310634271878742,0.4216173069433886,0.5916656912787956,0.3583803221832293,0.0125982811793444,0.9104785928834184,0.3127205798444175,0.193831142,0.361604744,0.4
0.1213465554431552,0.896197317960569,0.5370581843020967,0.4375728681486084,0.1624850802839543,0.2483235672690635,0.5508123681815452,0.9219843626316871,0.7987412315213855,0.550066574,0.160489421,0.42
0.1875273093754162,0.4184338064567289,0.4163091478769071,0.741448790079627,0.2126385363512085,0.4422195082768455,0.373961235254291,0.6094684216542157,0.9110341121469352,0.169775813,0.265272806,0.327272727
0.9797477017658616,0.5651557467604941,0.5533214525405155,0.7336410733051881,0.0071065445499318,0.3898320164414584,0.1623266346664372,0.1823149498040951,0.0483436961281948,0.181271876,0.267196298,0.266666667
0.5551964739234998,0.633532260029281,0.0952723655172094,0.9439438542168612,0.3626902704230113,0.9843115739107589,0.0237306120317141,0.5131465140022856,0.1238024289457304,0.160458987,0.475158535,0.6
0.204373534037254,0.6370168068121467,0.2314559431502206,0.3405377709560121,0.8127989669017484,0.1474044233313978,0.394832154359284,0.3535119723549369,0.285669679956017,0.237321879,0.149560925,0.48
0.2445006221871485,0.656351336195406,0.258429757950789,0.3045795125606597,0.1842042583274771,0.444337510593613,0.6355628798216032,0.800323805106595,0.8266661759600317,0.348655308,0.372453085,0.272727273
0.9327310176921364,0.4004156029993915,0.3550379738546143,0.5195734356688864,0.2621479772854622,0.4282142623309571,0.9431038994539748,0.9594968692694968,0.2369463314729538,0.180409083,0.487429233,0.552380952
0.6374779708246314,0.0314462331573187,0.0898495929730472,0.0308268134112327,0.8802722689752616,0.1548685400708337,0.1983148492994725,0.857289099990454,0.0237667442249325,0.071619214,0.190945489,0.9
0.8115060677040948,0.4792064849074798,0.2221759149849281,0.0296031862381783,0.3396517620445037,0.4221834885445743,0.2621386840181604,0.1833580456517174,0.8553294620170879,0.149346953,0.41494142,0.553846154
0.2775162468789924,0.6156908371590596,0.9890040322463374,0.2586438779170193,0.4448761143826196,0.2398462739967017,0.9644299095857128,0.8948958016504107,0.3577456975236794,0.354370348,0.237017427,0.375
0.2095457971996235,0.2401530850284376,0.3964996602666711,0.5709453174830661,0.7542161490221723,0.0957782465593695,0.7527157940185106,0.0201498669532815,0.7894891543704616,0.151607151,0.127439887,0.314285714
0.668287533615061,0.5877870402637405,0.1984740503960433,0.7779672497206059,0.4459159365529939,0.5008443078936798,0.5361808178021186,0.6207245847001309,0.3655514014598808,0.290039755,0.524261518,0.15
0.4119171937037718,0.3978855773347151,0.8236769056138499,0.0618651182043337,0.0602875499318319,0.0527214076793927,0.5525966155271657,0.7389575449790899,0.6765942047533577,0.234874508,0.123075217,0.592
0.2098880356627418,0.8055129586961325,0.1074651067972672,0.8085711630106832,0.5267066012415283,0.0509047312090495,0.2402195653593835,0.4567133568399668,0.2106100806745515,0.21801521,0.083730501,0.56
0.0319732536876837,0.0804954586075787,0.5235578754995311,0.9690815069690552,0.4733236100169757,0.7446111564551057,0.7049926457518555,0.8441139378047097,0.8406358561313158,0.129680785,0.326083052,0.465671642
0.4632695389335477,0.2483766075493355,0.5387048597868296,0.3884960097538469,0.4334428677197324,0.7159567148065489,0.6542151965972175,0.3828895394384738,0.8423717124697863,0.188101932,0.416870302,0.61875
0.7428819571594862,0.2422815405309329,0.8710163674160964,0.766138598096366,0.7325798532874622,0.1025540682782338,0.4542990846409044,0.980880863916028,0.9369107365866208,0.120148122,0.320627328,0.514285714
0.7601075489393695,0.3690025129343719,0.8418210814387355,0.3721368356510186,0.956683260224518,0.621170169355843,0.8376673192340255,0.1756341903338254,0.1059753927996922,0.157277314,0.484637056,0.104347826
0.8435063927012606,0.8249648386429758,0.1109745891477234,0.3344168646987017,0.0809514206461609,0.0947395890327634,0.9830942294767464,0.1328022174380059,0.3922836494791839,0.417870715,0.359461253,0.518181818
0.8410176410780724,0.0446013887655293,0.7744734384546397,0.1891504513733207,0.9964601216932312,0.4350920677553609,0.3529637736734803,0.8229884837641999,0.0060567737694402,0.075068472,0.148452256,0.95
0.3621224331803417,0.2515243843673065,0.7058877197546195,0.4251722762762312,0.7859846323691252,0.4662011804476854,0.4921614484762299,0.0788973070245957,0.8830255075007938,0.108723747,0.348145137,0.0
0.7103734758106944,0.731705653427078,0.0506013459641233,0.798339947396256,0.2365909246286844,0.7144668473420273,0.6803784593460674,0.6045912425442898,0.4926307255943766,0.366910726,0.358817871,0.0
0.303114597626187,0.0446949002788993,0.732938390983426,0.636154992510346,0.0151118725952894,0.6359840715265577,0.3037255625108921,0.9385058754928444,0.3867334489028121,0.069988327,0.475264806,0.4875
0.7294069581739963,0.7581995039934639,0.7571657851425307,0.4145558860734771,0.1156327598712408,0.0378389537514998,0.6371016474795056,0.3328440950981602,0.8581462316891775,0.439456985,0.143312053,0.306382979
0.5059037390500557,0.4050721260443904,0.3747332216926988,0.7145047607008858,0.0775786557451747,0.7819874942119527,0.1087856127512079,0.5185165639897643,0.364188250533209,0.161278084,0.305549884,0.0
0.5435573388243394,0.0965298840117301,0.0911965236801898,0.1893684852191067,0.8540335185839135,0.1363462284716394,0.9518895250468424,0.0412675991453534,0.3863677189139425,0.108602023,0.218866012,0.2
0.2789888469578656,0.4883869196096947,0.1960727079728258,0.082862145109348,0.7050418987328176,0.6661230801165982,0.5674932819361264,0.4230209148730559,0.3133559437205316,0.155829513,0.423801718,0.345205479
0.1271707411563813,0.20927582977899,0.9348912875403323,0.8143517637869173,0.9042832064842145,0.5162049616180799,0.7771964531683908,0.5189135658122418,0.5570305229405155,0.135928279,0.356462737,0.441176471
0.5253030066161961,0.0218557090322384,0.4435692964929068,0.6635855706707766,0.6090935319578404,0.5336291410210028,0.0110082416792764,0.3701218019352272,0.260558984944667,0.053709056,0.45240213,0.857142857
0.1676191522464289,0.063192563256168,0.059876050744161,0.2088713924376979,0.574013234094068,0.6605324136024626,0.7411018806141735,0.9363179464492952,0.4509955306861319,0.082113814,0.456584384,0.4896
0.3964939129965857,0.2741973738220087,0.7909366505308709,0.845584862589225,0.3965294115330016,0.7239868566883123,0.1246004173018344,0.0240382842020653,0.6026125539649843,0.109691249,0.39926673,0.24
0.7856836874592443,0.1536465480624982,0.9598485043903418,0.6700869242795935,0.915680404290711,0.1613677012334372,0.0026134290909956,0.5665268252433483,0.6843498244690183,0.112570698,0.362967324,0.342857143
0.3596096647169654,0.4080582643837656,0.0729353903815313,0.1239748992149384,0.5085685356578741,0.7372467496708491,0.6355316844365166,0.2712487800781853,0.2418916477831005,0.19434342,0.51461971,0.046153846
0.6336714742027454,0.6766777102609988,0.3232788156497024,0.3071096679184406,0.9837382048946224,0.5961688744903886,0.69037791852836,0.0845382843126467,0.833082756893448,0.359710693,0.500457187,0.264
0.8208485444128579,0.9346314886397328,0.8856776226017099,0.1407106640420794,0.8197289287679473,0.0503415993403787,0.4445463901204954,0.6123141014012307,0.1123949576757867,0.30798575,0.212058054,0.733333333
0.1952687300142462,0.3661601231062418,0.7435149023899298,0.5569500048042,0.7805419178157931,0.0059614036877456,0.4229477772935823,0.03803945633083,0.915866264418833,0.127002617,0.029209346,0.35
0.508989184612112,0.4296405843324001,0.9726493405258386,0.1701004532193811,0.179558073581083,0.5708680850253048,0.1151090011395854,0.7891357304942745,0.7249694610941556,0.107346118,0.439382886,0.0
0.6180331765025083,0.6016498223207041,0.2198364181701672,0.3689032459975153,0.2211580078553434,0.4176175294223777,0.4475462952737917,0.7816056478118483,0.0411521967792939,0.146354534,0.367698113,0.571428571
0.643126389340014,0.0091596621835887,0.0524635723598646,0.6410457655164504,0.6641907686706291,0.9711646931556708,0.9463210391005472,0.8284578446139969,0.7217854963863465,0.09458596,0.533553121,0.511764706
0.0311248594354309,0.6346018371955076,0.9785301662606476,0.8942238838314729,0.2598505117618445,0.8040264290453276,0.6868177810293387,0.4396964740843246,0.9159082874604916,0.45041193,0.311156401,0.309677419
0.1247453774339691,0.8361187367070264,0.6175519317891008,0.6002912295369621,0.1365236040538467,0.7506402527007182,0.522405809439123,0.7665815776162886,0.9415710578607476,0.471748973,0.350065318,0.210526316
0.9436763622306882,0.6119111825491244,0.7158110031120587,0.9506525676303166,0.6126724555928554,0.0674483846689021,0.699005117516662,0.6510436002331135,0.2986491680098869,0.213866384,0.189243524,0.0375
0.6109619871223286,0.5392295735382113,0.9626531334146412,0.6380463939274345,0.1239183804172705,0.1281032297111648,0.9570480522634588,0.7246019200663212,0.3461700546646271,0.285803282,0.308052342,0.665217391
0.5055129020224789,0.7396533680268979,0.6680092287463779,0.5900159274509775,0.1996394149654313,0.0379561835882951,0.6391918796491376,0.9513066836150588,0.7656097783965573,0.422709179,0.152156352,0.490140845
0.9311021844016876,0.911960025120988,0.8183416638028441,0.7038758948517326,0.8140393621401661,0.0603848294960223,0.0536991674806193,0.8638274521932814,0.8772037659410531,0.484960506,0.262468505,0.0
0.1582843797506106,0.1739877528908007,0.6957057619161604,0.9834388399821762,0.2341216623741872,0.6747617456636863,0.8745103442414763,0.4099753833293156,0.631528123083354,0.130812666,0.454500158,0.211764706
0.8682860383090696,0.7699335357123767,0.6493267638806597,0.2263725375597415,0.8110741703454871,0.9229426147177012,0.5218057425548289,0.6252963409833175,0.467737897496142,0.383426907,0.625279697,0.605217391
0.8871354395404625,0.0372460823945195,0.3508292062727144,0.8944116382369721,0.4956589406533174,0.5024499700237013,0.9833503786633234,0.2042363384406254,0.0551787063510313,0.083242707,0.351275072,0.425
0.0039805521107437,0.288455434846097,0.945433406081512,0.273609030169143,0.4725377416287015,0.9906412633800268,0.2948455838151881,0.0515361230008826,0.1693509456395229,0.1094163,0.228381885,0.48
0.3790611949379208,0.63393360675085,0.4275485118256201,0.3682213389985647,0.2858967134030112,0.8775852441598108,0.6131203343291268,0.2329596629201626,0.3512359944340635,0.327609348,0.399292585,0.085714286
0.0525885149393808,0.1718796619926604,0.6633761486969231,0.1413911284710147,0.8149761325192352,0.007618540073308,0.7864392051003807,0.92839822252925,0.8392621264679138,0.109144575,0.022788437,0.391578947
0.9392578377005842,0.2835794952852734,0.817375701692003,0.6822935213472971,0.6243001144238949,0.0676920920660745,0.925206940152116,0.1500835333008043,0.6687971723570931,0.20434121,0.176228676,0.184615385
0.1457548776258846,0.728878119567448,0.856869666225621,0.2623563750550511,0.8017458135804636,0.7276122964491498,0.2187734496987919,0.7239453484036185,0.7176126133945766,0.306889129,0.271824924,0.3
0.7762060867895039,0.9105991916908878,0.6336501291471344,0.5012530700577597,0.4172977745467238,0.3728107267318046,0.872847543499713,0.0916615847045126,0.3018090608699467,0.519839035,0.472474464,0.380952381
0.985401939783798,0.1516993303443234,0.0814691531227689,0.0258198029983827,0.0190445716135914,0.1181721213182006,0.37428023086228,0.8669597276826042,0.195719711518125,0.079347677,0.217384922,0.133333333
0.0732225035832592,0.7377003220206932,0.4263765849997009,0.8746357184097584,0.6749604762216149,0.180208572880837,0.932613567570546,0.8343944559252042,0.3729928357660583,0.374433873,0.052725237,0.0
0.607693535095887,0.549693906601154,0.5113381022680172,0.8974185424583172,0.0418627221400901,0.7410192106239033,0.6060900603412154,0.2061785515059453,0.5496782335771071,0.283981732,0.46656152,0.0
0.5254294953410117,0.1850383023224375,0.4568245068206229,0.9115632447502258,0.5804550295055161,0.7922389504715613,0.0744224778685768,0.0634589864630754,0.9991950562497536,0.073370684,0.571409292,0.553846154
0.9148822789165432,0.2607377170302075,0.5461616041084176,0.7084886202571128,0.0087584263449601,0.9473309532521024,0.9150567206442416,0.3165959316563083,0.4582434094244273,0.164843264,0.510485597,0.184615385
0.8269218820525761,0.8171572986697456,0.0509785683439077,0.9614885041712452,0.3266630393879335,0.2788222909772712,0.7193188210783249,0.4311894324447798,0.6639627539323553,0.364961012,0.389220089,0.066666667
0.6034195623948033,0.2830063463502844,0.1997977022561711,0.4811073005267853,0.5696006302164832,0.478866127544577,0.9608110236883648,0.1808132610702716,0.0485505909832351,0.122597309,0.474660934,0.65
0.4354367150995762,0.7846342424708143,0.1436248871783801,0.905221258312495,0.8251248918042782,0.9842382238978338,0.3465873760703587,0.0450236025903597,0.891042178966135,0.411227768,0.743143509,0.0
0.8639867030164412,0.0878353942960127,0.8230678017813667,0.4100582179481218,0.3085934721015856,0.2899465184211889,0.2093577112017945,0.2983278256177312,0.9545709444418314,0.102222713,0.24550164,0.0
0.6364714602805278,0.666303187523785,0.4608333490520124,0.1108477012222272,0.5412733259364486,0.1949679977276079,0.1258258946425561,0.1576873710496806,0.4015175459257938,0.217181823,0.405800871,0.5
0.9016239929515488,0.9978226113460236,0.9156855396574354,0.8057002531485085,0.8396252250079143,0.6716891449440414,0.1250723196476076,0.2633172960537523,0.8324261978690974,0.443972509,0.518685386,0.6
0.3968591355655477,0.6120058485540771,0.8281428052857949,0.2014944501915043,0.0965839790280898,0.235027687636713,0.5059938720015346,0.8727610037304545,0.843819019853194,0.307582212,0.378288225,0.538235294
0.8891998833469962,0.2678216094117173,0.543528403634878,0.4380048447976377,0.3710204291916368,0.8655624944170911,0.6508577071996223,0.1887324338295205,0.2307825913365325,0.140837167,0.564840411,0.434782609
0.8656417494544061,0.2356539286750433,0.3408723087486316,0.4834259978344588,0.3455027687695431,0.218383815644767,0.9367704923547814,0.3711694351384395,0.0555675951399653,0.117235591,0.258274345,0.305084746
0.8997978925425646,0.0434764711575121,0.2208491365179139,0.3696964960486267,0.7068103287207428,0.4156146529911494,0.2964788278330974,0.5565014435957171,0.3985039037393183,0.059426888,0.387796823,0.375
0.5581177663247207,0.7432420961379019,0.7129635714158533,0.3333720547709183,0.6006834536277871,0.4596014116705826,0.7026301085128267,0.561127188837366,0.1407689966877965,0.330121446,0.412556781,0.496551724
0.8548788231621659,0.4612823422213641,0.5840619896455389,0.8500795552859671,0.6635377987217045,0.380965635426068,0.6844920799791833,0.1989749552252474,0.0487779811605311,0.23740874,0.460550463,0.508474576
0.2947904055764051,0.5932182640740523,0.6850371854573599,0.7959189496085418,0.9027150847445276,0.3983266742509215,0.3807188956453344,0.8843230797323129,0.9604580369546096,0.197534244,0.367217955,0.55
0.4645358783298611,0.7703331241089207,0.409403557443451,0.039480446271544,0.9230725483038787,0.6896244135455234,0.0932287083488158,0.4770778880030486,0.2648915003039509,0.267541444,0.484083694,0.428571429
0.3780169580164471,0.3005151116143941,0.2912136692433078,0.5334111434928785,0.5312669814056505,0.4257198878640892,0.7401383629802043,0.5656955327988888,0.4594190804313736,0.164151733,0.290964504,0.156521739
0.0060776890530027,0.4541691204923996,0.0337258629934997,0.8444193546826692,0.422700162168024,0.7837078634104359,0.2166558408438399,0.9952392204470712,0.6960903546340077,0.160206249,0.376390126,0.3
0.4545117473617007,0.3507279886818402,0.0392109335319179,0.9911049145962492,0.9120167420156964,0.1159631259514227,0.504906235111595,0.3208400308472549,0.8812408496258911,0.239172152,0.079662554,0.0
0.9813213536823784,0.1828682016596899,0.8925896486007789,0.4794087778316763,0.3427695823652269,0.0672590177122179,0.4796353347890746,0.1378646599715153,0.8288684252261012,0.075312083,0.332984027,0.675
0.7874668170428775,0.9699818941948304,0.6055594813842741,0.1927103654183938,0.7834383417082305,0.3515444061404841,0.7013924633467973,0.306933980481741,0.026263851420144,0.505054706,0.296520343,0.307692308
0.5154229507833291,0.5382430910970288,0.3295372723196201,0.3613182002746644,0.8434174930488592,0.6207291093019747,0.258759171787794,0.0823775101700042,0.6296663474500316,0.138654771,0.617407249,0.0
0.281667432200224,0.0769621320434921,0.940112862246875,0.8466342265031712,0.2133894710651445,0.5939615664790892,0.1495597784554931,0.6562350186042005,0.2768739875542695,0.029307633,0.414661711,0.36
0.7904568232804746,0.482167224941306,0.8873934752781818,0.318493328984741,0.4590008537677533,0.8333597105498265,0.3169854207493977,0.8880505361873349,0.9375628100904568,0.193286529,0.549469728,0.085714286
0.9030888616278532,0.0325179916653195,0.3402882077607191,0.4448149909016101,0.7066356551218244,0.6015998825020324,0.1616027196241879,0.227871618868367,0.2548060475669605,0.071192235,0.503477638,0.54
0.3358467453421623,0.1268403924677049,0.8910676893937481,0.310056905704601,0.5573039165893054,0.7785433387927274,0.2814687368924089,0.3957483796349526,0.4947281779463641,0.084545194,0.409218216,0.192
0.9508191128078542,0.5274660306949881,0.4079605248247699,0.1144893734030922,0.891706098012651,0.853816030133177,0.4271783416581725,0.1508636698778565,0.2424369513839557,0.153352586,0.526350612,0.0
0.9620386443130168,0.6032980242511872,0.3533093257146675,0.1510689388800765,0.3727650866406965,0.2233379579476515,0.49185451222466,0.5445019773410141,0.3123184295168758,0.187729817,0.493102771,0.0
0.7859542634667293,0.2470051551662396,0.1740293998854849,0.1503150212489454,0.0408526185722235,0.0258479638172686,0.7779703376819471,0.8170156333089802,0.2370833906863834,0.171999066,0.138400719,0.745945946
0.2337393010675277,0.9232404005948468,0.5739155415575662,0.5399278230192172,0.3370801319492044,0.3693846074785895,0.7697245783320914,0.8689630711554663,0.276602612753271,0.579995527,0.34124532,0.6
0.1368822105440821,0.2912279338027411,0.636614514445288,0.7989866492394756,0.1686604190011127,0.7800093753248388,0.9754958860964428,0.6146310756251335,0.9139079115076936,0.172738788,0.420495603,0.139534884
0.7089734430950427,0.3603225733609202,0.6300912673911107,0.9286264126315644,0.5017264311328836,0.2573666018092141,0.4878238551070974,0.3668429248227052,0.8299510977251492,0.126293997,0.321693464,0.16
0.9014410841311912,0.102912864598208,0.4510755363495897,0.7435170723914489,0.5487225385400756,0.8122919415957993,0.3575984534177763,0.2121659032654599,0.8659105059081014,0.092427531,0.443433609,0.0
0.0661116213319082,0.2844765319495623,0.1640335823932744,0.7119544195340689,0.6431498643921686,0.1449342964148584,0.3947897238728193,0.2785466711623837,0.6740125803716389,0.109268501,0.138532768,0.4
0.9539583305397336,0.9910555784787886,0.8002850531271136,0.133857626690429,0.3350014132318247,0.1606829336469213,0.8489625485792947,0.9201529347120876,0.344468672784688,0.739251042,0.307537605,0.36
0.96161730238398,0.4671207610132736,0.0741543239062755,0.1840680792754269,0.3356134145785394,0.5393513692363019,0.2661708286343986,0.6845173590459142,0.7060005099894273,0.141420254,0.506036813,0.541935484
0.33833212762986,0.6766370507081234,0.4698524312611425,0.9832359304147894,0.1056593468912083,0.1682439982696666,0.5057155993480831,0.4352376231614792,0.6130087563183139,0.369049213,0.278843434,0.538461538
0.9015544539017591,0.0656400457765811,0.2233208228354843,0.7252236416026746,0.4526530892312221,0.8104996471466988,0.8308873363324879,0.6356194754927809,0.1958756287588653,0.116135454,0.469401731,0.541935484
0.7156700147081642,0.8071589803691741,0.8190751426983541,0.8751695091833915,0.8880714167613255,0.5561028251941493,0.2044991007152183,0.3915624733060262,0.6965106517434364,0.250935249,0.369793858,0.0
0.2483569650810845,0.1239081914863661,0.2513678299943425,0.8945653613601009,0.6957519048692188,0.8545008880647718,0.5059780273559703,0.0431933766568723,0.2280506317256148,0.08901187,0.39610278,0.0
0.5821387698318322,0.9024650717317372,0.5226588241063223,0.6197065123872948,0.5894312466201593,0.4520921661618289,0.6621217573601692,0.7459733538577191,0.764033584639232,0.514135464,0.392244809,0.052173913
0.3899003546104398,0.3505406390444818,0.3216697917270305,0.0973130612842082,0.9341740937953664,0.4538372104696715,0.5397867258664188,0.863982608351787,0.8919529862297729,0.164325758,0.405485781,0.26440678
0.4328980586751758,0.619411853310504,0.4651857693584575,0.3631534372621485,0.8837669672707453,0.7778023579348741,0.3847297057097443,0.0845931822480898,0.2572200000751465,0.183795965,0.3968887,0.553846154
0.9495727039542892,0.5915924060778615,0.6269332048188672,0.2870640327202123,0.6150622792983746,0.3051889668423617,0.3358764657134166,0.3432895360894644,0.8296446749613259,0.194094813,0.422248058,0.2
0.5463080108482179,0.3415152995844924,0.4129297557205722,0.8387553441085434,0.2573744526344345,0.6279619246564853,0.3039104883915954,0.1219391906022051,0.1609335144880929,0.088229339,0.545202384,0.177777778
0.4227326322241302,0.7774239440738261,0.2285205267816138,0.1865992697321389,0.4509900541753946,0.2969796281180407,0.2701047489458722,0.0186722355044518,0.2990286837552561,0.208564428,0.229401092,0.4
0.5187009874812815,0.1841853932152749,0.32838040876387,0.9054529412931102,0.4340285732168226,0.748615749146014,0.8637282648830629,0.2031239474950844,0.3795338663395362,0.119129485,0.375442388,0.0
0.0323422601558666,0.3967941656216923,0.6556769116496303,0.860534894284867,0.2360668253056009,0.0979989548809644,0.3331873124793099,0.3692142068607825,0.2665712431518453,0.131076754,0.021372154,0.0
0.71892795563555,0.2673588585404619,0.3518797485923296,0.0748926608366403,0.1989843741420499,0.0386992941577676,0.4106552328379174,0.1772482202170479,0.1800511687882765,0.07663027,0.166907576,0.54
0.130803129026121,0.0538953391935714,0.6196379892396229,0.4004195377374795,0.3912577977263799,0.6202212623405706,0.0012864697749096,0.2919761532853686,0.1406187523010013,0.071231439,0.231395592,0.109090909
0.2594572580397692,0.3712403205016684,0.4511777990725637,0.6211911530781432,0.2025374675424109,0.6847263918362891,0.5640099776820622,0.5376664834995264,0.0442673795633584,0.190001642,0.363139463,0.641860465
0.1640186889833318,0.0477740967888428,0.375091027702072,0.1788470701444366,0.5991326354230229,0.4478761650161316,0.2642192646629182,0.1106333297888572,0.8758653073548824,0.062921231,0.157983495,0.12
0.9665349379200956,0.0114997311711683,0.7954099894418091,0.3089316797756289,0.6989662490646921,0.8460226059891843,0.3494242717056225,0.1021730259845767,0.93359913193062,0.065598013,0.668202343,0.171428571
0.084335307870189,0.0504795762417376,0.6995074924682134,0.9044078714399242,0.0299477952802184,0.1328232779780421,0.3480839270827157,0.079019725015726,0.7917123131661578,0.071922069,0.046566576,0.0
0.4593808919425923,0.1767453909642586,0.5845441378497347,0.1097182789739894,0.8802824357579517,0.8691557854675473,0.0550681124775681,0.074809601910063,0.3121199266465041,0.098156288,0.511987537,0.48
0.741716402466318,0.0559442708924126,0.8784496070353104,0.9585644268076422,0.6256724109328816,0.862978353227671,0.3593556490784109,0.030435480275603,0.0760479687982632,0.074029294,0.286518911,0.3
0.0465872346525758,0.7592789335306609,0.3219737182507765,0.0927638473089764,0.1559319802495888,0.3357440406713525,0.6789398630856323,0.8588704131917033,0.8357045546766234,0.355064911,0.196323912,0.434042553
0.94677348262122,0.4373257432067028,0.843663914626452,0.7927033063174836,0.7216208703788587,0.3639129567044719,0.5567521390827749,0.8579995216848202,0.8225459565065659,0.211562773,0.522738914,0.313846154
0.9548103796593252,0.1604126257669093,0.2760212523318831,0.3674493816576684,0.5576238872133147,0.1041826211650749,0.1489709565585149,0.5801044734281068,0.8693401889596415,0.073674728,0.249596218,0.0
0.5804664256691827,0.2849815276225608,0.6643843616459114,0.4909911206667248,0.7400366054896822,0.5159115917695904,0.1705974231143588,0.0407706025080442,0.9165405407993626,0.15778024,0.441537379,0.0
0.2517006948291747,0.4530887111930296,0.4335306686112632,0.6903580930548161,0.0934701263932427,0.1437731808852737,0.4642684793282515,0.9007160122513899,0.5822214246039935,0.151728274,0.116800439,0.0
0.9478196551964636,0.6003535599250818,0.5521293117326938,0.0829075929237804,0.067986932086132,0.6042920018053262,0.702475759519935,0.7142010346955864,0.9617590543188468,0.271220282,0.610949939,0.352941176
0.3200602667736956,0.2247576911314394,0.0534930017084315,0.4331935569932158,0.9945026257352476,0.0054049491218349,0.6223785909297742,0.4246601953334158,0.0876715230166634,0.106313498,0.062455503,0.688888889
0.9591078496096496,0.8434257312219956,0.487065575583273,0.7523499390372037,0.0006979296186516,0.4360809677902171,0.3948828757627846,0.5929679966151972,0.0757837384428633,0.246299329,0.383607945,0.0
0.0398645759206328,0.2729486271892875,0.5276854671387424,0.8438862687715283,0.9372405000767748,0.6679662673184745,0.750939946100375,0.6565431317893858,0.9186499784376768,0.19495758,0.198551191,0.42
0.2720438902202974,0.6219203828197023,0.1072675379955896,0.0597461533476962,0.2227615254777804,0.2685312347467984,0.5484692729092155,0.7606791904262002,0.6226689530739721,0.348191627,0.268942317,0.272727273
0.5919315366882982,0.1826181846443472,0.9217554698518108,0.1139205658978962,0.4982742483354209,0.4485746733343372,0.3347277485849542,0.2604753644965345,0.2049101756045611,0.109234831,0.465138996,0.24
0.0882659010122969,0.8316950377267248,0.7371926397413784,0.3007826491968632,0.5954637443672074,0.835124289887591,0.0088446464066219,0.0634904098531986,0.7874448368242197,0.277057656,0.25176186,0.0
0.0772062000231562,0.704011412201435,0.2194698577754291,0.4614109084949411,0.2167521620294443,0.9810209497796768,0.8399447890316106,0.0709853279946023,0.94804902427101,0.340154969,0.351373824,0.0
0.8402736588465901,0.7520668822420331,0.2870943428570178,0.4035866885623649,0.3128511370875121,0.9458843269764844,0.1344976061793795,0.2750195643971069,0.3648658685397982,0.188913834,0.588872221,0.218181818
0.6333579742357577,0.5272042459372627,0.666564083102044,0.0680506921572255,0.6264304138387191,0.0050866095017353,0.7999577383152399,0.4227113338051861,0.7292168842497226,0.253248139,0.08227703,0.45
0.6825149976578978,0.3743886376728477,0.1276615881075514,0.3299217246330518,0.0878689835850231,0.5131307363748916,0.1098501857322683,0.9230640105380088,0.0962323062135386,0.11679404,0.3947352,0.0
0.0304933460362887,0.9845091221589448,0.2246269034986338,0.7945929488179898,0.6117529780566959,0.6886785241528973,0.2896672815120482,0.1774673559019119,0.343234731280678,0.310963123,0.260735805,0.0
0.6296023472221514,0.9224980957129794,0.8612955385397711,0.1560068658734821,0.839269118086152,0.3899623505948149,0.75622234491546,0.8287822695065843,0.1618081983311995,0.453244816,0.419223668,0.446511628
0.2905851920908561,0.0627876927661714,0.7714574453144036,0.4341974218229694,0.2689517996663243,0.7635410520915863,0.0694240427329092,0.6530948180253671,0.6794462158023734,0.058480388,0.406723418,0.0
0.9049959660594372,0.0956572811740656,0.8920182171136919,0.2505258927177556,0.5377628568308672,0.9243626108187248,0.8605291336764606,0.7487982678267513,0.8769297180295741,0.123766273,0.65194096,0.05
0.240553014662846,0.8192298106569238,0.2610679665957891,0.9361651846924433,0.8693772341333807,0.877697896190414,0.9703737875175532,0.7806141162119662,0.8329980276457938,0.618543419,0.417270544,0.052173913
0.0903600571539415,0.2834456021018569,0.4467242895569653,0.0194657756572139,0.970121591756922,0.3793905456585555,0.4255828445788761,0.0710556385541983,0.2593943614303229,0.098629279,0.208647203,0.436363636
0.0164910861058127,0.1923370965063048,0.3222890133703047,0.8812861907618421,0.1346052136945904,0.226112268479574,0.6673785807240518,0.6657977734395858,0.1852558364348182,0.131631656,0.070017505,0.0
0.4424403995224826,0.4421033215346677,0.7763059422620416,0.624164250995757,0.6850462632578874,0.8855694001243611,0.0178943237214532,0.3031738109518161,0.5193652165801212,0.16815687,0.440884196,0.0
0.4208340745108411,0.6277358265406052,0.9552479272784234,0.7338322971657465,0.0509963677307235,0.0491341910595101,0.2959418907387141,0.8734558385003403,0.923772001451427,0.24565844,0.135378444,0.6
0.813523657838601,0.7111106904636816,0.6162319202886463,0.913593604624571,0.0046689738467732,0.99966058434105,0.5251063584898322,0.7125151473995656,0.7007737323225153,0.469874679,0.591827068,0.0
0.1687674066291831,0.4428988498432564,0.6221770835193865,0.1793350560611457,0.2181957603527116,0.3772181137871838,0.579956212662992,0.5766622279991868,0.269234653789549,0.229765738,0.201015899,0.12
0.8514266333371048,0.9470630519769406,0.6092717427537846,0.6558520867454148,0.3600493661398584,0.4042994453431496,0.5817713202343345,0.2065977260115943,0.3305375954357674,0.550054118,0.325572296,0.158490566
0.9622782937688557,0.5239817255636098,0.1919579602232203,0.0810696508833237,0.2668533334245663,0.3205111139584783,0.7207501049517925,0.8947228738872555,0.7655147152798889,0.257864777,0.554044132,0.225
0.9802583844572847,0.3437557825592913,0.0700843138833623,0.1941401307260758,0.8620655448135224,0.7103953958784178,0.3853296030028867,0.6987116193365005,0.4054255248215136,0.097561738,0.431126934,0.0
0.4727653240314878,0.9987291819411224,0.8345047803940949,0.4225600369552665,0.6243184118285068,0.916251258351472,0.8516184131651341,0.5989906063832164,0.7540148593004176,0.572696408,0.61446738,0.0
0.3244168816292178,0.6325562616639036,0.9797127375948094,0.6143081028980968,0.301609288552348,0.5304171417921615,0.5953689552016654,0.038453327565315,0.2943107350011269,0.329507364,0.449522945,0.563636364
0.3538078858404123,0.6533590519492838,0.6921797440665961,0.5615952407062036,0.5071042318440396,0.6520257087882247,0.3542940237180649,0.9254204999877982,0.5545994624824807,0.235252043,0.520451909,0.0
0.0592458035608468,0.1978907410448049,0.5113508712122582,0.0961511061453956,0.0256881662569623,0.9213866647935288,0.588697458387947,0.0754248202877725,0.1523876797157333,0.11126336,0.350206532,0.251612903
0.9071839767814626,0.6477276289502811,0.4024102105616922,0.949420468196722,0.4909685868207397,0.6985265129182269,0.6332366631114503,0.2742230593805471,0.876826497526701,0.321031755,0.470918748,0.0
0.7088269554685352,0.753167229008949,0.468005736543932,0.5208365910741796,0.7955457324383665,0.7133648754747466,0.8554097294638333,0.4176253857909777,0.7080453121634167,0.448197347,0.457824094,0.3
0.1434180375900402,0.8265205691623483,0.5420753586684609,0.8245349598527757,0.4238589350460965,0.5519153908312383,0.3727942668268021,0.135265815592775,0.9572514806289716,0.400221272,0.177725313,0.0
0.6745312907307432,0.5902013430620469,0.0470683794905255,0.2156014295799976,0.5013390127095024,0.9809487425873248,0.8864204841290562,0.6207916722654994,0.106682155146472,0.295659171,0.419956194,0.6
0.5033417040526221,0.2917189093063934,0.5962023894226405,0.2485841348194447,0.7029481592749084,0.6818563071337586,0.3920148883052359,0.2304250312694271,0.2111120163549782,0.13731808,0.257211617,0.171428571
0.7020667528197212,0.6152076877419409,0.0498423058252655,0.5248113213388681,0.9764391287266104,0.4700598806402506,0.9266403315737608,0.5231073132500264,0.9227472417790152,0.336525284,0.477747231,0.127659574
0.4336822617521254,0.2725346015722615,0.6501704185610877,0.4983063226349506,0.5269170893298085,0.704204424181904,0.4816268036014757,0.4267250533946367,0.3590426470408233,0.13751292,0.264611194,0.685714286
0.9797271742966498,0.6694687476791055,0.7991153197829821,0.0656565636033919,0.1034985213660036,0.3403525786416235,0.6601461719203331,0.735638597285476,0.0238706485610463,0.376718262,0.246454087,0.646153846
0.2083802838276559,0.3164588113895142,0.5815091070949873,0.3342234233992704,0.6499495498113269,0.5252689459593552,0.3628787676260756,0.3880652364624715,0.9131111639812336,0.094453201,0.342407026,0.171428571
0.8680513139168514,0.1463830532635965,0.3713947942161205,0.9641459066819305,0.331250130840754,0.352657496577388,0.4906550088456132,0.1577374613876455,0.5503151078081332,0.07860176,0.44308672,0.12
0.7443377824418016,0.1522427980937488,0.0263198434622796,0.0171351711184476,0.8912424974677692,0.3769411717876801,0.8328710234679904,0.7728483296552192,0.8056408263593636,0.122137936,0.515002055,0.535384615
0.0889682189871646,0.8004997617914417,0.9651207523459664,0.1472998202801183,0.065652895300565,0.8755846847478126,0.6655890741590399,0.9811038896399366,0.221354469827776,0.516006648,0.348506847,0.35
0.902365611854416,0.0199799383385402,0.5757486729744418,0.2496328345695959,0.0781453728306896,0.8834071409740583,0.0839011922715218,0.5241587882943879,0.0348751336775846,0.06315663,0.552405935,0.461538462
0.5198771732914877,0.4938276419183791,0.3046410185133488,0.6265124652655418,0.4768154175630681,0.8011578491826961,0.8914479024747344,0.3898288436990804,0.5284257970200987,0.239334849,0.473849849,0.181818182
0.2556767092144263,0.4500835837495899,0.4428697340668505,0.3591146081442053,0.5552532180964103,0.6741484173617525,0.4576376555947314,0.9829842739330744,0.3958900779415244,0.150651073,0.34012958,0.12
0.0412275336740148,0.3543990615708341,0.0556203405998775,0.8738107510007931,0.6208487827119445,0.279755650943602,0.618335360025825,0.832346172982106,0.4244994000951955,0.178819784,0.203575271,0.548571429
0.8447988780711897,0.2210717919288779,0.0659086000935822,0.7944287358597255,0.3568868924886337,0.578793938061496,0.1442101370513436,0.9670665544538236,0.9153116305204164,0.064072938,0.472237908,0.15
0.3571304194458353,0.0160317545433608,0.2360082178968117,0.03352221238854,0.7399075467922486,0.965989358415013,0.7284049424102075,0.5814187180090434,0.2687373265690082,0.086514214,0.443044194,0.0
0.1380783337800877,0.8682570052498852,0.9863337564381937,0.3816578731345077,0.5792898169184354,0.6836345422346131,0.6591182074930175,0.2831851729354407,0.4720943127658595,0.636003594,0.368030523,0.753191489
0.4910658069010898,0.2410385429330647,0.0170578044493273,0.0140567635141046,0.4353908017480944,0.2657154180472967,0.3589348201219278,0.5387915234888211,0.7924071534369661,0.078298816,0.350788759,0.6
0.784825364243731,0.7218990711525048,0.983045517209426,0.6400689515104198,0.3077453700957437,0.7486787037158681,0.031303192867931,0.6295292055127518,0.2860976372292163,0.245617179,0.516902704,0.378947368
0.4682554323750263,0.10027155989881,0.3553388363714503,0.8864946888119393,0.7151163576914108,0.7645755803458767,0.3017933955490458,0.8706152989416672,0.5211224743963347,0.044903046,0.270331943,0.2
0.8272298705376611,0.7027748417860362,0.6086120619666211,0.3587645460594802,0.7904903145119726,0.2035545473846494,0.0317222294758864,0.9507224500610042,0.2582923021176568,0.289039615,0.343786663,0.4
0.602879242778252,0.4198541886519074,0.7783736750283713,0.4409570561176636,0.5820931473007085,0.8647731385014301,0.1060701378509427,0.744689630214169,0.2774510733138902,0.150055769,0.517080367,0.2
0.2944372785148166,0.1701603111282034,0.9570784914743417,0.917276305659541,0.0435275308445253,0.5144286760189146,0.3941404951763582,0.5762866412789316,0.6254059977802728,0.074931995,0.224479092,0.0
0.8141901183717407,0.8455364135259776,0.8450597799836065,0.901588511832426,0.6256881479432818,0.1138794324845212,0.0896115639329765,0.1849947639298108,0.0051759590507761,0.324098623,0.289005773,0.703448276
0.929084002117905,0.1223839337568115,0.0195188613396068,0.7079360772735409,0.0499864428634531,0.5712296274741112,0.0492387168590237,0.1942481914720288,0.6290836225023326,0.063191731,0.450409646,0.4
0.9791487055647504,0.758902337071073,0.3596644462131643,0.5272020824546373,0.1662395767971661,0.1056977351576817,0.8800865446645652,0.1589299254783535,0.5384473349550511,0.437119564,0.298905023,0.4
0.2021158813970236,0.4986103484469637,0.0622583595938381,0.6187894841903236,0.6763977665786588,0.4846691338181871,0.1476545810793844,0.4493406300842366,0.3601622204521559,0.121286204,0.536387033,0.0
0.1709655333982203,0.9944966280104705,0.7728765900598626,0.8701251931725371,0.6984311169228209,0.7320677205752838,0.0039368127481596,0.6557875843849427,0.9531031061605496,0.54751205,0.39569875,0.494117647
0.9206648622715172,0.6520893750895487,0.0625272637338941,0.7579875092347024,0.1674585961031743,0.5481363266060251,0.1280167007870997,0.0489541883556713,0.3025560232569066,0.180015218,0.51422951,0.0
0.0749084151441673,0.6568387872807132,0.4711250874435144,0.7013111015833806,0.546099365559099,0.3156406791301932,0.8501743873428841,0.5010619729013215,0.4530194914347422,0.515515052,0.248199572,0.767213115
0.439595431372751,0.9886481751593548,0.0808621272005115,0.784749654514407,0.9820092014448314,0.8556861175183611,0.3079074338482118,0.0784898861320629,0.2148686711822945,0.415824559,0.405487883,0.3
0.9100821036001684,0.1380212135462081,0.5220323903833184,0.080473984052555,0.3196266808498441,0.545796197154143,0.6365242953358254,0.0473759997987199,0.5485814678344583,0.119848036,0.566339083,0.48358209
0.6574624113946512,0.5643151995122204,0.6540687368487517,0.8532353103442132,0.946267687349309,0.7003877417645775,0.3028619921690342,0.9787594053620124,0.2765219121864309,0.180293674,0.309456238,0.4
0.3091974341524495,0.2097732449543096,0.4102033087913334,0.2482559853410942,0.0673563790966366,0.3947635899741935,0.4796227494930516,0.2476487490958928,0.8552871289505511,0.087245436,0.349360916,0.626086957
0.6908961995104974,0.4763248288436316,0.8024532072673813,0.1276067885253343,0.1099972161377722,0.6297563506800097,0.3618836978648968,0.3883999570462955,0.0523282178546945,0.135280771,0.457938857,0.375
0.5692047961523228,0.7762229287608816,0.7541753369539617,0.5379173940087447,0.9164245666517914,0.42105044940093,0.3007712704225637,0.8025987559706312,0.7835596746570771,0.349818657,0.519017918,0.577777778
0.576892821388497,0.4249776139528753,0.0852330250011669,0.9371092433568954,0.5597843176731637,0.781298114216743,0.678854198809882,0.8332460968621874,0.6806096073762297,0.230465473,0.516483979,0.0
0.8537840420498616,0.2146189652232147,0.5547063202012837,0.7240409251402958,0.5000060715422168,0.4528261176897827,0.2828488041326166,0.5568263841697735,0.738770304593244,0.089359493,0.458253064,0.126315789
0.8659941731697889,0.1099285939565385,0.1276737414926593,0.419201610778814,0.643296755003027,0.8544769450472237,0.4485809855324779,0.2463111317534994,0.0269944871021037,0.040444845,0.204131408,0.266666667
0.0175810287279797,0.4324130331268609,0.829382262639288,0.0361919138996806,0.5129736899440912,0.6149725147872755,0.1888483987970901,0.119883843235826,0.0624231183639696,0.073741399,0.139671147,0.4
0.652055682708043,0.6731361182159084,0.9808887560083964,0.2364978351254434,0.7726629135740211,0.2483317241007298,0.4894801408472167,0.0503337405442747,0.7329783130365812,0.28901971,0.364152568,0.64
0.9785947085811147,0.8293224065637282,0.0387111691042701,0.1676981967863533,0.4515522569258851,0.239934969989831,0.6090963581767082,0.7214980761094434,0.1633909421750241,0.350604597,0.417032038,0.031578947
0.3879862066677084,0.941831962846108,0.5743293320144003,0.7170031371845833,0.236855596297651,0.3754845152198962,0.3092253179738689,0.2505566890713674,0.085725814676689,0.252486126,0.2966868,0.2
0.9031946862766124,0.4970064079020559,0.6050943852566677,0.7285078219640867,0.5026785485590372,0.1521836827777565,0.8738966093749753,0.4803388067915665,0.7156369207567622,0.230445692,0.304459531,0.318072289
0.2997407193802698,0.5639180669077154,0.5897677630155058,0.4771209090353824,0.1158309105289659,0.1690701904619179,0.1157717791505209,0.402335204039641,0.0819154775671595,0.060009944,0.171231241,0.4
0.3605682722047706,0.1944550309354019,0.9725261326115604,0.7040063791611508,0.7430123824787374,0.280645903795047,0.3363721524708772,0.3441683923548607,0.3917198225326272,0.073543829,0.43088909,0.685714286
0.9788525936785998,0.0588640321431218,0.4749782140331792,0.3449708352479532,0.8857680142430969,0.9536001486119662,0.5317322416814708,0.6935743162444991,0.8853162448361703,0.118835088,0.614556292,0.12
0.2611113079577123,0.1751132696861012,0.0079622586618249,0.8535794089813455,0.683299696607156,0.489120818679911,0.7735194215745317,0.1025535739429928,0.653520165715831,0.128116901,0.310281404,0.026086957
0.9927017600894376,0.2134786142270837,0.1985233900006495,0.6747924217693658,0.3556004017286897,0.1353995111316212,0.2096074644152566,0.3798261903391773,0.1149344391460046,0.091148056,0.228395785,0.15
0.09427552865732,0.1492400087531147,0.7371710336059796,0.2513884894443577,0.979313231210458,0.7306612795191699,0.1311205672837631,0.67417168626879,0.6668231547003698,0.05588965,0.23640231,0.0
0.4684500248692637,0.3504293107515146,0.7933902520688958,0.7276744546062323,0.5664773008390351,0.1238748076907251,0.3028557843778696,0.7986196266784383,0.0393527434390513,0.097620184,0.212548598,0.384
0.8511246240450862,0.3767786229362938,0.6497016541861688,0.4956328978362945,0.7323156061345885,0.5801978955579427,0.7024536085360791,0.3729250416094047,0.1774918154315092,0.209103255,0.472443869,0.587755102
0.4093283676584397,0.7427349955882318,0.9020679910203538,0.7046540120620797,0.1558382367965127,0.2437385701696401,0.1784726351631305,0.832536515684175,0.3336815049253033,0.191872407,0.196244699,0.0
0.5106909363860989,0.5458803716461141,0.7107593366026697,0.0407903261390755,0.9172551825963756,0.8458639942707976,0.2618095090783465,0.6159304755542135,0.9986769490294508,0.223199023,0.588274234,0.24
0.238941337830171,0.2141082059077501,0.4818462564700098,0.644918881922762,0.442776495807446,0.4354598123567615,0.8762141445282613,0.5410277891155499,0.0874634458876473,0.153677554,0.24139563,0.16
0.5095055517736414,0.6386308187323441,0.981292769267474,0.3899449222701021,0.4637419958064416,0.2322782006784282,0.2639095295684177,0.5870207629470802,0.2538426225392607,0.221129808,0.205860689,0.171428571
0.8849356687924149,0.429299757976844,0.8236127057289994,0.9872374263395336,0.0656724793714219,0.7112735095078501,0.3892908440626665,0.321717263128891,0.7353850908099206,0.143944297,0.454878753,0.528
0.1041212331332858,0.6508495630783233,0.6388524081561898,0.3365481731732431,0.711648378687601,0.4158786491061377,0.8053363871258893,0.4953869240182911,0.3082917839015525,0.405462642,0.152030904,0.183050847
0.5125747417734917,0.5977975683746346,0.42395062002023,0.1343368522180434,0.4860814490306576,0.4276694134982499,0.7651070403261659,0.4646659287014028,0.0242627467402785,0.265885393,0.422950339,0.654545455
0.9548052165939286,0.0939872989937506,0.2434222464543614,0.2310921072123973,0.01844805149103,0.6182647080412605,0.6606072740622073,0.3361182665879324,0.4298581286463567,0.103348952,0.507462566,0.45
0.035516960994148,0.3635225472523672,0.4543809820356834,0.7410229906600178,0.1759227543024402,0.5658341900059186,0.5608716301651567,0.7907916730364799,0.020652731486163,0.169434857,0.201420253,0.447058824
0.2063792358996201,0.4668150114384052,0.1242548248634269,0.4127758947450469,0.8652262204013044,0.3462140490693053,0.3196305867451512,0.1813249517173956,0.4630867220880748,0.073303219,0.159770622,0.0
0.3722628002220781,0.2323857005672821,0.517438333872948,0.959318858274823,0.9229198285580248,0.6852175738147659,0.9655259474889666,0.105631936319373,0.7521405192503186,0.151664046,0.471969473,0.109090909
0.6013722579414799,0.9658915669812306,0.9937523809545196,0.7914515930768,0.8503844887992325,0.7561548885707942,0.5506604126378413,0.5774283202387503,0.7753282968386577,0.783424734,0.553421327,0.358208955
0.2277746634200401,0.587016275354054,0.7884709141304902,0.6932545257912166,0.1185472931325909,0.6937468141443769,0.4717460748160865,0.5572403112212975,0.1346028535494113,0.266976873,0.292522638,0.266666667
0.1461701985540099,0.4720270937969566,0.6057719074670791,0.3634330882454181,0.3097878376924818,0.8840684321345268,0.3980930823262064,0.964248663237282,0.8801865882424896,0.125431666,0.21912062,0.4
0.5254567106336481,0.2566085982349726,0.0741570238934603,0.1574436277589719,0.2985513160480598,0.7417408188338076,0.7456787731414394,0.8150511384545384,0.8948063856205499,0.123208713,0.500626964,0.183673469
0.7041984626783862,0.8439137635800897,0.4704834679149929,0.9242053828698434,0.5257975261292561,0.2601529388837938,0.3542575239656267,0.9531447176487764,0.027475219001662,0.406126354,0.203313707,0.730434783
0.8676150811039487,0.9211752427063764,0.0747194257329691,0.3428829063373596,0.0895632542251227,0.5918966327928663,0.0713135113970093,0.2183840379508571,0.2604342462411925,0.314151678,0.626691916,0.54
0.0160520817858319,0.929004014467888,0.093541657073834,0.5854279056289445,0.8047840084352061,0.5038583647042727,0.559375313742023,0.6745458887324987,0.3884910344578128,0.499081826,0.125250844,0.0
0.8524921101944943,0.7041410357498855,0.7211806689058927,0.7673295440338901,0.8794304109690324,0.2106669116206889,0.8404180290813046,0.9769639312256008,0.512348235880791,0.37490222,0.385035811,0.416326531
0.8839393884981489,0.935533101269872,0.2293491862590547,0.0613476270173759,0.5040126479612422,0.4746332566028612,0.5318433837059884,0.145511678944148,0.4152243072481657,0.529816058,0.560511643,0.606593407
0.1182613806540407,0.831380339476019,0.2593860078200807,0.671284467434968,0.2783480544309805,0.6202428245707512,0.1456129411711849,0.2203177580999334,0.3614871272355622,0.316336166,0.148667233,0.0
0.1738962399096407,0.282775156684219,0.5075164995898179,0.2759628089222122,0.6038879924987325,0.1655671536641314,0.3885712468022616,0.0033060256939524,0.6772613892489706,0.129118283,0.166140413,0.45
0.4704778242657566,0.7542532767937925,0.0472707395592069,0.4435783492297203,0.8903087601566778,0.2156488822090793,0.4992770040319856,0.9942491091219388,0.6398194924945034,0.23267763,0.400884874,0.6
0.5464892673862064,0.6281154666228738,0.6846193561986276,0.1873691463069188,0.7836555780723068,0.8241792514225986,0.2956089667922537,0.518584028193075,0.4087077460482764,0.273578082,0.510791219,0.369230769
0.0348850016249613,0.4642325386695105,0.6477849061932711,0.910983272872292,0.9294384088635198,0.0011724268199608,0.5041083600934396,0.6315187404441306,0.2958522751877537,0.218059146,0.015812746,0.571428571
0.3361827356122444,0.924643254260178,0.8848146943644498,0.1869628166410691,0.9945033692561008,0.1530019959815383,0.8422083680699088,0.1120627437788889,0.9841919283314828,0.555334753,0.334976696,0.658064516
0.1199185657024224,0.9895533246978168,0.6094410025974399,0.6944643376229086,0.9847075786186812,0.3396947274477236,0.166818944239826,0.1916456310055705,0.3304541657121714,0.495669396,0.170701184,0.0
0.9867954352419958,0.4655584019192519,0.2101296341186335,0.902548484796623,0.8500019605955055,0.258932563434913,0.1526452877377037,0.9307595368265996,0.181457649448281,0.168602162,0.417875895,0.685714286
0.264418020855895,0.6255160108384233,0.8475801770430363,0.1097865911806866,0.9684215443579492,0.9349723136455792,0.8891844354207361,0.0413627359058449,0.6545454089854492,0.356488316,0.521147598,0.35
0.7626764268871963,0.0257602687187418,0.6733271085853063,0.6751039953578811,0.2710691740913329,0.00738536535663,0.8824050642630301,0.3268781119994149,0.2654406639164078,0.089387972,0.102125172,0.621176471
0.8117842928632345,0.0589296008867298,0.0203030131045555,0.2626659914316189,0.272639409109592,0.4518411127747852,0.5019786545295253,0.0235262008129482,0.7563135011639229,0.104639151,0.489145964,0.257142857
0.5693695046874371,0.4949082744310097,0.8851578736267908,0.0631324494409597,0.7534085410649963,0.614516851897512,0.6516852374219745,0.1305515762952744,0.1068461183692699,0.295302418,0.447072046,0.756164384
0.8317498415582664,0.7760661247171139,0.592889924894454,0.602605586011881,0.6089029070728421,0.6842120789086023,0.5669749864027085,0.0473080279582098,0.3722359882254233,0.43390352,0.526934671,0.488888889
0.3617348037144378,0.7806037817028427,0.5091075369946798,0.9156368602125124,0.4168974672176523,0.4815147701240829,0.331966730729316,0.4673707117224572,0.3314073349999682,0.329706159,0.371101531,0.469565217
0.7042951893046938,0.7704407073108245,0.3480090022264712,0.912345377807845,0.0847250608906803,0.2601190779136133,0.4868345882215693,0.378902941986538,0.0986497826909059,0.2066395,0.316603754,0.525
0.0902982905135937,0.5566162547153616,0.7780871104162786,0.7723706917714431,0.3704848296127389,0.0580276410686483,0.0357829274619743,0.033966708470591,0.935480204335156,0.178367609,0.059550657,0.266666667
0.2018435005455632,0.4900528516129546,0.1326681411040797,0.1519441920686897,0.1428327510346988,0.90742498342867,0.5977891764364158,0.9097520416225,0.8080572938554779,0.263069347,0.519268418,0.422222222
0.4761249442024404,0.5159334399089809,0.2665707537206985,0.3683977411546384,0.1446918101781628,0.2472604507644925,0.1599223803031849,0.7595054611811924,0.8798309206066177,0.215696645,0.410881745,0.6
0.1310785100923938,0.873663205623059,0.1914515343473343,0.9367492971223208,0.8166476316054256,0.8083609295107036,0.6021155634992216,0.2543641710310161,0.0501767744940911,0.445510147,0.293129433,0.133333333
0.7888219065431888,0.5052217197957245,0.5752805224283328,0.8835388226172584,0.1999352170924078,0.5249279819194781,0.0066410253772438,0.633751610079556,0.6699156123135775,0.197053469,0.393488112,0.0
0.9247368941574384,0.7785447570858294,0.2013556466822372,0.3096886580299925,0.6708312379371345,0.5682377912414085,0.8548155997287309,0.0352767190897717,0.6270261992755349,0.53098102,0.407150754,0.137142857
0.9108577984990528,0.5738088016828331,0.7388497889888495,0.0748617320680151,0.3834735340837366,0.321718271234407,0.3996194725743552,0.0782607176838012,0.813966740092959,0.190200714,0.376082774,0.109090909
0.5611716916923869,0.0262974125049751,0.6731650487385771,0.7804052903014757,0.5957844805524525,0.1957559527539476,0.734838932110327,0.1763515759431879,0.2528894921611565,0.085251452,0.222455283,0.0
0.7715099428693717,0.9810253059612885,0.9958055460420364,0.5803745637166092,0.2479394063173552,0.543751259806459,0.670116582740846,0.8357758649026005,0.1813918805808403,0.71411332,0.386626857,0.2
0.5876834980410807,0.2749296172154611,0.4946772729943206,0.324473263568428,0.8336272927531633,0.3261995055015789,0.8938933147180947,0.6107677656603223,0.2523046551824927,0.197965502,0.421294586,0.756164384
0.9936578597481538,0.8873862017348363,0.7445246223410206,0.399100435409916,0.015312136106062,0.7110406212171599,0.6262527256744544,0.0688351867059704,0.7385017153916691,0.52587248,0.512998899,0.252631579
0.8436520240589154,0.0907461006840277,0.7015696781380305,0.0924115263270327,0.0528462270801327,0.205934730379798,0.6160874240493359,0.9575125928988965,0.2912287019809055,0.133759561,0.46093231,0.55862069
0.5854297563089617,0.2554200478585395,0.7172400577668774,0.0579122019788963,0.7692038307002528,0.8553573414406155,0.0725177612556716,0.1473735201646214,0.5325042143091553,0.118453162,0.395908134,0.3
0.506338191555886,0.5306065230067196,0.0655111514772278,0.924478991742254,0.3520885370044968,0.0360237960701901,0.5070227036799243,0.8472502976163057,0.9468763371983684,0.231461132,0.106870095,0.106666667
0.2140459615106381,0.2722612188492065,0.9691052307638056,0.5410303707889733,0.107854762015641,0.7435394414332609,0.8578954433508241,0.0959470342228474,0.9916074768085312,0.224550831,0.431058291,0.654545455
0.6842058857791107,0.7420581684476845,0.6636212316248142,0.3855422556542929,0.1458934632764617,0.5131608119274194,0.8109826922485996,0.3319646644733847,0.6761258191591917,0.574731125,0.494926013,0.672727273
0.4820101726654024,0.4074817744924707,0.9184784802790678,0.3344490253166017,0.0829060608729368,0.4142478673411437,0.8297690297024143,0.9653622242739012,0.959515413769002,0.251119853,0.41145827,0.144
0.1828072805020554,0.1589005598300421,0.2977109889133141,0.0054242713495769,0.643155620230584,0.2783269077023167,0.3821440457266324,0.2207032588476217,0.7177233141892294,0.062505745,0.389854157,0.72
0.4351303314204897,0.5757168145754034,0.5440150839903776,0.2214271921798097,0.832595361269781,0.7413646373976259,0.2490013009896985,0.3229253765906468,0.8486872425659605,0.173711141,0.476190619,0.0
0.460515859734838,0.5905050489542635,0.5552961184700637,0.7269560932716732,0.796698903186519,0.3304714946215791,0.2750294229907782,0.0837989761422939,0.8907842100925544,0.303777298,0.178512454,0.0
0.1839997725443969,0.2095931646469991,0.6290538157675218,0.6082568801215342,0.7516052023235638,0.4242895762623545,0.8585218258918935,0.6047853821028119,0.3111700142690361,0.151987487,0.269228291,0.28125
0.2577030684930808,0.1430647492011908,0.1151012499369621,0.0483420270344006,0.2193076918264882,0.9658837258780248,0.3857282469200087,0.1181586559189445,0.99348832329667,0.062810177,0.566045571,0.36
0.4124059268397986,0.7914131534122961,0.2127445932181922,0.5248254229573558,0.6176841307807265,0.5210880060584251,0.5857697034503605,0.2184262713403755,0.137597195129545,0.313304387,0.37868263,0.123076923
0.212614033193943,0.4710506249182578,0.4685737457814608,0.1298295521491206,0.5402788821672835,0.773561516261562,0.8928879380659688,0.5050117872061378,0.030161700681218,0.213060841,0.321226145,0.677647059
0.1021088836615625,0.7687661856026168,0.5439476740953813,0.1834342860856722,0.7506544802520094,0.938709417408501,0.7274607529108831,0.744902882417005,0.4157287734145573,0.558790076,0.39570848,0.063157895
0.7818622911518797,0.2310947512220083,0.507347640803898,0.723355435919187,0.8746628920388393,0.9748853953607504,0.910138291498843,0.6331272221744298,0.726673703859589,0.145913395,0.582430857,0.487912088
0.63357094062594,0.2365703622648445,0.2570682548189084,0.6566206981535334,0.4496773102553634,0.9234087274369996,0.5296378799410523,0.8399713379457912,0.3942882963263119,0.131159197,0.509864057,0.104347826
0.4994618932797064,0.0241533309510253,0.8202652018140515,0.6073578733477337,0.1599951121615279,0.8709962813052882,0.7562860785413663,0.6036314138162874,0.2770685814783049,0.127113266,0.490943658,0.43902439
0.4886710703154326,0.5570864841524785,0.7088457606680447,0.0229445116423853,0.2771826727559197,0.6788948012374457,0.7748713893103563,0.508239636360795,0.513558232776337,0.34617418,0.45951292,0.05
0.5270067835880996,0.5810522525585688,0.9033236553246086,0.2085470184391729,0.7809746662681653,0.3238829513948539,0.3677080997782946,0.0499399592736162,0.0740692317726378,0.218868066,0.238042018,0.36
0.89684517297341,0.7712682686946002,0.5262707459160183,0.7472349322957123,0.166623803645445,0.9054674533351508,0.324766126024996,0.3484780605927653,0.7305493003014114,0.33200736,0.532638733,0.0
0.7987985272609371,0.8494920235446827,0.4022526438329621,0.1579194799490201,0.8277441786780929,0.4310193170345858,0.6084848065964509,0.0015945816074478,0.972180173281592,0.528990668,0.456551605,0.16
0.1980481237704368,0.6704596984415375,0.637796939424645,0.4072390109769067,0.4848111273046389,0.1235920914286577,0.1588403008895139,0.7311079625209681,0.425704823819782,0.257382137,0.123962894,0.285714286
0.886480300237304,0.4874045695810538,0.533130052542445,0.7366190147448626,0.8901812463162726,0.1314488425801934,0.400164145131538,0.1810574474338803,0.6519681403989098,0.152647618,0.3475183,0.266666667
0.801787430760629,0.4277331775908899,0.3956662931959138,0.4553292114664503,0.0686002430253625,0.2962220146428633,0.6298450016849089,0.8058103911755548,0.7075576130062906,0.267536459,0.446054094,0.496551724
0.5402850577275063,0.0042999978629815,0.3133363026724723,0.9034348366841356,0.7906326116944243,0.1343071705853221,0.6836211898867719,0.0491768884737773,0.608905381929035,0.077848921,0.225107462,0.260240964
0.5788643672932698,0.8839626613629877,0.9065218242026312,0.7972703614503106,0.024649350887687,0.8471861820809272,0.8853736800497772,0.076220637593234,0.0022841112362729,0.578722792,0.248510305,0.735483871
0.2522632349276003,0.4336089201530879,0.2020059412823804,0.1259138372629267,0.8112870550355457,0.7272897080611929,0.3530861675622408,0.1245918012185368,0.7562654422013403,0.155240741,0.433567917,0.6
0.8827796217876246,0.9813311172491362,0.5379827494380387,0.9619864402913484,0.2130714002999162,0.1000352563029312,0.9728200856865576,0.2108845897268261,0.6371399391259781,0.681964094,0.349236622,0.357446809
0.9312501929395864,0.1637624300891667,0.2780233100988242,0.2710366459124536,0.4366538145966273,0.4127392317536797,0.5503426098791452,0.2575749416236701,0.9675097611971124,0.154804825,0.370645408,0.485106383
0.994510555706524,0.531721448453993,0.1861189684900873,0.6595428070358975,0.0113277766722438,0.9818035545246784,0.1525220813946655,0.5383871362220101,0.4635578006382456,0.200893672,0.711316546,0.133333333
0.0947069506005228,0.487670052257945,0.563055187072677,0.4433867025301441,0.022059624720463,0.7360984923232069,0.9825504156700152,0.3962979847448905,0.5179406462139783,0.269075517,0.360507848,0.082758621
0.5970554112163163,0.8759470682526641,0.9697340494942464,0.3764548571881694,0.1632924533487246,0.6821743885674185,0.6483211356935208,0.9275883176772308,0.0483541910298698,0.437532888,0.414838476,0.384
0.6262649233660927,0.5199081531969724,0.2608856193194877,0.133061134128205,0.5332756628587075,0.1330070930511629,0.3232744169569415,0.0126137394914264,0.6087517205077382,0.188702153,0.271549281,0.184615385
0.4436972239927359,0.2690510322134006,0.0752372090903958,0.9796637106237832,0.2148399160965941,0.3367086898079999,0.7756869719988135,0.7505186312308145,0.6152466102706879,0.141524599,0.323704047,0.0
0.4641293664201881,0.0952118499680687,0.5288927406025381,0.6011605536947815,0.2722497389205813,0.5254605611069021,0.6929709881828114,0.3036990610867143,0.0180430680171992,0.114046307,0.35141548,0.458823529
0.9212666223861476,0.2802193816656481,0.4700062058092474,0.2143180293967115,0.9915106524882308,0.5263750622914672,0.0588122975126716,0.3372695307167428,0.6334783177871078,0.080878343,0.400504271,0.0
0.6083838858451157,0.4831157641776056,0.8186890577984557,0.9470818549473936,0.1817525558396376,0.6321276037711023,0.3279647532756035,0.938374051495278,0.7235463709446125,0.203756669,0.34242606,0.494117647
0.160205976836482,0.1785010425264733,0.0368819411571317,0.6107207408617797,0.5426887745513722,0.3941164876414079,0.4082703544403208,0.587749917393462,0.0986002878866219,0.051538046,0.264523655,0.514285714
0.5796731586900005,0.5900851743788876,0.6586791164543323,0.3219239469226773,0.2652200197039557,0.336767718954016,0.3408887217760531,0.3543384886847971,0.2938324522926879,0.187161269,0.396626006,0.768
0.1306283422391813,0.5017581899939673,0.7812421170127124,0.5898730182171366,0.7726312938331569,0.7339679640222483,0.5617195077874656,0.6494278625437071,0.4877138834402497,0.302971788,0.388291315,0.386440678
0.6901231601771185,0.9797353778855488,0.3353190004078317,0.7735220431441399,0.5792894288234774,0.0918203843463696,0.66222202080893,0.9191398314130684,0.8827901426785796,0.738593063,0.293100961,0.638709677
0.9855618395165476,0.226337759453256,0.7870241755024374,0.6552233573437768,0.58350699354603,0.609187477094142,0.803921910716598,0.379309508731013,0.932846883992534,0.159294755,0.490199924,0.204255319
0.5961017192113979,0.2298303190573208,0.4145873890868551,0.2058267993949319,0.2195964014746297,0.2142137851189779,0.6376402542829186,0.3573690937784297,0.8938269945828738,0.168706587,0.236451749,0.0
0.3689704783719181,0.7333488813209138,0.7755119807006725,0.1738346836826607,0.9691988982237072,0.766486205625483,0.4005535696029509,0.9257438467335456,0.6519943247204447,0.225606538,0.313261271,0.0
0.4134444203750747,0.8609927795627088,0.9915720284085892,0.2866989003464504,0.9267592330001078,0.8540393576627611,0.8629896088159303,0.1429363132214879,0.4417315084092273,0.651136667,0.428665893,0.427118644
0.2062323109809495,0.2439404374642739,0.6488042515012964,0.6451516047496006,0.924546317191352,0.973420037015792,0.5004700473456468,0.1798246369720927,0.9638721469495396,0.206035727,0.429621875,0.0
0.91219939666799,0.1339403027622051,0.4588492222787109,0.4521908776215282,0.5412512055086952,0.2178318104565542,0.856839154213088,0.5334288323373493,0.966780390940784,0.104166024,0.42727924,0.548275862
0.4011836559115329,0.7587636334446016,0.9067622423490896,0.1713507472734775,0.2331409036595364,0.1642796416322386,0.1574476419460777,0.7754422667909203,0.943134643774002,0.268610102,0.138643982,0.2
0.178391350592257,0.7759095252208398,0.6374879881115912,0.0720894580774991,0.4402145330163163,0.2893221744024119,0.4618704176941876,0.5100567706369603,0.7143507467047917,0.21272586,0.127281398,0.15
0.1405447438348754,0.3066726790619838,0.8084327613570398,0.6382052641905366,0.5721302786525402,0.6633081435325732,0.1934919764413825,0.5535782479194074,0.7439304105434313,0.106608697,0.316310458,0.0
0.2925749810252926,0.0701173460071988,0.1171522165950148,0.0451226741421991,0.699040499446724,0.5052480433693703,0.5709298007200743,0.6842217331444247,0.1626792162223086,0.085485446,0.45039407,0.656842105
0.6217880339653648,0.0961446499549099,0.6322265587186188,0.2205483138712963,0.2650523315550566,0.3342834503451146,0.0957939399321305,0.5486175661043974,0.1229778846348189,0.099459243,0.358699352,0.327272727
0.8102629701594127,0.0195766729150631,0.4986512620619956,0.7849597362964084,0.1561585298446556,0.2309642662491332,0.4385405233594042,0.513355449191531,0.2579322477659731,0.070000864,0.445786438,0.428571429
0.9341795660752962,0.1458681754716683,0.2448280169961849,0.6336323349413417,0.6325311108476953,0.5001882613643162,0.5972715730584989,0.6411379742161597,0.7863068733558098,0.110376951,0.487184928,0.0
0.1769310754174347,0.4674940641369594,0.3379336352328108,0.038239014350299,0.4376574278620407,0.2520972775130302,0.9188232462256092,0.9324846552259874,0.2518315747078019,0.238748612,0.236989144,0.7
0.8531123385263134,0.8278276729494565,0.9867192542609724,0.5433137796741179,0.6295561198763439,0.0905735830198524,0.0850396161482864,0.9904330484557612,0.762943025735148,0.367064893,0.249024811,0.514285714
0.5047366302507044,0.9179751251345408,0.9182735934655736,0.1110003774924114,0.102712756025118,0.4339884122166532,0.5787549305850463,0.8292465986509281,0.7177227143311151,0.648303843,0.378295801,0.208695652
0.8498093440494069,0.6990895045931286,0.6775933470613745,0.2979011255822009,0.7976161623028812,0.9058798636368888,0.8008827672900719,0.9144506645903372,0.9743102308575552,0.476045639,0.565101075,0.33
0.5999286856764777,0.2618042954143549,0.9746587024807892,0.3755968399809205,0.2085158939262523,0.6705277374135705,0.0967327021880135,0.7369098630991024,0.2256976922333149,0.044184562,0.207122868,0.2
0.9711256121726108,0.93902115381695,0.8994379893052084,0.0828676180864619,0.1469046263418911,0.3433897008164187,0.6160121371141071,0.0286248472336494,0.971457169331574,0.661791359,0.396036263,0.038709677
0.9084463367681052,0.1498264325647618,0.9032728783724678,0.3846505386144103,0.5011725731914037,0.4583250767923147,0.4263263719357254,0.9790541567904816,0.6881829923918049,0.098150378,0.532360848,0.675
0.991798850639734,0.7654283189963413,0.0116598171940981,0.375914319400921,0.834661770685315,0.4101326476573615,0.953002939830585,0.4037285421459538,0.1652817928223102,0.389295445,0.438975985,0.05
0.4317009302695058,0.4863088701717899,0.1365020540704059,0.6442846142440086,0.8675508149517703,0.3706610591713312,0.98373975624335,0.1452504907787233,0.1133152532231666,0.216413659,0.306931262,0.044444444
0.3887270353301284,0.5353710833960547,0.0420327457814764,0.3734476230826938,0.8401561794008308,0.8664863582241534,0.4447074551577749,0.3871937455900741,0.8306472852984944,0.066694034,0.146368002,0.545454545
0.6338065972067398,0.3736671731485308,0.0669733566660519,0.1700800265896003,0.3320368922192447,0.6935982045975961,0.1932414477403076,0.6172805341602133,0.6383449258940952,0.125384656,0.471763526,0.6
0.5579766732278323,0.101041399551145,0.1382442669737367,0.7487444265015983,0.2274632509784594,0.9715566129834432,0.6810816432069668,0.2146880890766815,0.8980366654961651,0.141425206,0.63093675,0.0
0.2041369877733133,0.6036076161405094,0.7940807930055124,0.8535337135898099,0.6293401229907359,0.3308959734264763,0.43122448173402,0.4517143694832074,0.720579296676249,0.192719939,0.190405757,0.046153846
0.9811839085119896,0.6994190682276268,0.98579572018469,0.1723187421637747,0.0491662779137498,0.480215820388187,0.4561325689476467,0.9485803698509288,0.747931409610454,0.34689987,0.49254219,0.48
0.9429387368333546,0.2547436224462118,0.7408466773783237,0.6489027408006673,0.734886034092415,0.323245776773707,0.136304286315662,0.7677961216063353,0.9348076152520812,0.101076638,0.347624596,0.4
0.2996708523608922,0.4394360499963518,0.3297584660696919,0.2108212858051508,0.0392267424530491,0.002717521217431,0.0266246876586258,0.3752167679902473,0.0844073645296312,0.141262377,0.011618897,0.3
0.24158663675849,0.526654607109726,0.98184824955684,0.6629501975227057,0.7963228046220844,0.4916744008032817,0.8430555317544762,0.771638882964289,0.7093227165216968,0.286620576,0.376814223,0.372413793
0.5417872404397888,0.9833154435724168,0.9210004421015184,0.7091507995403981,0.1420669347935442,0.1227781326764422,0.251232201906061,0.9110264700065176,0.9474907913949998,0.504650461,0.276598288,0.15
0.1725789419685272,0.8451269888658886,0.442970745552724,0.1842859771402666,0.906552650958749,0.833617644569439,0.6680897044588234,0.9842984115038867,0.4194825553460358,0.515992952,0.349779652,0.39
0.1229918150771691,0.721561425672074,0.6401731501714881,0.0513509284849988,0.3494429988425683,0.2633481071773762,0.0245925776364224,0.7282947141014031,0.990375177054052,0.269607084,0.188762782,0.67826087
0.7558389022603347,0.3253516293680589,0.6712577495676081,0.4660018455257989,0.6478522059358605,0.0724417701839429,0.4255148009837592,0.1554829646155759,0.9641108478090876,0.057451437,0.200686036,0.266666667
0.8122365344687275,0.3482809934194205,0.3131248536939555,0.5393524080026026,0.4536493914831011,0.2801039700122506,0.5103718624279826,0.5362725571549867,0.7490536661340235,0.179218407,0.459371125,0.3
0.8137050401406091,0.9301728654995408,0.2244034205053368,0.7845574079808081,0.4992563258297109,0.0012988779158746,0.9130887011589662,0.1304820371825492,0.2274258398357006,0.469095611,0.066298266,0.184615385
0.9488822603613144,0.4993023732828867,0.1072504062908081,0.8307196762308043,0.1555473326158052,0.9467452430745908,0.020500927512598,0.9766683683248248,0.957147233790452,0.082674066,0.838175647,0.0
0.6696807017704156,0.8521376456373643,0.5777910640462105,0.2304523379055352,0.1441039156863122,0.1075311188736982,0.0802822674387306,0.892026773111334,0.3546020709760293,0.223345985,0.349506655,0.218181818
0.9848454380717926,0.4372241138041401,0.2151978406683512,0.1578677124694045,0.0303929838798625,0.498150321835006,0.8846977298204038,0.9436164922135616,0.3391134316353386,0.154272283,0.522422273,0.27826087
0.035626730055046,0.4635627605523881,0.902951731765076,0.4395891497666686,0.2475940631164046,0.8657072863944204,0.6876247496275806,0.4420554312510962,0.4454212357944785,0.277647355,0.326087804,0.545454545
0.8011738325685926,0.449813664774274,0.3164735330411359,0.9484787225530696,0.0252698940891782,0.3854366165420858,0.184311195818013,0.5831094407925586,0.9220674714554534,0.059990453,0.884116389,0.0
0.4804522609479387,0.8668636313477358,0.1662492008683,0.0170596975140235,0.8228838843080332,0.0153328049723,0.4489725404650988,0.3758019705880926,0.9744462330028406,0.434588356,0.060335628,0.643902439
0.0499296551101902,0.8374504847341611,0.9867614948847,0.0470171015202414,0.9879767324045504,0.6240595890257742,0.4242664487444173,0.5786399795350642,0.8765294734326956,0.380444037,0.217270817,0.0
0.930918738227241,0.4731149253443271,0.6012854628802858,0.6685679134324408,0.3040008140824353,0.2178923044202373,0.7744244260560185,0.9850105545532292,0.2603002498718618,0.247684766,0.278458976,0.0375
0.4918350966650541,0.7984836096036708,0.6421632993380075,0.4480888037793887,0.0982240946662265,0.1738820531877659,0.3846198946553024,0.527688150034327,0.1739591842229495,0.295491814,0.21117013,0.514285714
0.4692730729337906,0.7710899892905685,0.2449383651943707,0.8304144357129378,0.2470179381248272,0.0572986081466906,0.7729825778624493,0.8513034569811356,0.2143525896681202,0.34882461,0.138584677,0.48358209
0.0281788150319193,0.5474841362273261,0.6628287738205029,0.392319693217964,0.9153325671951044,0.0795167693960631,0.7981750968132278,0.2910921530055032,0.563980517025334,0.284939924,0.045799485,0.32
0.7932193768770969,0.7833836455406298,0.2394208257660433,0.2165580971330055,0.4461304537969331,0.4107501913689585,0.6776210331356163,0.2457467781573682,0.3240116622902287,0.564716671,0.478967795,0.763636364
0.6047124270856874,0.9692541345287382,0.1257175303592459,0.2818443660679103,0.753266201249812,0.3995705586905492,0.8479606650463789,0.2610757070594445,0.720444355766914,0.855850841,0.317906016,0.206896552
0.3187844934350599,0.6094992066196862,0.2600817940795363,0.8808282819689273,0.0430232628825966,0.3103626379503719,0.8249712547314789,0.2845059997334744,0.1242039662382253,0.248839606,0.185613701,0.225
0.492587610618371,0.2209085156679565,0.0605587554561547,0.7278464296258604,0.156156535117183,0.9231130867893436,0.929142529586952,0.6421326658514054,0.8951276540295039,0.128296247,0.544257433,0.361643836
0.1114072866066636,0.7891347139275767,0.2888146113498558,0.7451672147939619,0.7092485351594799,0.5223031210474325,0.6008360820413158,0.3028549228040544,0.5781223656689746,0.410102315,0.201714736,0.1125
0.2157018374077386,0.6898754087798113,0.7469519721477355,0.5621739065859989,0.5503852386560137,0.3126087483736162,0.3684030097245897,0.7910307597100361,0.1050714811971073,0.292677544,0.113797169,0.5
0.6203979433699506,0.2005911479351508,0.5903969384375828,0.2531125378489487,0.5291832045089647,0.6826728587059445,0.544054123605883,0.0367635119129803,0.6142259107326143,0.132772766,0.400143719,0.0
0.636831214362936,0.7655964657548321,0.7159837347346598,0.6519765914158184,0.2112563543887609,0.8121753840882442,0.84551492924076,0.2228910170704221,0.8507092339142173,0.601249144,0.509979517,0.611764706
0.1466561217756974,0.3153901315071713,0.6124528577500625,0.2285201383118146,0.4255031730734558,0.8259815706614339,0.7637366403342944,0.4352968601111836,0.1107618348008707,0.149832805,0.301057705,0.0
0.9932324115454778,0.2709176010484131,0.2343132134422509,0.34174834817547,0.6506057781073801,0.175813982442221,0.593226892914396,0.3308572035101298,0.821220380429406,0.228449725,0.310272911,0.378947368
0.805544342260099,0.3136457478545907,0.8339768484316847,0.4430641273033293,0.4767434771987061,0.2850340821366799,0.7505185658248839,0.1259507761191127,0.8787835005610558,0.211189113,0.41313365,0.115384615
0.5284757148137859,0.838540379190233,0.5082642928080913,0.6686840520544972,0.2086099941962634,0.1946843232098343,0.631695877024808,0.4041019429046479,0.6383431617231952,0.408497292,0.299803108,0.358974359
0.9748493831839826,0.6063156732340758,0.8753786654771903,0.8215081548692591,0.8788415789640756,0.3987022339027956,0.3745797012286076,0.641790876907629,0.2801148602672303,0.203321987,0.535376327,0.54
0.9213744877533916,0.0263632407376235,0.6246124841815457,0.7783730985864982,0.3863276030412388,0.1017187045522577,0.305345571547984,0.7367822291409425,0.3540091374545575,0.023122825,0.264352953,0.4
0.9310395885844418,0.3739179794345174,0.7773129960202371,0.9054622464871728,0.8636217547048467,0.6158728188899945,0.367471080666822,0.1593427593902378,0.3458595423598783,0.11035249,0.46657577,0.228571429
0.3338913390363111,0.077817553086435,0.7646241530693759,0.7267381159939235,0.7057905542301341,0.8079948266155377,0.6223911494860991,0.7876571449522014,0.3468324989578846,0.109224443,0.425059468,0.0
0.0237598505561946,0.3856075040635957,0.2442583157160921,0.005160082177542,0.3965453998603904,0.6876572098728216,0.8993154779570424,0.5804291623257827,0.3173778485646755,0.165789319,0.355737202,0.613043478
0.0601265203676959,0.9377006190106542,0.7027609818872217,0.5755306762742539,0.7484884696090673,0.286157245741517,0.5190454902371607,0.3949214207756258,0.933504195414426,0.599040771,0.177158513,0.509090909
0.4199496416087016,0.8900337221308673,0.3497887803138192,0.0740915072218516,0.970600490226934,0.5899981045392669,0.6753748596885323,0.9499926562960652,0.7760767336733998,0.459001543,0.420821898,0.0
0.8660857685893241,0.5140646977767425,0.3755030186100967,0.9316747116705876,0.4444170837634853,0.2626415909499087,0.3317327972042294,0.4993790955643122,0.3079540145483207,0.172736182,0.404199647,0.6
0.0716510985892768,0.6530407726039817,0.2410983119814423,0.6284368848234605,0.1619346661836008,0.0643830128893572,0.1425305125987589,0.9164973569638316,0.3859499728229457,0.172651851,0.106208743,0.757894737
0.0038783137179865,0.3153186584796873,0.409781757396954,0.7649928569681469,0.0376350260278567,0.7025446447983151,0.9512422147080052,0.2065732602381956,0.6477583101259303,0.145953069,0.220873866,0.666666667
0.1159811199447535,0.15264007478742,0.0351262960383237,0.4518714163114895,0.1863472324435441,0.7401122581992515,0.6516213739909169,0.7896691430231708,0.0396084448485349,0.106869814,0.263508793,0.662686567
0.8917319968193569,0.9592013652062517,0.3624358315244284,0.7934628664471994,0.9132494860458892,0.4109911377614452,0.6991036801809213,0.8868946485653793,0.2611012214964884,0.445357989,0.35621656,0.0
0.5977999571876343,0.2221669904436417,0.5996762311217785,0.6024299385372521,0.1253694726439915,0.6832004049635776,0.3837100681308917,0.2456083240622673,0.5858659408430447,0.097012768,0.503892565,0.092307692
0.2105430119709931,0.6483654817427847,0.9186384793738764,0.1472386625725579,0.0250483160279441,0.2752428762853206,0.0733189178735874,0.4181778572960174,0.4458471095587465,0.212804615,0.189044852,0.171428571
0.745092899259182,0.7661936245098606,0.4395628166716983,0.8744577215263803,0.1013042998953727,0.5137776180676704,0.7957589923291314,0.3801590216896352,0.5433633381689796,0.477148768,0.446261253,0.0
0.5713061028538223,0.1673376538391515,0.6828855694470487,0.5417911748950768,0.0910257160350316,0.1494239555775517,0.792644135999694,0.1532213415953977,0.561651250373341,0.098494833,0.161144046,0.0
0.111713419680317,0.5665092940926362,0.5824796491317742,0.4627532372375639,0.7695431122383205,0.9126370042547308,0.1290107973729677,0.4942752443202944,0.6017276175521633,0.226266341,0.227602545,0.133333333
0.527040338193678,0.4607197543097775,0.8361297351673104,0.541026858817389,0.9626334584513668,0.3486385708297095,0.7095792818551824,0.9438277365053817,0.599132382151625,0.25100515,0.479464588,0.518518519
0.853527882324679,0.1059227559730717,0.1452572763783529,0.4096917710878999,0.750015133762511,0.8750937941669023,0.480677323505553,0.6821583801518022,0.0001848877297762,0.040478751,0.667129803,0.48
0.6579466094675598,0.5481773260223374,0.3523112547737631,0.5691044792612552,0.2046170420631825,0.4095601015681562,0.697308622085423,0.2999141985024898,0.7107806034164292,0.244577642,0.355826727,0.656842105
0.0265325131316523,0.5141202924559313,0.4665496658390009,0.103648582185843,0.4224689855338039,0.0184459831837315,0.3100961675013054,0.9352191425170504,0.3490315531661863,0.138393847,0.015398399,0.0
0.4560306754420793,0.995701705958946,0.8108776215935833,0.3353629069702384,0.4905925949868066,0.347821627262512,0.4508377617508371,0.8935711982065393,0.2767724601256268,0.456141051,0.194430149,0.0
0.117841411496675,0.1064394768451478,0.0264604657565519,0.5190560260496097,0.4534626216724562,0.2880770681873806,0.5328511424683372,0.4835276809183086,0.8453805644636448,0.137305922,0.220499791,0.272727273
0.5087943178308129,0.175343413181118,0.6861456740813844,0.4727201183430802,0.1462797153954771,0.065962969329015,0.8233526851604349,0.4066842889966661,0.044576117315676,0.109120094,0.182381327,0.817021277
0.4600639934160373,0.0504473362671789,0.3495546310670058,0.356401060645199,0.4330652574963005,0.3827539391900775,0.9763175784245266,0.4351764054986484,0.0921117483871719,0.088546969,0.252123553,0.08
0.1998284091822696,0.285149984980078,0.1883629248681324,0.769432127283549,0.7313214188744792,0.4640734840108226,0.2226864162830205,0.720013733312802,0.0439815528537249,0.06709858,0.159457402,0.2
0.05261512415742,0.6310311031841122,0.9832144014375628,0.3099643692656056,0.3661541219415452,0.9174495590542082,0.4793534374067877,0.9236254448138188,0.7132447487544153,0.19508669,0.196782099,0.133333333
0.5385912932643402,0.1122823554735884,0.3558770410218353,0.1378089617110831,0.4599773591481396,0.8167461197652642,0.1583555145583022,0.3234382860116712,0.9426189941768514,0.098099442,0.500411777,0.0
0.628617745430344,0.7352162950929764,0.4245802084020406,0.4820818974142907,0.6816024893664314,0.2305224476240347,0.5307138320054469,0.4572487707735273,0.7779005108687177,0.429260377,0.241829521,0.0
0.6281750331866947,0.6382431190583245,0.7598375633456049,0.4019085158720628,0.3273023456529809,0.0580659300086946,0.3169949169520213,0.0668848593277088,0.4803816812905093,0.344929208,0.220193709,0.738461538
0.2804671631655887,0.4998289302842686,0.9567525188931596,0.6599534389959046,0.8070105274657253,0.603982183355309,0.4750329971297546,0.7154489576519967,0.8168014531822676,0.230281937,0.34504497,0.0
0.9071322491184374,0.6847171236926867,0.2080725648372954,0.7681649579390932,0.5920182632116554,0.2250638265764223,0.2080732816103785,0.469685291946516,0.6196267641539245,0.177196751,0.443560567,0.568421053
0.0994883657225232,0.9188689236267746,0.775381340793187,0.8711501090114266,0.6329486581867726,0.0080689249217597,0.0137995348533156,0.801471813808801,0.2640724007285183,0.371249352,0.012688683,0.0
0.0150191087578686,0.3021202692384541,0.3795424680016063,0.8906866479126431,0.7196835521669118,0.0978322886357697,0.8704980925755101,0.044877384414906,0.6256923632874882,0.176291632,0.08486705,0.509090909
0.7225691368169723,0.5480441679599921,0.2310807094870083,0.5381275860170577,0.6752758441542943,0.598463097504123,0.0738751396248778,0.8785096168007352,0.8386503442403273,0.20069515,0.460906589,0.0
0.0829282780862842,0.8064429613373475,0.9072587469446888,0.0489222541995212,0.615117013033701,0.7124462623439588,0.0434937303742268,0.7037588371082288,0.346102102410167,0.318502424,0.369470363,0.553846154
0.224584089286602,0.5371033628536863,0.8654659065814526,0.0306975459407989,0.1324128110336391,0.4955112774183864,0.1159402340184636,0.2094031029731755,0.0561271149000258,0.1201802,0.259823485,0.733333333
0.4210350543633243,0.5933897313251567,0.6185746280759189,0.5903913184034112,0.7288195243177864,0.5085810097071893,0.4916301861657041,0.1700563770178536,0.6800779845704715,0.213236896,0.472465715,0.635294118
0.5203106223114883,0.252945115587411,0.3247294944373838,0.9929917340915476,0.5332212190499166,0.265139493657888,0.0005869866714532,0.9421940485783972,0.8572922208860959,0.124773452,0.218268168,0.1125
0.2511579756435846,0.6974640686211656,0.8959588461928293,0.8414418615776885,0.339339806016575,0.5612063274772711,0.4181654293651325,0.3182123792613516,0.0660511218953043,0.260912907,0.375152608,0.730434783
0.6888223935569391,0.2495918224078578,0.0078861811475401,0.3653720111858728,0.3560219550125284,0.052480126855208,0.843972706029225,0.3750752407629326,0.5498469800036041,0.162690466,0.216731184,0.66
0.975523832365183,0.4846223315937873,0.2649767621262227,0.1727289135055304,0.071440362393959,0.2363034988789621,0.0825124342500458,0.7728565669154289,0.0282932883685276,0.158053012,0.395454495,0.52173913
0.4076911264556,0.1702520718552602,0.8409052550993,0.0646855890579034,0.2422552658808361,0.6031262034754316,0.2371001752443884,0.3667229641392321,0.472433226128099,0.09059183,0.427815988,0.442105263
0.7953224639055144,0.5975294585661612,0.1002502877982337,0.1384218157607343,0.1985544811956139,0.4683834381361766,0.3028097928444818,0.5122762868744734,0.7304026396041017,0.159863465,0.42008729,0.32
0.7642073957226271,0.8147636229235174,0.6975912332434182,0.977374866195305,0.6838581914263048,0.5615950475434772,0.0217292873905637,0.4343497249221921,0.1757181222938445,0.319308011,0.573507614,0.3
0.7108158921789854,0.256999077952748,0.6199684710694139,0.8867510474315252,0.4438382530447234,0.2114219907165991,0.989102092137922,0.7819367366067405,0.6755648501578785,0.170621357,0.333827857,0.384
0.7530491133691117,0.5348382464256624,0.2449127117174144,0.894139320042057,0.5603416167355123,0.441784600034298,0.6980273998322039,0.7736742522346793,0.2899916140907373,0.290900944,0.401159928,0.204878049
0.0963185550475786,0.6170580855132715,0.4385120175828798,0.6239058184380621,0.0280309388210219,0.02338559399946,0.8410068101727062,0.9944243200764302,0.3727578944643708,0.308746528,0.033424314,0.126315789
0.1863137622819654,0.4697594901215529,0.3038309602549782,0.1954411312455488,0.6687492847104062,0.0859864806320956,0.1718898913265093,0.8354130265894727,0.0547396143250921,0.121629212,0.10344929,0.96
0.03968514291891,0.4494640738155716,0.7928436226501666,0.4328698879078835,0.1956295702946692,0.6346703538853142,0.2277532309354126,0.0002915482069067,0.2352905633174727,0.150171986,0.38426047,0.533333333
0.9498579204984066,0.5148782879465685,0.9696760540482168,0.4017019536587406,0.6593616391791158,0.8671671581287318,0.2126280853284754,0.1772688554288454,0.471555952755349,0.172191021,0.502146077,0.16
0.8756866007811778,0.893107099125523,0.3783733002965012,0.9315561263237354,0.6429698735278051,0.5660078666096704,0.4650070787359104,0.3395152681567907,0.6569424546887805,0.536138991,0.744950982,0.0
0.0567695152873972,0.4325351133051157,0.3284936802970416,0.1078048637692383,0.5616627721891196,0.7077307804270861,0.4623912917395562,0.143889512227528,0.1117364701361061,0.119717693,0.240875549,0.654545455
0.9207926405558396,0.2517707854743833,0.6694485016358809,0.438275105429915,0.2220753937855689,0.9909913425515636,0.0374302582977752,0.489226570480562,0.5673171120420517,0.094702237,0.61184302,0.0
0.5988623116158726,0.5380843081069588,0.6456665887474576,0.8331098037587791,0.2743479324644906,0.9855230549615906,0.4019356480462991,0.3654712123777741,0.3569806043926437,0.137179355,0.551600236,0.32
0.6035276864984287,0.0377455119315373,0.6017550036466237,0.9049363342410376,0.3401120415264944,0.4936193220815361,0.5207918264652701,0.2514835510802653,0.1393549732716049,0.100291842,0.345600984,0.204878049
0.9945049509969728,0.2884926001419801,0.0975235042543377,0.9432940862248824,0.5328410076870362,0.89737698283215,0.5698174817327558,0.2735077419188185,0.3991557822803878,0.137101574,0.542267069,0.092307692
0.8169505015472507,0.1233472365661815,0.784636131166546,0.4572292401849971,0.6796044391363135,0.6328229089677867,0.9127481674065192,0.1270176262930464,0.5082823732572646,0.107662699,0.556744808,0.146938776
0.5680129167747637,0.3664040253540022,0.5047093579523566,0.3129252112812631,0.4680616059972908,0.3957079540995132,0.3335769269757574,0.3361374075898266,0.291486904969085,0.126040068,0.397944291,0.4
0.1470292296500268,0.9578063535031566,0.0636615092539453,0.3457601127825167,0.2461531489055836,0.4385067128235227,0.0050144414522504,0.4847778939946993,0.8529818236155706,0.445604207,0.336094716,0.3
0.3577764572830286,0.907744012775274,0.0089388479156956,0.698499639828166,0.0096408981165656,0.4488712981331667,0.8753648112985966,0.3047081749205298,0.7849253940118758,0.427834436,0.437211641,0.0
0.3201610047200631,0.7839169864425444,0.9993348539432744,0.6260740916231787,0.8231597746622723,0.0084627692213568,0.716192824408648,0.0708998248810778,0.8378247357949127,0.423205059,0.028129399,0.0
0.5347094162526244,0.6925440050814642,0.5949762695109989,0.5683481132961973,0.5288001856194379,0.1664729809909985,0.7939215707124031,0.2974537907829179,0.5976049780947397,0.313289464,0.264454413,0.246575342
0.7182398574071175,0.5030842235517663,0.9802136713548388,0.9437488616495616,0.5959515092513787,0.8771379557875928,0.1503017786791801,0.5996852104287546,0.8576902049250141,0.188314146,0.426918692,0.171428571
0.2089129479808542,0.9635730553440948,0.825589434650515,0.6264968089317754,0.6925544190945813,0.8152886626185817,0.5048975285879117,0.8107158006673795,0.3310258392826843,0.616325473,0.396192513,0.406451613
0.0880939989244975,0.7864046332552012,0.5913694131302463,0.2651053850617276,0.50162194747609,0.67820722651007,0.5845851371490465,0.1287102497767281,0.1331735722399046,0.401219856,0.279694188,0.171428571
0.3305328659721372,0.065307643695244,0.7452573574829172,0.5923255170075731,0.3956756074687703,0.3835310877042603,0.8289413842715745,0.3217149485892131,0.0179555642732488,0.086718062,0.267490351,0.387096774
0.1242488761616867,0.7512933872135789,0.9537932152501348,0.661969577665344,0.5414605017710353,0.8851543878040445,0.0941057904473678,0.0101012835379004,0.8869330495109983,0.404202914,0.406311835,0.369230769
0.4039579482136007,0.8634981296320775,0.959686419237586,0.7302607801980312,0.0072844519315886,0.8841677224159094,0.2924035628637706,0.7582467888172854,0.6330174709239562,0.460949031,0.552362186,0.0
0.3349332610109331,0.2378778783745623,0.5847918997410879,0.4738631816460348,0.8085059160109448,0.9085992606327618,0.9672499248893872,0.6328224903494962,0.602171547750248,0.188171189,0.416102376,0.105882353
0.6478537740397337,0.9978796640875368,0.8123024712015715,0.259908675483805,0.5039473524216671,0.0025654027681231,0.7539996790028405,0.4345979555991539,0.2299375272317331,0.570280613,0.054815778,0.351219512
0.1155442342218163,0.2318992047968373,0.3458561053675013,0.7344879928438488,0.224463586429949,0.6325760317664488,0.5969622865464009,0.4657009808135947,0.5901429871999179,0.167566463,0.205983934,0.057142857
0.4041983275950597,0.7013721030727249,0.1763177169861085,0.619125181575911,0.8209408200210787,0.176438628190523,0.6773578339617943,0.3639712217435964,0.1687329624400061,0.31988278,0.331224865,0.584615385
0.5739166758370233,0.8221397269110036,0.2928775845375583,0.9808162852969096,0.2820114420749062,0.2434679490649315,0.7431794488978899,0.2641316771418595,0.9944898887588238,0.55820284,0.330460157,0.43943662
0.4689269055607042,0.2517905234924242,0.2433825467870005,0.213982096324249,0.232512589493756,0.9857180994360734,0.8055280283569753,0.4432385869162225,0.0363094504272994,0.107928601,0.41628258,0.1875
0.0976510068276418,0.136586081612119,0.237318071507706,0.71321989662333,0.42515881173562,0.5638084007862755,0.2348489381252003,0.9739908266962668,0.2832386256523024,0.105824148,0.219982762,0.666666667
0.1738139244238868,0.1357697171487808,0.1203828556732995,0.942010774072734,0.860673818856199,0.4995212334851451,0.829112760362016,0.3645898383018859,0.3637610441276959,0.09024497,0.281323855,0.276923077
0.0296093103550304,0.4097983025239803,0.1046646506905599,0.5790647355482106,0.0335059811137079,0.3929107369499997,0.8209694434328857,0.3666223584900788,0.266325703293903,0.213162896,0.1324341,0.141176471
0.2091386387823191,0.2695072619796147,0.6251575923262376,0.6110499442603367,0.221513743624571,0.971275988663641,0.5152796559980959,0.2778055497475024,0.6545606023318576,0.147494333,0.40100652,0.366101695
0.2829453441457689,0.4729586269343735,0.1735193160131064,0.721328554742048,0.6605323577150284,0.2295524816179274,0.1441518967992417,0.0884383269258853,0.6947334013091805,0.118623247,0.309218558,0.48
0.671468549324285,0.4342993306015861,0.5635020175968126,0.0798334881585346,0.0422180366014006,0.7671499047434786,0.4880622836600035,0.277228459402789,0.7053156255857167,0.168181222,0.567213321,0.0
0.6685445153532654,0.570394261159788,0.5521801104148544,0.9413711157348876,0.9682753611902588,0.1521070697691262,0.1876435644240853,0.7773614504012385,0.6300718859589857,0.244432917,0.232486977,0.666666667
0.5691017912923072,0.776579794939803,0.2863124055423999,0.9933334323050188,0.5607579635207702,0.6753694574119011,0.7756026865758905,0.9536849145015168,0.5872013834802319,0.436846705,0.406166175,0.0
0.5291477734031464,0.1008452638833791,0.3885146031715659,0.6186884856723859,0.0763093822089515,0.2694179594119456,0.5362601717356554,0.9465068091607178,0.3409787629015125,0.089968153,0.342936757,0.268656716
0.7481110369208923,0.8429661384795772,0.9711546292385312,0.4833422741909323,0.6186908131564052,0.913581297960152,0.7941555009262471,0.4785579554714632,0.546691530276629,0.605452496,0.541511196,0.518181818
0.2217080289849586,0.5279969821223034,0.4838828395403191,0.7917374081431168,0.4901775862396116,0.969226316273562,0.360987617274954,0.6994928231500255,0.0964581355895347,0.150223759,0.410614374,0.387096774
0.7488227055310325,0.3218158107274685,0.0925485116333925,0.9870703205953538,0.7008368628823882,0.9310346047926656,0.0564911149313041,0.8065514168295792,0.485193410625879,0.116756772,0.438636,0.0
0.5557968793067013,0.0296504157141118,0.3063044598679969,0.629978005684643,0.7649761282918456,0.8247632485600133,0.1293052177620089,0.567173475827455,0.8840727909116848,0.054711452,0.500129348,0.654545455
0.7575064796750217,0.0200362871842667,0.5690325574815767,0.5545996069051152,0.973194480011118,0.7325011363014267,0.7626292811403523,0.2069523847391678,0.8011192271119199,0.116456651,0.499942378,0.520754717
0.2856605915288458,0.3121200675400633,0.1541546952008852,0.1161504719187864,0.2628635882853184,0.8630470562077549,0.378263694974689,0.8653330503947536,0.7410654351689433,0.099604394,0.350721087,0.0
0.8423379081389216,0.5587034387866451,0.5282588713906741,0.3954759585108135,0.1655032851988909,0.4836370581033941,0.6463601022131842,0.014780439764447,0.8747344868985497,0.30523693,0.569375645,0.317647059
0.3586883537833746,0.5596910445937603,0.7813731769421746,0.5314445783226756,0.5897250305375488,0.483781973162948,0.693303293586392,0.2023333854915112,0.6335553005991096,0.342993625,0.416599405,0.533333333
0.3631507886777337,0.305760699008866,0.1306968954086677,0.7190325020529594,0.7151659886249889,0.939415157074968,0.7852406621961414,0.7581495652219179,0.6175993936248612,0.181261319,0.45191453,0.255319149
0.7299353102020159,0.957238834801804,0.5407603848979833,0.4321306227044231,0.5551655386572975,0.6304977835322413,0.2856238677961137,0.5285618152949298,0.3112225768432536,0.306239224,0.314600653,0.821052632
0.4416038459029818,0.8311477130874739,0.6072492419651497,0.3033513979332872,0.3799421875983282,0.0180077239392563,0.4442399170607527,0.8200992680141241,0.283952724717211,0.383256305,0.038771636,0.4
0.6808625773846209,0.7797190214266425,0.3014195714668853,0.2878371472306053,0.4996271513730766,0.5984962844108727,0.6166783531085335,0.0314189515867252,0.812182728392535,0.423325878,0.528299545,0.444444444
0.8606312482154542,0.2146399159270668,0.4901822312430723,0.8823316860467488,0.1740373675081598,0.3665978032453068,0.05874559331446,0.8382851029574576,0.3915068569993692,0.078230887,0.333747253,0.0
0.6449226569606767,0.7366872751662049,0.292336290048789,0.6154442975082187,0.7816064624669472,0.2097571129454065,0.7457255480329642,0.9683242575929536,0.4524498944141858,0.420623543,0.403798679,0.5625
0.7700427151767097,0.4150017939090024,0.5046485211098972,0.4877159384993286,0.0192409128974049,0.3588932397742945,0.800592340789788,0.3020992735067008,0.2684602756234329,0.228829511,0.285282493,0.0
0.2222052390597803,0.5237222286108867,0.0097264693133994,0.93241157664536,0.7245462197458643,0.2783073585288304,0.6207786866683364,0.9090569500406586,0.5983043023994479,0.286095185,0.266962854,0.533333333
0.9279948264409246,0.1857446759412405,0.0725840257883129,0.5996029476926118,0.9684073285960502,0.9686902181349656,0.3281870408886512,0.2225835443416299,0.7814173966948383,0.101001529,0.683953675,0.0
0.7404167088873068,0.8128404922542894,0.6349584361563337,0.8861740726280528,0.4867806354060351,0.7114633766485882,0.5863061104292966,0.3759638053726121,0.5626638316845614,0.409219071,0.469527915,0.28125
0.6344319102802398,0.4424383761594305,0.5104997913150431,0.2424047534010677,0.0424634867701073,0.5142414282444752,0.8816014092861578,0.4007634663130807,0.3553141282252461,0.201142231,0.49024452,0.384615385
0.0229872058942155,0.5610821094040908,0.1026153745982557,0.8590148267240273,0.2064614066110637,0.3754316408368398,0.352760022228085,0.7733302041215226,0.025629252649736,0.24017599,0.154134555,0.0
0.7705722537254699,0.9142599413894508,0.1976497427901649,0.7510591501911579,0.2263183915396978,0.1803556505778898,0.9916832259371297,0.8720470508456315,0.6738141451019518,0.630303577,0.266670338,0.157894737
0.3574452199482305,0.1579206105647465,0.4090837203644806,0.5958462063678239,0.5950565562796805,0.1963056576342314,0.0418341995170934,0.8196525645479794,0.9775365370881528,0.063320465,0.151261854,0.436363636
0.6329780363794941,0.9513260724872704,0.8340472895738918,0.9211929884576024,0.0880272576528361,0.1833326536217683,0.1227865084994096,0.0095772139725803,0.0257594497132398,0.318953002,0.154197797,0.782608696
0.092658891842028,0.5814723809730837,0.7305776190841808,0.5107724283814602,0.7587191885648332,0.0078868110073005,0.7277196620567353,0.1278261569431269,0.1096854218426486,0.291194462,0.013562618,0.092307692
0.9317327041478284,0.1026002183678707,0.2834355817493147,0.3501799496994054,0.477883267274855,0.0479788678947019,0.8945483914472292,0.5538621272724271,0.282219043806362,0.105732773,0.24738712,0.607407407
0.4197106060349729,0.5148692841822394,0.8254105888079648,0.2558185308241099,0.2278217686015904,0.5153311122562231,0.5597345644428013,0.8250798018031824,0.7887681570373931,0.294049632,0.368597264,0.2
0.6738092032970964,0.7990885747201444,0.7444626470576815,0.0907232665074762,0.3262484443601519,0.2652826729822614,0.906594927145434,0.1262780329753822,0.3019374328767835,0.481965592,0.462777757,0.351219512
0.1434819753462721,0.4576284269678742,0.5454187014143793,0.0858259964178455,0.7881743752385942,0.0747567109758984,0.0508685153604571,0.00012046877014,0.0218710901900943,0.192486652,0.051252636,0.92
0.4997883963974847,0.399203266556745,0.2965142529612424,0.9908598580436656,0.0661997143753821,0.7107217937398871,0.3418592947419935,0.6253642636065351,0.6773324208339875,0.133889698,0.452300667,0.0
0.959914057874089,0.901530752840286,0.2440310939361334,0.5918349066311221,0.4431484335094748,0.088200919940038,0.6048400731517756,0.0276216140934515,0.2862676434324529,0.485980862,0.36023826,0.621176471
0.0575438018618317,0.4151644652226842,0.574443068785592,0.9002776659932975,0.0105513439554316,0.811761917512467,0.7818776107336988,0.8712776098760022,0.1779911605623194,0.188342894,0.310429605,0.374025974
0.6764056122459371,0.1374621731165759,0.4090984842157386,0.115407435650506,0.986680392100925,0.2638276181335127,0.569907972528077,0.5928897987000316,0.9019428465273552,0.151523454,0.354913823,0.385714286
0.1290524608215771,0.2925240187396715,0.2807637288777768,0.3683498464942007,0.2061919710523998,0.4229870443036743,0.6197072723982144,0.9188380093931195,0.8462536268195998,0.187979141,0.327724359,0.234782609
0.6671453923524059,0.2251333606940612,0.9884996952136764,0.6402576621910583,0.2000607898327053,0.2207791321083073,0.8838049993016679,0.6903842077522242,0.3780028586198711,0.134041782,0.270717356,0.16
0.7339282804987378,0.993140371211623,0.2692469497677269,0.1292667859239108,0.0877092101204136,0.8946961968312812,0.6293406405630093,0.3653758430543926,0.9632845266826215,0.700243109,0.541244796,0.251162791
0.4537688689786446,0.8542856633176757,0.4287988998483778,0.3814451171490209,0.498221273668107,0.234845967234597,0.6883839529190097,0.3777276827849014,0.8252393945619096,0.533119276,0.420741791,0.563265306
0.5166794710047796,0.9367251856918788,0.1738056878185757,0.7210582032263543,0.4011057758157345,0.6199243039743748,0.8557252615400821,0.0679111043336651,0.5781077911207048,0.509241663,0.429401544,0.102857143
0.583399746270972,0.0840383009963497,0.961082551617782,0.611120224865091,0.431087912758454,0.9655143394427091,0.4263598817107308,0.5692185812494313,0.7165034884679767,0.070314375,0.328071159,0.4
0.3354967326712835,0.7644695634191865,0.1844422561406784,0.5840655915699312,0.1675404109357828,0.552566368301165,0.0032171851224278,0.8913149867239578,0.1611584108909038,0.226072585,0.265976084,0.0
0.6568904778941385,0.6561219896016499,0.6804971092459026,0.4030188603711375,0.0734271309569584,0.3146493574230439,0.8247282468109433,0.29817445262965,0.6196410340304204,0.34530483,0.235583991,0.0
0.877090122502852,0.0193488716115951,0.5362806469266853,0.6777847707802708,0.7668791654183588,0.9347678599912586,0.1576927578592116,0.4019092061424469,0.7359261049753186,0.069641885,0.59165308,0.0
0.6752046526733697,0.7411019380768417,0.8226454891732756,0.9772862069381116,0.90616095041686,0.6721104436119034,0.5583664947572026,0.2780097870448829,0.9291917979561491,0.395280383,0.495683423,0.251162791
0.2298055318352031,0.1318398117868897,0.9457636094957392,0.5247607495948872,0.5999463401844105,0.8499707175810112,0.6957231959461178,0.0805465053848337,0.2347814365181604,0.124900214,0.429726265,0.42
0.1494503402453045,0.3810151650853007,0.1315124785503516,0.4315538294870636,0.1758550371181311,0.8717304072982026,0.5503906911319281,0.147315305141699,0.1611881216624506,0.195180677,0.353131804,0.05
0.0514356338429785,0.5424740883861784,0.8364092176350874,0.2081643553906882,0.88267461679253,0.6994682147168658,0.86854778449737,0.7598846662277985,0.8454321700407741,0.254286762,0.311193142,0.166666667
0.8464879223639394,0.945416203998636,0.7440359461689172,0.2764278670144876,0.7084840663797615,0.4923245905712571,0.997883189948214,0.0593688075364746,0.853627545751521,0.67625324,0.364351188,0.0
0.7362509981653301,0.7204963405612524,0.0566843064658063,0.4073108947288344,0.4017246407321742,0.8838839794552791,0.2149526982831771,0.5492565158479287,0.6995215262554498,0.296139595,0.558945686,0.514285714
0.2552625871373616,0.1479838244446394,0.9029256463449492,0.8861304716209463,0.838101270854956,0.4377318423927966,0.2997463279239802,0.3937392601561544,0.3686593502126886,0.093358996,0.314611853,0.0
0.0392391742006785,0.7186849859339401,0.2396560628448331,0.7517096838263579,0.4211482610649374,0.5397545891854,0.9854918689161296,0.1380808500116883,0.0418700864723671,0.296756638,0.235684242,0.594174757
0.2629754101156929,0.9765059727207032,0.519089182320123,0.6849416851803133,0.435589840492473,0.3449813263860232,0.3137944324334353,0.3595148774625482,0.5636514099310597,0.465488714,0.267592683,0.586046512
0.7990491443786297,0.000534530385276,0.0133392801488082,0.6658864593602656,0.8215167911060897,0.5338829889904468,0.8325453020029617,0.0397483270954172,0.3542471326593975,0.080847939,0.483419752,0.0
0.010324432904599,0.0951102975566464,0.744986719778616,0.5197532411476335,0.7862476973658512,0.1409126692967534,0.5781149193946372,0.4318582281195324,0.8026382565456545,0.108508501,0.07751824,0.118032787
0.951447034039683,0.494249766775772,0.927408835998348,0.8126621895103355,0.7658604344102742,0.2849747600666581,0.5332489280405195,0.0620919820772986,0.38668397949412,0.250886914,0.440956247,0.33
0.3937310241876501,0.8757123770063865,0.6015994995165802,0.1567673336503154,0.6634847706419753,0.2889568926316298,0.7640572058340314,0.1963594643536463,0.1087034221620745,0.430722011,0.33220934,0.314754098
0.2329246939426942,0.5191178545572728,0.145471182795471,0.5106592573593052,0.4286492958488794,0.5322934723438308,0.6015945599039052,0.5409026834296511,0.6675675350127525,0.19540926,0.352258047,0.325
0.8099210835798591,0.7151376279576512,0.9210505566560078,0.5786254133932169,0.3617822099529112,0.33935016878773,0.5843073075947552,0.7492054002832793,0.7111989046984433,0.396613973,0.424436725,0.527472527
0.1485144700598129,0.9103691953113316,0.1453262233183155,0.1886653101961627,0.3636047547689678,0.869463697518442,0.3481899891265713,0.5902161212702834,0.2003623218530881,0.388175594,0.286875822,0.564705882
0.3039299067363341,0.0762504538530646,0.3225620434778045,0.7912745107912625,0.7349752515932322,0.3255501764519851,0.9896474563379046,0.893280640794081,0.26663690439404,0.093227596,0.309114042,0.581818182
0.0564734388473161,0.4650751171470191,0.5042311602783234,0.634102403722867,0.8652689542153814,0.2939939995987645,0.379788102157528,0.7944170766125148,0.3491701001673939,0.158480885,0.134264113,0.553846154
0.869290526832958,0.7388045696290934,0.9135107037773562,0.1392290204139852,0.7375026463200465,0.2322470126892196,0.0777347843829583,0.0859093145556517,0.5445272690491385,0.287573163,0.457488948,0.266666667
0.1770910932227658,0.4880304119714236,0.7230254024530333,0.2504173388941846,0.2834571053977631,0.4662596464531509,0.5162441745729828,0.9139023214472904,0.7224344405120844,0.222955424,0.253145529,0.0
0.0427594125682364,0.697475254270636,0.4092138100467604,0.2672074439951755,0.1533824389214541,0.9366564676826568,0.0265517048923512,0.4268078299755976,0.8818467837727221,0.24948198,0.4190052,0.15
0.1963147764536783,0.041223557387668,0.1337374080074619,0.4438052222605295,0.0694647686260173,0.7293476140098936,0.6239213057594911,0.3511537738675775,0.6587652463996468,0.099350672,0.248886378,0.070588235
0.5114884354438859,0.6450300489298909,0.4016585450160008,0.5003514339799102,0.6419173461015957,0.2855459458528487,0.0815761018211587,0.7653939417532095,0.5681681197134979,0.203177069,0.450244375,0.409756098
0.2027297858299331,0.011402115597218,0.1497994338247775,0.7676768890973441,0.6346807729118141,0.646873195904069,0.3181516863749764,0.601086043502345,0.3054055119152392,0.061488632,0.254237756,0.342857143
0.9915984127352154,0.6591200243506072,0.0528991136525137,0.6269627902716128,0.0195299496295233,0.973253671768386,0.4642056266403678,0.2932009145105728,0.8207942325893443,0.183077847,0.489212441,0.675
0.6789654735913568,0.0703690975780129,0.5966841197366293,0.9257671828074676,0.8256306458670323,0.0210830887989827,0.5088748380273366,0.3365830587675121,0.5596352319938549,0.109621005,0.044580372,0.0
0.4735713359974012,0.2020441519814302,0.5054835043295024,0.4460215329539262,0.5358181424847948,0.1643917739566018,0.2996874501932206,0.5390769092160368,0.614972593236812,0.101200899,0.227201398,0.282352941
0.4449168253888784,0.7298033724704702,0.4203639363412336,0.6225085578667541,0.9835477690638992,0.1550187122812987,0.3477635616682735,0.6040384796682551,0.0857701918241967,0.258492242,0.133422748,0.266666667
0.0471517166154867,0.1568376586925989,0.082667654846364,0.2598495786954918,0.4050287327461895,0.9225385890904092,0.4526310161497149,0.3611061279558972,0.6545224825536768,0.079332909,0.313484193,0.0
0.6704934843141674,0.0032614930618996,0.3195981869866484,0.7075298513804653,0.919926008145638,0.8160477527728199,0.4924892619955135,0.0903430017105807,0.4601599202393867,0.044910014,0.598447404,0.0
0.5952226447713338,0.8443531238397537,0.4519067054011692,0.1979747970474135,0.0058106767403199,0.885006773173033,0.00414959007207,0.9021973395624716,0.3694222900629873,0.31354811,0.415790145,0.171428571
0.0956254591649274,0.3474244325569948,0.4845546311241526,0.8587290911723054,0.3331097393275528,0.9639689855224892,0.5922944153974689,0.6766049127162194,0.1022784045615425,0.161922817,0.389666356,0.436363636
0.3679666466926817,0.7100904344218284,0.5657967540154727,0.4269692266650151,0.0389954453323642,0.5257689272713393,0.819327352849435,0.1309769313395556,0.0765451728392494,0.327252241,0.37361002,0.315789474
0.3635396916989831,0.960480239763106,0.0163740340443795,0.4071193361646537,0.4909303480184172,0.0341173139601971,0.0610517224614566,0.0273526797590955,0.7342808144932899,0.375467603,0.078824168,0.048
0.7451644347802747,0.4379745126862513,0.9926785971159022,0.5070637984752973,0.134946461060414,0.8207738821033385,0.4938434875955211,0.3445258612060535,0.488448187544021,0.166079294,0.32411419,0.626086957
0.6003256143372602,0.907770887628949,0.6824960367593199,0.4906578311826576,0.8799890390494716,0.9286557625338332,0.0459701139549292,0.8907225296938281,0.6185014912461386,0.426348839,0.709900659,0.0
0.8573785459943685,0.7542208132635431,0.3758044915123266,0.8279620109328547,0.3307513009049443,0.5677682105564612,0.0888489682919794,0.8935248621472567,0.8324350817928771,0.257948128,0.345114292,0.0
0.3939715965679554,0.4544389919516315,0.7786594584250839,0.6879430824476169,0.7690107199926115,0.964947327574734,0.4390421622334178,0.4573061156338941,0.6724453972219211,0.100130576,0.436606292,0.0
0.431399674858859,0.8548059013211217,0.724504723802082,0.9325666382619804,0.5509386178885887,0.0338320019085929,0.2887970226009912,0.9801056794483434,0.9377432367715512,0.50593314,0.115607497,0.64
0.1791915590660733,0.8143379539299026,0.6376020387641619,0.4757125915444287,0.2151861232120127,0.3743373580194878,0.8787895350707988,0.7393913487027526,0.9377981414144788,0.504087774,0.267862445,0.473684211
0.2089659837369313,0.4593744862719726,0.1858564022790786,0.8020859169027478,0.2469546346350961,0.7306324998627166,0.046455997934926,0.0456625393454571,0.2897202193073521,0.137133904,0.451866546,0.276923077
0.4860024088234848,0.5236915151278208,0.2041083250001039,0.5372733543818834,0.9623358232711048,0.2717159466013075,0.9259507290535413,0.1639661567032839,0.5701365563872824,0.379975925,0.184211508,0.0
0.2838851629802424,0.1157784235425959,0.7158480768224171,0.8915671809946765,0.9016137974644454,0.3809900008844624,0.3206413252113415,0.7639556201489421,0.0233061106585975,0.087978763,0.264343409,0.834782609
0.7065885494407796,0.3590104647469463,0.3456642799700702,0.7566791194768425,0.1466510259407868,0.5301631804248371,0.5718018644783954,0.6403193438067727,0.0821486552988832,0.171403957,0.429384528,0.458181818
0.6295428668983326,0.7466724795932723,0.5915639483742152,0.6489794509311235,0.4547039854605679,0.1337619840042964,0.926275345423507,0.013737820362356,0.5747545380129397,0.387099433,0.281344786,0.407142857
0.4887719261213042,0.643163162586664,0.7542740633814178,0.4669801562200996,0.2535298939799855,0.5523270050823368,0.2882032723242027,0.2826388722238774,0.9020230500857404,0.204984871,0.315823225,0.45
0.1879894521992962,0.8872776003202609,0.0809774904965531,0.9375608370391234,0.2872898125857294,0.6838431752859626,0.6024382371038107,0.3676054244403838,0.5692240884729348,0.400904983,0.356492695,0.469565217
0.7668395078343844,0.1211566769629257,0.6308439096598294,0.1619153124205503,0.7699686715004884,0.7128301688963898,0.3287611733146008,0.4307258297500335,0.4469633602470462,0.080051989,0.615060678,0.12
0.0702212776618591,0.5687945017341992,0.693492199507865,0.5533245581096147,0.5812858223731739,0.3714885141635173,0.9959218524074434,0.2318682469437362,0.0723241058046575,0.283282961,0.131966624,0.251162791
0.8246503414503964,0.958604991018394,0.2505489415712751,0.9332200874923195,0.8383942037925277,0.3724259945869473,0.0110186520343174,0.9550800851576504,0.2104278544304585,0.356046846,0.414822898,0.15
0.9342684428691538,0.4374597361004091,0.175940266866923,0.474787767880017,0.5431142198778667,0.3648677852955747,0.0392959506408316,0.025650585059319,0.2376256389727281,0.105571595,0.455900891,0.622222222
0.9639603776873196,0.7746976200220455,0.7884830151147824,0.3526479055433784,0.9589242502054964,0.3464626346762848,0.1872081694377579,0.3766287560060586,0.4408633874726537,0.242497394,0.555175081,0.776470588
0.2544831384451788,0.7024738202136653,0.4383092695965414,0.5960796128520764,0.5630158797049353,0.6925573112618676,0.7430443659899774,0.2279673057140033,0.2170155564336513,0.344723309,0.39262488,0.346153846
0.7010641235962013,0.7842713193797552,0.3938473591593784,0.3207630545685189,0.1373748689524894,0.9406264719980866,0.1836933473735231,0.4061841253226222,0.2015704623376717,0.20962003,0.520869944,0.666666667
0.5134249925389098,0.1229559398724382,0.3460982309754571,0.0338926063350649,0.1553336093339855,0.7760315880535845,0.1802318056373408,0.2008485769763414,0.8813074890561294,0.08280239,0.323862698,0.757894737
0.9714156830922976,0.7889598962797086,0.9655464702639818,0.096136310920438,0.0534494866396636,0.9734801628830656,0.7408000859146822,0.7298705349728932,0.7593644502984526,0.516266908,0.659088995,0.04
0.6124237737946414,0.8833024238695583,0.7776187615744911,0.190877422272901,0.5972044078043568,0.0726835816379314,0.8645342101299384,0.307227509150881,0.2730160845746681,0.483277569,0.152366243,0.266666667
0.6336139919666445,0.1523671638431003,0.5193686194321209,0.7226694720421541,0.5265609063736897,0.1409587432115454,0.3275046596561034,0.0597792393965973,0.9898342808490574,0.117671663,0.210089368,0.0
0.3636770325288655,0.1345790106493932,0.5990148161978591,0.0339118797062023,0.7112585694502697,0.6226113122380902,0.5993184250956773,0.1237989615106788,0.7466263985681525,0.114380297,0.494375988,0.497142857
0.8970356926948453,0.149705622507369,0.6284745263586944,0.0827085268457002,0.8923044288514635,0.4516695502707403,0.3565724604248221,0.7010411559400545,0.0508133236343084,0.054396017,0.331576973,0.3
0.672613047814448,0.0890139469000673,0.0825570745014374,0.1962804809917723,0.8447008963757043,0.2017001038983362,0.367262409349655,0.1710771634832997,0.5318462368591064,0.066860326,0.425175245,0.622222222
0.904060405828361,0.8966184644823195,0.3726623434037808,0.5641069918974249,0.7794996648389944,0.3118823802145422,0.3895659473380154,0.9313998640094862,0.8694405824116437,0.41786594,0.494443963,0.2
0.7138794059723537,0.3598196270684727,0.3790836496786707,0.6005357022422624,0.9785421798341092,0.3490232409389703,0.2969289483753824,0.1222045544331557,0.2368598852526363,0.105660024,0.48620263,0.453658537
0.2019899192519161,0.2642894386635246,0.7368509991031998,0.3995809706696506,0.4903706028056142,0.9118256406714468,0.7588976865006843,0.9729828167794352,0.3413995488584028,0.145227999,0.477678145,0.164705882
0.8404278743065156,0.0918838586143386,0.3960934180439006,0.8465270165949869,0.506073357396824,0.168748373435919,0.032689770560573,0.7957183276740876,0.333828990902792,0.057096127,0.181245489,0.0
0.9176466575599328,0.6168997161287308,0.6555489487700463,0.8427208273993771,0.6347316113854425,0.1644271076676716,0.9475316613223428,0.0979151362064317,0.0714858424822797,0.252008127,0.36367562,0.48
0.0530591589819378,0.7494089664358617,0.0810048749351728,0.6468111904314284,0.5494609691708534,0.623228595567038,0.8779834770086306,0.7265509625500576,0.4470759967896937,0.334309031,0.267384238,0.340298507
0.5070895042176248,0.0535985562755908,0.3646210143364641,0.2200369716842015,0.0427082923202312,0.3765190362875019,0.8914257898977628,0.068948847987164,0.824983806791657,0.106708095,0.381114655,0.087804878
0.0008155913484886,0.2921034308650873,0.6729361415775953,0.668597472778913,0.7808674445887861,0.8046144099117666,0.9768312648848312,0.3844642950905647,0.91225738743845,0.206887062,0.267665368,0.409090909
0.4460776210709387,0.7398977205376377,0.6227859342626277,0.1972991258800417,0.5276756817526705,0.9112754900117016,0.0705588016654105,0.6145266855543604,0.9892989001640816,0.32090216,0.459237426,0.0
0.7288179937332757,0.8640016771986867,0.1054576895197413,0.6556942333046402,0.4690523817458656,0.2047836958094909,0.493425022302168,0.5957367980571547,0.495461455691772,0.266060726,0.398646739,0.0
0.3927796407103232,0.7639366171612763,0.7543099318411581,0.7136232222411011,0.7831988126778259,0.2733019115394357,0.4799752455490934,0.7565557204662073,0.7139154165356204,0.222671108,0.295087843,0.685714286
0.6110129150699466,0.5182588703704475,0.9434872654014116,0.7181639750244115,0.6203425294353754,0.9752686693614876,0.2672795777661293,0.1319114635138176,0.4270703050143699,0.149650292,0.688147174,0.0
0.7591438827925062,0.0346253317945823,0.2392616449897933,0.2995689904774594,0.3117450756081044,0.8362287150328227,0.1352432086378792,0.931749236747529,0.9414052667091866,0.066360864,0.393774987,0.184615385
0.7799168469173592,0.3554312429785606,0.1566093516412556,0.3613551418939992,0.3020249376587388,0.8776473799103214,0.3896468641123233,0.7237531973068221,0.8306841355591956,0.096187623,0.35431037,0.0
0.6088177366075679,0.3752310446179092,0.3474004674121999,0.7394326369556556,0.3912009231909759,0.7878572297745176,0.8487384544501032,0.9896165738059898,0.9121236201529074,0.183079917,0.614858324,0.325714286
0.2303866007726075,0.0137423776025327,0.5472255719959723,0.9660287161021957,0.2571544932668439,0.6159304478701165,0.4629317146121499,0.3475731223942683,0.0594574684302989,0.047026804,0.168172178,0.24
0.7079823726764733,0.9682004705230236,0.6496566901676736,0.6920129280964945,0.6982216259756721,0.2161725349680208,0.8742480147410642,0.6159795108305041,0.89858319882081,0.687700927,0.309029266,0.24
0.8330900669587218,0.056515932544677,0.6030615445241412,0.668473660403765,0.3894188574430692,0.849424019441623,0.6692687933559966,0.4065802659752625,0.5051590447645808,0.132076657,0.487199204,0.541935484
0.8886170218739045,0.1425166438377315,0.4807138957257202,0.9226713853076696,0.0478995308979643,0.0770730776937477,0.3845140341852165,0.2161729625337161,0.1851673323773317,0.07766848,0.200925467,0.66
0.702395810372767,0.5479811144980573,0.8966359885977604,0.3196544780328602,0.1263787754993083,0.7008244593561407,0.8081469503941191,0.2342048471340863,0.6871585256295645,0.265355839,0.45801138,0.0
0.7066704880148198,0.8147926474751291,0.2376382222791996,0.8410940809983206,0.1051854917578178,0.0039553600061836,0.3598371128533549,0.8774307580994976,0.9935843336126462,0.35510352,0.100735394,0.5625
0.4020805943452957,0.340512260166109,0.990061604895114,0.1450990158046167,0.8960785555680946,0.0164381125831035,0.9219362953239788,0.52375650200781,0.8590946683280105,0.286901863,0.048951894,0.447058824
0.956820925516736,0.355809288788747,0.3793954802082233,0.4173700440240275,0.4717878332675399,0.8344635838090163,0.2862556978374501,0.9619002227354024,0.2600366868044,0.110825922,0.542184234,0.72
0.0920436565252997,0.2087108588066564,0.4948508334016933,0.3704907039017141,0.0800100909755604,0.0119894985119494,0.2416180538709245,0.3178842228659736,0.206000278400022,0.095981744,0.024745113,0.626086957
0.7223203528542248,0.5929535923433111,0.2909573701451856,0.5614916215416065,0.1819672170037627,0.1484271826207491,0.2890958965701082,0.7588992550689679,0.5029828746968469,0.162573364,0.351083113,0.52173913
0.6752061755591298,0.5872394170346807,0.1380606129681382,0.8895694276847124,0.5510060243858608,0.7801618031077602,0.4414172337689551,0.3297277858890464,0.2209492802573214,0.173568097,0.562041074,0.436363636
0.3641923201977056,0.3770307357607747,0.6876249168774659,0.6306729506360507,0.3115733695558481,0.5475473823598742,0.0117718431065078,0.2702927994496624,0.339157202319013,0.139764698,0.435042906,0.4
0.3574578263007373,0.7595824831778437,0.56950505511351,0.7782694508603173,0.748890690938486,0.287940205516405,0.9893399172460592,0.9842308248634272,0.9014950279055856,0.421104892,0.306546322,0.370588235
0.8556111280714499,0.4316591803060066,0.251212944267615,0.8769019383594621,0.7214212722153406,0.5812687083522343,0.6152933240595394,0.3497148948911323,0.4440269830034451,0.278799172,0.495317285,0.0
0.8881373552703622,0.8655629544554184,0.9004110729657439,0.1449342339613193,0.5006085013282164,0.7749647724773142,0.1826841743358835,0.6662592195246074,0.4117245432714616,0.452065144,0.015274943,0.2
0.728512542200326,0.556307381944682,0.5777057601511849,0.0380859648497535,0.9415636659050362,0.2209135289331245,0.5924888613189125,0.00091161469804,0.4172688061049949,0.259313243,0.346658477,0.206896552
0.6408507998188384,0.1582112358900272,0.0879236321472665,0.4799027347082604,0.3246616610780266,0.5073463388659478,0.1238504783591673,0.769358149884106,0.7772707070178967,0.10099137,0.556377254,0.705882353
0.3942572691261452,0.0115054171753989,0.0122704979166808,0.2765697322589232,0.8502073933895284,0.2249703083301262,0.4049826009768331,0.8498494167549555,0.3557041142836699,0.030099393,0.30140391,0.0
0.2183119623828224,0.4855451764375125,0.984717004375286,0.3507024869219054,0.4816751771944618,0.3958011120012589,0.84730112175115,0.5964265148246021,0.1631786373273623,0.2725633,0.209459333,0.109090909
0.1140353100394381,0.1045694390528744,0.2695199657001879,0.7033145148401517,0.6858701523949071,0.8094074181687068,0.7844868381581429,0.3825815478016729,0.1430708966950644,0.119860355,0.255989663,0.18
0.1079313754280512,0.1708441443091913,0.8905922073486676,0.3031714077756721,0.6340118914097601,0.5013541473693959,0.8876167722424526,0.6228669788210615,0.4469142313591139,0.132646568,0.340630591,0.566037736
0.8710350540588698,0.2884763442864986,0.7528773590794817,0.544116948923927,0.731338998677399,0.4704017830609747,0.0506523089896101,0.8480641814425514,0.7518532521221454,0.135361067,0.352601784,0.352941176
0.4144280148321012,0.0742040542747273,0.0806195562922227,0.0830199194874367,0.5465794942379859,0.953876529698556,0.2351321411796998,0.7703201746151853,0.3810081131131476,0.083479776,0.376266341,0.514285714
0.734927397549394,0.481840003527928,0.4410462092044014,0.2910031091762588,0.4588662356917288,0.1934738328667621,0.1082267413085282,0.0543501039455315,0.0198606190517028,0.142694779,0.272077217,0.327272727
0.9774192546591232,0.5393895113048243,0.9401562498664756,0.687629670203847,0.993581815964393,0.4888326691328218,0.02610436502243,0.3988776784293852,0.8129707149313625,0.16036839,0.433633271,0.282352941
0.9909008528312596,0.628258751292936,0.0583617769229446,0.9341609064018728,0.9454949718452028,0.716138737647639,0.5258708249708883,0.1686217446539955,0.9139520208603048,0.256248222,0.553725883,0.171428571
0.2050700381157193,0.0960389165425661,0.8906046096901977,0.6004203029388872,0.8660033628534907,0.051419037790511,0.598088037972828,0.5700923962452386,0.7167496630643423,0.087159715,0.049059587,0.0
0.050656621493947,0.4082735188106285,0.4496552137291012,0.7729452522512675,0.6737856477593237,0.309770371399647,0.126657454125063,0.7033508912169744,0.1144162449851208,0.109519858,0.275864167,0.266666667
0.7493547142792265,0.5929068849013669,0.4138016903023784,0.2754557496405245,0.4362201074057603,0.2267058496476979,0.2855684759911917,0.0442240964505799,0.2163689710969285,0.140053504,0.44321748,0.541935484
0.6063786792057364,0.3051905395468119,0.1724334694701366,0.3826214571484245,0.477140608088073,0.7236909261217477,0.7063785078270465,0.8715203212951834,0.7940069400439024,0.176266111,0.480750921,0.0
0.1376131411465545,0.8448492661675836,0.0621565997520489,0.611211639868257,0.4920771753046683,0.8810647065169921,0.4708634498640285,0.4641191536051022,0.095222677015725,0.173646998,0.689149938,0.3
0.2685960315725519,0.3870231214049439,0.9466241351489753,0.5704123017347202,0.0973212894394559,0.2601755372851317,0.6963452386721195,0.35471413837571,0.8398042843926029,0.196774488,0.213742109,0.0
0.148030251850384,0.7489482897933782,0.3563969597322803,0.0965435088749071,0.8880656523213909,0.8802366213476714,0.4566095644450606,0.0105781504459939,0.3374372592487196,0.246924492,0.361260201,0.218181818
0.1909641919042456,0.5640298430874383,0.3710252151153639,0.7016345840101419,0.1910442625766206,0.4329161895454103,0.4541636260258727,0.8800160521545594,0.6049689809367857,0.202181133,0.354170285,0.52
0.1096943734301557,0.6005907690667023,0.2710185487863074,0.3818789680406502,0.2926971032471953,0.0264606808300655,0.7994572720059168,0.2534158988835091,0.6890871987689686,0.260230401,0.044962423,0.567032967
0.6074541444085999,0.8776192096871429,0.1722113738842309,0.0116892580748849,0.1750908941956526,0.9479595555961688,0.8665297370170679,0.8833771141351164,0.3423285356624308,0.579592572,0.678384015,0.06
0.5444271965674959,0.919194013528902,0.7297165531608798,0.0132187875513295,0.0502701159165097,0.4756246395067893,0.1712036096761351,0.7029174884183226,0.2377059893347161,0.397663243,0.540933227,0.0
0.918390376660817,0.4216139284011375,0.6933941950673006,0.058421334100668,0.8263164344533699,0.863122192270544,0.3393053117956872,0.4613525069330597,0.5437079418525049,0.109456895,0.553045997,0.0
0.7622918051585906,0.3535132581116716,0.0832434396483849,0.9237079056838192,0.6475692565404917,0.4743808238923115,0.0746152565711586,0.5211036234291585,0.0592199486412076,0.106520519,0.446193367,0.0
0.939796924258824,0.4791945477383295,0.8413955483514265,0.8913601076727315,0.7798719137741961,0.6460681543912788,0.7598267223606495,0.1322997848542998,0.7766886684765112,0.321355052,0.563804025,0.05
0.8825824432526569,0.6418738790209719,0.2632727837700458,0.3220681774931726,0.587843260366295,0.450271778531182,0.083692117681433,0.2695624792370058,0.1983924955754877,0.206933188,0.436097552,0.514285714
0.5622597660710321,0.2432288419220365,0.1506260343888356,0.4327988785788375,0.2562764730663319,0.5674346835965507,0.388042979090473,0.7002885198266001,0.4131866605689103,0.108750372,0.651381577,0.0
0.8695070474140607,0.9941528918269188,0.8035570049501741,0.2951970462764445,0.8685568691132293,0.4797197518067914,0.6578670692538526,0.3419935940254558,0.2949172080345936,0.507738488,0.435740991,0.236619718
0.9484655142448124,0.9188263228373476,0.8740576104855224,0.352827471480833,0.6293060135615915,0.8185156959732924,0.3256757414310834,0.9698969066923994,0.2476582768684002,0.388833184,0.4662503,0.666666667
0.2781084554965816,0.1271291569671535,0.4327760952407374,0.6104637694992473,0.43786779897449,0.4861489488226099,0.7761567132874042,0.733865911531347,0.0460317199294318,0.109751215,0.288819111,0.390697674
0.4053708246187786,0.7625763611972297,0.2131593823511451,0.3742622504438698,0.4105705545766525,0.3242844146620672,0.112072207971411,0.5298977681404798,0.581291679963724,0.24676351,0.333579376,0.4
0.9991791072901642,0.2552785059567481,0.242212628254804,0.4665192614881895,0.04863943270706,0.2103608184982862,0.0519226363153222,0.7623948215498754,0.7390030739166101,0.104993955,0.364696578,0.432
0.5224127465518144,0.3640823780589706,0.6141011394520899,0.5967025709606978,0.5390569262698822,0.3976908188586331,0.4415462630953253,0.5568812118800784,0.6376768146782307,0.097167508,0.350992809,0.15
0.2479277277595429,0.8192562689135022,0.9343890881643768,0.1038911069924184,0.3430241822408142,0.0124344275821182,0.5209100261787185,0.296056945011529,0.7314657513585235,0.448902384,0.048488739,0.678787879
0.345025339944927,0.55479437390894,0.5132192056959314,0.258607240498517,0.2245597452339036,0.0163965273723609,0.5688887194398697,0.3886107091434517,0.6420929402895239,0.241384115,0.044258537,0.536363636
0.0947931528719618,0.2910564702950864,0.971650129563963,0.1954499721383399,0.010762991939003,0.9511760463383732,0.4881742946618451,0.7885235987508386,0.999740341260126,0.084916174,0.433798485,0.568421053
0.6517191507667116,0.4913110223209502,0.7714193934038152,0.8406273641531222,0.4035989240670431,0.3848003027803314,0.1105204438440066,0.8574709213333422,0.1684047370358529,0.268732186,0.552700215,0.0
0.8536853043897916,0.1938884438022579,0.2176103887827535,0.5699760138645664,0.2490076008723056,0.6331091981341993,0.3226369613936183,0.988088570094962,0.4876525981564555,0.091091425,0.566287353,0.675
0.6743707085256196,0.5803610431422446,0.3663501558292996,0.2392218603889274,0.3776963957031446,0.3787471733283946,0.959411019084498,0.2515341207069518,0.6323446944798939,0.333358427,0.427716425,0.668181818
0.0754772063190973,0.6067561008434272,0.4672032107819888,0.257557210369888,0.0534502651938416,0.2573118166494471,0.0112286679851225,0.8654275821802982,0.3853213996390139,0.214063898,0.18282041,0.72
0.2431653045682886,0.0242097541019609,0.297320506874531,0.978112784873249,0.615222493082455,0.90992578015738,0.0544045748179875,0.4475021085963464,0.872559520269395,0.055964486,0.367688764,0.0
0.7936865531281329,0.0525549771084461,0.0662312603999496,0.6546669183900509,0.2755711700032222,0.9441411832955412,0.0618394091016636,0.7124516827527589,0.0945869788520084,0.055490916,0.56968866,0.461538462
0.545729385818228,0.1420628545388728,0.8317517215656814,0.9468716255668528,0.5862194218983506,0.109275334199727,0.824012975301504,0.0241031539435655,0.9256051105424004,0.133774466,0.174088649,0.133333333
0.556760661386775,0.148680848642747,0.5701841202524025,0.8645533022351344,0.8313324226122224,0.3411375531075709,0.2664826498208149,0.4209729323275349,0.3864746209683967,0.08785733,0.243840356,0.0
0.4787778438848903,0.1264799684967111,0.9216778540698202,0.290515106551924,0.575765688766375,0.497223246053772,0.4050786007386171,0.0419697264392616,0.2642613222993991,0.073917396,0.451118191,0.218181818
0.0830850069601358,0.7886652162609359,0.2107749813195516,0.0152189655281016,0.8414091702492664,0.4842263981927264,0.309920900118215,0.4689780132755541,0.1492930779649482,0.239745284,0.232970077,0.24
0.6248696768328406,0.9537106235315572,0.8640749577699215,0.037917848728749,0.4267297321139135,0.4967476305182958,0.4381243410720067,0.1099172454128247,0.0178954381553015,0.315280951,0.404345967,0.72
0.2580084330488748,0.1612609141374714,0.440285839327582,0.5457480104568568,0.2011796270251927,0.2476794334593977,0.6948434930541864,0.7132840603850902,0.7607397465130196,0.129688501,0.254768145,0.15
0.2833750272788004,0.0874019171284823,0.0658957107439577,0.1935669292172257,0.6034820288079203,0.2897393141118927,0.4002659785078446,0.8472954912110637,0.7705478649131535,0.076418998,0.23459806,0.282352941
0.7691129684975275,0.7313705785980569,0.6276375421245862,0.5925341754839973,0.8257440631049628,0.7903284840601809,0.3419944743770466,0.3355341305969443,0.1282998005678149,0.25965868,0.509174687,0.428571429
0.4884999205817598,0.9841351001361008,0.4736786516311455,0.2548073999305575,0.8421279708873193,0.7134983967571357,0.4616844006080249,0.701659955167618,0.3229601095560839,0.271244698,0.4406382,0.15
0.0687199256727046,0.6212416933840761,0.2895123075331003,0.1670565169018143,0.1932865774070742,0.1636702091928731,0.9870197246414244,0.5236045939293579,0.1334614277579172,0.272074456,0.132924823,0.579310345
0.2519254257045431,0.1402282516215549,0.5259391369812714,0.9708174484482576,0.137531272944843,0.4851594669803648,0.6057711889418818,0.7947821227349712,0.4033845868524951,0.141819374,0.256003133,0.0
0.2252553392751297,0.7487973629267408,0.8180534088320828,0.6753141808978536,0.1531833073137194,0.2649685610818744,0.5113277017318739,0.3669438639478526,0.6149883634841948,0.342018521,0.180637737,0.203076923
0.3833917528142774,0.5471584576081888,0.0325529623832094,0.875172082347545,0.2983681299713198,0.0024759231311513,0.9403698411618142,0.7962305243387738,0.4242040035584691,0.249261285,0.049685128,0.536170213
0.3239730381661883,0.5562970071505098,0.3367270918264865,0.5349473376314574,0.3268842274428851,0.3844004448501487,0.8787142014525878,0.8890099595755827,0.4901002910439052,0.197359626,0.401412748,0.461538462
0.4910800937915626,0.1434070831603766,0.4249777419460679,0.749605860602525,0.3718173667142114,0.3856818516252679,0.8930429872614276,0.2586177186218349,0.4368061947311917,0.107941959,0.39729614,0.52173913
0.78017000964706,0.824627094094691,0.2415997923140017,0.4294075749972393,0.5032751785444386,0.0075570854540037,0.7511666695369398,0.9696142132988812,0.7871307103286541,0.436465994,0.027660686,0.0
0.2055885987600497,0.5309808305293796,0.0207934412201068,0.0737186618347598,0.1301969301047975,0.5200845177571901,0.0844833035158082,0.6187404823061392,0.3585253544558938,0.14929792,0.358651401,0.436363636
0.0502634143584638,0.1923958234125338,0.4490674087871046,0.8023461571527492,0.3156829011973857,0.3555216581687018,0.4289572480668087,0.2790848799652741,0.025609406123835,0.07626698,0.148895099,0.818181818
0.1384046718139924,0.328886122799487,0.2809248584903381,0.5612208639484867,0.6118421371922579,0.3034100518042814,0.3280886932090743,0.8664936787035878,0.8421378522803165,0.120902837,0.118319797,0.0
0.7498259829599393,0.4990645945959824,0.2426373256455075,0.9147251453356178,0.4803253063434558,0.3908051744263509,0.2573710227957925,0.592458819413752,0.1084564739473512,0.134968315,0.333525015,0.64
0.6086446614718195,0.7890376305392455,0.3112104536983802,0.9412324144196051,0.7268792581480982,0.3025949492820524,0.3859834269962722,0.5144996816238756,0.0980106676281905,0.166060826,0.478376636,0.66
0.0447278010510203,0.9023390354730296,0.3622944319036473,0.0028394675184822,0.4966023906031763,0.6474906521199915,0.5437013871816352,0.9353102893747084,0.3152825077223657,0.446271546,0.30537586,0.541463415
0.2249195698420738,0.7220171165878045,0.3347038454509297,0.3748167440079043,0.6023360521004216,0.6962600592318076,0.730548618858933,0.6428831540878283,0.2924668109509234,0.410757074,0.229711956,0.0
0.0849575639513757,0.2198561157334504,0.6178335112592122,0.1843657285747563,0.0149259505059613,0.9614744085419694,0.1963022969521209,0.2022647447842996,0.3383165851223373,0.109521216,0.381917706,0.12
0.2821286624152525,0.0632930096061903,0.6911662331984811,0.1295215929686926,0.6561111232993865,0.7063519135199832,0.5426901438273293,0.6196351854293533,0.9702967689974816,0.143722543,0.391073999,0.208695652
0.6327517356307032,0.054398121941929,0.2258586169398281,0.8484194160344373,0.6662887953488633,0.1312864718481948,0.2304583703236545,0.8813834068172708,0.4603775171071537,0.076863749,0.210869171,0.184615385
0.440536281766185,0.7242520805123086,0.3911484910581813,0.1835763732837489,0.7085956756934272,0.2033950623819459,0.6591990792686462,0.8901012533784541,0.2820379378009991,0.34903656,0.313558113,0.528440367
0.2663006054041589,0.7351546289369375,0.6405278874228492,0.7584841706089112,0.0802853289793081,0.3335223099217344,0.7452689631402469,0.4081299172124426,0.1782284888355165,0.360082753,0.332339943,0.6
0.4015793690931207,0.4012296421183042,0.3457640398613482,0.3621213988251569,0.7329635227464656,0.2772989147716351,0.5054644785045906,0.2173173939198389,0.5321264191009195,0.197889173,0.215147969,0.0375
0.8082958710598493,0.6007802564908173,0.5043545886463514,0.8180756478585259,0.2249860095172624,0.7648436880416893,0.3681029164857214,0.9735200531873835,0.6528268762797759,0.162132219,0.508953463,0.342857143
0.4977403386366766,0.8260900374954763,0.2621630618530864,0.875551752804364,0.1315853225365009,0.3976318054806702,0.4278153693127293,0.0837275785132558,0.4101372094057351,0.222869543,0.253930823,0.12
0.728657496110842,0.8825013343508571,0.7146448488268173,0.6044927843628468,0.5095974098611973,0.9365679272359354,0.1333004004580636,0.4685262267754262,0.1306814971014781,0.37125889,0.589307168,0.36
0.9974666341482172,0.1405201858079829,0.112669731401005,0.6444333475829955,0.5101992742459006,0.466705748636551,0.7950481067740066,0.7773974616981918,0.0691415661674696,0.077655433,0.455192991,0.3125
0.6096610789032905,0.7667580521285975,0.0972219662649367,0.8558263761044217,0.4199823110884494,0.0228970726589161,0.5777384819672466,0.4835205022516308,0.2358520178041135,0.423094543,0.090547973,0.24
0.9413200214317526,0.0344393345133926,0.0655555840283333,0.4697886904424233,0.0753013756191383,0.285748521132661,0.82213929705663,0.4562311042313597,0.5988878560402235,0.087548433,0.446100488,0.22
0.0380469080610802,0.3202703341025639,0.5294113973446974,0.8207040424227974,0.132275229185059,0.8241643234669908,0.7798923677594554,0.9446747096862266,0.3440682816231117,0.149268488,0.203823221,0.0
0.1309174902200927,0.0285189661478801,0.5825406005747737,0.8389686043110051,0.4006425243581001,0.3440062421389851,0.5078298539527842,0.5147526062410075,0.7816040302660808,0.108527695,0.279970846,0.432
0.2582092163908224,0.9578216345976772,0.4402211320876937,0.7801774472608641,0.7641969166432188,0.5873911552438782,0.2778929150990682,0.5553517053611293,0.6027658691101514,0.448345337,0.250057873,0.0
0.3397294986204274,0.5938144839742661,0.0066249403003879,0.0986452407315213,0.8122889654613201,0.538384293699931,0.6580053405979854,0.8742714734530437,0.5199041960555653,0.284229096,0.398590621,0.211764706
0.4698711557753943,0.2911844714064472,0.9159113082714824,0.6693503512053105,0.3849976227785461,0.7708060797957942,0.3947136164215896,0.6318050403635804,0.7288137046364364,0.07121896,0.547905057,0.56
0.0919638226428102,0.5393588231629868,0.2362359132137068,0.432854373008314,0.0818841054839398,0.0952863464066912,2.0225049345512502e-05,0.5509370924018603,0.9381750221828024,0.250607306,0.03129302,0.3
0.6992754627499912,0.0355630833381187,0.7856087789238451,0.1260693760647736,0.0539556676625473,0.2386232454354472,0.1633338356037974,0.7532308297693274,0.7698376553285449,0.097681813,0.542595349,0.0
0.9156251244220064,0.5833848641502685,0.056719610108931,0.3499885892475718,0.6149278592104164,0.4249363518040941,0.0059759123607902,0.3533248360819294,0.5455267287114508,0.1852802,0.340743086,0.12
0.0940347921656556,0.0354489535746667,0.797613289977623,0.4802976461175949,0.1666230775746705,0.6762826977761833,0.4889695501599616,0.6537413555916662,0.8291479249469679,0.093015116,0.263367308,0.0
0.1774950895923729,0.90371834095888,0.2605547067072817,0.0690026676146331,0.1325456014079242,0.1686403478128582,0.935767422180982,0.0568132712067218,0.2320795751331873,0.395716163,0.201183365,0.378947368
0.7943638023789764,0.9868764815675288,0.2514167017752085,0.1791291024044716,0.0459066875108673,0.6864591330902208,0.6138505506746784,0.6472185770352817,0.4287888923899062,0.541960012,0.533078555,0.311688312
0.8434207688371367,0.7390148868879705,0.080661234596251,0.2166565760040516,0.5118934421723667,0.7007846611286073,0.9200275433345791,0.8388893276172603,0.4121052718257023,0.411885036,0.507929077,0.274285714
0.1180457083143425,0.9880635588674028,0.7821527262966412,0.6888446849961669,0.7207644096239691,0.7352945783024117,0.0498763564519865,0.5498020075469563,0.127794591898709,0.394068241,0.363162904,0.72
0.2627528797113589,0.1024663711990772,0.7873132727323986,0.6638278710374564,0.6815977292335204,0.7105631117784886,0.9494772063762772,0.7941214411212251,0.0992431028794845,0.137621421,0.316862026,0.314285714
0.2561918228354184,0.7430206764915477,0.5852756414404654,0.0871410001352381,0.052729223436427,0.3936414103475094,0.8570434787333895,0.6622136157092127,0.6453265402678567,0.373476219,0.337151467,0.576
0.0786591834839673,0.3004111202609364,0.4686480887689227,0.5737081790291105,0.5689227552715235,0.2015647163026076,0.7576062909656152,0.2972280832903862,0.749927529246643,0.195928192,0.123528422,0.748051948
0.4734150002183934,0.4472130725870366,0.2015075912548989,0.6281641554393411,0.8843170133942558,0.0616815515523788,0.4774365152414191,0.0249068890058203,0.0673063240655561,0.130816804,0.070053055,0.45
0.444844483609772,0.8656351368994434,0.9082535275935636,0.5373061632609788,0.7757994517744407,0.6043014784468869,0.5083748153150052,0.8541429184210042,0.4942883765992987,0.543549322,0.528038542,0.096
0.3085200558484131,0.4048697182968978,0.3756623623293503,0.1662628883558992,0.3765936500253378,0.7998764104320675,0.2561273892084373,0.6797545116076531,0.7782970720922756,0.169118099,0.568057469,0.818181818
0.3452990848156648,0.1550545607169742,0.6655305367738803,0.8889048671510305,0.0406794633398241,0.808535165819001,0.6614863021704289,0.7717928110856109,0.1699882264568752,0.126438714,0.445803397,0.1
0.3051567783882534,0.2299917806066639,0.562513482208043,0.8941633054373906,0.147350756399302,0.4625151214315393,0.601172419403913,0.1963717589710574,0.0056397713177757,0.136991012,0.220192707,0.367346939
0.3816894370675462,0.6149836499045861,0.962200786087426,0.0248769200593202,0.5516417288582618,0.7980501628464283,0.5561250911686845,0.4469567734357397,0.0450958600418848,0.297890621,0.421499697,0.476190476
0.9512037430818204,0.8458223381853047,0.6307167938513829,0.529069776693217,0.9933120476579222,0.3333216397939247,0.3380704269488511,0.072228600705846,0.5082587242278683,0.303905118,0.594080257,0.675
0.6072364415496229,0.826081725903986,0.6467856993637208,0.7372849928885089,0.5995492123694781,0.9892810451697353,0.990343944279509,0.1925163929785779,0.5763716309304127,0.485021766,0.611206631,0.416326531
0.5794609753918099,0.2201783014789481,0.4116257508452765,0.7037857633609577,0.3815342937888503,0.495640078156588,0.2658243636833599,0.819365970626344,0.9979437358899118,0.088491782,0.444741891,0.461538462
0.455778202290568,0.8416764835429558,0.7541899291654217,0.2838411523121686,0.6267097119735359,0.7595684119239975,0.131168578547987,0.1245268929822975,0.0959881676038326,0.337777341,0.707603928,0.0
0.7414461145385582,0.7519296790486596,0.2426170594968406,0.0389755913746189,0.9792695315878324,0.9439153021947628,0.490058897380477,0.8814289856895068,0.9590161625916138,0.343479961,0.588874369,0.12
0.8148191621899151,0.6193804665420597,0.3659466451447686,0.7562314944693521,0.9059784936036824,0.2224392546991094,0.973537254012806,0.4207495821236691,0.7664361327919978,0.358437536,0.455051263,0.507692308
0.3531463362966272,0.2135821249576127,0.0451898259829567,0.7968487810589163,0.9860647278550616,0.1463743999612247,0.0193571884368602,0.1856368904381269,0.2633542476063994,0.074940474,0.20934704,0.4
0.0133092377694609,0.3598272556515329,0.7331061826751916,0.8858191390198605,0.91178743195133,0.1858462643460396,0.796958437949435,0.2726811177920838,0.1767347650147733,0.202761888,0.126481781,0.6
0.3674976206587526,0.7852700759684191,0.2761573890404672,0.3307980273446558,0.5058758899445988,0.94439043032631,0.4380858693129765,0.1280416368291995,0.4259709356945432,0.304184421,0.33402512,0.15
0.3707453296347466,0.1513420377203138,0.5221274799228927,0.4620894797520775,0.605702004031397,0.9822917766797836,0.5379465278241851,0.6801238896795497,0.0374491205903434,0.093966103,0.409262754,0.275409836
0.7141932071976369,0.3582760265090807,0.5970945380104882,0.6240470405201661,0.4337689939459551,0.6547058399242662,0.052479288337225,0.3434042015496142,0.3715120666071029,0.163120479,0.486012993,0.2
0.2188898375274502,0.5638572511070415,0.9531833943138468,0.9174283675829452,0.8627824804179302,0.8993092981919467,0.5917216078116937,0.6859019119788269,0.6537718596953725,0.297220088,0.472577733,0.260869565
0.9880838969277742,0.7531506281245871,0.7204821913696907,0.8553253727184043,0.5687780881413429,0.3332785312097527,0.9725679173237044,0.474767632680301,0.2305713117172114,0.365099679,0.529005083,0.594174757
0.7547121375917865,0.0970501009359484,0.7859883861419767,0.9395566433796342,0.937195166984225,0.70768881356462,0.6564824553004299,0.9040395783476028,0.4612653713418355,0.13311104,0.563060483,0.0
0.6402189481784563,0.0295352704532128,0.4752392251079835,0.1808793307653738,0.8895010874588251,0.5808659438185062,0.6604802867351789,0.2300671943581752,0.3408563834044203,0.09307512,0.531725705,0.195348837
0.6801574277106834,0.6248931065108916,0.0477976718196806,0.3306611077415708,0.7527070898508861,0.3836188996139714,0.1345752265265625,0.655065391121569,0.0233623078833395,0.139419071,0.310593317,0.36
0.4519889895275611,0.4508809232378725,0.2326744410694914,0.8668870919038703,0.4612953310970826,0.5462782945619807,0.5410951761003633,0.014071053184817,0.925226034976456,0.158983613,0.363554123,0.0
0.6399458602397851,0.8397659910661154,0.595249905853212,0.0529202379746996,0.5133929767510853,0.186398657952859,0.0314908321066058,0.9839087200172276,0.6279469671470312,0.34862906,0.163044769,0.0
0.2870256891112572,0.2965968484362684,0.3223895372546508,0.8462326103066763,0.0597340327019598,0.9774006302606352,0.8766531216744542,0.0247792200801389,0.6955381694081084,0.171152416,0.388909168,0.044444444
0.2140182985283762,0.227497804860826,0.4389659193924543,0.0752158234474779,0.6721318712306658,0.4507401207508882,0.0437246400302786,0.0377689032353993,0.1533684941876268,0.093935062,0.344264195,0.342857143
0.0103830585362622,0.7158412170090686,0.7861399942830757,0.7731935481212553,0.194834924928979,0.964839930556437,0.3569808018786553,0.6124978557039669,0.9723685117532742,0.32324208,0.261966427,0.0
0.9373465905086537,0.7300946138647694,0.2253764169384043,0.1629371321401607,0.6688317602320145,0.8793036860161951,0.4608072827638111,0.3824748087090606,0.0803076464121108,0.266809212,0.648085476,0.342857143
0.0780166634974837,0.9008947798281596,0.0779229799117866,0.196420511944482,0.3812012636238967,0.0519665640838987,0.5821157084634268,0.3270994440184056,0.2924404691970154,0.433627656,0.037241061,0.064864865
0.4534907634043855,0.8513484712486639,0.869215409372966,0.7051287190794765,0.5564308358959832,0.7708313528129955,0.4724330634221282,0.5719363135210079,0.6129981301749725,0.36798752,0.434079572,0.342857143
0.0675077547572472,0.1118960663282032,0.7529863589009783,0.0202804552341006,0.1423522857531842,0.4150319285135619,0.6053592468069302,0.1758104208481945,0.902777743193105,0.118199648,0.233625428,0.469565217
0.5748270004493935,0.7770215306270866,0.8578867916259167,0.3721045378303635,0.3100993673877442,0.0547637419505732,0.1962122862519139,0.6548115935607688,0.4613394943717025,0.255128325,0.120415465,0.672
0.7105467902940563,0.1140345604912864,0.0647804467960954,0.8534631065969948,0.5994862180520628,0.2807433276801748,0.4468638631325927,0.7347072419232503,0.9484810809579256,0.077256541,0.38971512,0.171428571
0.2957026295481866,0.5091885271544713,0.8830800541601541,0.8927805453023349,0.4400189163781203,0.0459951088275994,0.8317447095367564,0.5582871441718587,0.4281511915265247,0.276916427,0.096930593,0.6
0.6636475729589227,0.8549531963470575,0.725293502090084,0.5755277058667603,0.6652485157313865,0.3890814073874703,0.5910185425173348,0.1980160153668239,0.903805299018288,0.598559946,0.213117068,0.0
0.1936049254602868,0.4339008471836811,0.5455655680816407,0.1853665468547231,0.9909414173174798,0.999372315152685,0.1256888544534024,0.6795304363720962,0.4501327209543313,0.16494632,0.32219095,0.0
0.4113919301323016,0.168241584954784,0.4624689536240595,0.5465066300022289,0.0544058682330031,0.8240263948690469,0.4281301231481671,0.7972598107049478,0.5989081160678951,0.090925948,0.420150946,0.533333333
0.4965451073847152,0.7832221574762195,0.8627443078631266,0.9412389175546748,0.9132994393061854,0.0771063893206824,0.3302487685241015,0.915496910604624,0.8649785183085738,0.405685678,0.259742563,0.48
0.234110411546892,0.4906970529763761,0.855790006466937,0.1349284430980817,0.3323232597171642,0.674903000581019,0.71919745683528,0.605714489959609,0.1230336263853064,0.271397091,0.265593951,0.285714286
0.6092033706842249,0.3423633759147588,0.6121253178907213,0.4334372335159071,0.8186641621309425,0.8513377088145003,0.3952661029197032,0.5716848722694726,0.9814301340588708,0.135014931,0.479054099,0.65
0.8953164955016716,0.5987861903351578,0.9857826919123804,0.4034555143373181,0.6352718524963612,0.0080125046051517,0.7625791202249306,0.6622448386846006,0.6587910236255651,0.365577909,0.104445235,0.585714286
0.9686273698197472,0.7554155605561006,0.2107327073514199,0.4787517001455865,0.7809826458949181,0.6116214565881749,0.2329129854145385,0.3735340259045249,0.960464643111446,0.24061015,0.590712069,0.514285714
0.3319929149486547,0.8069570210850406,0.6258461539246444,0.8647618751770597,0.2887520859452188,0.8688058342415845,0.5106534122560314,0.0495619642087626,0.3402416528220581,0.52195805,0.409442661,0.0
0.685002839182094,0.0816326399100149,0.7751854376713108,0.9954942368167704,0.209328221076022,0.3002151251091378,0.1256435965024817,0.5614122792530305,0.4753396127163199,0.065549723,0.338941151,0.266666667
0.5530048572407659,0.0083455650756337,0.4567279223577595,0.1787325483581483,0.0329316106405067,0.5469036154943275,0.2798518433530157,0.9084117444217598,0.2933084494206852,0.071018206,0.529366296,0.266666667
0.3196860594868717,0.3610090931677033,0.082169335946055,0.8920135466251361,0.3739574663515563,0.8978263226410161,0.0931365864731634,0.8289796835041549,0.0717161430474965,0.127246507,0.234533265,0.646153846
0.6972979620578895,0.7334052455643286,0.7268060167759991,0.7261436785254222,0.4035009107319339,0.3844917443934789,0.6486456715401269,0.4234179347101445,0.2223602451077726,0.4303745,0.440083279,0.275
0.1929766070722306,0.2590617218780943,0.7713232680516274,0.5288539379824247,0.2449886695412627,0.1546006225816381,0.6618916364130607,0.6530576221718346,0.216078022178847,0.146662525,0.168322025,0.562025316
0.4604617127997489,0.3407680947922817,0.8405425061815154,0.1487190357014524,0.6557389742140635,0.3447021244869173,0.2266227256305868,0.7819812991374185,0.4939042773334462,0.118455155,0.44070289,0.428571429
0.2281581298938768,0.4694652723766916,0.7531770829971811,0.4010008043308541,0.6312574097114851,0.2930850165878058,0.257699919949193,0.8196531664338226,0.2911049077649402,0.151035041,0.262221771,0.525
0.2268583790622558,0.0862575350366887,0.131622675041643,0.6143061692885822,0.6979536395701504,0.5392764223448929,0.741120134655522,0.3382295461605497,0.0117279845590488,0.088620746,0.299324431,0.702702703
0.3820808602508927,0.6353582270624032,0.2489490293433621,0.9415744135564936,0.2528714252938607,0.3721693999232682,0.6085226518204445,0.5305263275131612,0.6879358054496155,0.319713121,0.388375953,0.318367347
0.8975334441550769,0.493899286399432,0.3644542216483456,0.2388045847655877,0.8814731929883367,0.2466922273496745,0.0694471588086379,0.4357429693413812,0.0233881952320239,0.169144286,0.387602343,0.818181818
0.8605774274141523,0.8795247758284624,0.8392187313446887,0.143214271087263,0.767574969316452,0.5578818780179892,0.866045719752821,0.8831230275376347,0.2336788828133486,0.543675155,0.497960274,0.588679245
0.3210124322383466,0.1600589351877456,0.9458577888581344,0.6427612218037345,0.3531735893033036,0.0039711172756188,0.0353488719239761,0.9560210772294496,0.1248561039340313,0.066294913,0.029304295,0.293877551
0.9207656120835293,0.3329698582701721,0.3596506037501124,0.9725634734743964,0.3747344418453773,0.0710561475216994,0.3797177508423685,0.3868274091104653,0.8369327086310173,0.141875447,0.220695953,0.266666667
0.4986242553729255,0.1017454964923895,0.2520073594412579,0.1146173511000775,0.3390140511406753,0.1783609368483755,0.1899281553266621,0.4952821779855682,0.1718670360652789,0.081173488,0.343482916,0.818181818
0.273454565315959,0.1966678205586178,0.7267439440155123,0.0182160630559861,0.834565934915932,0.7147276672179715,0.86331839611733,0.2408390926909784,0.5936193834351619,0.161883955,0.37743742,0.438461538
0.9362090636460176,0.4797199626452426,0.1038643807912563,0.4787255307009881,0.4368794212605051,0.9982819535332786,0.9390934271286668,0.2005308300393852,0.855932298845873,0.273514573,0.537705533,0.0
0.5677249273520715,0.9874376837953196,0.0885057933573142,0.3380950847735418,0.7368837303060992,0.7598572544184156,0.394993237178027,0.0979122301434606,0.3242089418045296,0.293923608,0.535718734,0.631578947
0.5766397519529242,0.2152172582976697,0.3069171796034939,0.5998837167612836,0.4569679552158475,0.6417108260841488,0.5692969108522982,0.0652934297783148,0.556010368518939,0.134069211,0.48765735,0.171428571
0.342399922255418,0.3551674110622957,0.0079591841013442,0.8859178398864651,0.7149768809069016,0.1534860651822853,0.7493223999840919,0.0414424698517406,0.6202819093875402,0.156730072,0.224487823,0.191304348
0.9946990704312968,0.0497571080595781,0.2446486134457209,0.6407848141767553,0.4158145445458334,0.7858442769109076,0.1580226472482175,0.445544409700491,0.4708271796405164,0.051278367,0.616942931,0.0
0.8385055518392129,0.5752806610039831,0.8551028031775396,0.4333035588500108,0.9543145902245984,0.7433255047412382,0.163586287720086,0.7125282779820656,0.6300584621469536,0.167704328,0.685012354,0.075
0.4116540741714151,0.4365417438013561,0.4416067537489666,0.9160844032832288,0.4399573478928845,0.6409415193182958,0.3157477048945317,0.7257338349869746,0.9833013498653198,0.109459986,0.408144326,0.0
0.2843781565699619,0.5606639863237906,0.985033444088256,0.2656647666717788,0.6116160693670536,0.8713057638813374,0.4908912018603891,0.8512951643044607,0.8866016764927588,0.20667954,0.489229655,0.0
0.1985768154341893,0.969136079543654,0.2050460200409967,0.9611319398730224,0.1016520646055677,0.5235393046787732,0.3777046719015517,0.8357466316471625,0.279484736736037,0.298906265,0.0,0.0
0.818006553506147,0.3655969218654181,0.8934275585936722,0.5396081364543073,0.8444716380097547,0.2186252309385247,0.3846209633361508,0.0527283909896237,0.8274949308323378,0.133399478,0.365561458,0.573913043
0.4417896451389129,0.6024700053267303,0.2667078828360453,0.7304341489547573,0.2347204590409695,0.639847250491416,0.0323786323675493,0.2802058756530388,0.3296803428909659,0.15141456,0.40249306,0.218181818
0.1791309006725072,0.9217707287830906,0.1560854450660392,0.8227111292278759,0.9036061073927446,0.3558830480023396,0.5117708013464951,0.8842763495387702,0.2040673541499151,0.443098528,0.120473893,0.0
0.4894411555788619,0.0815801760201966,0.7824762752356462,0.3067413248011204,0.8619492245930908,0.7496949437373517,0.6135402133667761,0.4646941376671802,0.2040093808770179,0.138104371,0.378816533,0.436363636
0.3969675549248513,0.8995992474142207,0.7469679266063705,0.7844242252906457,0.9380673925791986,0.827149227092058,0.1162622871448206,0.1392584954469258,0.4739065924077559,0.321718841,0.510541833,0.0
0.1093298122809973,0.6768299392862543,0.8160420635810617,0.0373978145747021,0.3000909673584169,0.8092644556551101,0.6775828839764965,0.1118539046597361,0.1252838699073399,0.371415542,0.38767798,0.612244898
0.2214727375378037,0.2956718112021791,0.2597754210421824,0.2570249712347231,0.5970291985559152,0.0845925834212025,0.8000709325810584,0.059200003609568,0.6555223482109864,0.161411281,0.136188131,0.55862069
0.2899017943821144,0.6003817644266641,0.0782245469203946,0.9413777180545913,0.5026404979622374,0.483701938355175,0.6801959628596248,0.1562175103413637,0.1541946165427395,0.291409611,0.283020184,0.0
0.3627131074759948,0.6137913924605708,0.0927224059181266,0.1070525707121695,0.6693882033914792,0.4675348346914705,0.0032618029364402,0.3672032038359709,0.974543636991188,0.245800804,0.219736886,0.211764706
0.910360792735826,0.6570084393118795,0.2620844670039222,0.1765503243048273,0.0620975758377747,0.8163591980966314,0.1464728657034605,0.457631611959725,0.0009857143105045,0.119481205,0.437451839,0.545454545
0.2800227107863771,0.3836156463744835,0.1594288734722895,0.9757497634922652,0.0625619301707153,0.0089463906013311,0.5242994047830726,0.5526085814631555,0.7643501002983236,0.20774178,0.036054195,0.117073171
0.3329765198238636,0.9363928078386412,0.0016917298072103,0.5284820738290676,0.2282113048237327,0.467881158889892,0.3882433110132356,0.5752220813909559,0.4976553539470956,0.373343386,0.311858218,0.6
0.3614431707915262,0.2450833585736503,0.8232073911390496,0.2705857187635925,0.9346990792830748,0.1310739071528155,0.9954824984924344,0.6240959160949873,0.6838946538198998,0.153429548,0.213120755,0.130909091
0.6373380190380723,0.8246295315301926,0.1610728241477959,0.7836964161668423,0.1377319965801116,0.5608516770903311,0.3074015798756294,0.0093586320051081,0.1431964349158434,0.34995351,0.44379275,0.0
0.5406407511696139,0.6359665882061535,0.3478952625369498,0.4329446665381655,0.509911690955948,0.8495558813679963,0.1749721927635714,0.7759072784119412,0.7887944000125601,0.190225726,0.620820457,0.352941176
0.337141917726907,0.2894967806358394,0.7294111040646752,0.1267307554146435,0.8150064361015739,0.8488497296463726,0.6174147035659489,0.6658457433298304,0.9697491482333346,0.205519121,0.517625677,0.24
0.6046616389285809,0.9837788246302804,0.8077047878644209,0.9548954878633148,0.7575245797455354,0.7152861300909383,0.4435665137279496,0.4580990977157491,0.2801408957984802,0.412590645,0.207391706,0.461538462
0.5300006559583205,0.4550375679230106,0.3624511992560029,0.1413551676303066,0.3326920057070823,0.8112503081752493,0.0957236241310077,0.1694517790146061,0.668157513579392,0.087144404,0.55437708,0.24
0.1724700746947702,0.7522069305342269,0.8547813070623229,0.8091416120878498,0.7175025930171394,0.9640128262915322,0.0753328731554375,0.9888393401010982,0.3193210208006868,0.323198102,0.450730068,0.0
0.7718652050238001,0.1490305475436238,0.7248225158740258,0.6636359204924892,0.3987525458015508,0.6099202104779665,0.3349698944574082,0.145764930533599,0.3666720787213615,0.103883988,0.340429183,0.72
0.1518394591539842,0.2826887595152958,0.1353720544849155,0.5922905449709396,0.0074535594548573,0.3829297538469945,0.5665685165677485,0.4446337378929962,0.5726674721785933,0.157901288,0.261752572,0.174545455
0.0867494402284457,0.4043393186089453,0.1388705970990958,0.4763550844464284,0.9617481823055604,0.5035887032996287,0.6965972632525743,0.1339185695262814,0.7278547345245401,0.193182551,0.351281027,0.342857143
0.5809403329527796,0.5805170257276495,0.1640120998018702,0.9388031452915572,0.6911861124609839,0.9619420002972836,0.9308690356423782,0.6125110471455599,0.2783905019058693,0.211728622,0.489025574,0.421052632
0.1015188936535257,0.6806357065003261,0.802219432975558,0.7985539382191915,0.1671639022535395,0.8984554810313594,0.4335548901212268,0.827709327604174,0.3927860387299422,0.228867071,0.356507077,0.0
0.3455244380288421,0.4255170491507288,0.967890513896448,0.3595558376400645,0.8735228109288924,0.0428052155753395,0.336521227673131,0.9538547764810272,0.8230462254526353,0.096479791,0.111021623,0.631578947
0.7319781834130552,0.5528680513105727,0.6967343096567745,0.8130035999611672,0.0857026424172925,0.9218947568134556,0.6296487813873571,0.5575343576694112,0.7945911606877859,0.289858904,0.505142175,0.0
0.0478763196912599,0.7455706570070219,0.521476340357901,0.8829541108220784,0.2549886044247365,0.7632762791747356,0.4270070400608505,0.1567997869646862,0.3180218515454287,0.183873915,0.307160148,0.6
0.3792988740292029,0.499241991335024,0.7331211732721049,0.9063446933061762,0.3001843624860678,0.1579065139727737,0.4280538894208839,0.6995190424532441,0.2638661589945016,0.134810239,0.130047263,0.709090909
0.1059614200345298,0.5346640674317458,0.1730509395566761,0.3540596969485436,0.2821904692815102,0.7514598770824169,0.5215963147288494,0.8394268548216158,0.8189046581238899,0.304660721,0.335131092,0.285714286
0.2723788558081073,0.3805533034934489,0.2007310311541214,0.8222494000954663,0.6822780482152475,0.9942256313578972,0.5921220911542356,0.7102128059706712,0.020089127886081,0.142624325,0.431857172,0.5875
0.94816149587949,0.1865034268696621,0.4759316934486447,0.8646230766155806,0.9924333092161745,0.1212203144234239,0.3540116116721697,0.3564637492046619,0.0195622904672772,0.065524142,0.200415602,0.675
0.7766907909892008,0.3417790779285203,0.6168124506760471,0.1549160966254612,0.0065741553356919,0.1423399704871524,0.1771628572073131,0.8718479180674901,0.5390700996612152,0.125574191,0.339689738,0.12
0.353258572920775,0.0528214115413732,0.2250422394584565,0.3694553807970796,0.6028261434131,0.7528365211483177,0.0992036021461932,0.0061925306583046,0.8604187031554671,0.068762182,0.192045521,0.0
0.8635995270499773,0.8337193634608289,0.7977122213695936,0.7256131670471198,0.3745421579864075,0.5082925172778033,0.9880826627882922,0.1719997508419245,0.5788085725578952,0.449693605,0.510144867,0.245454545
0.8006215554812373,0.1302490890114279,0.1234759721530042,0.4887131740479071,0.7817503609641727,0.9769584938550134,0.9316969619254388,0.405596784178131,0.5797002497663072,0.107784222,0.619634508,0.0
0.741711807282024,0.7496952341476034,0.2215818893402242,0.2810310865229115,0.1124530545404611,0.3539203846430194,0.6525987774670222,0.5708457792425045,0.6753460840499749,0.351747611,0.41908568,0.162162162
0.1441052380354239,0.3201572187438155,0.1310999192279441,0.4600069291577313,0.921937401145892,0.0134252723676915,0.5070690231375462,0.8274131652240257,0.8966895236197282,0.14802095,0.023720399,0.094117647
0.4549362406698964,0.5536397403177657,0.8819612149179133,0.7442382311724528,0.0290847086003271,0.5405762772831055,0.3287103915701553,0.9708648617795818,0.0121808027607148,0.149005638,0.249382743,0.857142857
0.3887479894623631,0.1897947689967504,0.7000150792518638,0.3266816650503238,0.4913262910435277,0.6593574923511082,0.9284884950965496,0.0020874364371972,0.765912029588851,0.139438129,0.551239954,0.311111111
0.2240115690325498,0.3587855569758713,0.3002501987649759,0.9350038988630544,0.2024042473704796,0.3816015170926589,0.577425517784427,0.835025705364472,0.5417411000011106,0.208450065,0.27336384,0.457142857
0.9423113265421532,0.0318270887232635,0.170487304949733,0.9064652706327648,0.895633295142393,0.6126587029070992,0.8901726939379182,0.7968620332410981,0.7770263138171514,0.104148226,0.552380658,0.133333333
0.2961645944331608,0.0592629830465732,0.8013401600771273,0.7245735225860354,0.2246333550413336,0.4905326836748527,0.1367366164382378,0.71420110498034,0.1596887963033171,0.060608019,0.338679091,0.433333333
0.3075448472409865,0.2804302827523811,0.0916862487141062,0.0577928422863944,0.8263236331037445,0.3620518873566059,0.4539546018136697,0.1297750846032505,0.8320119906706175,0.095288762,0.172445174,0.466666667
0.4138762809770131,0.0840317712950051,0.0635579328523923,0.8260211231073142,0.1996228638121688,0.6209828935823015,0.3154540329551372,0.8494765605240877,0.1706471508978256,0.04671898,0.539449778,0.884210526
0.4952431314755274,0.4614457553710478,0.2862207112585022,0.915001769273042,0.8277470071664633,0.3086609564450169,0.6104119776613343,0.5568033681271979,0.9054699955867276,0.228449581,0.39634137,0.442857143
0.8447986956098539,0.6889696018349011,0.3219213874348541,0.0630173130669171,0.1580515868708243,0.5964159751343536,0.3022783269728131,0.6708484246656115,0.893912111460691,0.205736889,0.569033954,0.821052632
0.0091543331404789,0.6328146458484984,0.2471658670816201,0.3337084701174146,0.7791707887411077,0.5317917315636431,0.3352908728952859,0.3627886875930133,0.5246839057856438,0.188575449,0.19621673,0.735483871
0.0949606799833043,0.5747516753639847,0.5858034527721125,0.27432179614157,0.5608114019891669,0.6310782280566086,0.9529415082005436,0.0455062606368057,0.1888877097513306,0.253681116,0.211012907,0.171428571
0.9316571469562492,0.1176552101454163,0.2319897279707087,0.3121569530302376,0.8991950961175229,0.1475846740651851,0.4324551772508047,0.5430169902632902,0.0302550887305472,0.052345001,0.363094845,0.622222222
0.3067918765056941,0.980497430593004,0.8437237258915165,0.938475982068546,0.3365021438048104,0.1656401993431628,0.464340006046019,0.9873742211197868,0.1803380658234796,0.334447145,0.229805059,0.4
0.7394671744970572,0.1248124693843745,0.401984253813085,0.0568277205621319,0.6254670461674886,0.4487102514288446,0.0457414326405563,0.1081503068770876,0.8419424897142017,0.095012564,0.560559992,0.075
0.8500773695538401,0.8519698150108564,0.4276608528979372,0.9578552475406902,0.114315679369285,0.4676209919487156,0.2399589489378775,0.522101900209193,0.4725721742355318,0.413983831,0.255061608,0.0
0.3210906504140757,0.1994024590514531,0.2337452616169208,0.1435224778861076,0.4789878092622577,0.7403630192334251,0.9347544845742938,0.4671833290161108,0.5386139475858509,0.151216816,0.30549824,0.3
0.4612619131977437,0.5894576692771848,0.4454360652480696,0.0897591054703582,0.9591237610035108,0.5742348914832393,0.6349920290526074,0.6341927464653494,0.5806292100842281,0.327052496,0.549956913,0.683333333
0.3374170736558313,0.9480366412024688,0.8965160528273522,0.7636110188826046,0.0128084579678325,0.6790028752221553,0.5940646144369627,0.4934412009949567,0.3269912234099119,0.679004924,0.276572453,0.0
0.9567406295906764,0.4468633546170029,0.2218343018714919,0.0863543418007688,0.5875362133201416,0.7824212899517704,0.1864550285279418,0.927946480769377,0.3352403739628187,0.132405967,0.442989889,0.327272727
0.4182652001797194,0.9529363588982448,0.4031971650669529,0.9857223365052736,0.2578340791889293,0.7344557777163176,0.2449333764371665,0.7320140563784506,0.137698570690043,0.437288226,0.533607698,0.525
0.6936802957741014,0.3633138770989254,0.721444014551837,0.916723754289129,0.9809417471121458,0.892516030460917,0.2091803707518338,0.0057819467672385,0.6925408576756632,0.122642011,0.531595834,0.42
0.6117120650317799,0.3309877426996581,0.7000952474822761,0.5680238245914955,0.6480480396463958,0.8332741926269508,0.0085761137089033,0.5448567619442717,0.9996135362865805,0.044332947,0.299315243,0.0
0.6388128265665157,0.675937936325581,0.5220542192250519,0.96552824099555,0.0872974604205859,0.144053160292265,0.8182453286125149,0.1883779580499069,0.361511800558346,0.350866337,0.358112912,0.614285714
0.660437336582403,0.3913514425613816,0.7874769579407439,0.6664496549052054,0.271198102809614,0.9610239861006904,0.4934347764972663,0.4180989689560018,0.8494058292674816,0.150065308,0.590875183,0.36
0.6011895194477592,0.6076615107023805,0.3035670938772347,0.3608269029834362,0.0157146192411504,0.1740962166125753,0.6238152118881656,0.1063135789120961,0.851124837383871,0.282407094,0.312736073,0.045283019
0.0686882575544841,0.4645503619848024,0.7238414984490237,0.9776166510218476,0.2460415655981171,0.2839261717482561,0.606790113432523,0.7913804044926042,0.8359971604080185,0.284011977,0.206660639,0.336
0.5732044373627768,0.6163527803289844,0.7279042303903954,0.466734261339183,0.9698840750401616,0.2631318405285054,0.6034220552741787,0.9245720153589678,0.2009375061167972,0.266156104,0.298996385,0.109090909
0.4921331378600897,0.5627774617283073,0.7034123024385596,0.908512539311441,0.8493586805618609,0.7242834735797524,0.370863933845165,0.5149771592884729,0.5481368106116659,0.270101976,0.481800454,0.0
0.2133028170233099,0.4410435013531226,0.503670854663481,0.5037364460234087,0.0483980643204883,0.4286474367927404,0.5653618727904092,0.6245591872010728,0.9996968032168648,0.268410234,0.335370394,0.2625
0.0189187334026809,0.0165694308795597,0.5892184618196009,0.6234585307619532,0.7821109508846227,0.9132891398588828,0.7726927609206773,0.8236748588702772,0.1780601704701936,0.078299604,0.206807343,0.141176471
0.8679968444538699,0.8224459776500695,0.5940772340019492,0.3108162939284588,0.1679441766126234,0.5429878333284869,0.2033291357380487,0.4505969145313628,0.1629234173584852,0.339079354,0.48717579,0.094736842
0.3511839557069847,0.9740506924274764,0.8845340908125521,0.6138685416192807,0.527703472134446,0.5114624290563357,0.0204315940379953,0.3095461712001695,0.1626682054350304,0.275402251,0.19054182,0.0
0.2574677920381275,0.7892021999117446,0.6468289707965094,0.4821796917754691,0.9262481617549638,0.5646615555408209,0.5626325048857198,0.403061689781903,0.7474456619314218,0.555511573,0.393133768,0.52
0.6478278128215703,0.6052370075376091,0.848528089306335,0.0335645569602717,0.3242311822526558,0.4666417346967781,0.0992197387969862,0.6166647787460915,0.5964243125100352,0.133406165,0.520450444,0.776470588
0.7134945327659593,0.6346558007586841,0.4359670790500659,0.887602492232116,0.7455211006471285,0.771644780884496,0.421197955115657,0.1100188146646302,0.788229651629744,0.218227649,0.373076121,0.2
0.887025842786503,0.9129962886163152,0.86509967456851,0.978460917746179,0.2403644814427982,0.8881060292810458,0.9120896879482056,0.8063067649042162,0.5209887390086573,0.693284835,0.491548341,0.0
0.2976426736408742,0.2893530434674969,0.7293774284006205,0.6428261480595588,0.0438382399440768,0.5621319023831566,0.4334603376683023,0.9375783716251752,0.2229267570825521,0.100778908,0.542842958,0.3
0.2420324740624219,0.3030038439533671,0.9047295305519368,0.8863691382353872,0.7252853871586935,0.7466971022993035,0.3017220396179376,0.389942845540393,0.5088055807319172,0.094670613,0.223355424,0.0
0.7896631141494087,0.4053017358781065,0.3471504874084041,0.6664518316053218,0.6044613375640664,0.1971479613479887,0.4564838349603364,0.7192916473952584,0.6256754361203184,0.183508024,0.45935385,0.0
0.994764740773984,0.1335891265871452,0.4562077014694802,0.163069967129979,0.0321435204911483,0.5273438918179008,0.9084243522907898,0.5511946537883856,0.6140681604816637,0.114950598,0.475735935,0.0
0.8260958047304354,0.7752800993502302,0.233151477839928,0.2845501719002427,0.1535584037096108,0.8412427868206988,0.4475574607913917,0.110200640376733,0.0948376100863286,0.264402324,0.480503407,0.171428571
0.798369969604635,0.0108883381986693,0.9369337886661674,0.4757304506316756,0.4998767510247717,0.4910240031287715,0.8456853181954472,0.5158257043137863,0.7590993008562976,0.121067718,0.465957779,0.0375
0.9601806003894324,0.0801866027342855,0.2608533975843405,0.7229404499234355,0.5287180443924574,0.8844053997374244,0.217811422483495,0.8194802998084418,0.0143689978859833,0.043336967,0.298815209,0.0
0.8083609371643418,0.4220425687048262,0.8302198904887286,0.6487851116949259,0.1578261002347598,0.2951188142918881,0.4041470810595062,0.266281102788181,0.2275680635251162,0.120837446,0.563304458,0.0
0.4520714815231333,0.4348878014412856,0.8252131566538528,0.7770046845390685,0.1157465248040301,0.378534927567966,0.8362323815992903,0.5850717783758694,0.6241826263210088,0.242525684,0.225505485,0.0
0.1947862669232704,0.0998312599523361,0.6533612887018088,0.1665923249340686,0.9460996906029064,0.9504566673537612,0.7619697156351329,0.394926071370641,0.4335122512964032,0.131053481,0.459082009,0.717073171
0.2217968508135284,0.2074853431007601,0.3433348947724167,0.5414748812451757,0.1637302335501873,0.4511708743028402,0.7564323820904927,0.357491606272376,0.5610328188495343,0.127049291,0.288146226,0.094736842
0.7248665095723748,0.1883479402022816,0.521196244084143,0.6898703980503946,0.7373760134554944,0.2481572634317955,0.7187844664567985,0.4173465445004045,0.9854192903560725,0.156519725,0.36172007,0.205714286
0.20518430630187,0.8465069480817693,0.9280644488981274,0.604061408344625,0.7988047824549875,0.311104510798744,0.7191507872764952,0.0765488066451233,0.2813891281793996,0.444788455,0.197556332,0.0
0.900391261625291,0.723948838167908,0.7426913824223831,0.4999624268914832,0.7405869763869157,0.9582591299745384,0.8853745035434842,0.3150417313971814,0.1934226377254373,0.413123168,0.547281091,0.175609756
0.733069382267372,0.1752510045536257,0.1120985979683432,0.5068453886884666,0.4942571150152661,0.4897880830882767,0.7213172905258184,0.3350649184347459,0.7604496802854688,0.109960813,0.472136056,0.125
0.6418888837886283,0.0708738560977944,0.1467491641033498,0.4803397594251315,0.5527467631700906,0.6885418840639176,0.03461598457558,0.0588359885550702,0.1601336679813588,0.072468823,0.59808483,0.0
0.3226661732734199,0.7596180706248701,0.0357057943830321,0.050503188160065,0.2947507493928879,0.7440721303049875,0.4902952747084297,0.4484780412075524,0.7898248418184534,0.27509037,0.476371529,0.553846154
0.3292138507986448,0.6703513905798711,0.451958802888644,0.9313430583196824,0.5689023927883674,0.5046019631972896,0.5235013930348679,0.7045922221281927,0.7111450283414343,0.343678257,0.325508531,0.0
0.7465143589168497,0.1127310339701334,0.0267893062100172,0.1893444046484365,0.1796734316374478,0.8493560454023669,0.1099492661236518,0.0103357578392218,0.7807526366583166,0.054898423,0.392417019,0.171428571
0.5479201135205142,0.101919308755689,0.9001166942760551,0.0954279215050101,0.991023457954938,0.514690425506514,0.7198684365519826,0.7971587469129892,0.947149142905361,0.120045475,0.438061894,0.553846154
0.0968242312078089,0.7548575266092027,0.3963952166629193,0.5677277092976952,0.8049468989015532,0.0314636051404864,0.0883245072318851,0.3045161762663764,0.6395365977528458,0.285461927,0.033061778,0.78
0.5436169861703448,0.8851156656456054,0.4922340082628126,0.6926728097341963,0.4178221925897617,0.8573955036968994,0.0456850694627394,0.0420423550761841,0.6757936237228984,0.312131139,0.641947801,0.763636364
0.8790406175182878,0.296827809163746,0.6041204860601198,0.8767775884329458,0.0743068197446618,0.1302561939764271,0.5719378305109367,0.3024234674868564,0.8012282680367685,0.196536522,0.174464948,0.0
0.2045608567391239,0.7480998430892102,0.4496882466247878,0.4606082354833347,0.4267840273935362,0.5675571155521087,0.6799561288275815,0.4171306111020066,0.0397431456870575,0.419507976,0.310027808,0.43902439
0.0806902817776686,0.2971059395617251,0.8294699670017464,0.7021849152348117,0.4693465097788954,0.5231795568749014,0.4761845936639215,0.5174383170039759,0.5488191200971747,0.13250967,0.105038709,0.0
0.2014279165649226,0.3086891459289167,0.3872322594091237,0.2619729644191845,0.8162527405981964,0.9836422763062014,0.2257889720643564,0.712540200693529,0.6057580595075776,0.095920441,0.401876886,0.72
0.9982539990767292,0.8523815071246053,0.0611478055167279,0.6537386753264104,0.754614567761969,0.0206157546013906,0.8907171633750021,0.4570109420708448,0.1506273257192109,0.397954794,0.135040318,0.312328767
0.8745746743650304,0.6249018393777682,0.3251637532384777,0.5181547996708248,0.5797684207634516,0.8210633319588592,0.3791297620884412,0.2516034827719066,0.9074952577427972,0.135836022,0.721988351,0.0
0.5101342502780429,0.6569954164510222,0.7634880373628989,0.4553546224299987,0.923415428137092,0.3385364585727447,0.2760689603104431,0.2803241038700143,0.4052203771564617,0.241301218,0.471102833,0.469565217
0.6190550478953994,0.9463861938427476,0.3777581063894882,0.2363293594385288,0.1656527179204927,0.9752024284135472,0.4621233959781761,0.1631243831491597,0.695838581603002,0.345859365,0.702827837,0.171428571
0.7945403009483397,0.7806514542103887,0.5479091239500041,0.415126853927213,0.4455049101550876,0.9596603960039874,0.6810823040461581,0.7340989381682438,0.0858965373134655,0.352275976,0.55672599,0.6
0.7156162714187818,0.5179341029855243,0.8029458414999153,0.716756850956835,0.2562618827698729,0.1850535388435167,0.9486231483070844,0.6982433972643812,0.4713444964723142,0.245490055,0.378681839,0.422535211
0.8518879918933392,0.3072126481401017,0.3628279926726589,0.3764513526423139,0.0056161215350832,0.5695243346457836,0.186771458903045,0.0517731612808299,0.174357585491116,0.076316431,0.552832663,0.685714286
0.798100685350236,0.6205195492051705,0.6102889552553428,0.0758070870617879,0.5784444646997959,0.7247626230852968,0.6685543215181076,0.1919510612116449,0.38765656318888,0.259680085,0.570576605,0.3875
0.369686325886452,0.2980013088592795,0.8408631341087528,0.2721869882579949,0.8526554277776011,0.5466269915013785,0.0035637213709958,0.876556710104827,0.3713814944625597,0.122966484,0.509756611,0.48
0.0596140445624202,0.9930517910958117,0.0714038172898199,0.8870191951533298,0.0626911755093001,0.2222742244360905,0.8685901509474253,0.2356573230874515,0.8558965197286031,0.549832842,0.102914963,0.509090909
0.5809429553599872,0.0812119686227041,0.5422300217472061,0.6459167034928245,0.7871819893548933,0.0733433788256753,0.9105487455030404,0.4703886671314277,0.0339498107745375,0.095174308,0.159066762,0.531147541
0.6838998386724613,0.4288376025382727,0.8723197508003376,0.4198293059954334,0.9294445066856524,0.3114171135511914,0.9732020057993784,0.8195208667537488,0.0228634888527329,0.207643241,0.315434905,0.171428571
0.6984847072086899,0.1717043034853669,0.3586984523773033,0.2754222067540556,0.9796594117190468,0.5069058748312713,0.5202597301728186,0.205860331401759,0.4135787825685897,0.125658799,0.41812546,0.541463415
0.7262154282569934,0.2002184765822378,0.7174493017218369,0.8640611740150551,0.2697204765395794,0.2439289200315159,0.9979444509453526,0.196054467608202,0.2547360403953809,0.118237071,0.281634278,0.022641509
0.4537599913411579,0.6311982941458469,0.5752954142186167,0.9858956563524052,0.0121726483844583,0.4824393822171856,0.6613543907521259,0.7353338874819335,0.504605553254839,0.410526614,0.373013727,0.2
0.954490520594015,0.5144208370085487,0.902673317036564,0.1044866081080587,0.8048970937919502,0.050323375471782,0.5505286040190542,0.7343016081268585,0.0203852094904867,0.327096969,0.143283905,0.631578947
0.7509293923716911,0.707956708091549,0.530457073681625,0.6642326916282871,0.4920464726150676,0.3654132814872934,0.7033377855649188,0.8583792949593753,0.986240873825526,0.392672725,0.455506026,0.417977528
0.4030183247376458,0.8743427869744215,0.4076606666540165,0.6895132839239656,0.2251393351185519,0.3111339424503067,0.8805221473388719,0.6557684436840677,0.7691827041267282,0.539467998,0.284856697,0.505263158
0.1383024139206932,0.8205158187541766,0.8131740219700027,0.265649022852054,0.7324674256717604,0.3368317180620475,0.8088191774302246,0.7659469657121404,0.5835877351107381,0.440800181,0.325994229,0.594059406
0.6989076720742236,0.5867291045054701,0.5415340613907451,0.4625901505609143,0.8452200449104539,0.727388389392193,0.0369662287912897,0.7819839076593925,0.6858356129551577,0.180037046,0.519189627,0.088888889
0.8643839030301284,0.8261725070153503,0.253455017865392,0.7966279131505377,0.8103276830451916,0.2999111518890305,0.966688160923483,0.4073795304668655,0.7455143793050729,0.49960647,0.352107611,0.157894737
0.4389286184497373,0.3053677316934103,0.1613862009736965,0.7465546522743389,0.2017100361052408,0.4203654820958376,0.957062561028336,0.4237842785082917,0.7699421795214751,0.137825291,0.311745731,0.109090909
0.2829022936101707,0.2782285388254121,0.9317252764887568,0.1028453276275094,0.2018657779862804,0.3278862764525552,0.2685778308907577,0.3758820160602383,0.6506617151751826,0.123296059,0.291400692,0.56
0.7474079615376118,0.798828479237346,0.1311269102046793,0.0446678506278298,0.2105121559680406,0.1722221624370454,0.6741317558984934,0.4790035692069837,0.77853390642096,0.472916354,0.359722707,0.636734694
0.7779285114075452,0.0792123571776103,0.3362831112994187,0.8679621428997619,0.5829601243403308,0.7442258063378934,0.5653211392033313,0.6137003074146344,0.0348696651260087,0.100874229,0.456860124,0.0
0.0085589578827,0.4994078414625787,0.7464706653981148,0.8501485459577215,0.7521668798742402,0.6744039677502968,0.2763709931021437,0.3610948966707128,0.7075026848484761,0.216519792,0.037563045,0.0
0.2826807648003356,0.3606691287455108,0.3415317427029102,0.940752872423074,0.7583577209757891,0.7005395090990539,0.1745622914377722,0.2244080790784766,0.4326718739345446,0.082925344,0.463499821,0.5
0.3037607525849595,0.1956667722288479,0.8441270708891714,0.1265928343939416,0.830697111124131,0.0341300969422678,0.5693565137482084,0.3967964482163866,0.8586310966059769,0.154166554,0.055123463,0.0
0.4330170790502826,0.6301191369720287,0.1824727529750333,0.7258638067947956,0.7002864527982431,0.4451650091437908,0.4635647980707943,0.9894311130534904,0.2136038894548669,0.135733986,0.3678361,0.428571429
0.8550844825315856,0.1168435293662691,0.1635559818218085,0.7051940530881232,0.0873710383473804,0.5153519389122482,0.3980451428926365,0.7005840552648971,0.696305699075623,0.07896729,0.543029728,0.375
0.2230864320781872,0.1302307303725445,0.5979756896659617,0.2468537949343495,0.4699552623047056,0.7499268255584622,0.1119230171725443,0.3265430812279637,0.2119553791151848,0.061857609,0.397328794,0.705882353
0.0982056852080484,0.9957811668823104,0.5811221871714843,0.1080490603758291,0.7902565538697287,0.4840028123860904,0.0256527622525637,0.4568042095858824,0.0614974884869903,0.334878645,0.263816954,0.222222222
0.3993646622481487,0.5745396488281703,0.3247387483959183,0.6714079899024405,0.6326158860485074,0.3193176834909359,0.9670146576358934,0.4126233199480258,0.4499774459355321,0.312642733,0.26078062,0.0
0.9424657947710938,0.9098274816567684,0.7418680258332534,0.1055697522120949,0.8879801967803995,0.2767059908215126,0.6481894492927859,0.6938296770415388,0.0698498361833599,0.623333412,0.448960597,0.8
0.19910575489763,0.2746615721286168,0.9015256888197418,0.785578331097089,0.9041148536176856,0.1456533678170821,0.6465271532028811,0.306096151741026,0.1073759137213781,0.147400731,0.12635565,0.232835821
0.5671367105413678,0.3104030287759427,0.723467939425038,0.0813349965965665,0.2887540061206131,0.2334836367621809,0.0637448785761221,0.0499550581410663,0.9581108731722487,0.11060041,0.280778241,0.32
0.7423567831112374,0.1331539437826931,0.7836209042520634,0.4013318601234945,0.2007582957517623,0.0910508817094805,0.0989399784647527,0.139423635927977,0.5397461026985337,0.084513788,0.248443364,0.333333333
0.0979978570525219,0.1929761629037862,0.6982827592425246,0.1692643985111618,0.147201040615681,0.0650976836224909,0.3775600096331931,0.3064649251219531,0.3132603147120282,0.104050004,0.052053422,0.45
0.412552859302812,0.1067248413423292,0.9718331651306998,0.3172359165390083,0.4840815452835016,0.4929486869935351,0.6019995954178614,0.0747826866153517,0.0137120469231408,0.117122905,0.30655007,0.627692308
0.6748971758904784,0.6609102786084793,0.4324617733248107,0.5086078871480527,0.7625447579948201,0.6999075074469865,0.2080123664643626,0.9506629541377386,0.6582411075077448,0.173920575,0.402839076,0.369230769
0.9529616870093264,0.899813457596893,0.237225556199714,0.970294578039634,0.6540769139708058,0.6337951557516968,0.4388193919682314,0.8450879653594798,0.703516946589957,0.473260492,0.53897663,0.0
0.2245822432914535,0.707276706486104,0.7149213776854138,0.5025652121075754,0.3938180165330879,0.5163093423742352,0.3452280441728335,0.7143117384582595,0.1340822071039317,0.118209834,0.467600207,0.45
0.8849821435754172,0.2780062835567346,0.6817063499060284,0.5591416629753829,0.6062090734011697,0.6972452018778748,0.1683353993173091,0.5510390125617652,0.9918877179977847,0.10022038,0.489606184,0.0
0.1988002257054681,0.0298796847942415,0.0537034691208981,0.7580419766136672,0.6748183984428805,0.4957774044145537,0.2572088407370656,0.854027161060794,0.5434495573314432,0.061748554,0.345169776,0.3
0.9582143747520084,0.8230277953698802,0.9088007307453354,0.2733072332602038,0.436455559674146,0.6207809029181927,0.2284845733389203,0.193331395489524,0.1068707488781565,0.234147312,0.521237378,0.571428571
0.9633257173991596,0.5040358723389587,0.6705134758967266,0.5522916050911078,0.8330569807081148,0.0570995771678944,0.0099409264820984,0.1422141304083619,0.7646862726135466,0.165452068,0.133508633,0.0
0.8414062355493014,0.6656394612436023,0.755961323108603,0.7564329605702227,0.5318826381955816,0.8378612555952282,0.3050443141756204,0.324731263169173,0.7655454565920384,0.311616078,0.420486544,0.3
0.2730216832547907,0.5033542747656042,0.762016117893492,0.927431695244622,0.8700367880197551,0.6825820659300775,0.4102213386792495,0.0292877441404842,0.3462791964621663,0.218235356,0.322102265,0.5
0.336812093441888,0.9698030338148518,0.9577600223102628,0.3368651851067811,0.9998630698217174,0.2475129983862382,0.734607782440953,0.3841579972500565,0.7096382819355797,0.895759002,0.199949935,0.623076923
0.1035023274369795,0.1333552248489566,0.0253361012469219,0.6723619370535343,0.3138120906518373,0.9704166778064716,0.5401852928077816,0.2784499221460822,0.200776787140305,0.086809683,0.368805845,0.123076923
0.340997334451728,0.8443824014577331,0.1169106706173139,0.6883984875691139,0.414333397671071,0.3839393458341199,0.0663024409972589,0.949971174752787,0.6217317637714918,0.29734161,0.298508312,0.4
0.6830786770589957,0.5147559123408987,0.7838789282929365,0.4223779142634417,0.2129800119496264,0.2316888067482402,0.6928994413295846,0.507860919723781,0.4682890672292781,0.24051215,0.313369274,0.171428571
0.2018472307617205,0.3686602420949687,0.2710642458702431,0.1128901374670228,0.643868129256318,0.9480246596799814,0.3696365497349769,0.6298810807929689,0.6539553320193408,0.099651839,0.363579593,0.257142857
0.2700850631993133,0.4973941199066711,0.5426893659834404,0.0702846970999387,0.9109270115423552,0.5565296035191415,0.8062384800284146,0.0594057294501499,0.4674202414338837,0.264473772,0.433329303,0.437837838
0.3811765399851846,0.9690688610295328,0.3025440857000769,0.7245592588368496,0.4492965422986182,0.1526585854707319,0.6601547771278707,0.7514576311895307,0.0810408858139873,0.530871135,0.234036503,0.607792208
0.9172439129611258,0.5597499663898159,0.0687427291035247,0.196241420620141,0.674550790704159,0.2763961584759788,0.7104419183013804,0.5900849112564713,0.0821341708529582,0.237348799,0.424029007,0.67826087
0.765882129724634,0.3528042203357946,0.9768367674868936,0.1929398244865001,0.8717606190387487,0.9363976619369336,0.1299955520336823,0.7361471623925535,0.8442363851036668,0.115571668,0.476998592,0.48
0.8308233708584795,0.224823402575863,0.7510053023916432,0.6923878280571885,0.6638242982393795,0.2040044173539943,0.3447152242920722,0.7803019212894781,0.791729053989384,0.099757761,0.31413892,0.6
0.086819965728524,0.721378131834991,0.5386623170609351,0.4089050059769714,0.6746147344272826,0.8519106805015281,0.1583401272777526,0.7500460009257951,0.4154838587970376,0.168491809,0.217415159,0.0
0.8737513922815051,0.9810277173936328,0.471799781133748,0.455870915549289,0.8456219352080057,0.126693137702354,0.9150999301231908,0.124727272163932,0.0499312368058207,0.663154154,0.29299896,0.376470588
0.419929514078313,0.8151079157615364,0.8808986962362095,0.6246068753669342,0.6871390274761291,0.2395869365414566,0.6764314698657826,0.185785743931017,0.4351237641181482,0.432346453,0.265669099,0.16744186
0.3937454438560852,0.9272866859767448,0.7885550473757518,0.3028189514640595,0.0266072560193377,0.445988774785897,0.3052518430039711,0.1834569133019177,0.7168979969347546,0.40881769,0.381267366,0.545454545
0.4297029006125846,0.6288386552921267,0.4010836209774594,0.4038144867996975,0.1222777033654034,0.7385431011875179,0.1321386555975081,0.5855902590501745,0.9874256982057794,0.174358536,0.546257057,0.514285714
0.2436109076577852,0.9128939200166406,0.3440483397039885,0.3337037534871385,0.7459498061762047,0.9303072186136204,0.4815929175147596,0.9562096302945692,0.7327648625550154,0.229491144,0.301852275,0.369230769
0.6103200138534796,0.2257355890892354,0.5058482269702356,0.0892937967955406,0.574199441707707,0.0569193661637205,0.1291433488623031,0.3979878221960592,0.96826797919171,0.115587855,0.11814844,0.675
0.8618964307443334,0.9925166725786831,0.1020251010184476,0.2152593524927715,0.681077336646784,0.5984863097508252,0.346810673349734,0.007256620275494,0.4657183191988396,0.353262412,0.664758754,0.3
0.022208122249071,0.2119106783786839,0.1583588778875096,0.0161358593540139,0.5987002174801255,0.0514485309034141,0.0636821567051016,0.9130293673006722,0.0609880271030275,0.080899263,0.039234445,0.525
0.9023496144255836,0.592276736061587,0.2774103894245333,0.9684961000902474,0.6735769147930755,0.0787321431746562,0.1486839188557984,0.8753417653688177,0.289779674633594,0.177788263,0.239894445,0.457142857
0.6538554365614888,0.1579168292623223,0.157432546151411,0.5379731929474916,0.47462705366978,0.221988731522217,0.1172253227192399,0.5919457311116587,0.1954078410961098,0.0694844,0.280777339,0.6
0.1718474659488889,0.5394008643030054,0.6060329950809237,0.0711324401196363,0.6065401799005959,0.4528336592925746,0.6122422565176873,0.7950205323985405,0.4074130692336181,0.21850144,0.326703463,0.306569343
0.7390963878201978,0.9786603082557264,0.7292268150055305,0.3704023753953988,0.9480535404289376,0.680366765944069,0.2192368419946264,0.4891403328791671,0.5917084257441736,0.277631831,0.698476351,0.12
0.0045575502471795,0.7541966051673994,0.0015875706216721,0.4467975559807104,0.4823709705711217,0.5376484233783788,0.1440489014728463,0.2329502399682725,0.6074194077834582,0.184850202,0.145664011,0.428571429
0.279988797706071,0.88881212758298,0.5452201295735963,0.0055642986166601,0.3242451664637897,0.9198825668307534,0.6085311363654397,0.0917884789332131,0.2899881096729669,0.565460566,0.46988384,0.365217391
0.4169545871009257,0.4705370218914532,0.5822835105106537,0.255678049827493,0.2763723468978728,0.0792415698546951,0.4982546795815583,0.89645766051182,0.0884354511216065,0.105986957,0.069366531,0.3
0.9615586737194766,0.53311229757727,0.705328592667305,0.6325562069527195,0.1330653192148746,0.0223368311737067,0.3910389922821378,0.6313532368542868,0.1247909927597283,0.146857179,0.163023641,0.6
0.8722542943529061,0.5272177418599082,0.3650716963755437,0.0436404943580457,0.7732575553684521,0.3718544647961589,0.1751644474842079,0.3244258072203657,0.0914943590955831,0.190514226,0.48402219,0.675
0.5853627635851774,0.2973148488256633,0.2337953986806862,0.9350326266875252,0.7068594910402887,0.8182948170472097,0.0875081853518368,0.5619585545041503,0.9077878114553284,0.037230295,0.685962952,0.0
0.7282417051982147,0.2640085349991468,0.1988431569981047,0.6193205569711251,0.8070640031021152,0.6695743745827145,0.6494016465590448,0.99282595601269,0.2763326554785235,0.14376499,0.535204561,0.0
0.7465132762227035,0.1354493834607548,0.8814279738556283,0.9195781000031146,0.9175649802600322,0.8679718731322359,0.8237707374488116,0.4987748684172363,0.5749667731535503,0.134308832,0.474819289,0.133333333
0.9052628442315842,0.8867211982402715,0.6375251192914904,0.9706027847270778,0.5685549310981711,0.1193832564090133,0.9812938839454984,0.3725632243903797,0.5931986732043802,0.614522832,0.260973511,0.462857143
0.4095687185957429,0.2551830252307219,0.1901978475063049,0.8374568007387453,0.7605804087466075,0.9484661616429032,0.711048584262699,0.7436259411097186,0.8723369393349281,0.125698123,0.530633256,0.362790698
0.2977240135422929,0.7810030684877945,0.2692309647163109,0.4482286083936261,0.131026255597127,0.5554448569751824,0.5256061007551891,0.3380180099719744,0.5961639239307606,0.450129649,0.409335779,0.042857143
0.6512254449917623,0.3240751173301021,0.5350851078532973,0.0768200820517299,0.1579189303233618,0.5079006147604795,0.0181167703273062,0.9270533765301344,0.3217550324228496,0.112318543,0.679160821,0.514285714
0.8147764243116516,0.7300269920433335,0.6416253761738538,0.1363566122687476,0.0504202445798759,0.502524747608252,0.4914565222891582,0.3973876505953159,0.7105121800082548,0.223121939,0.656539254,0.857142857
0.5973959601665321,0.2535288643423242,0.3975309992331287,0.3191280263256413,0.018766842675826,0.1337602229591009,0.7421304631185259,0.9982986160975252,0.4539502770020185,0.151099973,0.268177614,0.382978723
0.4153118917217495,0.0212422322094664,0.6326921767080038,0.5470816558587719,0.3208461112939063,0.7012095782134903,0.7160285309503134,0.9034127543790608,0.530486473832951,0.097032519,0.374181267,0.046153846
0.2482047960138063,0.3166237678148755,0.6715691177808997,0.9569435212851336,0.677858640955598,0.1718549917043511,0.487350970003466,0.5107824065251372,0.7056079920165897,0.148981642,0.088069467,0.08
0.5406029902631718,0.831602713912365,0.8834158087922916,0.7984096423239986,0.9236504646686988,0.0153657024661801,0.5304227046145126,0.8990038053512209,0.1032470156414485,0.434932998,0.094656136,0.65046729
0.582675622109247,0.9196156517937762,0.5209444392805253,0.5835772902093675,0.3131015863879319,0.5450887019078107,0.6829276823222026,0.2917589976812959,0.0297368351613795,0.547896464,0.333649454,0.124137931
0.0502521523192619,0.1690128815215446,0.4871042309945748,0.3594782160987908,0.4598374072779778,0.57321785530524,0.4558901037948706,0.1309540923637377,0.4966036090543991,0.104537218,0.272606084,0.0
0.7131871985717975,0.9751652501811784,0.6247841435273098,0.7678016504543653,0.6046608502258963,0.0588788120538696,0.2993575633663958,0.6400551253088825,0.1052631479379286,0.400754305,0.049400153,0.15
0.3766002358888577,0.4791741877202485,0.3224405577090696,0.464113469671097,0.5821491622713194,0.484290500552318,0.6935942421246024,0.3895022198986687,0.3466003564254337,0.248181274,0.334932869,0.679518072
0.3962865973961339,0.0958375432568042,0.8422693237327974,0.5144946813218925,0.0907959708295129,0.3156528777424691,0.6895109373335061,0.8642737043303678,0.3724300157455468,0.114283852,0.242288322,0.0
0.069360892143504,0.3487378435560585,0.7363168863482532,0.2355072492494642,0.4289369513524252,0.1829469344300692,0.7616444350364749,0.3722605546940546,0.6699777221193287,0.166977533,0.07260578,0.0
0.9189196127474404,0.0660206892701148,0.2292481755484505,0.9023346718756696,0.7778631068766787,0.2172695822645477,0.4922729444205598,0.9885018396858348,0.7041995058518882,0.078434818,0.355274563,0.3
0.634208943303211,0.9611272021543036,0.3105191649371599,0.9795465098837302,0.2161371704887104,0.8847365182186893,0.9549686958905024,0.904902019226702,0.9777811372034418,0.628146259,0.454405422,0.061538462
0.4927394234880763,0.4629079364567041,0.4014278664776721,0.2445900616058646,0.7530100343968765,0.4709032891788655,0.5360819329461243,0.4638454584720266,0.4458717066909087,0.25196441,0.490102193,0.688235294
0.511776189921979,0.5903985106850355,0.918611763002858,0.4172113965578738,0.0524409481933779,0.3251256635913816,0.3536385437104524,0.9428654657322532,0.3852591559251216,0.172168208,0.389474443,0.133333333
0.9251798389115558,0.5927077839826264,0.8007102178880261,0.8646758301851891,0.0835242932584843,0.4591826603596232,0.9512683984408437,0.6570136828880218,0.8724322722226419,0.321988294,0.36733279,0.234782609
0.5608854788139737,0.8056653505383466,0.5842584287316445,0.4302232917027536,0.4564848902585597,0.9583065049378162,0.3384127934353351,0.0860984154672968,0.7272254829193331,0.257030754,0.519372187,0.0
0.0378906250434916,0.2251318501416646,0.7466051061561256,0.4538028389311571,0.3088541018657432,0.1938146507004874,0.3967331129085683,0.1537962277143568,0.9975421451259016,0.070116954,0.139320101,0.733333333
0.0333384931063197,0.0364297798857018,0.212468268209066,0.7341879323174191,0.4058501811186308,0.1556926809641778,0.9134017368223436,0.5190263618306294,0.2466718621325017,0.103012789,0.110602713,0.704
0.7795743565425449,0.8888341101852615,0.8132138504022048,0.2277881725220095,0.6680277831863922,0.0740053282692257,0.5971765189061881,0.5271405952368894,0.9227614027235111,0.685746806,0.119846434,0.04
0.1863185673978968,0.3212172405266529,0.2961299380159374,0.9624900456782892,0.2817405846574077,0.875744465286727,0.994907892875999,0.1429476356953416,0.1977062528043409,0.147717931,0.46012756,0.408510638
0.3343105920925021,0.9436825556414358,0.9041472442861568,0.646157243625117,0.5723158078997421,0.232243215216104,0.935529775603294,0.4774139529885365,0.0118220192796174,0.546255732,0.123879082,0.0375
0.4107922156097118,0.5860691180431068,0.1316898971362344,0.6528983039835616,0.7476496657203469,0.393345987689972,0.2081558802532581,0.6111297479733644,0.6649900280769941,0.151568036,0.325106616,0.6
0.090254494280194,0.4241321158040929,0.6511161013328435,0.3731015613101506,0.4962184176577692,0.8955473578793781,0.8769512801618115,0.7617590825470504,0.9727130577124844,0.226731278,0.441602777,0.43125
0.1600805623515376,0.3848913718437097,0.8154625460444919,0.5692022750770055,0.8851891072933656,0.1901699856104228,0.9828357935307014,0.608137524607948,0.6732600928695559,0.255301485,0.188809821,0.528813559
0.4924588617858878,0.735925134038444,0.706733130099634,0.4823755107329034,0.2882060881442393,0.7839774937323589,0.8265418304647413,0.2089745193475747,0.5475953347606437,0.503672694,0.432218772,0.423529412
0.5541188359697273,0.9927656947072564,0.5335715850529816,0.7213202399460482,0.4844422327269474,0.6291340951264107,0.0537685457595276,0.7968096640681787,0.1564853119483191,0.225255599,0.365066482,0.0
0.3996236738530762,0.4895956123666825,0.3664239866974441,0.9998289999048048,0.95361369026327,0.2166579480711418,0.2786849917762263,0.0280333321675406,0.1579734259312428,0.167532391,0.201208555,0.5
0.9491097979888276,0.6617537739203047,0.4130532466448289,0.8376299984676172,0.8679945680936625,0.00620287718223,0.6143226850154828,0.8967306426405351,0.5876182267313198,0.334133287,0.066698598,0.111627907
0.5835840495638241,0.7738365319148319,0.5078326277795809,0.39599728237892,0.6209705158695624,0.7995355932586189,0.98119627401334,0.453377397057511,0.9241877435478076,0.499721244,0.489624785,0.104347826
0.7628511677348349,0.5784108419339258,0.9702618995599268,0.5202692086090934,0.5434471897172104,0.828835871730355,0.897337198402756,0.523913372723305,0.4849604523012799,0.274215345,0.516418737,0.541463415
0.7658999796329499,0.5582859597103346,0.3363600956638735,0.3468962617914763,0.9297234059145724,0.6857342894746198,0.3343882022574496,0.5121941404084615,0.9040872264697885,0.136411767,0.394146431,0.3
0.9792102131049142,0.8266384441854026,0.8411595180481141,0.3896873390311464,0.8079402105767483,0.144282811416024,0.501713157660626,0.0239588000243512,0.6027501214068939,0.624387356,0.316981026,0.252631579
0.6100214865723729,0.5148706446319242,0.934510844548826,0.3929950988592925,0.9866876053632576,0.4262447769711067,0.922665019416664,0.3473446622895838,0.9365408584307164,0.268909705,0.33002298,0.361643836
0.7790801762653411,0.6151255778207467,0.2552265283522068,0.6557987870312533,0.5293636125214582,0.3561932871204936,0.110774892030824,0.1516371089609943,0.6482164455997654,0.1688458,0.313433692,0.0
0.3740219645223054,0.5794301929844429,0.8828826196897985,0.8641127070424339,0.6200801583050489,0.1289652569178272,0.4681503258839788,0.5153827724910592,0.256606045564143,0.165261573,0.169743207,0.06
0.6326449846683179,0.3592157428277497,0.6338253337839853,0.2292842912315246,0.4744170170279504,0.6152235219567845,0.1883323630915153,0.2951901422759896,0.1316047355876219,0.104233633,0.44333464,0.45
0.4683239018018733,0.4831884412921026,0.5095150328981113,0.6777023052671223,0.3016457805630794,0.969565310694854,0.7484907126484948,0.9091250802892498,0.3490043536834888,0.243316325,0.472848978,0.3
0.0855996341907399,0.9819097616931216,0.6558545666464115,0.2981846271693651,0.3750832865110252,0.6703159251244768,0.4932713339769947,0.3287921018101406,0.8632325268533546,0.486471246,0.213798471,0.0
0.7445187328980079,0.6153397253337946,0.6575515024157236,0.4656778417935546,0.4952305401120498,0.4666041142812444,0.7968572555946699,0.2238672898107206,0.7370310473927421,0.364505992,0.407318116,0.419047619
0.2329150431067376,0.8835875977696801,0.9762561000492508,0.2594363611600461,0.5001285845110578,0.2805505585375555,0.9341652106756048,0.301460994217547,0.4061053471366789,0.638978766,0.244748492,0.044444444
0.4434280943801189,0.3515108455270634,0.0361645396380375,0.803877597071691,0.8516460728792655,0.4159575950163036,0.482275881946085,0.0648049370359783,0.8875300092853553,0.111834474,0.458080328,0.428571429
0.5185549059779074,0.7116969327725745,0.2803116654455724,0.7660845203863265,0.4365162125569832,0.804786076622107,0.2946911236228872,0.0360601617858556,0.9537607045441192,0.240788688,0.412434127,0.3
0.2913347431728158,0.0024519652479938,0.8967600674429372,0.1282110537745029,0.5058801201328892,0.1223002935758256,0.9342344555191197,0.4616247853790887,0.7464432130755216,0.100380878,0.10930812,0.305882353
0.488398314920265,0.5558431796082236,0.0949548178485882,0.4357497557379239,0.0035142973541907,0.7232022765475964,0.609671496039264,0.0593208108980758,0.6228318419021814,0.271021785,0.437450474,0.109090909
0.9352413447553868,0.542511730785333,0.1780256293198353,0.9679539079379272,0.8126219618988976,0.914284961734274,0.7413786669444944,0.5598546147338223,0.1424074029050522,0.258684913,0.462938385,0.0
0.4051317349573708,0.0333504547648167,0.2406817203327454,0.6110511311711564,0.2226292940592759,0.3620969833956294,0.1464001605542446,0.8481880434410909,0.4481720459244993,0.062195388,0.461244105,0.6
0.5823100332307584,0.6488294054394058,0.2027365020656263,0.3163747714184899,0.9055315858747548,0.5336911254679562,0.1574430604936695,0.4182213147765964,0.0699625415100407,0.162383229,0.127930972,0.685714286
0.6916573918558273,0.2843340068806946,0.0444143467013777,0.2872050135758188,0.4967799250908824,0.1289765561679792,0.4219181325037643,0.0495251189282797,0.4606879142043167,0.101774853,0.350573956,0.545454545
0.1944589797613147,0.4823369969172464,0.2756547205283077,0.1883765224476029,0.2303461222721823,0.4341191759246651,0.8099898070440292,0.7980787678179222,0.0793979724292868,0.221065413,0.218274899,0.031578947
0.8005938730266959,0.990776384987906,0.4109984965394294,0.6625126099073375,0.1795200466096828,0.1130802608367632,0.7097561116584795,0.3002790112876665,0.0743856274312396,0.497931946,0.286781179,0.225
0.5345699371772087,0.6299768852793249,0.7986333464518237,0.7421195311132839,0.2914512388967716,0.8607623326250848,0.3869421032712475,0.3766759101510276,0.9417808111318168,0.234132211,0.412901574,0.6
0.2746376759489632,0.0959493463557695,0.8481028723813264,0.2922061540715049,0.4509226548484749,0.5099994816196748,0.2125266392644408,0.977568389211714,0.6071143012790986,0.093972137,0.256693422,0.36
0.9036877915852038,0.6033617828857609,0.553620916001958,0.8352956010191827,0.1421167143168468,0.0632674749196413,0.5716177071822583,0.7301418560520743,0.0636084271275717,0.199162659,0.172396488,0.460273973
0.6393798199239382,0.5723793509810484,0.539600784021376,0.1575246603257822,0.8855529122580466,0.897960940613857,0.7806964049162899,0.8296442171668452,0.2814006473853427,0.28344509,0.637566793,0.146341463
0.8478256365721482,0.5798380140878394,0.3532656203678114,0.5401255347874349,0.026787056029097,0.396320722590915,0.4385906795698646,0.2853135508097606,0.4878869321092648,0.186034391,0.26651717,0.171428571
0.884242223410034,0.1411674752880792,0.1460788325350385,0.8505560426967158,0.3237695739565435,0.0852514634556336,0.6600940316869371,0.2018101188410386,0.8322360711134249,0.108330057,0.287909319,0.485393258
0.5226844426478736,0.0420557211425933,0.6306642774894521,0.4397919595509162,0.8153752418725098,0.4140834241812391,0.1041175497768251,0.941159440809212,0.5244719549375328,0.053905037,0.447732664,0.0
0.3930031644996485,0.0306751970798445,0.4652883926758323,0.1750292285418918,0.3714121073445953,0.4472146676741727,0.8543683229371536,0.7218186699733548,0.2100374276568496,0.079164575,0.352064292,0.276923077
0.1046005700587513,0.5707062536892809,0.2259828650716165,0.9712221757228732,0.9747932774161544,0.2449154489786174,0.1285006451848693,0.5677230899976753,0.502265378754789,0.103362712,0.089954399,0.0
0.6543009984789454,0.9191195362907566,0.5739931555385633,0.0153985857479863,0.7848411673397243,0.5761526420711535,0.5605988287092729,0.6904313508986337,0.8567824779632772,0.670247145,0.551358636,0.096
0.0300004687467007,0.0701705998835657,0.4151607274368925,0.4365032490069412,0.6549745351395944,0.1654038841185707,0.715363362042532,0.9484623057177222,0.0245194815446693,0.087010407,0.095657006,0.678947368
0.605432218380695,0.0095571381900751,0.3970346549523078,0.7671541249218975,0.8608981519961395,0.9834134546699728,0.396267941656689,0.5186858752191164,0.3445678177150658,0.02276661,0.559613931,0.0
0.6103494794436038,0.4956430739282683,0.1444859592468353,0.941565179117309,0.6994754525050935,0.2672918954823091,0.2392135792180978,0.2751981669106089,0.2957820356284196,0.119830682,0.377328583,0.6
0.8677326681924048,0.7499374100957781,0.5681203435374409,0.4935259863235718,0.7261744774122852,0.5478075187622012,0.2652526720922368,0.5976623813373241,0.26432899458447,0.272822451,0.427515743,0.56
0.0290318750959132,0.2088726438805266,0.2013259771954051,0.0137666318362984,0.3636543647637215,0.8772775272251517,0.2861270934386413,0.3153203588180955,0.956660360739946,0.122859471,0.249980386,0.45
0.2824453976085628,0.1852668678634192,0.77437559632478,0.8801046056592283,0.1169999037347018,0.268825515432107,0.9268756108046368,0.5663412201114536,0.0877909363498461,0.130947286,0.32312371,0.567567568
0.4906014646472793,0.9501290269493924,0.2952467180485063,0.5242491984074161,0.2526491879473018,0.7765787715641883,0.2575893874243403,0.8638552341101252,0.951848683875498,0.279203735,0.702662814,0.3
0.1427634547210947,0.9473758175912336,0.3983042255268716,0.9232138934761056,0.3869929655901549,0.4490084310807719,0.991227391294079,0.5116585832251098,0.6163619648653019,0.626637188,0.251973556,0.0
0.6277800312564518,0.3912919476939851,0.8778269873716336,0.4760710213053571,0.9968405541110968,0.1954663052902588,0.7672421115537409,0.9466018711973148,0.592535131884774,0.236619852,0.338904582,0.377777778
0.1838523539631567,0.1022917209941238,0.6807298760631757,0.0848870797252526,0.3657481626863759,0.5904439439620819,0.6534546641697391,0.0517379239661072,0.9478170033395994,0.103105552,0.336917242,0.26440678
0.4704528638637441,0.3243414100203414,0.8916916301504071,0.931691431386863,0.6283520039334203,0.4545191927790077,0.1529436882559683,0.1021791990745472,0.0986221356815707,0.074123345,0.350824867,0.0
0.4000313658227646,0.7796591838373944,0.1014808305578414,0.0242320500532021,0.4848926324235456,0.278037329820529,0.1205369776601485,0.9820117602221258,0.6275825927976778,0.215926876,0.42270961,0.533333333
0.2245738640388734,0.6680648484465241,0.1582284800789712,0.5183961277110255,0.8014362011307536,0.5292476304971836,0.193022125902892,0.2131319957197551,0.2399099306942123,0.151402673,0.461103721,0.428571429
0.0940992676634198,0.7204895435295274,0.5737788170985725,0.6860791696239485,0.3987197105393542,0.54700998925225,0.4901499692161376,0.7877452652824858,0.8256757558786395,0.242974048,0.266138833,0.109090909
0.0357266095501602,0.2422338507466087,0.6905618157588357,0.932514343167259,0.9117107566134126,0.6121459550683381,0.1085194580360395,0.2444812901461319,0.0127787477418334,0.107423616,0.21870299,0.685714286
0.6089954964030186,0.5406966335855296,0.4465942012113916,0.3299420663355368,0.1867742393998446,0.6004088756735974,0.381051459754087,0.6377689675295893,0.9635526248251332,0.204597827,0.497921339,0.171428571
0.105165987611843,0.6331705130777582,0.7461311772197894,0.7827772423338024,0.7751210185547461,0.2160010771561493,0.9241394019849672,0.8063065015980957,0.6937193892476982,0.292501743,0.096334371,0.0
0.5684310045931137,0.3762254991235372,0.9847153684153578,0.5762875356419805,0.774526732898406,0.000872102286158,0.7603284077708248,0.7537316003580894,0.5995085482954895,0.202972791,0.051680243,0.415384615
0.0080640490648031,0.3433814817867986,0.7225129873783629,0.5955707608636688,0.3307936707818654,0.098787207429987,0.3489953723589726,0.8895062376114216,0.8294355556692133,0.131262756,0.072829985,0.471428571
0.796357523563683,0.8455519351729935,0.6324656310675428,0.6749455150990011,0.3144612463384819,0.9251694066965456,0.3948673384010753,0.9969385911012888,0.2689643906989835,0.417682255,0.513164689,0.257142857
0.9440825294391838,0.1108166722102346,0.2386963827575727,0.9530430788230726,0.5393450486721002,0.5386275388706142,0.6055658116283056,0.0879609513241301,0.1453815410490554,0.100061684,0.429478825,0.490909091
0.4829940436864463,0.4578504697396662,0.8532699900681804,0.1032886631388244,0.9241579373396156,0.1858473440468807,0.8934806999388493,0.9989579260558836,0.7098911516968422,0.201979694,0.351184435,0.506666667
0.3832868414287534,0.8768945894735737,0.7472726435600241,0.4441161626381669,0.3485669582029932,0.9797450487613576,0.2558655850006781,0.0097197740400585,0.0811627667643829,0.038293169,0.084560876,0.0
0.7385393899201348,0.4355512427557206,0.984817914725448,0.7723311304960002,0.9837631312952074,0.3759753982876482,0.2669380832001594,0.5062235536413536,0.2926406370572161,0.147322468,0.481869069,0.0
0.6519435698355628,0.7248512585884156,0.8489003224987953,0.1912124442095164,0.8875509510114181,0.4435228988409339,0.8622908783648413,0.0690715703079135,0.2487083680918399,0.443380205,0.424805057,0.0
0.3800208665476542,0.6744619607211132,0.863108234762213,0.0359409441959684,0.6096795388370843,0.6144806695027097,0.0748229352787126,0.477100822812422,0.2247920087571165,0.190857917,0.44929264,0.12
0.3821949606677378,0.8913910115439834,0.1983039352099073,0.1671981911658472,0.1012231238499878,0.1651532839583334,0.5604247693128279,0.5728674593965951,0.664384322350332,0.504312,0.321782832,0.648275862
0.1901064942869318,0.0456151199004511,0.8365680513033437,0.3418922453946242,0.1074709455892767,0.0371262332727608,0.7499728611177782,0.113159080234981,0.3873922915936127,0.115614211,0.0828496,0.570491803
0.702524762274982,0.1789437634309358,0.2221437773080122,0.8064951974668833,0.0810082605322504,0.3401037563486611,0.5306821684360374,0.5997759374031311,0.5042111656335873,0.121144133,0.217643584,0.0
0.2769603495053164,0.4519144941481359,0.5221689179707018,0.256942294041407,0.2503437716731289,0.3569536562069305,0.611306903437331,0.6467210031809583,0.3591196818820531,0.198542753,0.363220633,0.270967742
0.6310543728361853,0.7327784154213088,0.6019333706275319,0.2384732248114185,0.8765589260139752,0.9470767358112412,0.792209052255257,0.0885640451634811,0.5871408301912073,0.36401461,0.423128996,0.193548387
0.4967634845191901,0.4289975162238554,0.4711628596301429,0.244071051193611,0.9303942790114834,0.2256033835877462,0.6221617951442507,0.9746731421322522,0.6756856152360027,0.191428834,0.228032184,0.288
0.2387696359891395,0.0476040730208291,0.937230597795488,0.1646937134914423,0.2251524873562764,0.0090195421770233,0.9866468486249836,0.0874983710597593,0.8999039400798313,0.140257768,0.056056606,0.56
0.9991525772671545,0.2745535905337353,0.0093113195391292,0.9356480762531462,0.8970501076194605,0.060550245727369,0.1397266683879821,0.3553003049862672,0.77685745844474,0.087386336,0.259827921,0.834782609
0.4080415183804714,0.6691014767169117,0.5284407995683829,0.5757567698572945,0.7761775903733897,0.629056843476914,0.1834321631164182,0.2761776135057746,0.793856750122787,0.264475274,0.482529456,0.126315789
0.5205640901206691,0.1041233845917886,0.2168683028756663,0.1396141111722645,0.7086581864895166,0.3044674908565404,0.2539865430173327,0.317907416307236,0.4150263469442885,0.061079662,0.433819337,0.568421053
0.4245217047071564,0.0494301729913942,0.7625300453867407,0.6678779339924635,0.3447880096538683,0.7208026588223501,0.7295341112008669,0.4542238469429597,0.1213889112734344,0.089525593,0.394170804,0.26
0.7391369111388517,0.4256582571854127,0.4489409892194697,0.9487010526059928,0.0129686310057208,0.6132334094598461,0.0948397384103499,0.7675261173400201,0.4383129002533229,0.077832059,0.396725251,0.0
0.6016246067604961,0.5215665637452926,0.7524460486040504,0.975841278510598,0.9309073865970882,0.440419377895601,0.6330838976631908,0.3458652246740236,0.7181044334582765,0.239097453,0.425650871,0.162162162
0.0446360519005011,0.488144292238626,0.273317840584215,0.8240257004707121,0.2859904529446769,0.9029177596257112,0.0409369473303555,0.6408768612952518,0.0251601238669126,0.186358486,0.304143231,0.15
0.6731447022876064,0.734013645797523,0.7386135867825103,0.5378143237699105,0.0982803992906833,0.3945693471099766,0.8093954452176341,0.3167630458434927,0.0623215008684383,0.357808072,0.376715376,0.642857143
0.4701000454939794,0.3036371584387495,0.0534654913581932,0.6521012423699195,0.26928049982528,0.5605367260212477,0.6212763354693384,0.1750266636166726,0.5658190351524865,0.146452161,0.445348785,0.339622642
0.4431509478499075,0.0551477633697629,0.5961128449519811,0.0198239517400738,0.5049688110310337,0.7261672348408215,0.5510656635544326,0.5968565786065306,0.5594614650122497,0.129455578,0.496990037,0.347368421
0.0364230695266262,0.1052197873448599,0.1301363622088296,0.8752192639593153,0.6143783781385378,0.8750155093233792,0.2494281591145627,0.8515551065298228,0.527767442497012,0.069988846,0.186533823,0.085714286
0.5687477580544675,0.5867437003924602,0.1055282244095745,0.2977306123342621,0.8722918468690212,0.3990483226338843,0.6975958215611354,0.6757421168510216,0.5536928212254166,0.277735883,0.394591373,0.24
0.9188344193308766,0.7308626786481439,0.4854281222189335,0.4379453931346229,0.4305383241535917,0.4310829911749014,0.2327326613651092,0.0264720365682745,0.6305816031159308,0.310895362,0.504433255,0.085714286
0.2605554753615359,0.8397116736494792,0.7467915290710107,0.7997941893332651,0.1867878781298093,0.017627774547732,0.0032537676379159,0.499229651261611,0.8249428609597301,0.377837754,0.027954226,0.0
0.9363189707003566,0.5444991352070921,0.6824358220432021,0.4868307302920582,0.2788770891163223,0.7333834347695419,0.1066204175288256,0.8110849511393158,0.5783042714515603,0.230277961,0.530642356,0.184615385
0.5108761118455302,0.7063253809524589,0.6967276290319506,0.569485835375489,0.7477284294001585,0.910315266866323,0.1830231820895432,0.0949618305825767,0.3926215441146187,0.290568584,0.457984362,0.276923077
0.661136546631151,0.9419011546708372,0.5731157040208122,0.7107831322117533,0.337542872466837,0.006815173630164,0.6374705869438615,0.961399722787095,0.2157960420226388,0.478635668,0.089465127,0.534782609
0.2790409747742809,0.9969503405880796,0.5783367215801545,0.2520618180696277,0.1775575169417931,0.7692261866501653,0.8142510792794284,0.0558880955256324,0.602356283935641,0.82138681,0.504741037,0.373333333
0.686187630015596,0.4541944657675894,0.3919674684460987,0.3058238484474952,0.7786893951046354,0.0583803335011278,0.2131973095756621,0.0283202494724128,0.1720108500589225,0.138205249,0.180833354,0.692307692
0.7727535734651022,0.8787532040510407,0.1802745939224946,0.5081633933494186,0.5979690435941052,0.0968632015496765,0.2762216440827949,0.7504924792691114,0.4314594071068109,0.309540305,0.211351466,0.141176471
0.0506861382653857,0.7372315116499214,0.0728948768403012,0.5039018210016933,0.5558480252863554,0.7699059218879706,0.435765219381499,0.5589105359213509,0.1687789286854458,0.190883827,0.26967084,0.0
0.2423853527964278,0.1313960944398613,0.0324170602454346,0.7969960398304814,0.8628671922170055,0.6499580553068187,0.5738326799453521,0.2575763277830949,0.142375891839366,0.129782887,0.437292207,0.317647059
0.9004540466922719,0.5501888011466779,0.2205384638873165,0.0336962650899536,0.0707829764622971,0.9811494081934736,0.9771272278595606,0.2797588685949226,0.1767518435303949,0.246472889,0.541577832,0.646153846
0.5248777835202949,0.1559628891430909,0.753141332445775,0.0384069363748051,0.8830016833707525,0.7938666340603238,0.4876565116059639,0.3474213005525628,0.4871089933919661,0.096491811,0.316764062,0.2
0.1768362553175364,0.0013807985380406,0.2874581197053616,0.4616514251011003,0.6005907848971667,0.1329736052187338,0.6130716618760027,0.1842155508416951,0.3690995057634206,0.072232778,0.178532484,0.32195122
0.4339817140323657,0.9541225326158462,0.7175562536087087,0.349286333906922,0.4514951278507008,0.1156402198567687,0.2030626674173508,0.6851448175992136,0.1021092485260599,0.231347978,0.133614153,0.6
0.727391209731105,0.4872852316023759,0.7932621430102178,0.5649831788339464,0.828226461250272,0.494748650177274,0.3767328612082607,0.7686988089230611,0.757723966375521,0.166151352,0.500492142,0.184615385
0.5355280252571949,0.6020829798246845,0.5777907196511888,0.5939355156719242,0.1609951060158226,0.0124526974547466,0.5587182665838831,0.6229010360310482,0.8245198055341204,0.291457297,0.105079947,0.503225806
0.2281964886628705,0.0063752022631238,0.8379179835374689,0.1884356343626508,0.2320289740521204,0.4296351993869001,0.8141983739029601,0.0158718603473145,0.4564498964464624,0.099023695,0.233441519,0.082758621
0.1406118247038943,0.5279083275900223,0.610951163001811,0.9385162842104088,0.6840813022964454,0.1733026738437596,0.3073976897663655,0.6902758499390715,0.5208608706168119,0.177743742,0.188000743,0.488888889
0.719863580586315,0.1384718169824867,0.6860672202608001,0.4015772112436625,0.019119941047082,0.0289443896015499,0.3643898516274036,0.1775898281638284,0.6440966158509197,0.052152493,0.027430658,0.0
0.8910624602310424,0.2459117776816581,0.7110956999282906,0.1321592588985712,0.8351716281792457,0.5367173239897988,0.4700168297826173,0.5340174822487589,0.4563480964796853,0.100000947,0.531757331,0.461538462
0.7371435374435215,0.0085860320628819,0.216949302184309,0.8304993340095734,0.9638262909469352,0.9385900506656942,0.6778760990799498,0.3905442954119611,0.7633439000671111,0.118546698,0.676289026,0.0
0.3065343058359356,0.3744221227931228,0.1226512843804965,0.3080772944593379,0.4507695344457491,0.999800661248608,0.3389993706553255,0.9393499954769328,0.1060430120820166,0.092492133,0.558832985,0.685714286
0.4725952189806524,0.7280060203349764,0.6159133480253772,0.6949462098774168,0.4698278654572043,0.8335876648550827,0.6292754569632206,0.3455054223716018,0.2848249206904352,0.391362793,0.445070089,0.614634146
0.2660245771713246,0.8064551082191908,0.149318699866912,0.1630085255095105,0.780248673515453,0.7638783311061995,0.6651750823434657,0.6529951475070158,0.3268281528389507,0.34619865,0.42135493,0.413114754
0.539624079307862,0.6443677312965699,0.7255896085045642,0.1730584732913125,0.7671995256826275,0.1497031792347033,0.317428215617646,0.4087210525939488,0.8689829786956113,0.200190693,0.479647435,0.631578947
0.92931281297218,0.1018426407582547,0.3558345884427577,0.4739411579896009,0.3529831067754824,0.3896122115419858,0.4217671855118913,0.0779889755817692,0.7339708744589278,0.078572031,0.606598093,0.525
0.1963042864744115,0.5747323890189632,0.4681311007898202,0.1451872929217907,0.3828140309693248,0.7082843142734789,0.0843375143251476,0.917259215349718,0.8747574766359133,0.249896899,0.452486818,0.342857143
0.2121773346179857,0.9411426405984692,0.3123858943994116,0.7957331615695975,0.3878463184776904,0.0166490273501195,0.6459490435107891,0.118018768032438,0.1208434663561522,0.490909543,0.057262183,0.605405405
0.0209079411663001,0.9576147333110472,0.905795470071366,0.7201004716752671,0.2986380869105525,0.3331364769650765,0.3628247961196612,0.4425091224619145,0.67018970379937,0.346989665,0.209690999,0.16
0.3401724504408857,0.6007082563784224,0.7402671835238811,0.7669299601779381,0.4598178763497059,0.0191990007107211,0.388424743763782,0.9122809021625286,0.0574204560788371,0.161229912,0.052538251,0.8
0.0461161688208485,0.6152399104261661,0.5756464087299575,0.8531892173027107,0.603969144368675,0.2449244264986156,0.7677299279659069,0.8986242889756503,0.298846587300182,0.280005343,0.061219794,0.0
0.7300986289742393,0.8430374581317439,0.199383796596027,0.7419050972867521,0.4222316818905559,0.0880515926545245,0.9294511378288636,0.0601787297349083,0.7436332212273811,0.568120283,0.181749371,0.0
0.5962796981687053,0.7892177129224782,0.3131713934442921,0.8742681076635342,0.0915412274674349,0.4527995952278635,0.6502465746818948,0.633440248492102,0.0358354015963416,0.353453737,0.426233989,0.539325843
0.4378935065710483,0.5971518193135912,0.3737088692327489,0.8495074259645009,0.717571620507996,0.2919968525762867,0.9548628348120072,0.6453291730176428,0.97585474270142,0.328553048,0.362422258,0.329411765
0.9380438948861058,0.1489009503477458,0.7883973391571792,0.3592487437426366,0.8242216606457382,0.2564736838691042,0.9438586813880708,0.8430236960720611,0.4466914419674103,0.121664463,0.430177619,0.130434783
0.834395830688893,0.8027928352957139,0.737013967269168,0.3171031832905898,0.7846179837022463,0.3421327792988882,0.6604427908313405,0.532715515438411,0.0976685550706722,0.392794835,0.485801213,0.753846154
0.0370677112665132,0.0962495537592486,0.8389706392890848,0.641945700893036,0.995325107830404,0.6145757234069463,0.0626214295949719,0.9581105415561516,0.5795831578288514,0.07450627,0.253272088,0.066666667
0.7934664267055337,0.6763072506792671,0.6478142519393817,0.3268458844623093,0.4266901090488451,0.7563333497434755,0.0334644532346609,0.3408756722285764,0.6454176170138852,0.277706249,0.465401277,0.4
0.384538810700937,0.6181164174492834,0.7779247608565009,0.8928731638314918,0.6062425696239279,0.1470803482404572,0.2966577713851782,0.3725267176540889,0.5563340815253545,0.247326694,0.201484659,0.628571429
0.2729990842395349,0.9703238457524564,0.2716929294998367,0.2490041916469074,0.3076394534640795,0.5466787767853023,0.105709091353412,0.8786694969472706,0.9400415301728464,0.506942197,0.400069655,0.466666667
0.8938693948325349,0.3891603544997092,0.855297098161886,0.2215306155557491,0.2786136988972862,0.0643204898252057,0.876977123855993,0.390262057138976,0.0885811318044226,0.193115075,0.154074128,0.339130435
0.2386293950303416,0.149513051714314,0.3835472231659367,0.4079561871032999,0.0214800228491467,0.8603991625675218,0.50722825236473,0.3700917735483365,0.8302136275482862,0.13795048,0.391673046,0.0
0.5126109711078501,0.0257477296396687,0.7161649098942826,0.7110390393065472,0.85981315986589,0.5915079871724434,0.1098398616971539,0.4705590559600917,0.9595456774269648,0.061647115,0.576427239,0.55
0.1489326338812567,0.7891023717500943,0.1386491319202476,0.0591006959785751,0.4498703931857043,0.823207660560919,0.793843340670818,0.2063146083513457,0.3675685973984346,0.328488056,0.279306717,0.094736842
0.715613331772853,0.2978135780099105,0.7515095267655358,0.6757621037040866,0.3845442593175416,0.4020059229667978,0.6973711136780424,0.5209517420768035,0.0752069113726316,0.15336214,0.425922085,0.665060241
0.302605732838541,0.4862215456119793,0.6665910060531851,0.6096557735506436,0.8656565662667431,0.0391717646187729,0.9349350310174764,0.2102498901469166,0.0177408171822047,0.210592081,0.094262168,0.792857143
0.6833572070098137,0.8598722603686156,0.2197317773151388,0.0612662406899728,0.5732750075965874,0.5150205654869784,0.5950772134174354,0.6550337323965314,0.1723044921838911,0.384390886,0.458267113,0.661538462
0.4383005534364533,0.1100837726932291,0.0982276172939301,0.7595791549322651,0.3671380963664502,0.3494087431105194,0.0708772901572986,0.143933682011203,0.5518860874783762,0.077906256,0.527172508,0.36
0.9719548863208144,0.4787067317456616,0.5148682846087465,0.2477836951500678,0.8049024061519677,0.7714512035924966,0.5211389475370269,0.5632929400962331,0.7712773378753935,0.244037171,0.567752933,0.428571429
0.3074261084163211,0.542098334872942,0.9826865187346868,0.0089122934816874,0.1292709707654062,0.6424898414517446,0.4553019741806225,0.6069740551534702,0.4799287275877671,0.200001807,0.452325573,0.36
0.2755692199635352,0.6942261638502426,0.3135403481324968,0.2142680380804582,0.3712115365853897,0.6569736862884133,0.3339905776232638,0.4075354013803968,0.1180513223675523,0.19585365,0.293854853,0.369230769
0.890963257188066,0.3341786600389033,0.6123422929796495,0.4823625703687446,0.7814533112068257,0.5275086068755979,0.3278322085415254,0.4397391663311724,0.2893697577202616,0.128867917,0.483215784,0.54
0.5340165734940387,0.5586906606834644,0.0039128836874424,0.4516074531305757,0.3703285910109885,0.5807592079141706,0.516765203928812,0.3095599205746657,0.5251518129995428,0.226942058,0.465352492,0.632967033
0.1364523628189703,0.0421241825763072,0.2777302628627477,0.2857882189077592,0.1304807515976068,0.4793872125067548,0.4499241376344861,0.8166476837075815,0.7837923734987859,0.055703861,0.419299789,0.514285714
0.0417174987970594,0.9286089246783232,0.9890684108201592,0.0398203333911657,0.1708991860963068,0.6101247790552012,0.9944337750256748,0.2374807681706295,0.253090269159772,0.560281777,0.22220561,0.139534884
0.8517559093020528,0.654817087011081,0.524430110596894,0.3715566380790194,0.1818916630371633,0.415877049270709,0.4771588938883727,0.8802677235054885,0.4159844448865814,0.246344891,0.467916687,0.203389831
0.9170331622437852,0.5212246898632854,0.7244146017604894,0.3266307124384878,0.6980536015299519,0.2681939498306049,0.7432276631229723,0.8790660155859533,0.5615307956257535,0.357714154,0.451461874,0.465306122
0.4569858744325471,0.3746766843046707,0.5584085891057264,0.3841481440440474,0.693503210921646,0.7329692841829394,0.8968280802839507,0.5669227156538632,0.0229947270987136,0.129290095,0.295169936,0.756164384
0.6915560607906144,0.8261107483461279,0.5909521015268552,0.5317457371118097,0.8167785844960932,0.5613051890113306,0.7823510601880057,0.3588702831648528,0.5875732565175424,0.564707553,0.459276688,0.057142857
0.4992451109620556,0.6028110662968306,0.5143514165881498,0.5066124116720094,0.7771043721202306,0.8643104757494301,0.5121580590829173,0.9784203763272412,0.0399554711656965,0.234459651,0.451559377,0.535384615
0.2477684575459213,0.1673753971245973,0.5800848690669168,0.7384812617296106,0.6729811341531445,0.3426995905816568,0.1281635204517297,0.3907035935026757,0.4457640018411863,0.076843852,0.295612171,0.568421053
0.8306060423282525,0.7796727583082205,0.8367715069477312,0.3297460521746189,0.4472024091864705,0.4572446885510557,0.5643973645291163,0.4343644361528943,0.2846177213193793,0.482003419,0.33772654,0.270967742
0.7440124279215142,0.0408896738036648,0.0262058106646602,0.8952923898709543,0.9733538176751408,0.7668708604947544,0.6748637968242808,0.5005280522406941,0.5571919238088097,0.108817188,0.603862835,0.483870968
0.6354933549081967,0.3122907544957289,0.5533191657899219,0.6866938771609784,0.3601681723434689,0.3028551573788348,0.4760621231464117,0.6709524420175327,0.6242919439409803,0.133006349,0.276074699,0.24
0.6956622611635502,0.252707961861576,0.9423168858976104,0.3205419404469343,0.1888211655603664,0.5980267614391541,0.2141589089197999,0.9516525097780382,0.7742018973021628,0.068189028,0.593476338,0.553846154
0.0902724574984591,0.7287879927839312,0.1906540248623007,0.0510865372917148,0.6795729601978738,0.7402879220399265,0.0013560995495068,0.6550704907961498,0.3519756684354987,0.283223872,0.438331211,0.327272727
0.9413940881462236,0.780324172702312,0.8964710522295601,0.4755275313003916,0.1447987048188918,0.4465641810420141,0.930705712338379,0.6391763599359104,0.3488178764121983,0.556942101,0.402898903,0.077419355
0.7868923459887913,0.6043817938540776,0.6740339090960905,0.918695470145358,0.8500053583046676,0.724829357534538,0.1204026196546956,0.3120298740443433,0.2669067568510194,0.146216929,0.263362425,0.0
0.4749851773607788,0.2511339592354229,0.2815053861967563,0.8609351915650256,0.1482273955484401,0.5302163087662698,0.3015449913612187,0.6891931268989862,0.7927129956370189,0.110773083,0.484361344,0.445714286
0.9837759743668872,0.8281851918040556,0.9301697307409484,0.3044242363076818,0.0296517778750351,0.4097944181853948,0.7829698125919392,0.455471869322525,0.3906065531368174,0.429681439,0.447173634,0.409090909
0.3716431638543603,0.3560744346079879,0.3481286246311209,0.9542378140272776,0.1203834776035255,0.4531594301392351,0.7771825436833124,0.476260235112928,0.6462056176272957,0.22766405,0.350855738,0.184615385
0.1501172707132526,0.932892770792042,0.0771351155038427,0.0266834695845128,0.1565630573754646,0.1430715229843672,0.7809705814273012,0.1571739026308278,0.1372805349777234,0.433823872,0.103436614,0.212903226
0.2839305784174498,0.9590176193651636,0.0982865205391512,0.877951064588195,0.0073260192021766,0.3608976577694989,0.6633097515721187,0.8536023083682099,0.2304752410679277,0.563425604,0.38189285,0.57721519
0.1293618125418865,0.6314016397231105,0.1613644999921601,0.9479704432885516,0.3194599421903216,0.9488761856254414,0.9264144976495996,0.2694061170451416,0.981992322164786,0.253297576,0.438985678,0.0
0.8739414654433592,0.8567344957606486,0.7793356451411768,0.12806404640789,0.8913220072215011,0.8742864824391476,0.8475266381535584,0.0224386623610634,0.1078576980453206,0.65585881,0.536065712,0.3375
0.8107728289507677,0.7651518811999437,0.1650594288836533,0.2263253512457741,0.9346233064100984,0.6399377705141365,0.849807867557059,0.3900916543332879,0.9022903927399784,0.40448565,0.452294976,0.081818182
0.0792128335410249,0.5207686855001279,0.0136611489122715,0.4870499619948528,0.0859915489676466,0.2065488594018827,0.2055494484520847,0.6873904830448496,0.1576777234144299,0.177626046,0.122234416,0.6
0.992756621146569,0.6325886632363537,0.3195424536539955,0.5124377068551697,0.3404675708538385,0.7301260658221574,0.784835281946521,0.8578343141328847,0.98791337483186,0.283329122,0.562642814,0.251612903
0.4217564474998707,0.1692613183675381,0.7930108905053677,0.2687783400593296,0.2834174566009652,0.2111985540052319,0.6175190570240633,0.7335179760590559,0.6248739473833359,0.144521345,0.23433743,0.166153846
0.7996329110542582,0.1416896578279681,0.2554777577533129,0.9964218579837816,0.8425335541263091,0.8696026289795773,0.3788209581226256,0.1498283147233416,0.6226419954724868,0.059207047,0.674359814,0.0
0.9442920832277674,0.8300211541999942,0.6709549590610692,0.108526934280274,0.1620113208783233,0.5515818554423184,0.846276046171697,0.2332285603741581,0.2210363333130951,0.578407384,0.466898537,0.15
0.1152609176064115,0.4948449008719298,0.5103483916257467,0.2003408599924439,0.1189446598467826,0.0020546054526909,0.6366144249343703,0.4702866938592295,0.6938360500117597,0.208038076,0.025426129,0.570731707
0.4743192073300381,0.5605763342103108,0.0274893052894301,0.3611046954115235,0.8644477729404392,0.2147046000423255,0.4692424428350359,0.1129185200203714,0.916370334285824,0.162562291,0.222104715,0.0
0.6631657019270989,0.7839957969294286,0.3950179196902561,0.7593161161875466,0.1692518563944359,0.7461204906598162,0.4941847984030832,0.3693715711252642,0.2215940871907328,0.19293726,0.641708166,0.423529412
0.8529298953963546,0.5570507449882687,0.6652292823754273,0.2076328262180498,0.91433749272981,0.7785732217208747,0.9857545369197352,0.5434780952943272,0.2118058814107204,0.31727486,0.699028526,0.114285714
0.004444108132783,0.3379195484275032,0.2027941529232602,0.9193094902425336,0.0472323098628466,0.1328645373250546,0.526529607194665,0.4958954520480676,0.2338503476538131,0.166121181,0.018872788,0.0
0.6905984764082995,0.9750338824463796,0.8842242984953287,0.7519439713645982,0.1916586507179827,0.1856273072446912,0.5448958764054576,0.7084527108979765,0.7980073691546988,0.729887695,0.309815962,0.658536585
0.183829569075766,0.7745102148039585,0.6306406167129625,0.326633691969137,0.5113343929207611,0.7942286917825238,0.8561007631344237,0.6468447667599058,0.1531454165237623,0.410335418,0.438620808,0.548571429
0.7177692099658747,0.6248717071593375,0.1603956222233004,0.465650291677781,0.4715754075727254,0.4706846918887745,0.0299472543242834,0.0305426114244026,0.3319723165816722,0.218143732,0.448723058,0.56
0.5936510518510375,0.2433541884664697,0.505567757388706,0.2189921269572916,0.2086012353767962,0.3650608892380615,0.7667715571356789,0.4627145965576125,0.5211288331543273,0.136758022,0.471036091,0.386440678
0.71545894717974,0.9264097404030094,0.7171509553494421,0.72069330686693,0.4252466377410058,0.1565264149921703,0.9892976850554884,0.7116070300442588,0.3609450212863471,0.54621037,0.206186571,0.0
0.926051678311284,0.55020276560867,0.2031939213862091,0.4971628290612387,0.4267731963814777,0.958284578733872,0.8769888653629867,0.5013004452827272,0.8567490263056348,0.243081273,0.594689339,0.175
0.5595552173727735,0.6123170949446984,0.5919077435479044,0.5531488814169754,0.06553973660028,0.3021734704257522,0.5850736784874886,0.2246856516062233,0.7514144989860243,0.271109282,0.364175459,0.018181818
0.901109963395174,0.4933680313380181,0.9799404813351776,0.30765257560489,0.636135339688316,0.0463015125468667,0.7147185747092727,0.8762153799479266,0.3887696758018188,0.269909481,0.30288974,0.649180328
0.7437070215264822,0.1951432491774657,0.941679785573765,0.8769980863696526,0.977393886747808,0.1973912977170399,0.8308255595794789,0.3733434890847987,0.7719545638848406,0.174703113,0.343867775,0.542465753
0.7683401561517204,0.9188241004697736,0.0340103641376046,0.3210918637154417,0.4191851738833211,0.5610825750644799,0.2995063092521195,0.1821532774285064,0.5730742065204777,0.338923946,0.478496386,0.675
0.0524924552417437,0.5055410849560724,0.665599046570617,0.6922335395835733,0.3121953036389999,0.0198127809108775,0.8343051701024168,0.1160181084945065,0.4220263455919991,0.257098845,0.029496432,0.56
0.5851781702944661,0.903835859791022,0.8502933194393546,0.0498859837692221,0.3538828218526185,0.3915088926551654,0.1033736660689393,0.9868758815183996,0.8138003785548579,0.338564102,0.386294894,0.514285714
0.6259981838790659,0.3108636049619503,0.5706186981230654,0.6214608992031324,0.9900221810405806,0.5831988598034155,0.7419308238460545,0.2353477204974133,0.59908965367644,0.1805163,0.449726491,0.0
0.9281836324535708,0.7616701738227565,0.6179494206481296,0.434930205797289,0.7893931653287137,0.6219678274738796,0.6195846395997807,0.3949170290542764,0.4319387937268242,0.450399064,0.329384028,0.145454545
0.2768944952872918,0.5693725907676473,0.2443848741778128,0.0473295648363231,0.0698887397442812,0.2712774603696026,0.2250064058235786,0.7842461982930166,0.2056359607782025,0.179556822,0.273480163,0.631578947
0.8481607633088845,0.5225897261062442,0.7376532315168579,0.3716078603547813,0.9616807901013688,0.7566213595140109,0.5850096140393684,0.5160848355072628,0.9344733888008528,0.337690351,0.579087017,0.443076923
0.1769636492120375,0.3533661611526869,0.4277019372404798,0.2596368126796119,0.2095391665169301,0.0236776764356574,0.977125466674807,0.2223800368598697,0.8742960314095531,0.237753691,0.033502384,0.085714286
0.7819458632717187,0.8326204044451541,0.445686447405998,0.574173197697175,0.151793726791857,0.8419405136847656,0.7369946979752028,0.9672683454353044,0.2912019729216912,0.406709495,0.508817641,0.24
0.0183862713010782,0.843112175029611,0.7269182291022732,0.2085216122657229,0.5329311481401348,0.3414576375342724,0.1420798165624448,0.3515378518711142,0.5704495659146515,0.276206863,0.081836571,0.0
0.2621837507376438,0.95302268156216,0.915189752829532,0.3054166496245726,0.3249886541327955,0.1019911629007335,0.4883227008235298,0.5941405207960351,0.2587473212739255,0.22529381,0.07599438,0.133333333
0.1754635426090617,0.9556785567520314,0.2950952035192347,0.4516981755025545,0.3649790464498363,0.8527855462795819,0.4853533313828477,0.2309187211222643,0.6603763904153914,0.346090695,0.209775929,0.3
0.9975841390698224,0.1557629853391575,0.0468397250016627,0.915653621298102,0.4620914311106897,0.7472554041748567,0.1991331263021167,0.6785132841186055,0.0582676873155934,0.065378478,0.530584802,0.35
0.3852508787296363,0.610142837705991,0.2654573629702348,0.3259587585422491,0.5498452601169016,0.1011942397385562,0.3739374838443113,0.5543074715309032,0.6202106483393285,0.230609602,0.286164251,0.771428571
0.6063049838048603,0.4697690000277961,0.5018139013141389,0.3782391918823917,0.2275766281963003,0.6429905085876721,0.4625992074001824,0.7722320680293436,0.4524339938122966,0.139537181,0.438557691,0.0
0.9320517520571062,0.5353128208530908,0.8732018987852855,0.0262708144605056,0.4524308690244097,0.2615363499519878,0.8297232885696805,0.3549105018786911,0.458637141610305,0.305132854,0.481057616,0.670967742
0.3760795843706489,0.7080997171668458,0.0481320970955522,0.9706539172473744,0.7260169367975191,0.9019104984107142,0.4403516183662721,0.4534046186707653,0.9315041637222794,0.247271366,0.477583544,0.533333333
0.3994244692502412,0.2100628419137198,0.8385327411030118,0.2682781194768869,0.99683557667843,0.2257696972349978,0.6662134810113147,0.2618984693048062,0.6783977922998313,0.109209965,0.207047712,0.250746269
0.3340976670171408,0.847690765381214,0.3351867075224055,0.0309882075265528,0.7251585428416161,0.8286324970332608,0.6163958164680342,0.431711685385044,0.4777132533308661,0.583728477,0.467619273,0.625531915
0.1226768014777909,0.6778444322425015,0.0780082646954566,0.5107464324239944,0.0740773490882777,0.9806091291689942,0.1208626860534946,0.4050009956216751,0.3052787398639962,0.212340421,0.564811012,0.0
0.7647317732069746,0.5738268884722829,0.814766518060299,0.5712183744986034,0.3912519094283382,0.6259920489350723,0.3055865125691744,0.0661133604489594,0.0911257976448888,0.131184319,0.506766554,0.0
0.6656861514570726,0.3494061513413506,0.8473659612881645,0.5630494393485628,0.041325995938681,0.2518802209974845,0.3097601066507137,0.6472171377832856,0.6833501637603326,0.065784659,0.496198543,0.5
0.5345704213468736,0.2524653850722819,0.9810649357141492,0.3291364752076348,0.1349888772358551,0.0827814324481873,0.7195488446514599,0.4034512337612407,0.753126705570423,0.129535458,0.137434557,0.0
0.3962679425705655,0.1656396430686638,0.0016827709998923,0.1887379280626252,0.0155605209599625,0.3983426546408596,0.2938588542477255,0.4146786042071831,0.4867059385802034,0.07496615,0.405365848,0.24
0.0167986638111614,0.3448076899414182,0.7857807429481521,0.9784427199335451,0.0471133571851332,0.0027512925664237,0.8573576588225925,0.824143900512819,0.8923785439813846,0.197282758,0.016793499,0.394285714
0.6413850792127218,0.8706153052105496,0.2333190177719974,0.5315309322368915,0.8293425411596691,0.9980337016687552,0.6892216799043931,0.8559984862840476,0.3767404517786397,0.415207115,0.513046142,0.182608696
0.7386259787750762,0.0091750811059794,0.0385359539831366,0.9919922458377476,0.1235751320765005,0.8588419678665201,0.4967685324627217,0.5125387015961668,0.425862141059426,0.049205589,0.357524141,0.0
0.1570830898713964,0.1655806578092453,0.4342226253595755,0.9629203341860072,0.1042395947058748,0.1774761038410601,0.2582491828658964,0.6579646658519023,0.0436513788684914,0.08430977,0.119112351,0.6
0.7058119535947927,0.9830095427172706,0.7700211864295176,0.2660306265541522,0.5846322888991305,0.2356569688644265,0.0652600924578197,0.3183812959046451,0.1963019654300373,0.404902091,0.323649269,0.45
0.4195720479245458,0.1305539147407322,0.4188451497187808,0.8765197761015363,0.5225328966727046,0.7705647532346468,0.5543928287308391,0.2397661767484835,0.9407425671624018,0.116208121,0.437948875,0.161538462
0.3171277490343593,0.1861058882072642,0.7152800764884876,0.1756119067132771,0.4996084717878906,0.7604403781197572,0.428223730758647,0.1635801651923559,0.6990774995471521,0.069186977,0.269251848,0.0
0.8118303003730115,0.6388929003297404,0.8990669549428267,0.6310501841671369,0.9201760634802162,0.9211833496509122,0.4817013326758036,0.8504876495659631,0.0068009988781739,0.238440103,0.581826251,0.675
0.5100412856856136,0.4192309666840099,0.8922831820411495,0.9744408679607692,0.6530511205122905,0.5837816599642716,0.2932667816022212,0.3784956194519222,0.2117503151193257,0.119569341,0.389087216,0.1875
0.0750635924482132,0.8951950092694,0.6620545615988075,0.5651389554417223,0.176417080576596,0.7806452907496365,0.4107127372739141,0.3548559034488249,0.8624306358332652,0.268906033,0.063558477,0.0
0.7613876836537183,0.578933017025163,0.1103032684643267,0.868899733804241,0.0613466076035751,0.3271123377072843,0.2788435549393349,0.2755776810386006,0.4969025596678562,0.168108142,0.507813005,0.0
0.0237306884875205,0.7747116531155893,0.5548573312696512,0.8444693843111861,0.1908861546241855,0.8328881282393606,0.4629290007178936,0.1696354203141673,0.0319248833835956,0.226757422,0.090237853,0.8
0.5676528294105273,0.2863501664156461,0.4345110131029386,0.535079080511459,0.5745502238682944,0.3197480094029697,0.8611307260424914,0.6058353602749585,0.1732007740050073,0.116075416,0.326916301,0.130434783
0.7731242934618898,0.9074469216606444,0.8151215644414251,0.2391287394759794,0.5971379817556943,0.9856544705459508,0.7027829003440017,0.1497872412535833,0.2362884598845324,0.562486388,0.554834252,0.531958763
0.5115076946769711,0.96230235243734,0.319419084872215,0.5025459796516406,0.8193909242351943,0.7522948056741912,0.1910432419292186,0.6149200273693928,0.7935592968153008,0.416701488,0.477805098,0.461538462
0.6610534405219869,0.065827556878513,0.6590938519400863,0.6229107809100755,0.2220111553991782,0.1986853352612325,0.7682773121234265,0.1018615198246183,0.3170015249459893,0.126951675,0.267951385,0.12
0.3480849261647625,0.6764343755409824,0.5848797898730869,0.1626687981741725,0.4710812182949476,0.1873275166703308,0.174769762784883,0.6086566483527015,0.4913044295977543,0.2848922,0.255468339,0.628571429
0.3241062753990804,0.3660838996881226,0.1204213168647134,0.0226450269662875,0.3881104756703911,0.8957777522677739,0.1161865391733031,0.1927373914672334,0.8245303453513009,0.110250866,0.447180284,0.288
0.9575075536172752,0.5031596596475642,0.9092816175245486,0.9926734051557558,0.1199539470804608,0.822294451984512,0.549828325114879,0.9441065593973228,0.007248777259168,0.16538987,0.559973816,0.0
0.0562648853043544,0.6216648200682615,0.0712782867592399,0.2944679762894089,0.8584303465564338,0.7652703726411327,0.0755389871218958,0.486430177880044,0.7167608603708653,0.232077313,0.370222952,0.171428571
0.399926216488041,0.8027296090018486,0.9074001147317458,0.891418591150491,0.6351823247632217,0.9446522894721096,0.3357106479395936,0.2947819138309633,0.4907119860764839,0.325382065,0.435547721,0.576
0.1573714180231873,0.5050580739763016,0.1371123211913426,0.2827552399365113,0.580034040859872,0.7522811720397344,0.6351439549994364,0.9607696904044724,0.7097164386699865,0.276883161,0.351160153,0.0
0.5160228189071792,0.0326763412317644,0.4150501744509991,0.0983677939775558,0.3571482784339036,0.9717802666018736,0.5536369826118075,0.5952600696349736,0.0167480138363619,0.098731115,0.615705608,0.109090909
0.6079929540392904,0.3520617879168681,0.2212838022860745,0.3115453461939389,0.4477719094791745,0.98839915036678,0.4562409318852054,0.621867304039615,0.3860488480630654,0.046144428,0.819416896,0.171428571
0.3960972843109135,0.879277150046995,0.3722642097299586,0.6597175792941095,0.3229620580008818,0.069397204939103,0.1544251550584425,0.8754379121284748,0.2246004051848033,0.312904051,0.056906335,0.533333333
0.2192776729584303,0.3218445123981068,0.7595099749666993,0.9461038883835023,0.3563975695608066,0.4957813163285637,0.2826281703444553,0.7937899613887561,0.9715812385390376,0.138401208,0.343683064,0.514285714
0.9832701710242312,0.8494739392894796,0.6846893183791855,0.2030604059621994,0.5298420842114782,0.0740447418626834,0.9532071397292744,0.5721494194596318,0.1175541134836555,0.392385868,0.316011092,0.604878049
0.7090128607038176,0.0172758216428353,0.9933525626947112,0.8611257705380612,0.5994666761113666,0.2070814177331789,0.3802520990913386,0.865949708128273,0.3053676818785759,0.046005687,0.206969949,0.0
0.4287318702024283,0.6858263940964927,0.7089493722421629,0.4149528375713971,0.8203008748576932,0.4827842400834439,0.8549966816408977,0.2406161439301858,0.0939822732096822,0.461887158,0.339535828,0.2
0.3827569731388955,0.5687057483875452,0.9186700755662154,0.3461616591116853,0.1687330336581383,0.5095065634965731,0.7657801234577951,0.170765781664791,0.4900466743206725,0.321700758,0.387172907,0.12
0.531293819382783,0.4439332904566268,0.8767045162562735,0.1906007819839958,0.8807551630261538,0.5422669441707492,0.6099979997088381,0.9080541639438529,0.7551727982901706,0.230996286,0.537059968,0.498701299
0.2493959122102563,0.1115729817621391,0.1796826396303531,0.7501043939612919,0.1026642490846984,0.9279773851074424,0.5828733513543678,0.9173562471508354,0.6682493579046858,0.107150983,0.435177516,0.048979592
0.49979050817516,0.3833314672215956,0.1877479569615409,0.636304514399116,0.7056637115596612,0.7765125273037915,0.8292040405663939,0.2572273801028972,0.0262237554754638,0.165454277,0.444365747,0.411940299
0.1745973423292627,0.9449930347242126,0.2894661195307275,0.8399109532349455,0.5347838797103501,0.8459974409456424,0.5120819472019714,0.1260822518659056,0.2345573636680257,0.532429304,0.409135314,0.363636364
0.7145913096988948,0.1760954225148827,0.2629694966080292,0.4159931100633853,0.3435684008183912,0.1268122938747848,0.8700880967062763,0.870287241507561,0.8533638101655274,0.123677172,0.350636257,0.577777778
0.478852967569917,0.8297570780741613,0.0020713425462708,0.1637024395234422,0.5606065959502787,0.6823627562067803,0.838596668350205,0.3636353135165237,0.104864440574838,0.412397637,0.496335,0.547058824
0.4367188526403655,0.9393849470053084,0.1655261965184692,0.0226380906613629,0.4989622347596482,0.4056947245038435,0.9040243940257592,0.5260762784951353,0.6900633156934227,0.517045093,0.451137501,0.526530612
0.8854921072562877,0.5146332916001614,0.7579798731997167,0.8477405650335899,0.5179422671186278,0.8606512644107824,0.6822790107470574,0.1850773978783071,0.5478442933156848,0.260464558,0.613155934,0.070588235
0.2536676273693178,0.9088361491084664,0.2753408362348367,0.8940064946594352,0.0488374978838436,0.1745135298002137,0.3295817274176665,0.306817362576655,0.9507480163253216,0.405695746,0.280296635,0.694736842
0.1729677838129499,0.2884199062455859,0.0503522264861189,0.8123120678462132,0.5299513258136821,0.5224209265864265,0.4481051151952524,0.5373513474119938,0.469663739097195,0.170604075,0.023481147,0.0
0.24537778874639,0.1667094210500151,0.4255353238793322,0.5205403552363296,0.5617266517627202,0.816403239513773,0.9357550004989036,0.3184409315507056,0.8977836703294941,0.091415511,0.330141275,0.0
0.8206116424043088,0.1504079756773128,0.4357521738749621,0.5730797288885624,0.2740662454140651,0.2214643073161902,0.232655629920564,0.2375359952194206,0.7762491187214425,0.082064111,0.445635334,0.0
0.3248570535893776,0.0867691936096722,0.8466914131914812,0.2794120357100611,0.4251959471202944,0.880972871244922,0.3930577826283588,0.0662693523785435,0.7501616915517821,0.085209194,0.451871655,0.0
0.1329044316354314,0.4288747412455547,0.7536008982053911,0.4427896780375384,0.5826170883382074,0.0419790725537535,0.1621929000456839,0.4857806880176326,0.5830406571372488,0.142903214,0.076610471,0.104347826
0.473509482842831,0.4090163179554955,0.7048260513097564,0.4892113550295111,0.5335465144809829,0.8400510210508657,0.9206935812985618,0.9264302517947156,0.5765472016801749,0.195881858,0.570218914,0.171428571
0.5222944393995735,0.1807966395966137,0.9678355448098952,0.64923766479283,0.8667784552520879,0.4002324357561931,0.4614261841049287,0.094467301414945,0.5121396283970648,0.058250578,0.297798682,0.0
0.6923114835926203,0.5461505677773277,0.8924502807247344,0.9429889492461924,0.541950759468377,0.4965617966153829,0.9898732748872976,0.525721590469388,0.4418399147148653,0.289152417,0.415406908,0.066666667
0.4713771892104827,0.9841164143666856,0.5038309094912948,0.8575400864141448,0.5459435915562381,0.4171210371277304,0.233433272465994,0.0919537815225634,0.8645749038841942,0.527882524,0.309303347,0.0
0.0433233677326836,0.0325520337878191,0.2991885085786532,0.7940202640218691,0.3657620379987883,0.8091753885625389,0.0820109747343628,0.7504022970777684,0.9442420465549244,0.06993574,0.388035712,0.2
0.2092649869041649,0.1734950345999844,0.4618589642469096,0.2762301537032063,0.5168479029192864,0.6684254637017546,0.8445313405696373,0.6440838311071672,0.8795600935240262,0.167402413,0.332796257,0.432
0.5579222448959309,0.8647793557370558,0.8304111827825115,0.9009554192848336,0.1453099285617521,0.9288160977037112,0.4744885880549853,0.153080264367469,0.0213906558274562,0.390039373,0.31747071,0.45
0.1348647509699279,0.2824608337857599,0.6630113632701369,0.7258382636272421,0.1387946282749712,0.4050668658902728,0.4394301032763638,0.737901511044428,0.5832390182019745,0.089985792,0.276194636,0.070588235
0.5779561017602799,0.5876465116986221,0.8042607372652476,0.9305433846342968,0.4615027724494766,0.3040490594947171,0.7818564137887482,0.6796800286090731,0.3228842958001932,0.308350089,0.323017563,0.339130435
0.1369307753030608,0.374205867251277,0.2591917589574011,0.0041407867930246,0.5802696648594752,0.1451431220647838,0.8119053349248657,0.3684826587702566,0.7957935392408552,0.203164156,0.134893036,0.4
0.7217234967014942,0.2177462614347791,0.4107392336408861,0.4612590470634291,0.0468297056398147,0.4870447100239158,0.4636204934859221,0.3578356758956463,0.0449689770184981,0.078195462,0.405897479,0.48
0.8670751607898257,0.260896487510614,0.3472350330697076,0.9446785492078958,0.4560381852844852,0.623942024609587,0.8226187625391366,0.6248171159661913,0.9120706935993202,0.181064762,0.443537155,0.413793103
0.7308661857121856,0.7795536681765163,0.3725847033805052,0.21980089950411,0.108664544562202,0.5125399521053219,0.5572630808244688,0.3210611845894255,0.1702579165840058,0.337971855,0.444651872,0.460273973
0.3797975952536283,0.9550690528563672,0.7834027211693916,0.6464648544812374,0.5411886128080657,0.4356189138285148,0.4356062204729185,0.4103993184278182,0.2335141580260985,0.326787595,0.256853499,0.0
0.0561319532454963,0.4098692203949642,0.8167679990333773,0.5172429518121194,0.9319012078310916,0.7332071567886806,0.2447560987535091,0.4163137857116415,0.5958645765064151,0.153145304,0.316357202,0.313043478
0.8065544627730109,0.3527093505915721,0.7854237318048515,0.9278314119221815,0.7213923995744278,0.9968257361289916,0.2750485813333995,0.9043654333231194,0.0455782825317822,0.11374972,0.387383154,0.218181818
0.4627125341015438,0.9269853082799812,0.7748049471137215,0.2469266338281177,0.4266804672411183,0.6169237409060557,0.3125974159486633,0.2895808778797405,0.3480654360730815,0.327859514,0.399583109,0.0
0.400618761914012,0.3526572337346714,0.0786424212191606,0.5294544300932854,0.2459823196038186,0.1317931963424775,0.7246835703640806,0.7661372322503458,0.3889188359001445,0.181317602,0.172314434,0.162162162
0.4888727099595594,0.4589234198843219,0.821643804701537,0.8144594030535752,0.4066360930184509,0.2504818070371724,0.0909007444769188,0.226219844768337,0.2239894309539734,0.146712159,0.233540753,0.0
0.5494947493769713,0.3615217903364602,0.1380815085268125,0.7049671725811749,0.3265924016016588,0.9243417227911256,0.3981345643521162,0.6989864828621162,0.2758545375874688,0.114258528,0.084368332,0.5
0.7822038866581725,0.7867347978277134,0.0038403656362806,0.0090702963360934,0.508740834890243,0.5835144525504075,0.385271198804137,0.1403357569868526,0.1603232613668518,0.180265513,0.483790818,0.3
0.3419636325682139,0.158985653525094,0.3748707233405048,0.2188818300481124,0.4689410219026931,0.4197734487245497,0.8593142874632819,0.0860249108103762,0.2334815517663864,0.124241792,0.416838829,0.457142857
0.4004464513012957,0.3643511995497998,0.6377640658045964,0.4173029731419715,0.4661572543901128,0.9225440626483794,0.5836030453351926,0.0786351681348351,0.5102145650129617,0.194562694,0.408468893,0.05106383
0.9177982879133958,0.479331867771708,0.9325532337963612,0.719952052577303,0.0554348327694245,0.929485208527974,0.1898818172693828,0.7062780763079501,0.3365775600230453,0.157300986,0.587875187,0.675
0.0928526446965465,0.2860846188875048,0.9037714601454896,0.3612243914895771,0.5487478467397991,0.1077940107557172,0.1978606535486571,0.8959415820524538,0.8574538546234244,0.134480332,0.115093376,0.6
0.6497873510816444,0.565766338643476,0.2250139202281946,0.0283791886359592,0.1364698695372486,0.8435794116297473,0.2651985571286703,0.6849639876006157,0.6166747069975086,0.1384182,0.527885166,0.631578947
0.539287594151848,0.7614282107748791,0.9319789278640864,0.7255959986733986,0.0696304141967077,0.1592152477989601,0.4519569429217958,0.3646988326535846,0.1957342831491886,0.309178355,0.326006716,0.36
0.1866062847421872,0.6565209525437935,0.396103528904993,0.2820610935031911,0.7625903880002499,0.6479061661632898,0.4720654994488511,0.3119192490001744,0.035415067768371,0.179484637,0.320104779,0.822857143
0.057624400921419,0.8073816775570867,0.7168228759238413,0.0845749285885173,0.2057761428830475,0.620407415626042,0.9398835467510048,0.7092018268539827,0.6711403500344313,0.573444527,0.312044409,0.508474576
0.2591530482913392,0.3356747585138534,0.112910696552829,0.1941486614997687,0.9590794328829576,0.0896789803651,0.0253488879907102,0.4755844901651854,0.5189992221919207,0.102412941,0.156903903,0.514285714
0.5978668940544882,0.0928130712817305,0.399077837213712,0.6959631804179369,0.7479715069786533,0.9770257119213288,0.4519449404152555,0.7599648457650648,0.8884028536804539,0.097183854,0.848509695,0.3
0.7552022726048095,0.3891228768650053,0.0354656175026603,0.5254256315571619,0.1747107423393267,0.6046712517522382,0.8292953414695866,0.8963759150274992,0.525855116371548,0.199183572,0.551756461,0.504347826
0.837096049451306,0.934994013805326,0.5522276986049487,0.597579672995164,0.6045686589050713,0.5222619700098984,0.6047227066184419,0.8814277011801915,0.2824786018400264,0.681401696,0.532257821,0.616216216
0.904070558477371,0.6915711854715462,0.1482824703110223,0.500701432247325,0.8917578528447943,0.9848702598448072,0.1252944586496697,0.4290782427189052,0.6439628836696143,0.156304632,0.529889235,0.64
0.7290279109551889,0.4078687053231918,0.0934664585855599,0.0088355937502337,0.7351917395349644,0.1411457067743304,0.9418897897719272,0.8922218884792582,0.4366209466248104,0.184880682,0.305485769,0.24
0.168244317930213,0.3730176697553996,0.4796812800464279,0.0561875519152138,0.2902377249668244,0.3522049663743911,0.284008915000697,0.0281223788938197,0.375557531801118,0.124995107,0.115838738,0.0
0.9857553898205628,0.9655750211693211,0.9405427769325722,0.5955256070693765,0.0479568757037153,0.824508275389115,0.0374947939345311,0.1358846653846872,0.8194169583644464,0.453794279,0.585855233,0.0
0.1852291924340136,0.2406616509533051,0.7478177074716557,0.419574316525109,0.4306637570256872,0.6069686743696534,0.5786657230635223,0.3652364414021285,0.9055481824277274,0.178703115,0.367404549,0.476190476
0.5523219327770207,0.9002007194142727,0.5746924445901281,0.3267024831505571,0.1907131722391837,0.2497964031493026,0.3763148772599712,0.4047966742991266,0.9415701782489038,0.240785383,0.222048445,0.15
0.358740221732488,0.5254078186670768,0.1958451698886893,0.8650948178060919,0.5456232223392219,0.993936840412336,0.0216420159432407,0.4739657883614099,0.4479566012141722,0.164033028,0.507704126,0.0
0.6694106529285405,0.3116853177578949,0.2152408622824849,0.4186925172614782,0.8401342079544059,0.1946433149058494,0.69585512652793,0.6620968309543265,0.1004938358139403,0.183327727,0.253663347,0.618181818
0.5905307359410847,0.085369794012672,0.017923206891472,0.7489261227777814,0.8895756561946784,0.2113294881176547,0.2482032792561747,0.5191860061919288,0.3028766228708796,0.041243067,0.246230552,0.461538462
0.5465222453688351,0.4885064098063484,0.1328774750266113,0.0495006179063837,0.3921406516528868,0.4721639564785869,0.8053790161943477,0.5030358709000807,0.2097966881711525,0.177819369,0.605774971,0.562962963
0.0465386396943225,0.9805004018229668,0.3621180864557579,0.2828560319318863,0.6038973381810612,0.2561677605652436,0.5580969372992014,0.7457206996649154,0.7343684901696811,0.641540661,0.131681433,0.0
0.0029406583314246,0.2740531326921538,0.0004313175906178,0.832775843070825,0.259045820578066,0.0696835991373644,0.1247306261330619,0.4032550725460128,0.5613121782643195,0.074761039,0.031043313,0.369230769
0.4690440104340427,0.9154796633094054,0.0151004037500972,0.0554041125833041,0.9192633605266384,0.6954385740020131,0.8577928094057576,0.856489165541035,0.5961887498657433,0.420710825,0.446385079,0.024
0.8715250550282351,0.9911548535790576,0.4442554149520819,0.356400362862029,0.7596058176696847,0.4545717709012241,0.4709337939918857,0.8093291900664535,0.5901815352707196,0.500425393,0.181643611,0.0
0.0707051347148975,0.9807656019884992,0.3292876628698787,0.4316865636051518,0.9657888887115884,0.250124315014338,0.0114916693409656,0.5815539507352853,0.3578604742014837,0.348009482,0.045904814,0.0
0.8879049472009696,0.9782076400591432,0.7434200948653024,0.3499951314227081,0.0661950904626282,0.5474564800860257,0.2097805762412318,0.4456615674551184,0.4649938769259797,0.417610455,0.502934048,0.266666667
0.6146290993092024,0.3182283241416784,0.4985827948855292,0.3982746920665488,0.7665353846979395,0.4175933301501943,0.3110302892596019,0.6480026610935733,0.9284632341797928,0.11666147,0.494131789,0.505263158
0.8505752370081927,0.2397259187349814,0.4438933805149953,0.912731660681794,0.1275294968592442,0.3105758389759063,0.0196741607606634,0.97605876738418,0.9044640429324866,0.113589684,0.443366818,0.0
0.502108195955916,0.618371962833781,0.6240114767368539,0.1009601696162224,0.571212923990225,0.5511362368916928,0.3507382773101412,0.5267487030927864,0.7534692392437382,0.215357396,0.339019143,0.16
0.3786043121141431,0.7388660054522164,0.703260558404987,0.686296047368153,0.109544278821096,0.2529848557732245,0.5237567469508025,0.8553041896226714,0.1995436046466668,0.395760392,0.308268866,0.55
0.2744376620582017,0.5617860273981414,0.5496570742361659,0.8240177466348666,0.8628168957247012,0.0642124195385713,0.088553687323918,0.2461604338416618,0.9083547406367788,0.274300713,0.130147851,0.6
0.5363206061203611,0.5179293847909135,0.351902015269447,0.8873414166608276,0.356316459465952,0.7218225574747525,0.4731716522313668,0.9549993289101136,0.8178503913361672,0.164795094,0.421450701,0.266666667
0.786232192382493,0.2750773110306594,0.0218369280995506,0.0977200273126518,0.4259544028970897,0.1356629874430283,0.4603062303703581,0.7884870284283297,0.9185408106203884,0.084853746,0.35346775,0.444444444
0.6269433403360221,0.4528410205734327,0.5950503651207756,0.2801608229743684,0.27963555596662,0.3252390113088742,0.8079869248067694,0.1209816428305819,0.4856497052452369,0.215645007,0.427464401,0.312328767
0.0191612004547021,0.2287991887411463,0.1434031347094547,0.841091939812167,0.3629514354174873,0.4189976012711602,0.358694181463587,0.6080828329031115,0.1729088557036699,0.063891973,0.163728283,0.0
0.4601727928822059,0.5630762518854192,0.480381735006907,0.186106627432472,0.6267388996298712,0.0283661993862872,0.0269957123989894,0.4834611638758226,0.4598568490528972,0.185557394,0.061216815,0.0
0.2843204563592032,0.2890176935229931,0.356260612859229,0.4106170198536024,0.5417743456358635,0.1696202240674628,0.2483428413943627,0.0953684962730877,0.0848810239277779,0.088214578,0.244562995,0.533333333
0.3990021004798465,0.424861605095675,0.7175779922159101,0.9783677724461602,0.0406049928742349,0.532126692067349,0.5779121088331657,0.7850781882695098,0.3729836048769617,0.200090502,0.381934824,0.064864865
0.7398790801310542,0.1194803178069788,0.2491714069406089,0.3139521098664174,0.7314537519945379,0.1461456064343966,0.0970207106642083,0.2421399170496219,0.9520290360604248,0.090211001,0.32548693,0.6
0.3336169979446141,0.6759946938034269,0.2278037505559406,0.6319677410696425,0.2018343285773667,0.3559697533105956,0.2154698298733542,0.4031499320611349,0.3847002910111239,0.196019835,0.263365317,0.260869565
0.4668578389457283,0.7192756754106477,0.4388886890250197,0.5733955991695016,0.4456265441334512,0.3107222328866245,0.5488826772113046,0.2934686879582171,0.0936956236085517,0.410957572,0.334240689,0.576923077
0.3640239266860021,0.8683836412811566,0.0174573329776812,0.931108410499548,0.4251864221613841,0.413895765334707,0.6857001911533488,0.313524057793617,0.2610702593476193,0.468452308,0.304280308,0.39
0.4847928795028974,0.0129653208407679,0.8619299190953847,0.1481303586493432,0.5664412044987309,0.6831683283734696,0.6253324426793285,0.8939914952621016,0.3430688990290583,0.136221057,0.495630308,0.291891892
0.4090317356519289,0.4914130131979888,0.3169712585422662,0.7337072559387559,0.4072043332227276,0.147074187508728,0.265056698168988,0.8243551305429219,0.5699652081506007,0.138033029,0.075390493,0.0
0.5597394613737426,0.6094927785598147,0.1861248066460118,0.4438394240510673,0.0418988375642168,0.6483959793274628,0.1202346278547119,0.0683010917672369,0.1033658643416459,0.145626265,0.429600442,0.32
0.334103544525424,0.8842342566180217,0.941459911279475,0.4920540771987751,0.3069481113555404,0.4309995971377283,0.7195937465402277,0.8930100258861743,0.50090686740053,0.649989583,0.384568248,0.470588235
0.2220480114657753,0.0351206590424093,0.3550038260488984,0.6181942741576179,0.4920438585217652,0.1298910294208605,0.6986507400830343,0.7756973222178417,0.1249534968513377,0.072119435,0.200535922,0.644117647
0.8656382627158722,0.9261446132887234,0.8371310920276922,0.8796432615157442,0.2739489533654639,0.3066061832136925,0.6313570844883682,0.7984300074711335,0.9651695033141896,0.613406157,0.318352127,0.064285714
0.4751009351925696,0.1605494063701557,0.2443268790217119,0.8471288974860179,0.422332914882547,0.93780958273531,0.6598712610512399,0.7163825976977561,0.1333891788670717,0.141340259,0.337577477,0.163636364
0.5946366716038074,0.4320076786541318,0.9424183815903072,0.0338863320878876,0.6610613459475755,0.749032620141846,0.588158771723471,0.031444080312999,0.7371287858620408,0.234762671,0.532446117,0.434782609
0.8454777245541728,0.8568516611795158,0.228817377338647,0.2326539789028822,0.5045013065791314,0.081248098857081,0.5038182633505514,0.4688030908701998,0.1778081566807448,0.321468345,0.127779032,0.0375
0.9357005908936198,0.0202814891913927,0.3102374130951455,0.6451269481964425,0.2274402183743017,0.6574205682231107,0.0538110688150349,0.1320658351590014,0.843460608522727,0.052644858,0.451198309,0.133333333
0.5770513840054811,0.0080347523369459,0.553061319059375,0.0915395811750965,0.4187433187976919,0.522541479974322,0.7441936671448502,0.9492937482505728,0.1779716922201286,0.088768703,0.476342817,0.430188679
0.8478608168534132,0.0825537266747348,0.8746097760502061,0.9801369656239198,0.1818207102054766,0.7186361236143114,0.425715073449192,0.4976691049614836,0.0380346748758848,0.069109644,0.407842638,0.333333333
0.4153690390871589,0.419273057036323,0.8622116627532753,0.9563959762100662,0.0609934028551022,0.606080836094,0.354953985956281,0.415352743688048,0.8442803423021426,0.144638133,0.385784106,0.0
0.4008360188572366,0.717194372440461,0.2387753013524446,0.7470030225002154,0.2696029947330139,0.976677843884779,0.6947269509145547,0.6881422813811495,0.949947363789098,0.482466351,0.544967418,0.138461538
0.5160956946765829,0.3527386096639038,0.9715457995250074,0.219183986841155,0.5861881346705969,0.0543854699322681,0.706286957376827,0.1726730582271214,0.9489404875707512,0.214114781,0.128275001,0.14
0.2644223899591471,0.1715091956015252,0.1705518730722379,0.9604582199589238,0.2339601803112431,0.9988940200127554,0.6757393911466535,0.4841114922519851,0.160827615865711,0.098821479,0.41485892,0.055813953
0.8064168522496371,0.6809294433386491,0.6495670303358498,0.3489653908487845,0.583225660588181,0.7302528637010789,0.5037775612980798,0.0119075883221754,0.3679992795320896,0.333006662,0.500670151,0.581818182
0.8041964716331823,0.4592824949401036,0.2291820399923702,0.8687122779886269,0.0449719926806079,0.5244589151163808,0.859528665724138,0.7293508330935355,0.1423469695512675,0.158925934,0.46047376,0.070588235
0.5400261266355668,0.4279971136519882,0.0316328805770255,0.6618624557489075,0.7120067940559168,0.6076017820533935,0.0743083706025934,0.4840479539769203,0.1010928905186279,0.157924699,0.459380309,0.0
0.1915625753571398,0.9962789123300652,0.7853523656077369,0.1624347306089448,0.2642869495063493,0.4647286279837833,0.1710948047079115,0.1712191886735263,0.8956220975608568,0.474592252,0.392542575,0.466666667
0.7126234029833434,0.5937641970808303,0.2818643683130117,0.7849837158261374,0.6555676904638925,0.1641392172397968,0.3006012904680412,0.7677506013692794,0.1380065214467006,0.201194237,0.217151079,0.109090909
0.9562684742987256,0.931447794179106,0.9960642424418326,0.3355365280281581,0.8367831315159392,0.4671584781602861,0.1698739529754864,0.19761073457806,0.6317728708983456,0.454156411,0.584385757,0.6
0.8316789952342111,0.868968733125358,0.3944474750173536,0.8922026257289531,0.9364834165563056,0.3288280727993637,0.9259760875559094,0.2175671913230863,0.8224896571990932,0.517607281,0.386532572,0.354929577
0.8051533766839543,0.4655554790181337,0.2454799334423671,0.8067934746527812,0.7914617730306273,0.3657624707443887,0.4042682732146344,0.1973233245912055,0.6300172552294286,0.2138246,0.400163697,0.0
0.6891215171433629,0.1094007977939064,0.8562534035960644,0.8638787610146609,0.6138810445850285,0.4502251981766177,0.1082152694731104,0.7904082932599106,0.0811497569308936,0.055812341,0.423456544,0.141176471
0.2620176366122907,0.0041192112222561,0.5738974235530302,0.7129830743047135,0.551850910594103,0.9737714529696722,0.0470408120962688,0.4605017346014166,0.833307014337211,0.066634744,0.206335004,0.171428571
0.8581207259522989,0.0742764144086262,0.8569946871610612,0.1435507551448467,0.0297420565168182,0.7153276722653895,0.309719178755376,0.4598429453527403,0.252340080440211,0.080559242,0.520809317,0.15
0.3227965700874518,0.9664220770403096,0.3375603578288206,0.4690833017253482,0.7327977877055338,0.6574778152100473,0.9862164015399334,0.5220515729506942,0.6304261475588545,0.750035224,0.485423985,0.0
0.1373948242991891,0.5254618139880288,0.1010711163863387,0.8270122557871992,0.2296374682804765,0.9474067203619084,0.5875958008755384,0.725393205017061,0.4433574517245404,0.236734653,0.36781793,0.255737705
0.700291625122537,0.4060368069326934,0.188842362479143,0.9085509490047444,0.8661815637630549,0.2242079266286757,0.8143397243745876,0.2734819033701782,0.1162413110794512,0.201737907,0.283942886,0.3375
0.8882208345360139,0.7478947648281042,0.7263806506849856,0.3587775646341128,0.1409005626113049,0.9434393548630796,0.02450629032465,0.92006823490708,0.7031036368294586,0.313769465,0.587702234,0.35
0.1439125825585478,0.1043490269473194,0.4419132934336491,0.2117380292420299,0.2682667475599878,0.4163516720075906,0.9305830687326602,0.5811580824560589,0.2529776576800192,0.094379614,0.253298293,0.274285714
0.504047139505225,0.4114596450290753,0.9350372389822884,0.6716890029936777,0.3674100590385656,0.6032143816356875,0.7212086038451405,0.8162730870771807,0.0933532401060177,0.186415115,0.457015828,0.535384615
0.8557855984077825,0.872269141157762,0.1731052806305871,0.5664525490116973,0.0627424182451419,0.0468422210584605,0.7959653440298629,0.5644621315911842,0.6947471177582673,0.515695803,0.136971524,0.0
0.5981125447752575,0.8831900360832197,0.2198338450282804,0.4913945390172946,0.1834832484395017,0.0958574225238625,0.2688486809679716,0.5900372828749293,0.8611541612911758,0.358963052,0.236950389,0.218181818
0.9628942124687204,0.0974000672082818,0.1050029790852989,0.4913278055962183,0.0929955812931728,0.9353540646695974,0.7912104499284269,0.8486096557467416,0.2143397537169594,0.109256894,0.503555699,0.557142857
0.9800115946470506,0.2097979373940097,0.639141988266249,0.8746284613394533,0.0988678958596235,0.0156103719594952,0.8295666459891367,0.5968966285628535,0.7037027685819323,0.145851088,0.160855185,0.594957983
0.9931048048533816,0.4464048234704381,0.4442693148320898,0.8663045936520017,0.0204918348050158,0.9971260781515436,0.8134250738679657,0.8935666446085311,0.6661092763830886,0.221940323,0.537562336,0.36
0.1084643337680499,0.319863128560429,0.0722898897705472,0.6806162653146963,0.439257657763401,0.3395722914951455,0.5233680748193363,0.3635311727171619,0.4999609385532853,0.151044386,0.176902481,0.345454545
0.6941901033355695,0.1671674398359576,0.1914852971303416,0.3716328079799034,0.1970794388624022,0.3902581168477699,0.8298474155676522,0.3779065570750353,0.0708953755038985,0.092319829,0.406471729,0.564705882
0.2794622335099911,0.8472958104291685,0.0340077294245974,0.053202963791978,0.2431490002585337,0.4828337486958298,0.3468276128670173,0.3675047132650783,0.6363986969178922,0.262482134,0.254682972,0.48
0.1335063541694349,0.0663560493193734,0.205923107559434,0.4209723390637269,0.9819906337490172,0.0415624358692935,0.1631977287211952,0.3156339420821581,0.2185117022305016,0.05363238,0.030014998,0.545454545
0.0951907447101089,0.0814274435419363,0.8637112155001999,0.7115414345154624,0.0163751163895199,0.362971556120779,0.7154820409866985,0.9972995646844388,0.4070725280298976,0.117374222,0.128387767,0.05
0.8334850048027952,0.0339958306629993,0.5660239445309801,0.1042891061436956,0.4151670590348356,0.0958027448509464,0.5443496005209115,0.8414061160104512,0.2666213082452828,0.094070533,0.234618097,0.314285714
0.7475139050092882,0.0418929976584011,0.5774812040361627,0.392063055257597,0.8562945803123398,0.3279619283263957,0.1333173448422406,0.1999188359935771,0.361147215000243,0.085119589,0.504492695,0.624
0.8362041004025682,0.2868912001589462,0.1964849699782386,0.3241717877008192,0.3610295551300134,0.0488542629341731,0.4624245019852044,0.1751811418235582,0.0697401128180335,0.109479781,0.14444598,0.8
0.1843855599896449,0.8447352878894971,0.1899690493643937,0.0347376972062396,0.8707778077457544,0.772492828626125,0.1630183856384657,0.8055371458884645,0.2419983738961751,0.35504062,0.341542711,0.6
0.5390744018167711,0.9395838819437232,0.6280750076253115,0.3449110850083201,0.1846528418376821,0.2982110284994863,0.5914567814227749,0.2047704819076341,0.2718793057298909,0.563671632,0.299031543,0.465
0.4714356502884126,0.7868047268200614,0.6489827674021235,0.6994402837034376,0.3510560446027152,0.9858430446295268,0.5840454668223711,0.6424155260295681,0.5322812182535065,0.465507578,0.514813771,0.386440678
0.5632483152735653,0.4362857030932606,0.2718646684889683,0.9331044379296016,0.6683976250112003,0.6434444336331352,0.5778195574518518,0.4762950230287336,0.0951299651595273,0.209975919,0.460712179,0.27
0.9315236046276916,0.5225444909280937,0.1867147898078737,0.823162939310324,0.2631818437005992,0.8263218193879728,0.8482086678043924,0.2240578412974851,0.9948826227631176,0.244330713,0.49948235,0.12
0.0793100076040738,0.7688070765174132,0.0568442867475764,0.5291091063667591,0.926285445792916,0.141116608243086,0.5955067689296274,0.106102974051515,0.2787638477505306,0.399705752,0.089059819,0.38
0.452143960755196,0.1148283091729143,0.1923468143348178,0.6696100170994687,0.7600994064583264,0.8975676332368846,0.1669198495490419,0.1540262346715762,0.9135888495246904,0.061988227,0.560920476,0.2
0.9016543177010866,0.7625641002551925,0.7096424692259707,0.592871131786845,0.2527514235431205,0.0890448956209458,0.0805084165152799,0.8783719914898994,0.1476551558197959,0.299668135,0.247846101,0.336
0.5066357829743925,0.6077972583239756,0.1998658602861069,0.1461205772953356,0.1535006948350602,0.6593042916265139,0.0373280864503069,0.0421614886908591,0.8870410205686996,0.181247232,0.473767427,0.457142857
0.1312646384925787,0.1821188610652487,0.0561419821366887,0.2575379840242993,0.9958508930555472,0.3780628367777439,0.2581334084400257,0.7386119503970157,0.1032926598725035,0.068206137,0.196268423,0.709090909
0.5189874763672355,0.3801304548162451,0.5220006537174642,0.2819718801264058,0.5963618531243188,0.5969981006953996,0.6984672900002447,0.5609629257160261,0.1417457979608769,0.163410184,0.461956584,0.2
0.7560430348498892,0.2631634727957077,0.9076175466524264,0.1929761268446822,0.733247017037735,0.3979914259119504,0.62980427336507,0.3265444942612511,0.0857324209679892,0.137144041,0.481103826,0.617475728
0.5689056761421536,0.4447872467735557,0.5256019167712618,0.9618268661512716,0.0846729629700279,0.8467620113582628,0.7800277817010521,0.9543859705685704,0.828248026928068,0.262550927,0.555840453,0.591044776
0.741423310867989,0.172428110548751,0.9744915646455776,0.2146921494427692,0.1729590644854026,0.7577267287492853,0.8057821987917346,0.421263852206984,0.9075059210197404,0.15813835,0.500308989,0.04
0.954790559751515,0.8255320518429705,0.4475644558962274,0.6974920031725265,0.5174687569799382,0.9835077389951966,0.0544754516443434,0.1091391754464853,0.1950824908126253,0.372731108,0.683902237,0.545454545
0.382990405416063,0.2768952213611455,0.2463347949614172,0.9823656300121694,0.5303773599458983,0.6123510206900736,0.1713926258320008,0.1742862760834077,0.5538431777849224,0.141238271,0.347795526,0.375
0.4263382774277487,0.1401259403435815,0.493286136007404,0.3574065235778489,0.3838446351284177,0.1304494879148505,0.3292827288565029,0.5519860773192528,0.5287464126022038,0.083875028,0.324052297,0.6
0.294997766241678,0.6963461816030543,0.9633664843919948,0.2746395525637891,0.2952918131197617,0.4456822248807629,0.5378219932692139,0.1578025614008021,0.1659559112136658,0.301357326,0.321005577,0.171428571
0.565998127588151,0.1524124346284208,0.0585487892956009,0.9949259203721912,0.0062624764586811,0.5506356337595366,0.5968420383835447,0.7609831924204479,0.116265266798919,0.107306809,0.361913413,0.422222222
0.343765314190825,0.5565512372394161,0.1831574206509694,0.3522853196142169,0.608927270373465,0.5345852865547335,0.5977249972555957,0.6208333926289762,0.4436863851171613,0.254627122,0.385014744,0.345454545
0.9500480393521936,0.0721342474092721,0.4980059809406297,0.1604616015173342,0.5622876621732731,0.9773375782903287,0.0428940672485923,0.680776135500758,0.3809372114511337,0.063528011,0.451446778,0.133333333
0.4292613398105623,0.9787666799888152,0.6808080916141434,0.8355081459833216,0.0465792841852074,0.2667492687373274,0.5850430140031789,0.7389542258751682,0.9301359329945736,0.71026625,0.208872013,0.0
0.7969725377336724,0.0526757780004752,0.9781220289512604,0.9663139366662764,0.4769795331422919,0.1066188832525341,0.9969102071209353,0.959975963200238,0.4462855906054112,0.085587937,0.268621906,0.096774194
0.2755204030053095,0.0497503764028385,0.3530949242247241,0.6442294857741269,0.6439330086171634,0.2550736948229872,0.3946441771499365,0.0787437262841154,0.8042844137626639,0.068491917,0.359635747,0.553846154
0.2900937125585003,0.5055554398494958,0.2196480680366159,0.9952558971864562,0.4232455398698265,0.8528606323125364,0.7322042452301529,0.3577845938653154,0.310936353139258,0.227402696,0.35244547,0.38490566
0.8766203066442483,0.634613102358457,0.8743784154202886,0.7236807148881184,0.7398278627418883,0.4984219336423502,0.311230483131329,0.3038363955157975,0.1063371079741547,0.232296987,0.442389162,0.24
0.7488240644905363,0.0526965435195072,0.8711607631911624,0.6192139547779288,0.3422562122110446,0.7967400693248138,0.7509624119011611,0.9961218314890696,0.739382294618067,0.115039215,0.492859587,0.085714286
0.1946262535463699,0.5839168469296969,0.9712397437692408,0.7853848382845234,0.0316612099733402,0.3868418133387052,0.8658270609059682,0.170741003735954,0.4830933193654934,0.293625557,0.313708656,0.525842697
0.3855891434135453,0.5212619019597199,0.4780419770314882,0.0917518530548631,0.9398424050224548,0.3745390152163971,0.1421671720676607,0.9574718946946892,0.8517841961930271,0.138798337,0.434871377,0.092307692
0.5833126912369867,0.2941395629665566,0.9408989948699912,0.4747646245932128,0.4799349705718165,0.8972933511623213,0.2774237457321666,0.555313996235793,0.9905385779584426,0.142332445,0.422044167,0.666666667
0.3009639971374979,0.631718693707817,0.0374982312700319,0.0680677624373909,0.4279792552104468,0.8781982744459442,0.0361169206030711,0.8781836051290635,0.9350290676957108,0.16473602,0.560450386,0.0
0.4230570889251822,0.9721640468690964,0.8157468676931838,0.5726882824541488,0.9881653357038992,0.3602103658502911,0.5286657641370898,0.7075707119106928,0.087021299189819,0.714130334,0.323191696,0.461538462
0.4598668820977902,0.9202041818642208,0.7624378044627894,0.1506820670464626,0.6530540353965113,0.688334151788287,0.4266888320465186,0.9506290165340366,0.8221341758771191,0.439561604,0.570763676,0.2
0.0157410552594121,0.15107922103611,0.8274816109981399,0.6867705555218651,0.8503927574498308,0.3518168518245443,0.952096050633615,0.3147744649285147,0.5738181370405417,0.135276192,0.164784421,0.551724138
0.8151221262780574,0.642215207234454,0.5503905744011476,0.721041352752459,0.4267023501533201,0.5745497267367896,0.2344178852327412,0.8192964769446504,0.3547772460088495,0.221243295,0.556180433,0.0
0.6583665290998164,0.8848141382328177,0.0346532859758359,0.3076133266047951,0.944969096915492,0.7244629150000838,0.7567394297548772,0.4911574698017484,0.8070418789206399,0.47880915,0.506158074,0.433333333
0.4308564303779418,0.8733965293468177,0.679249733546046,0.4251125903761963,0.7443167652664181,0.1292845645559491,0.4286094184062432,0.0490529861029112,0.633323407564434,0.316961801,0.297633133,0.309677419
0.2578160619531267,0.6659975081872961,0.1466260163828052,0.8579616854441414,0.800796825196199,0.083593467586335,0.846940334051962,0.1079445963841331,0.2055365735879745,0.283978316,0.107435299,0.36
0.7410960631321035,0.0435762008455941,0.307309818058198,0.3820491786680221,0.0902927637036228,0.0299253191359804,0.9704950051494732,0.9518058313099615,0.948466023716422,0.113417743,0.13441343,0.24
0.8958506842561567,0.3048759741154316,0.9484849672643156,0.0816306010509471,0.3093348227241531,0.2652095082917154,0.0606419015300906,0.9075855182346916,0.938051133338273,0.142590082,0.45886656,0.36
0.0739490260612684,0.7979066066666428,0.6963943506391235,0.7099382399913645,0.437408278869648,0.3131497385132887,0.4580899237119987,0.7049477705444342,0.7985121888325978,0.310882935,0.226711673,0.0
0.8280645842892462,0.7143980099331155,0.2975284380904365,0.3810709067504457,0.8874660621442776,0.5272465107894301,0.5997849400527212,0.5796681669230603,0.4435407456623044,0.356342205,0.523534115,0.08372093
0.5137303923872372,0.6578394683531422,0.5690392629783467,0.9056683636096752,0.5617350122203006,0.5878027031000292,0.8272141478234587,0.4974092671207646,0.6543929837499151,0.311903627,0.449585928,0.256179775
0.1204474870141596,0.6253654810801083,0.5008322745751883,0.2928910007207362,0.5379889005583286,0.675630045557644,0.1515371547932071,0.7719637947045536,0.9470289973030902,0.155811318,0.349154343,0.436363636
0.6887073339252525,0.2236219201298026,0.6093513551995483,0.3192194736991515,0.853383268611182,0.7663782668430013,0.8736210122235072,0.0266307854225136,0.2686730434437334,0.136245007,0.511213095,0.516923077
0.2297696016329978,0.720591911642712,0.757785148711961,0.8512534170341259,0.2600586893361273,0.0353717651846807,0.0512798040449846,0.5270093720660599,0.6385499260016543,0.21747928,0.057845141,0.189473684
0.91834784198565,0.3344757145847983,0.4341499748941113,0.1163892246867468,0.0573988590181478,0.067138076740607,0.2025996647291352,0.2451143618541087,0.7490958612541018,0.112429368,0.154212269,0.333333333
0.261261111752758,0.2359920896267743,0.4969118319834821,0.098542595917702,0.4008372455824668,0.2201950717865919,0.1043715761464636,0.1334733284600928,0.9975571100230988,0.098451051,0.165333718,0.0
0.672705746051762,0.3128521780429749,0.4296556117404534,0.7071056808752342,0.9438246363298038,0.9446738905239742,0.5305183811547703,0.4126600637134466,0.6063874605742687,0.16832562,0.494259518,0.427118644
0.3138712218602802,0.3071370044894034,0.2223691429833194,0.9455560652090064,0.8461591627852024,0.2289126177095086,0.2033387530437906,0.8159135164564879,0.5603148900233571,0.113045863,0.231583594,0.0
0.3959026134498679,0.8011773112610885,0.8705676775228284,0.2855335574633755,0.0683815992665386,0.8253116081999635,0.931956903197725,0.6903595174128767,0.3612017643798014,0.585342211,0.408341447,0.05
0.0711322493433069,0.5766181152024527,0.913703820877156,0.4304338830420589,0.0410457061111464,0.5061356154433994,0.907151539691833,0.7733559549901268,0.0253614401752655,0.264159166,0.165375093,0.336842105
0.4735969988654049,0.2361025383627576,0.8912378028643158,0.8709125346134459,0.8975276509295123,0.086969783964482,0.824459114485707,0.6129915592598176,0.363850733586455,0.150069672,0.193322087,0.45
0.1466219489252813,0.1503141080378539,0.5541552907084536,0.2391828716790923,0.8558774448211721,0.4579150164746159,0.983396147549717,0.8170951933501078,0.4836965607199446,0.136427817,0.144978585,0.087804878
0.478495328295629,0.9489048512349556,0.7174406015736177,0.2260754207351719,0.877053611448138,0.3645356233512757,0.9939453208735484,0.4765456704568627,0.7378301519313327,0.558250067,0.356370496,0.163636364
0.248674110419967,0.6364704824476553,0.3186832215964743,0.8972147452025455,0.8425470786076455,0.1778081530180638,0.6864360955077228,0.0046528515268084,0.0076733635526957,0.258358345,0.231731558,0.65046729
0.3222440394217659,0.7943709024395456,0.0266124166271609,0.9862502447117468,0.137757525149576,0.8939843320286508,0.9920824045738124,0.8445001295771668,0.4293106279454481,0.427164064,0.155172954,0.0
0.1091313719660076,0.0596691043817583,0.0410608076934433,0.3207412926818163,0.7231599949358757,0.9163890595034808,0.6026941101550851,0.6656982491726136,0.9630169952950324,0.139915291,0.358301045,0.157894737
0.8240474974038853,0.4981495478741248,0.059578702945555,0.2283806745890553,0.2743373707548883,0.3817966902512395,0.2322632565672197,0.7585616110680498,0.7705035792905589,0.151007092,0.526287131,0.505263158
0.3171786768593114,0.7136820493606116,0.7299819291459367,0.7557743456968212,0.3781459251272484,0.531666594655238,0.2750906889546862,0.8245691688082315,0.2291239560788722,0.279764725,0.368175677,0.6
0.6772942498226789,0.4742135923530276,0.7101475983559193,0.5839427026915992,0.3259874704492344,0.7696396094322476,0.5598415900550373,0.3757778434019738,0.2737724138658177,0.223418607,0.503974169,0.556521739
0.1842270729729485,0.3013984385767529,0.518336176731569,0.9410296459809352,0.9142978194293572,0.5932409054532509,0.6086849509278522,0.2165919533762743,0.4498715891351187,0.151846641,0.21275468,0.0
0.0271060529718767,0.7112525888446826,0.4515604683333981,0.4337150117983877,0.1622139274620646,0.9665826062362431,0.8006765465063069,0.7497008066948537,0.717040659892924,0.39607318,0.302563131,0.503225806
0.6722744778670376,0.924875758595896,0.305456268686273,0.2871787124815501,0.1452975795169401,0.6978791127305098,0.1610521574134978,0.82358371399792,0.7307228707170296,0.33082451,0.53120011,0.45
0.2144782496150774,0.3167399457762508,0.4115657599621459,0.0080824597591148,0.7757521175494473,0.3246731323230968,0.0478803075754766,0.3109382833936273,0.1023444021414134,0.105658812,0.274214751,0.6
0.8016668227078276,0.4821533261590964,0.8627461375269656,0.6047028357463985,0.7032846819650946,0.059514386488785,0.3135662336543389,0.6234406680965858,0.5082087201215773,0.207010874,0.221680414,0.514285714
0.2487999026840128,0.0119519445525743,0.7669498167416164,0.7783800730322591,0.0135747321261403,0.7524849288024827,0.0762491215059624,0.545933492034559,0.1671017395827169,0.068112119,0.346140665,0.06
0.0835847208711274,0.0733433465290404,0.1070541995089778,0.9618558125058349,0.4934513575669551,0.6998278068515403,0.7236609413350331,0.936060304778524,0.9579971516875369,0.135105728,0.317744384,0.206896552
0.5062965243942741,0.0970975667097734,0.3893378498976768,0.941235980430201,0.829215052272405,0.3984798759619264,0.0560968703629386,0.0495928495077162,0.6568306668585919,0.065544848,0.326457527,0.327272727
0.5757180174058644,0.0219439851048404,0.5587424543277398,0.4246922948516521,0.2965115513726671,0.8889360269400829,0.5137648314780898,0.299513631223903,0.8576678367927435,0.102733338,0.449067529,0.729411765
0.0483691829924234,0.2257901608201676,0.4726108902984636,0.862409395944869,0.270666565586063,0.623175592563087,0.454658169511892,0.9883122381784122,0.4287230554235637,0.073847736,0.30079674,0.2
0.3117529955255866,0.986002553552726,0.5061082863930568,0.9004332292938624,0.664907866097744,0.4997645044766158,0.0107973589136576,0.04071726354516,0.5170843400916326,0.433383422,0.360786108,0.257142857
0.0318528603828034,0.7171419398523919,0.589533879012737,0.5984282394964009,0.4739527745299584,0.6370064533335543,0.2018985161105985,0.8866369619236082,0.2254358524243268,0.234790245,0.294688391,0.415384615
0.729730847293991,0.9143698120682698,0.7167415652330617,0.8696622684631259,0.1569526376885329,0.3291116280601031,0.3778106238464742,0.2936844095116816,0.1872431335929428,0.381941568,0.389755857,0.32
0.559560242460279,0.1572295888817481,0.0483953517076084,0.5012855796879266,0.0017352386928354,0.426699919561273,0.1381650677669398,0.3812185130706494,0.8804767929945722,0.08579355,0.25647238,0.494117647
0.7592018659705905,0.9900520800039968,0.9823347823383328,0.0258997689236268,0.8968159419571919,0.817260375669568,0.9624588973635888,0.5883444882184286,0.5004791972342822,0.704295535,0.584215721,0.0
0.9897345612356612,0.2476816793683416,0.6639473534118251,0.3581130788806435,0.5374969965943769,0.7715723592137597,0.2744059119529527,0.253686555089057,0.6049122477717802,0.10374866,0.575393027,0.5
0.1071926133670805,0.4469245478870357,0.0245907008313551,0.1982740480000332,0.4063994857788642,0.5824556582493604,0.3254558073798399,0.5372331047388829,0.1901774021777998,0.118298471,0.321193931,0.184615385
0.311213644274609,0.8862638400111431,0.3569699926352451,0.0540225548429277,0.7798361456672166,0.6920571815902009,0.5038376437964229,0.850538818246875,0.3645389176479222,0.39464103,0.46826143,0.38490566
0.9746336143265916,0.2904948429886312,0.2244055826401362,0.5872564702453573,0.2506634193612419,0.8522639684144977,0.4425504475541144,0.7036887834123341,0.2441973932554619,0.099171828,0.605246053,0.0
0.3283190139802946,0.9420010426425064,0.5785895200878025,0.3981079813727163,0.946295737090476,0.8352310568015048,0.772505592598655,0.1609226162833477,0.9402570701201972,0.81906064,0.56022941,0.533333333
0.8003439396804205,0.0425620191358444,0.0993644590261442,0.0194429802958995,0.7877699528579245,0.6892621596171821,0.9363161752051778,0.0007944548513567,0.2780575872288201,0.078073814,0.585394171,0.470588235
0.4278821630377342,0.7818750018367233,0.4747807351996213,0.9091008490839444,0.5609027613297948,0.8141463352752729,0.6610799321623292,0.2124604821043623,0.3149244586461536,0.423939487,0.350844314,0.32
0.3538730526923818,0.2917234769198634,0.8995636997546276,0.5683560548875848,0.6054590686470313,0.4728093031834838,0.7621522372596822,0.7150400776293598,0.3012436976352967,0.182883448,0.424342857,0.651428571
0.6213031500812903,0.6746910622473057,0.8839040229317844,0.1178106711586134,0.5147120072832659,0.1136680330312539,0.0546537670322827,0.5913177034436018,0.0327548532078371,0.271235324,0.218693559,0.342857143
0.7341797723762975,0.4102087293430654,0.1096783037844081,0.1635036041129728,0.019914613553707,0.0420126109462201,0.480912103035209,0.421489006135001,0.4856875297827078,0.079953359,0.203266458,0.7
0.9258366483934168,0.9499759953818806,0.7727904863696908,0.9396397764229084,0.0665322261824762,0.18996567219041,0.3102005358803948,0.8258128112053389,0.1257146916949054,0.198462578,0.330437671,0.694736842
0.2598676347426414,0.7314665957129228,0.0543194851679728,0.9099162728625722,0.9588486031323986,0.958218671338838,0.3400921702068255,0.2813798517630541,0.7333315602380225,0.261501168,0.37505957,0.0
0.8581177753067265,0.8829016817427294,0.2018594296472247,0.4874548512201688,0.7620671447379878,0.1438262881479156,0.9021520809421892,0.9459124695330896,0.313073090141467,0.621984487,0.357368486,0.506666667
0.0953085109659143,0.192651357577422,0.8082904949885916,0.5610490978610154,0.9742991448155872,0.0951748949899558,0.4966327621931967,0.6930937632669765,0.9636353811164464,0.099661659,0.056595944,0.0
0.2097433864656704,0.5406191198013033,0.5017821897348931,0.1305341039794595,0.598834850085211,0.7698888301508431,0.3784895771973172,0.0893667375056698,0.3237914702428959,0.125350573,0.53751228,0.675
0.1749071209927928,0.6998698715054962,0.4915561054642159,0.5933249438892263,0.8012660265283331,0.8032454574331863,0.9930928418697476,0.1495472326979675,0.8772935873429524,0.395057838,0.378901417,0.4875
0.936808075994038,0.7904353108406842,0.2846067858702426,0.6081737537589261,0.0567881209781386,0.1557697187334721,0.721303826743912,0.2521055105629067,0.134367186905657,0.365078082,0.377140011,0.0
0.5972418642079551,0.9323370140103084,0.1811551100992284,0.2578990484662555,0.041710969881811,0.8567475307436729,0.6345907076542369,0.5964544854582595,0.1222214363251338,0.527781666,0.564191444,0.591549296
0.2712269190298191,0.2276856563766471,0.1011498214879442,0.019153812861288,0.114761942100332,0.7881932166453677,0.8704415827354005,0.5989821950673782,0.988059933272004,0.114949369,0.483412369,0.233766234
0.7287445363760598,0.4444367263962792,0.6775234158374855,0.353169341477788,0.5486164409125698,0.6405888654208598,0.8975884277184539,0.8954540621999457,0.2082512868494437,0.256636641,0.531342419,0.126315789
0.4774263563598513,0.3791050372257165,0.3190016448807061,0.3452550752500026,0.2410425909109834,0.3060778389993769,0.912916019926863,0.403100317992849,0.9909798092175668,0.225336896,0.338692349,0.62278481
0.6398875046206138,0.6876891554052625,0.5055207830041869,0.3157949260463293,0.2722991649633069,0.0981404225524856,0.9658081819246244,0.6001505988261945,0.8235035693184621,0.330443467,0.326449817,0.630769231
0.1650261892106358,0.7607836970362766,0.9787032608242724,0.2560864235071879,0.7798322519749054,0.3481103056874738,0.4619342009859355,0.546101123542025,0.7136399322126297,0.248405219,0.302197995,0.505263158
0.97427762960843,0.0230867043343054,0.1304987607629566,0.7445116980685412,0.9985856621718402,0.5009647316185797,0.2358003530765283,0.6286807176292019,0.8856625296474843,0.037951591,0.37911195,0.36
0.4255787935462577,0.8549902965605911,0.2444952241880349,0.8256480508249368,0.7085632129641373,0.8839887762627447,0.5181687241529699,0.1675524866020551,0.4488012247856391,0.478638252,0.500830062,0.385714286
0.6330288311638563,0.3541989241833396,0.9127787409868922,0.2061945823005143,0.0476391729121888,0.7465514419835205,0.7290816238073207,0.5342846309099992,0.7740715215105948,0.173940511,0.522860962,0.591780822
0.1274911932522785,0.8970497883448653,0.6886044453448243,0.1070965101172596,0.3369400230289162,0.4032786747069373,0.4923058883768596,0.2999622002970769,0.0820947607467621,0.247059795,0.107750362,0.327272727
0.2319937056713398,0.8650155479755803,0.4697390124272699,0.7630954268831187,0.049871917525334,0.8438188265555645,0.7568064442484702,0.1540022260719411,0.481759481024361,0.498844862,0.451132012,0.0
0.1121941068065633,0.5738205644582092,0.5299829885322015,0.6749486784194337,0.7224672178860377,0.0696209798434179,0.0387341723808675,0.4070369301132697,0.8331245242153955,0.209770912,0.149317223,0.666666667
0.1226361049812849,0.1036027424314334,0.2717785250225963,0.1115750792004013,0.5300286033646434,0.2993732506628959,0.9555133144466617,0.7478957586354016,0.9336467887104918,0.116860944,0.194693112,0.042857143
0.7854099871252688,0.1760382416304539,0.5352296053813477,0.8366328239769847,0.8321163494245238,0.3880138823108403,0.1026069444492213,0.4155276877512377,0.0792705065757357,0.096578714,0.332073736,0.36
0.1503759555172029,0.8835972192811951,0.9634944164427234,0.7398231464192011,0.8662294512915709,0.5017537970382806,0.6018867524871753,0.7307353648718176,0.4761565480553728,0.658404515,0.186737309,0.0
0.6158046640971255,0.3641909914912972,0.725170376472229,0.3575382631192025,0.8286091726123653,0.5741335730812137,0.9611738905524398,0.5981532615601083,0.3411534156199058,0.178586195,0.453078324,0.075
0.8406206822874994,0.5813438572933743,0.348843665570712,0.7614312101102291,0.3958785930699424,0.7942522580241872,0.1084283698662088,0.0414874325822192,0.3339248836820399,0.246245755,0.70966974,0.0
0.5843094269130402,0.071092394581442,0.2736750967997873,0.66015584438903,0.6116370257917437,0.5125050824397123,0.7313347464684711,0.693254004237851,0.9226913532181188,0.126917271,0.442544636,0.0
0.447558071267826,0.5542734565941023,0.1149082878746385,0.651098393080744,0.461277970223298,0.1129603956399597,0.9965137542670364,0.5695483846609121,0.4592557552660461,0.220289729,0.230260373,0.517647059
0.6972006084171286,0.1317033577369895,0.0609220018102504,0.5949874605144729,0.8354058933519978,0.1074038806624371,0.6749677131158637,0.391593620723962,0.8670254028885267,0.108554704,0.217743406,0.329032258
0.7946575388713275,0.6307837937884272,0.8632621877275499,0.8923343397637574,0.5928828680577048,0.2295540419688874,0.2620991151925386,0.6410518400026205,0.9127358560634028,0.283743224,0.247227584,0.133333333
0.4601384269377165,0.7318848183762091,0.1471710164376567,0.996408028828799,0.9534334640305614,0.1823114154693521,0.4996568905235677,0.7647787657938998,0.8633548261765904,0.284040497,0.219000601,0.4
0.0565700977935217,0.277586432487242,0.6799879006017193,0.0691509410851379,0.1426763912998244,0.1689379395994056,0.1833449213359043,0.4142832742564751,0.7960991198122247,0.10210351,0.116947684,0.6
0.8167256874142922,0.7252765520305479,0.8236237246231177,0.8110824267379748,0.1012938260116219,0.9464399227463128,0.3164058319059948,0.7395146478465362,0.4692062367900851,0.279349762,0.604062651,0.218181818
0.0834261143150347,0.5365317901645625,0.3082390001068488,0.8149595416048927,0.5963544181674546,0.3786891910462264,0.4000766504985709,0.3866390845647887,0.3046976707876024,0.162298213,0.16703898,0.141176471
0.8803406236263251,0.2446079666216163,0.0305458043824562,0.9012457673746532,0.6791423550000834,0.5286324724733656,0.2053870793690193,0.3152003575839737,0.9780062839248724,0.073818229,0.50289503,0.0
0.3428180221205505,0.7193827743777477,0.2920353315287112,0.3595488939169928,0.2546852201153087,0.6064391870321882,0.3962638336509076,0.485496665670546,0.8740751373122633,0.1683065,0.411863582,0.0
0.6665974375280881,0.7563759330543839,0.1831974143786811,0.1171538695019641,0.0697178812591684,0.9164369241354235,0.1825250726677411,0.1381775173432976,0.9617058890955872,0.326868327,0.506788048,0.276923077
0.0361434709739321,0.1514689935317956,0.4737928043186041,0.3561183070083841,0.5862378477771985,0.943296102832705,0.1347068159607122,0.5971005618191846,0.532064672615244,0.068273307,0.2543087,0.15
0.0430951540836949,0.8780366096297075,0.4451720275053692,0.5013023894891122,0.1528854135984078,0.8798983526091758,0.9825321038485764,0.8225734648430718,0.7505349469111274,0.49006241,0.326010874,0.057142857
0.3585295947346917,0.9672898605448628,0.2993594031066972,0.0382547600790744,0.0294176982558131,0.3212032500290082,0.5993118089680514,0.7420188829174695,0.0666966143347702,0.521352233,0.273396108,0.208695652
0.6333336231280985,0.7990927669998277,0.9318901966585014,0.5233044038746867,0.0932848452632425,0.0592172223703179,0.6040819557842819,0.6103367021813724,0.3305078839827456,0.55794081,0.134232226,0.422222222
0.6694581170478199,0.4371840293814886,0.7138812920340405,0.6322608467542993,0.5088386924650254,0.4677996054759344,0.7563208315739706,0.930364506153542,0.2616273418558004,0.209646826,0.44899896,0.225
0.3283832400909366,0.6818741686646423,0.4944114717840694,0.138096489919449,0.763476395939829,0.1785922927348067,0.2882194653091963,0.3116961810555109,0.2857734580887775,0.210732177,0.218250001,0.72
0.5720172886325945,0.2843320616614154,0.7658206561442256,0.3095716335811307,0.7270256281097647,0.8104488323529441,0.8838379313457376,0.3282598842074371,0.3073794382554377,0.141760682,0.447757403,0.046153846
0.7049394104094409,0.2085654988416752,0.926882264044904,0.3412006453698287,0.4553043775124241,0.0756696530394248,0.934913911327628,0.0711273154754167,0.2805509332458326,0.126130177,0.263108402,0.553846154
0.1111157095353874,0.6512123421955334,0.7827525383605922,0.3831984143238007,0.858142763318493,0.6262686149469696,0.6250639796031041,0.5493852659689794,0.3462418418318258,0.333720721,0.337276144,0.6
0.2634488435992242,0.3659813033710108,0.1575008679913077,0.9171923591638284,0.5817927078806068,0.9995133237400908,0.2936420132687742,0.4617970580991699,0.2261322286971803,0.116612828,0.336044054,0.533333333
0.6603413201228261,0.5960545222438078,0.8195749616713681,0.1942198349060083,0.6780329292592433,0.867414920943568,0.3797435146494917,0.0540935255348252,0.9083116703604984,0.200031612,0.636734235,0.070588235
0.3971608220486654,0.6312877570466132,0.7656768826954783,0.3723513682520163,0.2638698210964111,0.2422991906600332,0.5827140591142443,0.3617114322581632,0.0692941736709576,0.400712669,0.183739275,0.366666667
0.8725452554914408,0.97016366275862,0.7164818857721102,0.7497680269994819,0.5635812338167405,0.3283966206633359,0.1583278157788225,0.1967351186136704,0.1136359747739023,0.231546843,0.286134261,0.327272727
0.2610796402508643,0.8684026132707249,0.3467146826763604,0.9585720645185616,0.443667348306999,0.2269162101374789,0.0934567594750381,0.6659970708738437,0.7877604874554276,0.350160531,0.024317095,0.0
0.2338679669276154,0.0018910258639117,0.1784808724651124,0.3774265443701579,0.6840532427106805,0.5632097613894335,0.167379588705069,0.4287355051932549,0.9926615764043452,0.058665494,0.338642612,0.075
0.7792286273760947,0.5643860285797203,0.7024102762043934,0.0253486826204949,0.9806666435859168,0.5505174989941815,0.9163378505187776,0.1628550850886244,0.8300272086796091,0.329916575,0.547164219,0.10212766
0.0853270098956962,0.8190752455875026,0.4209898429374195,0.8142191100835573,0.0554118487530033,0.6070743143543881,0.7649676608585704,0.8664399398908533,0.0896506620760012,0.48731261,0.240326181,0.570491803
0.2595250296081233,0.8305433803998159,0.5740429088997742,0.6917652806942535,0.0205972599636989,0.0500533248080135,0.3136376590007244,0.3975466187719767,0.134078740472762,0.397007594,0.097019337,0.525
0.9151205582697974,0.5764321910747319,0.1314812077257041,0.8235718976771432,0.4511066126566467,0.632848825294946,0.1582926933373681,0.4913321787632292,0.1088066980700011,0.181271481,0.467411294,0.84
0.4602534297039323,0.293431764744308,0.2983234479020806,0.9106704238054892,0.8479188675020042,0.9692344163510414,0.9482347550406024,0.1793276039324511,0.5892902020101304,0.235418196,0.411301395,0.104347826
0.4073892984394011,0.6355328755893597,0.596688491174337,0.2279809518588328,0.4666340739767919,0.7792386791795345,0.8897313343582094,0.7001686882081775,0.4783760968878764,0.301134546,0.542380612,0.114285714
0.2285319428474449,0.8992694438766313,0.9828482186565648,0.3560029269605919,0.171776225456647,0.94685203031417,0.5930056235866499,0.4210853341544968,0.1582329569252041,0.510334743,0.497129926,0.481967213
0.6424453127920723,0.6249582132808237,0.2868187942866074,0.5858020610985722,0.8463291155251953,0.1762716270379644,0.5346325122040383,0.988657941915656,0.9779837993575324,0.335299543,0.199326844,0.0
0.3572161208166876,0.7891501210596689,0.4724532572750843,0.7483135447823535,0.8539988975845708,0.6665435709926396,0.8640177655177663,0.1225132246997893,0.8345684768654782,0.4460652,0.457720785,0.6
0.0627890276038812,0.8535789054811029,0.7190615800559842,0.1803039343710964,0.38103607321977,0.7826180163670454,0.434213416038456,0.817077330667206,0.5433398560927227,0.173374847,0.366375624,0.553846154
0.9751448012876194,0.490857988063429,0.7305668049592249,0.0764472539159392,0.0338862501413496,0.5437466836956121,0.6470115530937955,0.2876604986503446,0.8081714082155623,0.289227565,0.582232613,0.367346939
0.3005812151673771,0.2722218415769424,0.8235299041464816,0.7068525535395087,0.5610910021161373,0.8393251471325408,0.312568148525113,0.585368729557872,0.13522251830078,0.069606913,0.389218943,0.0
0.2998452536256322,0.8037039937287563,0.9110187431743656,0.6441864805745622,0.939957908504811,0.035802087217536,0.3404181345315924,0.7924838247148929,0.4721015233538395,0.308483838,0.043754861,0.189473684
0.1098816560282858,0.6496104750278101,0.2396109183040312,0.3012979543118905,0.3248699868130994,0.3214030375363825,0.0367944919875935,0.6118636376017835,0.8497380597492951,0.194169955,0.155949021,0.092307692
0.3978914659247651,0.7856253899134565,0.5021982441940098,0.4694154009356845,0.2539781752576409,0.1424885548945145,0.322414391220744,0.1866946618149199,0.3509414570636421,0.296560458,0.194163039,0.0
0.0208127086722418,0.9933257792707726,0.4364790760930945,0.8333546985081337,0.3482719736773796,0.4199101065782767,0.2394869884753133,0.7139624210352825,0.1000326103690092,0.322327437,0.210333604,0.523076923
0.0742749210037172,0.883718854551893,0.0363816872796921,0.3556579840048951,0.7644101989625424,0.5819983962380522,0.3400786724934893,0.0735162066134693,0.7057100311134499,0.370289461,0.336552113,0.469565217
0.4293478292533781,0.240634250530609,0.8144164650947674,0.7950409098591559,0.9650002603609632,0.7146976624846428,0.925685310087691,0.8225312860024901,0.6735984347254436,0.155288432,0.392689693,0.0
0.8758427556564577,0.661226971240748,0.6564049148042427,0.8835123259630164,0.4777013474435326,0.0308269011047346,0.1898614811082903,0.3778540688401051,0.0673309657957953,0.23562607,0.162749079,0.6
0.782058022978323,0.079631865952824,0.8248395396787745,0.3677224761701415,0.6678841051952039,0.5496222717635882,0.4491000574999743,0.1330380679006458,0.8885906014549939,0.068511953,0.666521434,0.0
0.6419662145372398,0.5771692721681468,0.3556198329609085,0.4011794864800168,0.2120234048544756,0.962526168455428,0.4447055075362961,0.7835974273738542,0.2171328102891614,0.166597056,0.559396992,0.225
0.7779634417637525,0.7080267304753293,0.8059401183080119,0.6412568349342342,0.5207698466196037,0.1976332292604476,0.5128667361869256,0.0181301254546926,0.4345751067254272,0.313198774,0.41794586,0.387692308
0.0688184432584327,0.6133770842263373,0.256009473651289,0.6021195294789864,0.4822995608832628,0.1528486730946072,0.3870053115568617,0.8732167052726847,0.8568934178090745,0.233391795,0.062491701,0.218181818
0.8572376431963066,0.7814123399340306,0.3611749382620738,0.6240914874321107,0.2407860024962798,0.951920023533208,0.8871429910944161,0.2153538993243391,0.7872710472242187,0.504932271,0.542045232,0.469565217
0.7937377823480062,0.3270337035416801,0.3546813819480098,0.9335271025045272,0.0179614929972973,0.3378069973918487,0.8122937514212408,0.4600560979009986,0.6198400966839618,0.147679817,0.439755629,0.36
0.7497875125604218,0.563931096867624,0.6436603850418082,0.4267663203976416,0.9244434019148196,0.8556893940903312,0.2147172300136784,0.0825798097358783,0.935261605197686,0.085511832,0.527360069,0.5
0.0570852495464383,0.6107460127644231,0.7209318166440433,0.9854246742672552,0.8317085631637618,0.1099765916627757,0.4037371471961777,0.7457058619140616,0.036894880451913,0.138601978,0.027059052,0.0
0.9426473997890624,0.1467617422715943,0.6350454079161649,0.9993868497374976,0.4032396492678517,0.392881588747462,0.0249958017538762,0.3676153663202278,0.7575373542065271,0.084884471,0.358522098,0.092307692
0.123846490831766,0.3969983584018088,0.904343236335348,0.2928787839182839,0.9727356610678516,0.2296673700641336,0.2757943638163058,0.2097304320582882,0.930093809302877,0.128989506,0.188618794,0.64
0.1751248305006694,0.6996129783390639,0.0229544041913888,0.7596458425544679,0.4314676039791653,0.5676811231995058,0.3904563275452819,0.1101665337840478,0.1175132656737584,0.211068627,0.289407434,0.0
0.0463676609894901,0.1219021646580889,0.4091426796067233,0.8223918784147631,0.1912095394726785,0.2578864623507908,0.5135213722485721,0.0125151739588258,0.1042307908343296,0.086982302,0.118327741,0.286956522
0.5232559607953923,0.3434769251077774,0.4936343234613043,0.3014261664009021,0.6132953284382716,0.3581504502118279,0.0384035618967469,0.7062767682068618,0.258767192770757,0.135886124,0.399852505,0.171428571
0.4412799528561257,0.7269877955427462,0.4231326202602378,0.6284942777552084,0.2096504130429205,0.5871365484269194,0.7498780907258121,0.945652562461472,0.8042090990796064,0.42705177,0.496036098,0.476470588
0.9356068534293344,0.29157228568642,0.1651144307248997,0.3196015127619445,0.5523950893939328,0.6259972968871012,0.333440203430681,0.3689302267004859,0.7658309041974174,0.113249773,0.556711978,0.428571429
0.4550087266901682,0.2399112230713219,0.3760102166339576,0.7193498962940634,0.8633478518488612,0.6260988547168794,0.8464927114071397,0.8820816089195817,0.5002123647641971,0.119595555,0.505551024,0.518918919
0.1728283560852922,0.2220361459624352,0.0845360069490039,0.2574391015531797,0.5974789821392363,0.3318817670667531,0.7266249436356867,0.2606021926168937,0.2883271267627885,0.141028952,0.24318579,0.6
0.6269131357533033,0.1105520347568371,0.747244037091942,0.3328049382580128,0.7789938144597336,0.4417679920337485,0.8467772061732433,0.9894432799813992,0.6544915398240885,0.124775616,0.423395973,0.12
0.3307441809342288,0.7735773504180408,0.0798581676966517,0.4433835385601971,0.1270600452533177,0.876845412106966,0.7806583728496513,0.4899583627374668,0.6648380661573748,0.485778125,0.393489237,0.157894737
0.4906483873494439,0.3765772071101394,0.5406965155684207,0.2067541624921413,0.9935227285400734,0.9738498861812008,0.6835631202394356,0.4682860045496824,0.5477771650382958,0.271994053,0.453256917,0.463636364
0.4095027151360147,0.7614322716413855,0.8196854038501703,0.8633927686883478,0.3716053068366131,0.6550641594016032,0.4247182165183855,0.6004470846215414,0.9754916880856244,0.331785029,0.393715386,0.0
0.1750968355867492,0.7425864924274341,0.7196312785827762,0.4691684779645871,0.537178726483062,0.7923043885657165,0.0592739628346982,0.7013117208741502,0.2946446966754276,0.267327289,0.497248681,0.457142857
0.8512800539501689,0.1837496231795964,0.8039668198987334,0.6282326184463826,0.3447636416673821,0.7167470933070962,0.5043498904388773,0.1837792191098562,0.0848800965448233,0.160340788,0.445015409,0.114285714
0.6015958319080591,0.4434111157849689,0.507812452122869,0.4673777784396704,0.3468289154134859,0.659295956180969,0.5096834699401116,0.2452663052218026,0.1643620815479075,0.271420581,0.420498454,0.24
0.9909147169167416,0.7473819506439154,0.2020047229112471,0.6167901104564855,0.7107520943980151,0.6598505971275285,0.5159385867135096,0.529007081925377,0.06944146233842,0.418966405,0.515633736,0.623076923
0.21969776185394,0.3247748659799916,0.8058338541378385,0.3398846564849167,0.5339556542329073,0.3911860188048659,0.7847196369690524,0.35435508835965,0.7938418814044581,0.207580394,0.265429532,0.681081081
0.04137332908213,0.2773818963743877,0.9184275556655244,0.6812908921962733,0.7272106457222691,0.7306185077959974,0.0098986065877351,0.5235622301611322,0.4075901275807315,0.098133831,0.201961299,0.171428571
0.1666400892726521,0.7059806215582197,0.3104413732734274,0.296089836537651,0.3625923082734086,0.481457321069994,0.6351882223800938,0.416912856269547,0.0969656910580113,0.311392948,0.330026401,0.68411215
0.3746122162747348,0.4684042804880552,0.7154596938417109,0.8596299697529522,0.0077320130963784,0.1116313504149134,0.7543799896147892,0.0484258717270855,0.7032521011045582,0.247415944,0.211546312,0.175
0.0246907703934147,0.2007184616563375,0.2641802946346868,0.787220458738511,0.6268416147480836,0.6381429953069699,0.5303054885479827,0.2652903010896752,0.9221898214580077,0.158299481,0.23073298,0.06
0.2736968158621496,0.9006970881430829,0.1357725789995301,0.8395185518810618,0.196138692505263,0.119888317741746,0.74709244404181,0.7909939973525479,0.7769253635822446,0.554566999,0.093435342,0.0
0.1374893604107907,0.5880686695693045,0.6096497719797926,0.1278823054125091,0.0966487045483021,0.660312571818031,0.3850566807033142,0.0734619791215198,0.999765124295182,0.22799932,0.481633142,0.624
0.6264595572415418,0.6375311651326588,0.1893956062059064,0.871653463256608,0.4461843757259653,0.3474751041313533,0.7118696877469737,0.2330733462553254,0.4876902035983869,0.249553801,0.301240535,0.0
0.0910998751252708,0.0367064649961477,0.6887507501940171,0.0439025355390355,0.1567439400446313,0.6982891151717728,0.5154421440037819,0.574191907877276,0.700622699072715,0.108588482,0.278708769,0.266666667
0.4461656654678759,0.155946282484425,0.6095904474569089,0.2922373885992553,0.3677965064432946,0.6853572084663889,0.8706091839956482,0.6682732635621037,0.2546367268062742,0.149420667,0.421270487,0.505263158
0.9538268793521818,0.7214197726164487,0.2661324468425492,0.9586162842422812,0.7117825567871714,0.5634047960767408,0.2013788920144815,0.3273065726831348,0.3874009112780239,0.288256534,0.044480254,0.171428571
0.7671678410730363,0.3872726945630124,0.2831588842746505,0.400816546279704,0.7950757688421118,0.9744807072434386,0.8498609944124529,0.8978300404533347,0.2893756743046621,0.172255219,0.563661551,0.197014925
0.7669337518626608,0.0155799559094813,0.3012966163318118,0.0436145945900739,0.2816538500802265,0.3043185566225826,0.9147610520979405,0.2427852913015069,0.76665851238404,0.09053074,0.325433755,0.09
0.9356099190605623,0.650720864055906,0.6150896401532322,0.674652897646114,0.1788365173208537,0.2445701182571071,0.1509489069442752,0.3833013200908189,0.5432751879797273,0.167926536,0.293029708,0.0
0.8062413828313377,0.8940190033989757,0.3785550146858236,0.1520077466426428,0.1228879447701717,0.2553722316528185,0.1429016533657321,0.1144351382309856,0.1852199128286931,0.252852535,0.414839628,0.45
0.1147522537103553,0.6004292903755761,0.3173528353500556,0.3923083540473188,0.0203682883970571,0.375186603718434,0.9347997348774936,0.2204386691206299,0.8857997172141931,0.379394575,0.187424408,0.057142857
0.5363519481924351,0.3878413236103206,0.8693988816502126,0.2774617083201025,0.0315909649069434,0.2206395841447378,0.7216861390944113,0.0678184827762515,0.7479371407283358,0.205565396,0.265136594,0.0
0.1258424326873291,0.2428413606482734,0.9299737185096212,0.275506682521864,0.5054160263183364,0.9422138676722146,0.8033960405105277,0.4621836336606577,0.6735928635928606,0.174158318,0.402478065,0.254545455
0.1740305917438925,0.8262423259325289,0.78153266270177,0.9544907109971124,0.8178440282752315,0.454434337854234,0.9177309118443294,0.0019954806149873,0.5161168513456144,0.476433788,0.30789596,0.434782609
0.6457844442375519,0.4065807278314969,0.9444667576610596,0.935440686374893,0.8820290347940095,0.6216806695395197,0.5719653462930667,0.564169306262055,0.5035466090465012,0.2632987,0.482361512,0.0
0.1389393363226982,0.6064668288049483,0.9568331068169876,0.8883573576809394,0.8259551918084942,0.140188837575925,0.9590428769548334,0.5935082258360661,0.0567306043680905,0.286903181,0.121742369,0.50625
0.9710155887641182,0.1104691751653204,0.6119881750592963,0.8097019812169768,0.4890998598945422,0.4526784751884978,0.4046901840805202,0.3798642503928133,0.1633218291162733,0.073004426,0.753166669,0.8
0.4401023839603879,0.656961882384053,0.4845929215894671,0.8765022918792849,0.2471453224205863,0.2230761569701662,0.6478755736383521,0.41996637397853,0.5975696820119805,0.208408373,0.274711588,0.021052632
0.8849763554773921,0.9599322295303412,0.6276890661456249,0.5118789546600292,0.6035798453245815,0.805219098342521,0.255951105205299,0.2114356362658003,0.8024850172097263,0.431772761,0.553511304,0.573913043
0.2917704962082901,0.4831790151276581,0.4989252804141627,0.515678578211516,0.6662952056170258,0.1269809965838852,0.1939386688811715,0.1410710827820812,0.4785002235033716,0.101580142,0.229824114,0.733333333
0.1415607296618959,0.3410987837744837,0.8641870759255895,0.320885796695685,0.1490606736776503,0.5064630669336997,0.3161890268381555,0.714574248981302,0.6726829354950508,0.11827226,0.370252303,0.577777778
0.3801412219797412,0.4522170456828329,0.6988820296313722,0.7178523955345769,0.83919766220868,0.7582128273137354,0.6777720918878543,0.4175751910980784,0.5530567810453921,0.243455617,0.406871101,0.0
0.5308373458753299,0.2245029073626888,0.8210614749688016,0.8527021339115759,0.3780108997104018,0.4236976482278776,0.1005081311672456,0.6142795972074502,0.6157544126060714,0.106810349,0.549892741,0.48
0.4942199525105661,0.0002561282496561,0.3069996547349012,0.1368806569585426,0.696227397871193,0.9489492034188276,0.7269119008043958,0.7858692625766978,0.1509262408223699,0.082600328,0.541016232,0.204878049
0.9419123441167988,0.2485094789050886,0.1300758170964526,0.1835727195481989,0.948972435110394,0.8883847127850557,0.4665919797065556,0.9946233586267632,0.2719401142070738,0.067958533,0.441342116,0.646153846
0.4052247173232896,0.3065216904719169,0.6324339874104551,0.4541464442794363,0.5699105009820482,0.1632255507544316,0.936314839931548,0.2294670279493624,0.1427701912889181,0.174296362,0.31210899,0.693333333
0.6114633018959418,0.2311287800688021,0.5365360236650398,0.2413663846795521,0.4931735697823031,0.229240314531571,0.5155245463144491,0.1845700865130315,0.3023806716939669,0.121167055,0.338540673,0.518918919
0.3940230978678762,0.8289859998808856,0.708681996588854,0.0848697016400935,0.8004213078369172,0.4269499562254731,0.542207544269775,0.4244376152693607,0.816833247624985,0.569887157,0.384796754,0.234782609
0.1018527377255464,0.3048304190691024,0.5935792380140736,0.0953436867179088,0.2465056964528263,0.6956568538213891,0.0363113186765349,0.227284444445655,0.30713191297318,0.096162291,0.425785108,0.352941176
0.4582983037292439,0.3928627811122649,0.5638034573387772,0.4349634052697628,0.6018602724380924,0.4035880756450032,0.5429076181478285,0.622924359020513,0.3418832182278171,0.247816969,0.358920064,0.623076923
0.0245814178856594,0.5349723842559411,0.6759746307014424,0.9133662481432396,0.674846600339244,0.4369547963138813,0.9855462688052788,0.9417709608825648,0.4864807126319471,0.215925932,0.265220781,0.418604651
0.171357020608748,0.5580727084096555,0.9576409590383436,0.0960976376436425,0.95968790020187,0.2211416162482564,0.1149483123724415,0.3926191222362847,0.6383389417430091,0.198264444,0.184387136,0.533333333
0.2237271196954497,0.2630265063679829,0.9052350432018386,0.9830492979481212,0.1082445222477184,0.6794508762285839,0.1783828115363431,0.7553205537611285,0.0067218051533285,0.080460299,0.182572974,1.0
0.1492904031721346,0.6213157704919899,0.862037204624648,0.2680883304026679,0.3249538409501595,0.1586198841691201,0.3894130184052912,0.9374052256438276,0.2190303097723064,0.19318991,0.146626423,0.545454545
0.7685649615750237,0.2570253302658898,0.5719875579707435,0.9284414804586866,0.7131044056009689,0.1893138412351757,0.9135368561598084,0.0239229847053961,0.8521262978152216,0.168658245,0.165700695,0.0
0.6243501062467572,0.8304665436081062,0.7649067279611138,0.2127910677852088,0.3883296232128109,0.8627177991406173,0.4273837998492829,0.1857823705865111,0.6657881156922327,0.334275002,0.502495737,0.266666667
0.4281498465363901,0.5845676529136722,0.8144361747514605,0.1706352491433812,0.2411471034301303,0.5695583026874341,0.3041808329183069,0.3146462330624171,0.7551569662170237,0.249298168,0.247902148,0.0
0.843773717859102,0.9308902282689148,0.9265324500372376,0.2695849104914416,0.9488787958551356,0.7977756457318869,0.2246987233636546,0.6687766259543872,0.963603791495489,0.403645934,0.454613903,0.436363636
0.6774869016388064,0.7181158712346803,0.4901332254358364,0.4220033100511906,0.9089064817314572,0.7701939988738318,0.4134471737743517,0.4612932333523188,0.3293483954764421,0.205971714,0.599420881,0.171428571
0.1182420931250225,0.5899164282224704,0.2570863161798806,0.664447501960213,0.4246034911150823,0.9304695473357952,0.6420270524194712,0.8659345464197106,0.4205653050003637,0.295762541,0.26190428,0.034285714
0.1327242942346816,0.2043521216316617,0.735779487764325,0.4471406900615051,0.4136060768791508,0.5902559707836611,0.310977555885442,0.7277697317239183,0.1966662051801923,0.087608666,0.382129275,0.282352941
0.7872675158960502,0.1742007977009964,0.4620054394766977,0.2249546450966453,0.8363889307989426,0.8393812134406933,0.2618476722062833,0.1933581121110159,0.2624516826901548,0.065990009,0.645798615,0.0
0.9389061869011583,0.6003701748778386,0.4979977901682124,0.5952628360918998,0.3392280612900213,0.810849452451426,0.0575793227452955,0.2350351301555511,0.7322213782403709,0.244924885,0.470374883,0.16
0.2713470136100354,0.4344884639951326,0.036412542097663,0.5410218112999069,0.1478254177969213,0.6538842465168996,0.8645505878469963,0.3332060289165879,0.4811807131339575,0.161583901,0.306245655,0.276923077
0.6813598024061732,0.898372911941898,0.9242291849839136,0.1256419230931496,0.8844741520464358,0.5804883446252369,0.6664049326388077,0.1267033528912637,0.0255697047295797,0.452648094,0.431465804,0.690909091
0.2210340685350423,0.6875635290367168,0.0941744976141597,0.3097929295216446,0.3639883849916987,0.0333005512802906,0.561594697283924,0.9887473567957172,0.7721384468166463,0.397639615,0.080856055,0.495
0.0129055626735218,0.8959374616516453,0.9549080692177744,0.3882183810702563,0.5416351429161491,0.8402599929004714,0.2276255860615215,0.2566418140722436,0.201398349170599,0.348145867,0.380353808,0.733333333
0.4391498154211378,0.4940290217122265,0.6327080455423044,0.843988466936656,0.7230993999570606,0.3888698860667179,0.3827426688485056,0.7969119427360123,0.1809788556594445,0.134506492,0.401016402,0.631578947
0.8096151357356349,0.4716967616647883,0.6528094598283494,0.0118551316151969,0.1394963324303026,0.4173178608681652,0.0354782956393106,0.6163225426167376,0.3460826579214182,0.144933562,0.514004639,0.583783784
0.9925701755815942,0.6434566297259504,0.9195003483404292,0.4112417666104906,0.4823405108455795,0.3510683512670363,0.1236465822584741,0.5403447232942648,0.0718345194922785,0.20039671,0.43283569,0.461538462
0.5241323701889852,0.1718984862495408,0.6489112533430452,0.4444284644004223,0.3397809094626969,0.2220901620087337,0.5009560894406636,0.0513232075134097,0.0029634164808433,0.12304126,0.203043491,0.891089109
0.5545369800059847,0.7085086323902523,0.8042915456226262,0.3862159852680199,0.2823399338528545,0.9002355246146364,0.5256708718200311,0.6671546383893344,0.8600697213388375,0.371494061,0.495374561,0.457142857
0.860454351149751,0.5721566983536847,0.389394296323297,0.5816727485606019,0.2442796649912355,0.747362697792879,0.6915911275584663,0.74471828191012,0.0646500324873461,0.225621948,0.532082295,0.331034483
0.1914738389985508,0.025385597975178,0.2237300948532751,0.1840945162198841,0.461914443192973,0.2906627688740725,0.0884642813289819,0.4189281580272804,0.4714228532127666,0.068939635,0.305988222,0.163636364
0.5024395427640781,0.5431103808260755,0.5590357458080911,0.4759422674893637,0.4280373523120903,0.4667558051189727,0.0864518855699771,0.9984965566657474,0.5792702981555302,0.160785659,0.223248966,0.2
0.8527783284746573,0.8342165445469771,0.5469020916797256,0.2590805082887494,0.1055888792508356,0.2425613560467345,0.0927667329362947,0.6906621071992411,0.2637706336521147,0.372436714,0.22521471,0.0
0.8581012123960962,0.8894570462607779,0.2409174261813033,0.9780121338437306,0.473774664493572,0.5570533744679151,0.0051151169004901,0.138668711726801,0.4482396389621732,0.274348761,0.678122192,0.5
0.4781487378845147,0.456885099907957,0.681811065190942,0.5813343436846886,0.3358712628678613,0.3025491915190814,0.7265739832704503,0.2738483045973173,0.51883716540805,0.259140408,0.348416193,0.693975904
0.0300101662714051,0.1596099144129581,0.6494875649412326,0.4832914127893243,0.0164613099863176,0.7503987954901659,0.8730465476096457,0.1109243354365246,0.7469108008241498,0.171840957,0.1826712,0.0
0.5735080830628391,0.1862870038199678,0.4869545819224742,0.360243698109593,0.5152874621025323,0.0135107953102323,0.1767402748333545,0.227800317884072,0.0027525903264336,0.074984434,0.038177986,0.3
0.7348725655095477,0.5669182104810996,0.3082322198901911,0.1338556905548157,0.7101916863299195,0.472545268225144,0.97635437168232,0.6446933358255706,0.7394600422514873,0.274124569,0.528294007,0.097959184
0.6408288362478689,0.94305343519806,0.5341038536570971,0.4662641012698947,0.0581931236269249,0.5517514022282197,0.2346345138701806,0.4520958220140341,0.2279068015229495,0.32490737,0.409452791,0.0
0.3722028147265493,0.4182078420193191,0.7597508482329212,0.507871109723728,0.6987610991617169,0.7862662489358898,0.2071875375702575,0.6341653558396573,0.2873099313607828,0.071789485,0.421551898,0.266666667
0.7858710883412277,0.2582051686189013,0.4901390190073387,0.1882298147428424,0.6990290253013803,0.2491770031886886,0.5413612209006861,0.7272355720076,0.0182772554075211,0.144950146,0.307348845,0.664615385
0.9903935445745338,0.3508233498584421,0.3583918856225683,0.5432794601586022,0.5450113875011684,0.3204604025815144,0.7110776476378734,0.0745435166043815,0.1391003316280882,0.159441448,0.496657323,0.533333333
0.9250360094760772,0.4775570730681164,0.4675329920202365,0.6221360934487123,0.8493020454644947,0.841418993461865,0.6711909252277307,0.090905240851668,0.8414141901996796,0.236607845,0.615503617,0.1
0.9441237595329784,0.3312879692284164,0.860274764831316,0.5749832090582978,0.5585785242623216,0.8730301034564879,0.5657649932217845,0.910759820206037,0.1414236605524179,0.193371749,0.474217134,0.4
0.1654104781739972,0.3063353340704853,0.6996206201086159,0.3452300356955449,0.7141189499159312,0.9432582783227144,0.5058197420504396,0.0423290179347286,0.2391069933410774,0.246515965,0.374797556,0.0
0.1375496984699208,0.5243123026190207,0.6960651039261331,0.544926824458783,0.5304324303576256,0.9357783962521704,0.3843358928798823,0.2679872696666129,0.2430351055087384,0.196159784,0.258240698,0.171428571
0.527078574270829,0.0034755353999799,0.3628313596222258,0.796368111802618,0.889494022131478,0.8576776824585123,0.7108899204049107,0.9717008096987528,0.8801669644718825,0.079984645,0.512445058,0.046153846
0.7065880659030203,0.0437440687641129,0.0150432401335317,0.4015108117024746,0.6939799059491177,0.5438357060817948,0.1128804102687663,0.1886594837760724,0.4030422629778514,0.063402502,0.447662163,0.352941176
0.4848432709778805,0.9913021174329164,0.7295893196875888,0.3984427360813636,0.1048424348661207,0.9705791338715336,0.2549628620271644,0.5351953991685864,0.2952874165084217,0.371672713,0.525343756,0.276923077
0.6289995549496038,0.2708517556216845,0.6535033245458557,0.6315596244876189,0.3277468656829876,0.3116802401187792,0.8570193355972843,0.1927478871364746,0.0371958035234667,0.147979607,0.240440773,0.05
0.6346997543841941,0.9973112250782924,0.8103066538329279,0.5422545523158021,0.350188704445193,0.5192088199335092,0.0353469324465444,0.9967668114599956,0.2484144502228472,0.325835927,0.361555079,0.436363636
0.4827510566783141,0.2888328993181285,0.3727233975849403,0.7530775183678219,0.9656462205166726,0.9009511351949264,0.5808732477536838,0.6333829355212632,0.578172608666894,0.145199923,0.459989393,0.104347826
0.8775604560161191,0.879829380306544,0.759385212559762,0.4784450236368687,0.1159161854921826,0.4181962564159965,0.3574279332607116,0.0356729022407512,0.1826837844631246,0.315093475,0.532749985,0.423529412
0.2883773735114452,0.8413645399070971,0.8505709838950115,0.1402047221658923,0.2285479113974076,0.7626595186376073,0.0716197657961463,0.1794023283453363,0.4852031342515438,0.42024068,0.354717572,0.631578947
0.2022747544902582,0.6807698711809255,0.5522405455188356,0.8704907009974072,0.175551808691169,0.0906203202045512,0.1929976892098389,0.1356432857376868,0.3735779814037607,0.249931468,0.068325225,0.0
0.7525680153737897,0.9262551598515628,0.3936622532299335,0.4649194800944181,0.8984409188231299,0.7478229618995234,0.4586214642057676,0.3478461748026866,0.270485105257618,0.406293894,0.307382129,0.545454545
0.4368601024672207,0.4080929155042933,0.6837493444623627,0.9116499156321886,0.0368739131058384,0.3788962180449771,0.6033711794229338,0.4759450746214414,0.910232995090598,0.193449581,0.410323043,0.496551724
0.7743802172112034,0.5135175733525322,0.417706551959899,0.8959098637739502,0.4525544520921917,0.057708495618732,0.6254759597737675,0.3273953794276066,0.605715351787591,0.257905101,0.122552155,0.0
0.7342506509631204,0.5125838961826541,0.8015984690056742,0.8878335216094485,0.1900786951618679,0.490712635082448,0.8997702515534367,0.6154579864444965,0.1407913135790442,0.259626402,0.430605006,0.0
0.4541422137365015,0.6247878366275078,0.5143521842416524,0.5430749667840167,0.9578990288132468,0.1833692700907969,0.7030532198188805,0.4447203803226405,0.828811840244733,0.276958492,0.209692182,0.0
0.664134943925148,0.7866600831704321,0.2518147196599997,0.9530333918857032,0.1235747238796404,0.9082923102011302,0.5481998276894113,0.4462371700123928,0.0197122806138522,0.367934754,0.375026193,0.245454545
0.7054358741175285,0.4696410967189058,0.980365773342265,0.1471867860021445,0.3423812029473624,0.1709162527812208,0.3239425323980881,0.8796198891041129,0.4216025504296307,0.161840488,0.458556207,0.436363636
0.733874465898211,0.9731707259258096,0.794858487640892,0.5830835509332934,0.943796219998848,0.2549114651614182,0.0592465441092047,0.9268830603362812,0.7998726286097326,0.411957527,0.412430506,0.104347826
0.1536834093525,0.8258631550236237,0.9211179437417804,0.6246768926652234,0.2383104772866214,0.7643119951009757,0.1426629122425234,0.1137740045175459,0.5022946119289355,0.238953117,0.444355414,0.6
0.9129228054795624,0.2710697965504935,0.8549180293803926,0.4577064421293236,0.2144263223339941,0.8429650137722177,0.2646632159052494,0.7485976394776931,0.6166424981546417,0.121317322,0.4248427,0.564705882
0.0919407852606957,0.6792595698126797,0.0711386067501728,0.5010107886845804,0.3043850439013844,0.1141619548665262,0.0649668449628989,0.8320360602644365,0.3133527475455201,0.132944541,0.066245507,0.0
0.7430042228508217,0.8153612774123853,0.8288573261491569,0.8624831199372665,0.4386152631760268,0.1010601771815356,0.980364732859168,0.1781247768827771,0.9385005828150144,0.550803738,0.200244582,0.272727273
0.2124447765008327,0.3471442147828253,0.3962154516271525,0.4876157789987826,0.4498298401781281,0.3681067607019913,0.1089453675899015,0.9679104464767864,0.7975844600492108,0.147695947,0.324851255,0.0
0.0469722063652432,0.990607215904177,0.428295689141683,0.4622091580849503,0.1275380078128354,0.048940348543636,0.5997519678943004,0.5730771254615922,0.6104447001017622,0.559171202,0.022727808,0.0
0.2606991884029154,0.0688339718536389,0.1908913433034172,0.2151301171059391,0.3992633144900378,0.9237894987158224,0.0595574588330551,0.6294069707601495,0.411899040892988,0.07310853,0.414146144,0.276923077
0.285048986727311,0.7747718689616679,0.0761984372398227,0.3249043758600035,0.2648372485690424,0.3864258211108931,0.1497402918671248,0.4518098787428475,0.8886047194230211,0.253114177,0.428718125,0.0
0.427038465141811,0.5961354495791116,0.3245135642308561,0.2159322268734449,0.3174020172061874,0.2161689697626068,0.7132582030132616,0.4455674605925619,0.8908648439359474,0.224683997,0.252317326,0.0
0.3332270946635278,0.1533832218539286,0.2530384607310286,0.653568018815764,0.7380168732403227,0.884736526894918,0.0324540782294041,0.616928616408942,0.7388663111806255,0.080640767,0.325651259,0.36
0.0405541163982979,0.1215804929304713,0.0901260583529494,0.1642319856303777,0.7264562821204171,0.2923213531162367,0.5695167560114756,0.8417238654270521,0.8440857996318676,0.112563271,0.10055713,0.146341463
0.8936140759716564,0.709474649350269,0.4059163083916914,0.3232019072339717,0.4832366420459176,0.9081862668042864,0.6527279076272952,0.5778167014646464,0.5745156382389285,0.333106473,0.60400793,0.333333333
0.9507529025444555,0.6758630948185455,0.611765344784468,0.908094622951119,0.4988014376477152,0.4027732280238176,0.2626807819449057,0.8798593759806201,0.0765930953686032,0.202427296,0.502340883,0.557142857
0.0897570698692489,0.4926290616329687,0.1132046122924997,0.4575700987376004,0.6872997059154682,0.5356593371291758,0.0651180274276556,0.672068666121485,0.194398501737514,0.214415504,0.215656255,0.72
0.0193236796930038,0.2805873906927905,0.4985654447183487,0.8181394936827489,0.9175216853573336,0.4294735217511688,0.8200349612667994,0.5448529980201745,0.9063201989165844,0.20436982,0.123296063,0.0
0.8833504452641157,0.6485976454322036,0.2954106371166473,0.0254841793575382,0.0373448759391999,0.5208518853447724,0.057188652101537,0.1539846117523251,0.5640150503149044,0.14813262,0.766338447,0.0
0.0973885498934962,0.6806116150490777,0.4928967480818882,0.8432096320628908,0.0157398616195945,0.6606205457812112,0.602833560976673,0.7072004740388301,0.8657474469042703,0.341635338,0.223938343,0.157894737
0.2182729421541763,0.0050621826323093,0.4517757833615611,0.3286383884831401,0.3444973944350527,0.9046902099493276,0.4176718162746291,0.5297162995672121,0.6842595131708249,0.07633599,0.513779491,0.730434783
0.6134792506404457,0.2257671789396066,0.599005802399942,0.6721907846161344,0.5518806367064073,0.6939682408647961,0.8599055757481626,0.7063203948140617,0.2590898464034691,0.114940051,0.526632337,0.0
0.0505309174166597,0.4409326013477156,0.9929402870587788,0.8919015831279242,0.0954380384470322,0.0940834372235254,0.0187972757481382,0.936560974642234,0.329393483507354,0.192549176,0.083080769,0.4
0.0062448321734692,0.8021858478054374,0.3750206888425308,0.0954813329856703,0.8146977898796083,0.9276642526480416,0.7733059055556947,0.1379143239018714,0.9916648102950254,0.388810478,0.259305393,0.139534884
0.4153196271631243,0.4616715961733039,0.0534400999024227,0.743169030434922,0.2065185019010375,0.8247744210322527,0.8543476623822467,0.6431381392751413,0.2056704471954282,0.22323735,0.472069621,0.259459459
0.2174783848290677,0.7066193922458914,0.2157485428255848,0.2040220466533689,0.4011937714598139,0.6334751345966414,0.9091384784737732,0.2568882640806976,0.5977125867681359,0.337066141,0.255774141,0.0
0.099268865465141,0.0425653945541234,0.9877568311972076,0.2812612154315862,0.2665625517892309,0.2843957964619588,0.8167558187206648,0.7823144346924878,0.9265907447276828,0.092344668,0.146273729,0.289655172
0.2117728476213926,0.7701107095494355,0.0883873290892395,0.5835757071899639,0.7379179511651093,0.0644263188964365,0.4660865926886373,0.5955758529469724,0.2566618605085444,0.282727536,0.113389153,0.3
0.6565524469174284,0.6477428056982234,0.9638705231433298,0.0880976630115659,0.215877276717985,0.7461523658330134,0.266995692776647,0.310546059002751,0.1679036279694199,0.25338078,0.435718674,0.65
0.3278017807925634,0.724003909586737,0.8606713675177445,0.640408329467195,0.6484486105790763,0.9285410011182974,0.0891227867233073,0.4446644638943522,0.6791003897414264,0.304434787,0.44206031,0.0
0.1201527023523878,0.5886572574734643,0.3181577309898303,0.045787431290177,0.6383487731941362,0.4379557088945172,0.8891829231192758,0.8178960891983414,0.3747500128861885,0.223127106,0.263837067,0.314754098
0.1365819900364954,0.0912748128419379,0.8266434885359162,0.7663550922501121,0.5112692931170723,0.6109441823132198,0.7042598924092528,0.1169830055595484,0.4144286259309416,0.142749966,0.223020568,0.0
0.967084409403166,0.2164123221085265,0.9084670647792502,0.7316716424074682,0.3575871821179566,0.7418598906072177,0.7680862774057654,0.8755163839422344,0.1014365573673689,0.122335848,0.50781303,0.387878788
0.8533279464787434,0.1855110926615681,0.5375731951089615,0.8614088450799504,0.4020931426145532,0.3472782252381475,0.2694300104290633,0.8834847024012648,0.8694395227948882,0.11167285,0.418289293,0.6
0.6788777419075209,0.605453384417443,0.6646335001807785,0.8415367129585712,0.7617811330793615,0.4199552154355714,0.5409379806654463,0.3457914317650276,0.7288032480626034,0.334393235,0.420663961,0.504672897
0.5656178246526852,0.1181496848191536,0.656967677609724,0.436453053105353,0.187808509674374,0.2365017843940859,0.7585492810478447,0.3635477445577594,0.4013316745623564,0.108953939,0.385973231,0.517647059
0.0748232172810775,0.6394982123897412,0.4765020371379352,0.911182184778778,0.7494577212800193,0.1956069503242969,0.4193488725172286,0.4969397478758535,0.4268418070767313,0.254216928,0.144374103,0.442105263
0.9849002368843772,0.7690493100680451,0.9556034918390952,0.2753863873309005,0.42655425286365,0.4701587994473629,0.4732330152175881,0.3562783007226328,0.8929406744656909,0.293486467,0.474977441,0.436363636
0.0986040867442041,0.0053254954008095,0.8860482325349318,0.5161383287083204,0.8399716180821304,0.1522971660214592,0.802795854138325,0.7615997098234537,0.2698016180350677,0.096903148,0.081542943,0.025531915
0.3119032226428886,0.983322111894501,0.3048607232649459,0.1833795248447427,0.3697034143421364,0.8907869445047618,0.0892024649737618,0.0550418385156613,0.1059936543840625,0.303892665,0.487293555,0.436363636
0.5510177023297812,0.9462918286643536,0.5245232651677432,0.5153853992092029,0.8549549925799468,0.8386559764276756,0.8438133034994154,0.6209336790849133,0.3023403378379564,0.66434492,0.528338773,0.542465753
0.5827465559164425,0.8614535119327623,0.9437797916096548,0.3733898322720722,0.1762354125189225,0.745467843645847,0.8549152726911776,0.8395653948010225,0.4119450845989594,0.419254869,0.421856166,0.207692308
0.5356086711544058,0.5680644295128369,0.0573431702223071,0.2978492554938627,0.4852041723548626,0.354876291382068,0.7435874767013557,0.7864166978348118,0.6629009180477706,0.282893566,0.416656759,0.386440678
0.6497660145286073,0.8340174660406763,0.2319986518535779,0.0843209782439307,0.9353060370158568,0.4355041456065551,0.8083258616324818,0.6616700896966371,0.806135909403328,0.520374635,0.521624905,0.4875
0.3505622177020839,0.8780313453658734,0.7077661580594157,0.8711624335594447,0.7348019569008838,0.4024445575304848,0.5680469255897681,0.2158898431490735,0.509321410550858,0.442114047,0.384878765,0.163636364
0.0265884783789609,0.6068144500625816,0.406545786615989,0.6187678228020167,0.7186227532248457,0.3698897000266568,0.7159638302659951,0.1556013928679805,0.6028761978951596,0.312050872,0.102939844,0.0
0.3818981926900936,0.9540856865659848,0.4394718929815007,0.759210791893318,0.8466374336799858,0.9912898034917416,0.4695303789901748,0.3674031863980807,0.6098335509988366,0.48216269,0.460807111,0.646153846
0.9614388040652292,0.6339342458953167,0.4294856219471382,0.3547326143052269,0.5734638468834566,0.3006262767725307,0.3905416078817166,0.4004477902543634,0.3817176260153631,0.130919784,0.414254633,0.76
0.4125433600601281,0.0044356721038719,0.7621249165823744,0.0076198467244258,0.2125321385935017,0.7928149585276015,0.3350621349086635,0.0689954114353688,0.1555062608517265,0.052733371,0.459148944,0.3
0.0922276186757375,0.3374788228849915,0.8568479820377075,0.3740455521832735,0.8835197367321925,0.7259203242768922,0.801168601950859,0.4873218185107276,0.8433914036815565,0.188780961,0.287282991,0.266666667
0.6508278634577052,0.4203681809065668,0.673832090441875,0.2273311062176384,0.4180281882769614,0.5549309452555672,0.4322483527448825,0.6436963250769292,0.6606906394725262,0.148619027,0.519533119,0.4
0.485258579038924,0.5695682574381242,0.2579382090035154,0.6904441968367262,0.2000976953436457,0.9883364538547992,0.4520495075859826,0.9613162303734256,0.779861053880565,0.260984217,0.602481377,0.4
0.6222176347828215,0.2499366034269152,0.8622945345775035,0.7520555920439546,0.6255345145801156,0.4415829486599173,0.6931935913479073,0.1632616687171776,0.6788698605508222,0.110444847,0.471772129,0.0
0.7024734219484702,0.3098350554312319,0.1917377709350646,0.163588415666223,0.4413538051683572,0.9439817425651328,0.0017530821365954,0.9533252289543954,0.5234334126843837,0.110989145,0.463773933,0.16
0.2037315150442961,0.6931388563878387,0.5232107279780212,0.4552943424565258,0.4123463733773449,0.966733096385548,0.5728974253773688,0.0165089839359493,0.3572942514513454,0.384919925,0.492922321,0.046153846
0.9098413201143752,0.8231462494904807,0.2566451297824549,0.260503783876586,0.2301020581168228,0.7420079824610961,0.4796527072823957,0.8107276823980357,0.8246205812264731,0.332227617,0.479776517,0.16
0.6725614819659145,0.7116394636262255,0.89260874927025,0.1616459446208428,0.4671741736500747,0.7529225317086014,0.1527367067772562,0.8163776793856589,0.7658389243221411,0.261124158,0.51623417,0.436363636
0.506776558423471,0.3106590246356261,0.1868647429300396,0.4472346901013003,0.5420766685917586,0.8440024294976661,0.3919931476040399,0.3930861694034658,0.9465145840874782,0.106724287,0.516858162,0.18
0.7520255648494747,0.8434429357645772,0.9756451677007744,0.7957796333815202,0.8918463603012542,0.3104030559577825,0.765810465659943,0.5135437413420789,0.7902501092119418,0.523405879,0.444684213,0.057142857
0.010562966807225,0.4028413570654068,0.6309776707753544,0.8599516132864637,0.3215381931963004,0.2710170663943362,0.5525434819051367,0.7270581825503567,0.4858100205752104,0.195732821,0.104223164,0.182608696
0.6294657834490069,0.9135784899080812,0.1784250001401032,0.3961180578586945,0.3406616079107258,0.9280957026944364,0.5531677294384804,0.1426294950358204,0.1345587396648139,0.426008809,0.564466,0.421978022
0.4888980805484517,0.9834649766484468,0.2689153364562902,0.3690914869490189,0.584024562955056,0.8369896853448646,0.8795939105541214,0.7196318381202479,0.7366043133460806,0.498033665,0.419243504,0.08
0.6905125466567824,0.2028008243398675,0.6212635251005362,0.6524901895899156,0.4973272861626173,0.6765148459799708,0.261993368769561,0.9856606837105768,0.7954380470719736,0.129810685,0.34055643,0.0
0.6443082009960643,0.8334999431329914,0.5450919858393982,0.7343143618046591,0.8498528275318186,0.5945999259722607,0.4140845161260041,0.5038638962803823,0.7962471607273471,0.327736856,0.377923144,0.0
0.6795697910923115,0.4555181478288335,0.0580400839207169,0.6026107383064977,0.448300045931064,0.6744404446038085,0.0617894233130423,0.6743633643303427,0.8872655715723193,0.131206534,0.794558209,0.0
0.0961287845276592,0.846415704665438,0.2924742993488757,0.3954383845491465,0.4379125381339341,0.7236055010930158,0.8756701660512746,0.7013657474337788,0.2338940439354232,0.415350155,0.269532275,0.0
0.3788236094339349,0.044203404120823,0.4177304099514755,0.3580434479474157,0.9954909930978072,0.7827356332488183,0.4332223731767599,0.9562313886614958,0.6292782809321048,0.064014836,0.506658426,0.52173913
0.639390745371059,0.3195299139627363,0.4060394940085169,0.2419576831170236,0.6618285804996911,0.4724044842151903,0.602215180738354,0.1246599281529299,0.285373757811539,0.163436508,0.494430551,0.592207792
0.7594485313089592,0.1408962305401789,0.413429401331871,0.0842108664321901,0.831867427840739,0.5686386881654913,0.2355458369211994,0.7546710636681739,0.8276578027610824,0.070911142,0.534472987,0.12
0.1731611662870256,0.7673218887016173,0.6066842034470107,0.0394132818760699,0.7212197230602253,0.3175933358166934,0.3582062000205441,0.4731749062169728,0.9390063306580588,0.356702961,0.560327414,0.8
0.8579636059496297,0.3238293271773524,0.4127509897189232,0.8483764055338462,0.9785545487124524,0.1281690635164484,0.7532151988097608,0.5896411011054364,0.1294123823401617,0.214995476,0.206510968,0.052173913
0.0104572493076762,0.1216693031389914,0.0958718169774972,0.5418134596700347,0.8651185751154892,0.899305140308109,0.9514397061143224,0.0131552337194685,0.4672935179175278,0.172881712,0.234894535,0.075
0.1580071030988068,0.4974629932244141,0.5077199339281845,0.1881455273549011,0.8176369919272698,0.1361529855682465,0.7358617172863051,0.8529943731225893,0.3932174108290966,0.236406463,0.131002712,0.094117647
0.1185820920741906,0.4041242595831655,0.6913313874557243,0.3330929494151895,0.7994292818054737,0.6707293697583308,0.1168588071900079,0.9206931777292272,0.6122694391304141,0.145282236,0.385727442,0.12
0.7138221258940682,0.9435726547466176,0.1188832598739006,0.6601607249076755,0.9261931888174876,0.5367401639540772,0.7666033190820144,0.272090619417089,0.6271563410558203,0.487640416,0.425636988,0.229411765
0.432309442241737,0.2804557123836942,0.2263740604563611,0.0994658297258865,0.6390213909564759,0.1988398901589211,0.6848158178633524,0.5489752897304482,0.6905048375046876,0.164744035,0.303327064,0.375
0.2546853049945923,0.7721165387431443,0.96270565491846,0.172723168977904,0.9041486987581504,0.4331368052030054,0.904345673055211,0.6352089782832354,0.906876412146468,0.470512592,0.269924132,0.025
0.5894298561934017,0.2845197856477667,0.3566788656693546,0.7989676578014661,0.3996742080464256,0.3862008043199685,0.8323259262683107,0.8769556328648151,0.3453684548405404,0.140873584,0.372563748,0.428571429
0.4796229116837172,0.0062294959761469,0.0691978724302239,0.3465309813760732,0.2172958768239192,0.1799868186918257,0.4970252486565487,0.2156547128041313,0.0131209786238137,0.037348441,0.261692876,0.872727273
0.7267784294066881,0.8529348696363068,0.0505573604754125,0.1084698338707176,0.7098251440016106,0.2932784904759035,0.7107040990118498,0.1049273109293522,0.0092630214375282,0.543672231,0.344075519,0.486486486
0.5758734529666022,0.749145390002123,0.7293830270677544,0.1630952323212869,0.3772611800828437,0.8830049326877769,0.7384961217331498,0.6331343164854373,0.8175640712426692,0.504789603,0.605366874,0.04137931
0.8174198502599219,0.0345046710257301,0.2873091652410147,0.3803250861886618,0.6432077972265886,0.5599417160371266,0.3559307223814267,0.1388354256430298,0.5898247531095413,0.058735116,0.426787642,0.553846154
0.7118401574033107,0.1366763277167151,0.6123563629359808,0.3442407654770048,0.4949034685558646,0.6441617616045489,0.3897877471707839,0.820529755873084,0.2941409784159701,0.106456713,0.405863356,0.733333333
0.3219812682981553,0.9779902441089074,0.1321588519839691,0.5783867126951363,0.0269702221775226,0.1275842892120127,0.4911223373458081,0.2280713497140953,0.0134786576375235,0.291495487,0.182834011,0.646153846
0.0046585542035095,0.9637315103235652,0.7764018400172855,0.7847434737387174,0.0050860818668847,0.3674323223025699,0.7879583772700514,0.9514946062145612,0.176618512283967,0.487701134,0.087102472,0.0
0.4640169253273095,0.1466624814870969,0.5016438097840696,0.5940075045861053,0.6861693467442087,0.0760025112546991,0.7850235848439587,0.2278126657984518,0.9048889530122736,0.118314895,0.206794342,0.428571429
0.9956601968934196,0.3331474173716441,0.932797454323861,0.3377230055336607,0.740016002226871,0.3528845299713469,0.8958401727867986,0.3391908518826244,0.6204361612803175,0.216979935,0.465531679,0.06
0.9695905151229716,0.1646169287109938,0.4211054922800844,0.1676565690037611,0.2944568830972708,0.2996863382327643,0.4018839026319646,0.167317869905237,0.3472597484398227,0.077621679,0.446670832,0.461538462
0.1056189123851716,0.2389407934508792,0.9112811878053574,0.6898340653223424,0.3470388195301216,0.5304288770173661,0.839246496403507,0.3435840467521369,0.7620751469105179,0.164455445,0.211665205,0.0
0.2144788417886727,0.5786590286858121,0.8077879610003448,0.7771038506920939,0.1394784870400462,0.8777136493481008,0.6127056928536918,0.6304593983220692,0.5854371121213009,0.290848794,0.482680087,0.0
0.311060228563095,0.844966607269782,0.9870894164105588,0.8403630501642088,0.506548468145668,0.6834136374421703,0.3667848558865053,0.7663996017888834,0.5403341242142311,0.42944006,0.4272295,0.0
0.4456940125503049,0.990324249616134,0.2703813718708698,0.6951056971507723,0.7881549827018327,0.9310550896823636,0.80064413231199,0.7403405652799904,0.4428574509465038,0.60005902,0.53084792,0.0
0.7123115354657382,0.9112272930193144,0.7352109455176451,0.4504379095806035,0.2091139299090032,0.8493927445761607,0.7389964265008405,0.3795133643154257,0.8740552958515015,0.737778281,0.559922574,0.668571429
0.6639649238096824,0.644767852803257,0.1669976975355299,0.0283254509086872,0.443895046062125,0.3727913829543634,0.4419324637433125,0.9782188430982488,0.1918043739871346,0.19618379,0.524267839,0.624
0.4275327375663723,0.449569564496986,0.8522420851283992,0.1428340616884701,0.0806859494954335,0.0116539353921142,0.7821273571243408,0.1206249470697472,0.0208301789379713,0.203282975,0.041655778,0.162162162
0.5715645719242205,0.7163094356010659,0.3328709794186009,0.8456342540956323,0.7904863011573715,0.2553435586015924,0.751802009569978,0.8237893352755523,0.4388423151694187,0.346834021,0.467875996,0.342857143
0.3876452323761938,0.2616836161144277,0.9220623311847193,0.7162762891497333,0.3173255005701308,0.1811280204448327,0.409371317010944,0.29737809863314,0.7825738065742747,0.115380752,0.270681473,0.442105263
0.0872512565399776,0.835168645600587,0.820213189441483,0.1851150962952793,0.2269682190851981,0.6824623848313371,0.1087756735970723,0.9386823951251992,0.3453054943282763,0.367528567,0.315506919,0.3
0.3074426830883039,0.4860433865994211,0.6057771677477892,0.1437220291886404,0.1129494755943285,0.7176444555389347,0.9139795838754972,0.0667869104420358,0.8334804582679638,0.265558396,0.532794717,0.516923077
0.5158912240062372,0.5568666566926436,0.5936599970425638,0.649447449766454,0.7413620395528676,0.7631365155833243,0.6444369265033913,0.5039512216953405,0.2742267776840259,0.225562496,0.457713672,0.369230769
0.5265675591479908,0.0005390857431314,0.576190741300865,0.2051509040297948,0.2618684176739005,0.3765060662917588,0.538735105309978,0.795748018355093,0.6065227686437319,0.128852163,0.314752544,0.054545455
0.8702102638379284,0.3633950597734716,0.4721673063960416,0.7001390251932007,0.2480438629555804,0.3659358500734178,0.6578317909945458,0.7515691978135974,0.2624377295643981,0.185025608,0.385941594,0.165517241
0.6214176213105028,0.4152808130497549,0.9858144737911326,0.2359770431913148,0.2031229433855145,0.0169071680055705,0.0496403664625542,0.6882581793457365,0.6258933610136637,0.161291376,0.036720452,0.327272727
0.3275492839737487,0.3885151852663326,0.7336847982138821,0.3575390320758834,0.7087039105937778,0.1103155448288909,0.7750818856776094,0.4913600736882844,0.0173250127466522,0.232311613,0.119396182,0.914285714
0.9889140786962978,0.4958741680858577,0.5140446555797401,0.7938603453515356,0.7916366467348568,0.8955322531746757,0.6484423202165301,0.1400772550120139,0.9810962775978216,0.255887229,0.433179803,0.0
0.4424978647670707,0.8945887077058052,0.4934381677580488,0.4145373593734074,0.4031434681329667,0.3825509559380471,0.7985891671926113,0.3527211539644451,0.0345974870719937,0.56526497,0.244208436,0.0
0.038420436424978,0.9102672406457564,0.980574186619821,0.7071526609575247,0.3306787983467435,0.8721310388509904,0.5465993075307882,0.8624552603736764,0.1346088679075567,0.56536161,0.234019598,0.377142857
0.9799135537368014,0.835001911730326,0.1763819890010532,0.0009370207668846,0.5180852479283933,0.278686687040293,0.774155096250715,0.9807010838074742,0.3947367276536181,0.413898494,0.411711727,0.158490566
0.8498557445695778,0.1163701049290386,0.4386672209876605,0.6425282284034809,0.3153597821227014,0.066577495952758,0.9133889365913992,0.5466205604694065,0.757006586195608,0.090974801,0.197630054,0.095238095
0.3091040237271231,0.5338620349858937,0.7262111969512645,0.8131334160585947,0.9065911130491175,0.4794924472496088,0.2816735748753227,0.8795506410548757,0.4925508979808224,0.162024806,0.216926185,0.0
0.5276799862981146,0.1580202803122692,0.75259940286194,0.3159735945265212,0.7941478556531877,0.6137601180295145,0.9783318554364034,0.5206967236114546,0.971160524074318,0.164785826,0.461378283,0.036363636
0.1122563660164684,0.8309573859615274,0.6866169799880795,0.4208163665809616,0.0740682836712071,0.4253378661197374,0.6327651912906286,0.7555850253459706,0.0598502271437925,0.404659003,0.199392168,0.492857143
0.8245161975993428,0.3066821097034814,0.8085984494052522,0.1882798320881651,0.710055221864093,0.0281686289273388,0.3393899681067543,0.9297224618795652,0.1969656371658472,0.115705818,0.180133333,0.452173913
0.6975243450336408,0.9671179358061432,0.269368108077424,0.8098170855149268,0.8094164179762525,0.5804880447641294,0.8516360553930694,0.528218551700124,0.4220433330256606,0.50933604,0.515101875,0.264705882
0.0369896293203312,0.7607027172095862,0.4320827420582793,0.8743666928452617,0.784927069814213,0.2911395291969673,0.9673595282702486,0.4073361457478677,0.6498577852937862,0.486705599,0.108480364,0.08
0.6656998692315271,0.4196401450555576,0.9164321995208846,0.3769979488150273,0.7591046664300724,0.1244213087384351,0.0570316253001793,0.2180955919247847,0.925730102340598,0.20773575,0.150558443,0.545454545
0.094272100147849,0.7938207067043623,0.513221988715846,0.4897180294778931,0.4562308985945246,0.3802170704239626,0.6081342124522023,0.4789919465787728,0.500884595374234,0.403695943,0.111391319,0.046153846
0.3384882404035374,0.4339497835049497,0.7061960346559704,0.1163922362611699,0.2841764713711341,0.0674162253432868,0.4781647280122408,0.9157749118898,0.1626594320097435,0.155551566,0.089456947,0.0
0.29912487868765,0.1954978778204439,0.665006036682901,0.0452899964115498,0.6134440593377951,0.3582548919774906,0.417164971116766,0.8941808345780187,0.2362096007772497,0.075782092,0.295965809,0.553846154
0.9877867414269582,0.2233355627680847,0.1381183944393184,0.8123109241815273,0.3508632039368606,0.9192341477155168,0.6114161563206147,0.3022865442855584,0.5922395930107479,0.110555231,0.658668125,0.0
0.0011719679292044,0.5340236701959566,0.8027298387841614,0.1611120323981358,0.6361718504779189,0.0510047565735073,0.8468928059586022,0.0010088846524682,0.7140499937616026,0.326079046,0.016533905,0.0
0.0061849204405242,0.5382908466294734,0.5300999490891256,0.4949733443934703,0.9982423695587952,0.4672118968016442,0.3970104239557063,0.421609383058269,0.2735271394562624,0.174594293,0.137453364,0.466666667
0.6948310850296703,0.4417788776776731,0.8409484657003101,0.4523912286357759,0.3394004869865847,0.1736003060586525,0.4514642490214936,0.8288715165239181,0.8456985895481157,0.167862281,0.456264626,0.42
0.5936542419018308,0.4500978350253575,0.8769012681990989,0.5688559523765457,0.6426692105146636,0.2556287303242675,0.975582730763989,0.2904107680038004,0.0881295609115634,0.234550413,0.346579974,0.43125
0.1410684893151763,0.0978507553540563,0.2421309442795288,0.7069305747966612,0.3506762970300155,0.3020217535640631,0.8050135606330505,0.1330503544363616,0.7096541084715213,0.108158739,0.282975352,0.44516129
0.6437886905123303,0.2708570003505097,0.6123400117681007,0.5085860023478808,0.5861994672716248,0.5572357845740856,0.9982547587885816,0.8105114890768094,0.34505466605903,0.172418079,0.442306371,0.463636364
0.6737805880523569,0.1941715699858446,0.6857393659450385,0.106601079371555,0.4568362428684835,0.2924365200273845,0.9497466221170324,0.537639342717713,0.6152233460356383,0.147524659,0.424062782,0.6
0.8968403290284608,0.0861849165127633,0.617513186805359,0.2921667990159151,0.1572776466793265,0.0115775406237126,0.2332995892719186,0.617196486384545,0.8335195677579349,0.067558282,0.08730304,0.369230769
0.2777118956295914,0.1842468214871709,0.1164288385145575,0.2173741170216178,0.3701785331186474,0.1715026154186557,0.8723576648336552,0.9616206381403342,0.5831691705343008,0.133687444,0.233195505,0.555555556
0.7287960257898145,0.9728476319301012,0.9316188458939776,0.4771322730054138,0.4809158426448786,0.2546560381707685,0.8982469557266813,0.4529656020905285,0.5303083035405997,0.690676407,0.411822968,0.370909091
0.0714265246545023,0.1210027086846388,0.8231963801586288,0.7951055312581188,0.9852977296291237,0.7229277728763096,0.7969693899807313,0.2599326316078206,0.3778566507799727,0.123630984,0.286416208,0.0
0.934501215714426,0.1360765152646154,0.1542890307855937,0.812560563229345,0.3962986725039346,0.7202569969921919,0.3659618457545601,0.5217164214794375,0.2916442342284837,0.072477098,0.344535978,0.4
0.6549041237267827,0.3537449982454441,0.8691530262226853,0.5414757907800037,0.9355764253027604,0.6804202507725204,0.6780095860443562,0.2253182430888924,0.2423963032860199,0.15012975,0.478739355,0.3
0.9397606589063616,0.7191868342652096,0.7871228522548879,0.8374551912342467,0.5549847706047787,0.2277050408458404,0.103981050724023,0.16612515477391,0.6420948073204265,0.347202844,0.231599255,0.0
0.8452006087485521,0.7285426188443974,0.0228891229497071,0.809658337502836,0.9228643279467124,0.8077371709182173,0.8866237295753869,0.2041529161469696,0.2621365915086443,0.296460492,0.462553885,0.553846154
0.2131690151849975,0.2984733809432751,0.287389334067469,0.8828506704671619,0.8988266212951755,0.3297807713564986,0.6160787214215769,0.0452731180559196,0.7728699650146978,0.164334308,0.34308775,0.539449541
0.4505916318005263,0.2050636950716098,0.7281974346974611,0.1759802290226686,0.681566706783628,0.7679065772989984,0.920896971767444,0.6456476571412433,0.8515946528796228,0.168212963,0.472240238,0.605825243
0.0011489592138043,0.4105384748375386,0.2645316368176232,0.2327774223199114,0.2504900271193827,0.9723095313687652,0.7990910069274485,0.5668630646233825,0.6284032869303776,0.229525403,0.326309144,0.507692308
0.3369061438641751,0.3130125057648362,0.7381277818926674,0.9389232852156718,0.9383940685929756,0.8882614229719921,0.9431915947818232,0.2315229298524679,0.1061308754566476,0.174853961,0.390506981,0.387096774
0.4177932918503522,0.6988536252543576,0.6209820205603079,0.5592228740703858,0.3245809713070018,0.3006225260909797,0.3303793495105972,0.5627109535498798,0.6731745932490784,0.238520612,0.473077851,0.266666667
0.6232102039266071,0.2516694442423476,0.5424811435845053,0.2480657172813405,0.6534010717335289,0.6737976111589106,0.39334668822795,0.6231272763828617,0.9225928258500248,0.091059512,0.427799151,0.654545455
0.5397484951956526,0.0361347840370044,0.5497756047950805,0.9638244493976958,0.8824528513984513,0.5814362085120446,0.1431915072683751,0.6693871370175106,0.0196458117386362,0.054218913,0.451358994,0.3
0.1722845611905823,0.7409901834047963,0.1737844845269972,0.0769410294514423,0.0996620220915863,0.1278509674454383,0.1101893147206709,0.5522574852510518,0.5204082890599078,0.243009151,0.134729141,0.225
0.9982006182595352,0.6932156898697891,0.3422468243954255,0.7925177442398161,0.4847977068163619,0.6882909327973394,0.290960440156403,0.8440450613832409,0.0348023673389128,0.125848283,0.502571157,0.6
0.540991739093656,0.6837210391720496,0.0495271187343925,0.2395018348502987,0.8286153372471857,0.7077244274436147,0.4912874934735775,0.1922383267214985,0.5497291487140076,0.212891672,0.502074402,0.45
0.0571798543906693,0.4779292373459832,0.9611805481568776,0.7282911951046609,0.8908959863868061,0.6169044383411345,0.0714011065828569,0.809860837771229,0.6465751501011161,0.226425744,0.384751109,0.3
0.660651387653475,0.2640664656583459,0.9549980457109236,0.1133822892273479,0.565791223997071,0.1230127528380842,0.7735033379701168,0.7759063421645734,0.4998699592425947,0.152323972,0.261253145,0.227027027
0.9853472893409913,0.3204244698470995,0.394918937950419,0.882195150657699,0.3276399610642859,0.6102529709300584,0.35849563527538,0.6833169149925314,0.5825235744283369,0.137547122,0.544411243,0.5
0.6262118865997828,0.7332392003963785,0.7259621677853567,0.6036008167525233,0.1647477759563294,0.5408461710604315,0.035821131165115,0.0610419602516677,0.192647031450141,0.227419037,0.380794575,0.0
0.7031297428799631,0.077316130258215,0.1802836735175395,0.637243666528291,0.0692695038455846,0.0570558233116608,0.0879121905584998,0.0357349485838321,0.2585967636688475,0.04610291,0.196410162,0.514285714
0.6951469405072863,0.3247221596961467,0.0321527439932695,0.9747485985032917,0.4855101901462868,0.5041362700622948,0.1314321074285139,0.3129789850025115,0.7927186573694647,0.132294321,0.437304572,0.0
0.0867264794703615,0.8947693264448622,0.7447532136049022,0.1925084464444441,0.7123989437332914,0.188799602512669,0.4433975389262826,0.581029804249377,0.5466242755439668,0.438137354,0.188007895,0.6
0.4733088843974679,0.4129733816631219,0.7428832572441055,0.7745347109420689,0.5407219605769983,0.5426606076714876,0.2138395311513139,0.1909243284342759,0.5076932453717976,0.129571444,0.449979975,0.0
0.3524522999785174,0.3277494950971152,0.1380576053418247,0.9773009515309016,0.524355427267653,0.5201960095226773,0.4259731712525869,0.0499435674364728,0.4140439241276561,0.076860616,0.332021117,0.48
0.5943771030325599,0.3356946316076924,0.4515453312624757,0.7279090161594137,0.2299614087251288,0.9540072314131686,0.7369006336767256,0.3801860458438368,0.913721037521494,0.164548729,0.401628552,0.1
0.5412908056164674,0.9671394358652644,0.740856382867289,0.4090699987368359,0.6146749422174249,0.4343254553516411,0.3511728940186001,0.3966184222971378,0.119128985920988,0.354915211,0.190430609,0.48
0.3330596228085959,0.0170420213362459,0.063352333464844,0.2386037608236708,0.3750655896163788,0.1236524656070551,0.0411019701999645,0.6567849099126847,0.5065141802880915,0.061390063,0.106538021,0.568421053
0.597255476345671,0.4704243285156095,0.4479158964496612,0.2082218239962221,0.1635255295361242,0.2916852943695548,0.4042117088518616,0.3273502244024822,0.4124267878680321,0.128799372,0.346579886,0.218181818
0.9471476486329174,0.0445016655207946,0.879939805800337,0.5195861569745885,0.4185000529756131,0.0605250518295282,0.0169861324801586,0.1643916824325639,0.2909097447788258,0.058768673,0.068562212,0.3
0.0290072113388288,0.2419775588510657,0.89321741818722,0.2314882619631584,0.211519277386838,0.0958588010084001,0.6794323445647522,0.8886728877578086,0.6258648329686008,0.138197751,0.086917544,0.567567568
0.3708516001375405,0.7378744314201989,0.8012559775645861,0.6318932013195679,0.1962918526290428,0.8082014051990917,0.7233348334600682,0.0901943263556921,0.0985333790980762,0.520278822,0.494677579,0.075
0.0499178329273484,0.612260250261037,0.1992940761180265,0.2130440777474018,0.5195927563037793,0.3951516073323351,0.1045354603787163,0.7937005239664096,0.7165681425940957,0.198162425,0.21558423,0.436363636
0.9564176228188398,0.2841867031975915,0.5734873720757764,0.7384267009490562,0.7241050868769291,0.209081050585899,0.8482189809443301,0.1560324230883013,0.9545658389974168,0.191398527,0.438218862,0.378947368
0.1750586994697414,0.8518262585978222,0.0329827245853358,0.0449864129275466,0.5651069464648973,0.803210619781483,0.7591534201567257,0.4502335447023173,0.0085826446510329,0.482952063,0.308751533,0.570491803
0.5795625026959627,0.6459708588089437,0.091327900754124,0.8342832525949115,0.0308318186395046,0.7534091922275946,0.7862368537098751,0.537105055473792,0.7786569749223081,0.264478504,0.475307476,0.019047619
0.0965353762444066,0.438761242421339,0.4993197509395731,0.6285198005307872,0.5521100057769004,0.3350843372447017,0.0588988139504454,0.2814021616659756,0.1170875544080143,0.119201457,0.139708233,0.15
0.5048100179030223,0.3458421115617048,0.2856676430322714,0.0750825108705771,0.6470193591898463,0.2309300800702736,0.2771753507121747,0.3263398263164472,0.1999067768533915,0.11616499,0.209487559,0.282352941
0.6852414727953875,0.6491175568139556,0.8749966013828558,0.5891309395778824,0.8820581125088118,0.7323441001396653,0.9347346774751578,0.962093867363548,0.0033484317036871,0.478633072,0.350821415,0.184615385
0.1268157711076826,0.8438617941344916,0.2016431646050901,0.7069318733049113,0.808316820871359,0.0322156010572313,0.6292249471364563,0.9088688685078458,0.372277555597364,0.466974582,0.052946475,0.422727273
0.8016660383320362,0.6902849961040998,0.5864703346026353,0.6856552652875031,0.1138047810998587,0.7937912890892201,0.4492255900621852,0.8366823210101861,0.7409183824518829,0.28952794,0.587964989,0.085714286
0.9728461182315024,0.1421623010653977,0.8560164971882919,0.3267377434970696,0.8139578691201278,0.358402034452206,0.2628035256328536,0.5347137559501386,0.1198330823179435,0.08476454,0.516509136,0.545454545
0.9218045725597528,0.0080236909339131,0.9490194202675558,0.6840667744583515,0.7954025627625787,0.9035052715502728,0.0555821867040512,0.930430065836528,0.3021874562091491,0.066749498,0.454070384,0.257142857
0.7407673893736043,0.8584551666182023,0.5564108872265967,0.2837658539777814,0.4498482970850089,0.0238269771304573,0.1051908032999886,0.8751677262224522,0.5664041976728401,0.397473561,0.085898705,0.0
0.4116114249128396,0.3857947289806438,0.875819913689798,0.2172327395342921,0.5098981707336734,0.3832738581970881,0.2575999297226002,0.130721300445946,0.3122684075068621,0.119101916,0.39337518,0.55
0.1682307691468902,0.7366788102070304,0.1945849365095939,0.3023454657833802,0.8685273333797556,0.1293117104892358,0.4758480734397143,0.1018043182931026,0.4281904673315148,0.225173539,0.145009627,0.821052632
0.6123486682044803,0.3886365118666864,0.8688360142311464,0.2978653410721471,0.3488086979571133,0.3834574076052524,0.830469027661699,0.6023520444712452,0.5467958665702796,0.22585011,0.383666933,0.104347826
0.140999600948374,0.4435327824109042,0.603000522633547,0.9745289007805518,0.5336250370767307,0.3765051317673581,0.8386437104536546,0.3693418016695385,0.0354237663016575,0.239729855,0.185737552,0.1
0.5074280086247941,0.9492582692006718,0.5721500612052519,0.3513660214350453,0.5299652278265722,0.6764272451412459,0.2810079541682557,0.7532442989493948,0.0923554879251563,0.438720713,0.346856708,0.6
0.6620044235474991,0.7777202139366867,0.1401750274532961,0.1958222460480631,0.626516921303143,0.6634413673513492,0.8364775376831938,0.3052634158903324,0.0332930261121147,0.322562231,0.332055427,0.381818182
0.8974873638638085,0.5843676564973702,0.0711471285794577,0.4395258592498083,0.8787737933163414,0.5924965614952032,0.342876958799205,0.8783206794632753,0.8636311272979541,0.181505639,0.617935512,0.0
0.0327499405578781,0.6781387273225332,0.6653889850400745,0.0538581017981161,0.4050205501499766,0.4111779521533131,0.928681258550043,0.5254997169212424,0.3524989377847249,0.383154611,0.170078856,0.408
0.4668853610673196,0.8350227358791306,0.9148728439042122,0.0327969160998466,0.5484836798595216,0.2737958308575012,0.2605297412933116,0.4559388432095302,0.0533170711485311,0.39016181,0.040959686,0.8
0.6509863380390012,0.7218848639226031,0.5709238915715666,0.2263628666339585,0.7558693138719212,0.2938619616662701,0.2062301085797598,0.657400530732793,0.4622016506585418,0.18175992,0.48197285,0.666666667
0.2656766070465862,0.599303911818221,0.4427258583622208,0.2262948179133767,0.3313703543161407,0.3632452992025783,0.0161007813794681,0.5709683441925759,0.8892308016816015,0.168683671,0.304974618,0.442105263
0.0788965498117062,0.2897085893724278,0.9106558697368544,0.5953849599008681,0.3393378284991697,0.7594541854870939,0.7264503813555959,0.0500055082554858,0.572714050957069,0.201311128,0.279677774,0.094736842
0.0032990336356139,0.2382120538116381,0.2879478421511954,0.4839941238263504,0.9892102124370156,0.3348796291444422,0.8421580250616019,0.0841691085939236,0.9742412343560048,0.158180753,0.143486255,0.32
0.3608350490708563,0.5190618937779016,0.164783142326126,0.6957602594205524,0.2743483073713244,0.6809925055465682,0.9150184153915032,0.4833674464935311,0.2017945879669244,0.226954749,0.430189026,0.508235294
0.0825814501052055,0.445999015033574,0.3242062635901307,0.8379677452491048,0.7515978435960043,0.3727749027493844,0.960061321991913,0.707573672656975,0.2283025258643241,0.162959927,0.172570605,0.283636364
0.6524092824517083,0.3355265119242598,0.6813527144129402,0.8396399109074465,0.588739193886403,0.5764916987718013,0.6048141155817482,0.511669604800122,0.653569040835179,0.216958949,0.33677978,0.0
0.6289140788253282,0.2956156316744923,0.9655772207654124,0.8816323470543428,0.4066567592263075,0.6353449618469328,0.9573576785672472,0.3731748179239931,0.0638289578625966,0.149645362,0.424648169,0.266666667
0.9832721920185916,0.2996265292857316,0.7817229554796528,0.1593914800329904,0.9304616141769808,0.7166155966645301,0.3231830126577655,0.0602040941581442,0.5677345997779152,0.110486234,0.62309222,0.514285714
0.7908155808827717,0.3903018000348561,0.89318412814006,0.0206737491966975,0.090706717836866,0.1319197453149534,0.6929879644655152,0.3363876264207304,0.8175675870894038,0.224531213,0.285457473,0.700884956
0.9950070802209028,0.4715263816159004,0.0504524629671867,0.3231278535843757,0.3929444728762598,0.7368568124949705,0.3653459512436888,0.9354340343055634,0.0748843126633931,0.120700978,0.623141345,0.171428571
0.348139268144636,0.7895736003489063,0.4231284514621767,0.7452733825263078,0.2396926243019852,0.11763809685399,0.537196481426686,0.4827432418064604,0.9628582531430658,0.413121967,0.203906715,0.234146341
0.5839974097798579,0.5132801235150561,0.7038877668558808,0.5648140221931554,0.4162792659869645,0.8682125717067753,0.8426688715206049,0.9385257606946624,0.322152975844815,0.225069532,0.475278467,0.0
0.6008020189837563,0.2248205587121077,0.4881841700530784,0.868794241670233,0.220640672971986,0.1462000152590283,0.511795908532679,0.1767686991419916,0.6512315384140775,0.149588346,0.343412317,0.4125
0.9922048558939126,0.6807107332265597,0.4612514460634687,0.4345449163492443,0.796417201238374,0.0097959089539949,0.5282332817420012,0.0355160154756769,0.326981311104501,0.314867403,0.163435829,0.593548387
0.9526489148196126,0.1605991076229109,0.590796671119227,0.3132269906716101,0.636894137670234,0.3103959031355598,0.3288473880119558,0.7865268090646566,0.2597273510604172,0.079092759,0.482235032,0.571428571
0.3701320982011999,0.9672758829253152,0.3605209551484806,0.3753565460978261,0.9533209509239762,0.5817480630841574,0.1442914001144565,0.2693692400234383,0.4284917391325696,0.473742691,0.579094626,0.0
0.0151523600521084,0.488137320368549,0.0841622612298943,0.0631947896206798,0.1418905427337131,0.6744101026973433,0.4965891378734156,0.658181350378948,0.5304770048546005,0.161820219,0.170240132,0.171428571
0.0198432071331881,0.6913271284457476,0.4547129249266378,0.7783991457373907,0.3981930580348896,0.4225633161090454,0.6950340999123672,0.8556785901148946,0.7335464168306429,0.344159645,0.131365612,0.0
0.7095893609077865,0.1081796351668668,0.4479016302867444,0.8805763315162958,0.8354500511558522,0.7551224488124523,0.2852473106813458,0.9294402137067492,0.5854768395271495,0.100995351,0.541816169,0.15
0.6619882274765461,0.0188397634275492,0.8361971713248807,0.5286279708891609,0.378320963811781,0.9333910798670348,0.4565989613621798,0.1027962300565209,0.9703618790107356,0.060309514,0.771360863,0.0
0.680043576640324,0.0332841381793592,0.1032817533482979,0.4610050743868754,0.6684448939420572,0.4226914336556291,0.9225472437329204,0.4009209881315728,0.4328328041777718,0.0953507,0.386785589,0.04137931
0.52945858396248,0.3241376499989781,0.5426781538373726,0.9436643156172656,0.2673525833397957,0.6903802551299093,0.9683110165819586,0.2455757234424838,0.9570681867242452,0.16930122,0.458243608,0.286956522
0.8116723818163865,0.9076392177275115,0.9222030734151452,0.4888704249051712,0.972227156377942,0.5351034161235317,0.2737487697299706,0.511701792327367,0.4234048640484195,0.468476431,0.394742315,0.0
0.0930635323018701,0.0637172559219471,0.0044722202312187,0.7271693908932947,0.3786383894064872,0.1741061824916202,0.1748852364606662,0.4363704152165991,0.8042182695789384,0.028939523,0.101656178,0.0
0.7650634467248528,0.8843170006093288,0.7783411728075699,0.1557003619183201,0.929400221586117,0.0090633526717642,0.7832795084642368,0.0824677288086523,0.7980668053951743,0.630209637,0.087839131,0.490909091
0.1505638855603699,0.9356103856343068,0.4741942319236285,0.6467053635580757,0.3081628332053907,0.7920622491452468,0.0576981302461369,0.7297849836192052,0.0222401959891973,0.431510848,0.243274408,0.48
0.5320904362888046,0.6670715373835929,0.0784908650365082,0.1258334284171797,0.9573402335212438,0.3554307027084987,0.8652295772226262,0.047513973080698,0.7605348787450305,0.292478593,0.472684461,0.414159292
0.9372220166462056,0.9125390275565476,0.3318863540661152,0.0308481986669332,0.5501759842460529,0.2563876095962181,0.4041767025714329,0.0749765491580126,0.0364649893873081,0.21543872,0.259473834,0.56
0.2326575528864138,0.9688553138646078,0.7670438678145022,0.1100526232128489,0.2604093933777314,0.4082439200910968,0.3556478342924593,0.9210734131996792,0.8488871876821247,0.354285262,0.317335068,0.163636364
0.12478734638839,0.9954742954426736,0.2847575571192149,0.7108455086336158,0.1322732683157986,0.0192366532274563,0.7266171412168214,0.6363370028480646,0.8800285544905749,0.446480852,0.034906586,0.203225806
0.3744618669806147,0.7809225424076828,0.0477279260161168,0.8722337822557007,0.5730330278817667,0.9320541532492048,0.9505921136784056,0.4100541624603776,0.0382634865685409,0.324898338,0.157275053,0.12
0.1176314324876459,0.5402730464768201,0.7362597046327376,0.265190996217641,0.9812696182822854,0.1450286819802071,0.0339050305012142,0.8450607603552306,0.2980631074398048,0.102554152,0.195956411,0.8
0.3590425878207837,0.8714533222338927,0.4982697229412439,0.0344961668877252,0.3938734582901382,0.6413599724877695,0.8460475649497801,0.4560214866658442,0.2128222929413613,0.364272838,0.44826598,0.536
0.6012628234456375,0.5708581758358413,0.6597946832910769,0.7116269903308926,0.9189863487223746,0.2575825984950418,0.0376365615086592,0.4001398741700454,0.5196553801919905,0.215148756,0.310008778,0.2
0.903860283956118,0.4897258600135749,0.2519032164216879,0.2189839894274983,0.6732174967779152,0.8018689738805292,0.4896118283167512,0.15263585020797,0.5282991082352626,0.09036524,0.78048934,0.0
0.2501214487263276,0.2795987853993226,0.7349185785802408,0.00048056568424,0.4790152001699712,0.090444475670768,0.3188720232580282,0.9299462607330814,0.3467881112244799,0.088641298,0.119796602,0.085714286
0.2444369067325904,0.18705925977337,0.6158537662979501,0.1737373262541813,0.6589308860010221,0.7405344399675412,0.4036149702533256,0.4347619576047591,0.3369330776619214,0.05707596,0.46864746,0.16
0.6165113804545825,0.6414037407045381,0.2674064376441358,0.6309258836929963,0.2213400861072928,0.0102605000842618,0.6070973374913183,0.3678669983881336,0.4840902448115841,0.310672377,0.092991966,0.54
0.2610427534775997,0.6527160983132526,0.3680444685562026,0.3297022171198143,0.9853328856184648,0.1210746631725621,0.4106478030643311,0.7463721176429402,0.0220054392538244,0.159373581,0.177779523,0.7
0.9357375675702808,0.0287145671870389,0.43103991381046,0.0864463150746273,0.5777522528329306,0.4170671083883123,0.0960242609761442,0.0259878741360315,0.4495223476999948,0.061176711,0.339965728,0.0
0.8602984831876495,0.2110951226744001,0.2832212615092165,0.9716986632054831,0.4006203465388244,0.2460482009469622,0.6552452243972484,0.9927298819844788,0.7105196299699167,0.142132058,0.440656968,0.446153846
0.195954123883048,0.8305045983786595,0.7864519484688435,0.3555075541692252,0.0872161036454669,0.5411696321405649,0.8443685103807693,0.512848987066187,0.8964391799782431,0.495323142,0.33493596,0.208695652
0.7147783099213475,0.9842584313960072,0.633087736567059,0.8871066390961255,0.0206139588309638,0.9506787651783364,0.1140013251544711,0.6573118939953928,0.9100367182399204,0.480626495,0.578691335,0.109090909
0.8281794515486016,0.8512967730185388,0.4823065860674469,0.93422612667816,0.9961809287818384,0.9046425475962424,0.2472578691614577,0.5569610646602451,0.159624530077363,0.118160925,0.696286857,0.7
0.3866718534025157,0.4747443486745792,0.6413882608038113,0.2742001185354371,0.2859356510385622,0.0710622573719184,0.857786322878704,0.6610922076035308,0.6830069618628118,0.248705584,0.21351645,0.705
0.2768393923214177,0.94074621713252,0.1475049366772747,0.8185107775060695,0.835819114893287,0.6201431941774033,0.5897779672985065,0.4719317883661431,0.8552415289136552,0.577177387,0.42539667,0.0
0.9170976990320222,0.644556527560586,0.4715460674397986,0.6393814600768668,0.3463495758622116,0.2785224248735897,0.9807139625843222,0.3817046272134416,0.4588250612326083,0.336547409,0.326190564,0.182608696
0.1614183281205816,0.5714718897500232,0.5009466650826105,0.6994035380404421,0.746301810533791,0.8118133103912099,0.9388914359450916,0.9228881479048372,0.2237175729184821,0.232078803,0.339177392,0.052173913
0.8467729663615464,0.4783715911154967,0.645524053331847,0.6169768676224602,0.0413705787473535,0.0613834877160801,0.228680104347288,0.971230994358104,0.1245267684397558,0.12256646,0.093712203,0.0
0.8240422913291724,0.3720633990164497,0.1925341509843191,0.0831025797250166,0.2526402636116474,0.4558851360459751,0.8647974764776296,0.913754888758578,0.1492928324434235,0.171691465,0.366697886,0.133333333
0.0885302482825904,0.4432814571906961,0.3030092814920779,0.7048093148172437,0.5392028791834387,0.6169554610122625,0.7453042844431144,0.8276109938603222,0.2399250861964698,0.260961716,0.234835292,0.114285714
0.6224040572746204,0.885519140053308,0.621856531814736,0.3021605360238947,0.2626976698209504,0.5040563318610017,0.2513331940484367,0.9044451619273324,0.0782162234397353,0.429315689,0.332248878,0.834782609
0.9884367351429644,0.3782131560748077,0.4834098712780668,0.4654587283240448,0.2083389589047379,0.4817317971743773,0.8861399352547057,0.8847573073760219,0.427917438861754,0.204254793,0.608916518,0.652941176
0.3448243811029391,0.638559693016318,0.2899678993891866,0.8365067220574508,0.7143185116117832,0.4568366920576311,0.7806610933315785,0.5029714669905315,0.2584501375571975,0.271229738,0.350953074,0.549152542
0.0231475769023844,0.7028758814872547,0.3078298415827507,0.582610979344573,0.6401408116298621,0.1240099374759803,0.4981274106240466,0.7307717478289881,0.5344683921147706,0.264445121,0.066656158,0.32
0.7858599145395482,0.8824597842020072,0.4405150299424593,0.9667568652619734,0.316070749539885,0.2366616687685542,0.9407250634052944,0.4769674351894324,0.9164027555690956,0.463194924,0.30199508,0.0
0.548610731244864,0.0418642252569446,0.8097228908390136,0.3234413327773593,0.56859517936151,0.2991806485284037,0.0298710153074305,0.900962361834851,0.728053631229278,0.082938803,0.400800092,0.248275862
0.0970809007252933,0.4951597489574545,0.2855477451200284,0.6974904655519688,0.0234741035773273,0.5953412464848633,0.0824217163481767,0.5128311066031188,0.8093592691722458,0.151983176,0.485013564,0.56
0.731251285850843,0.5175423787662209,0.22250461907263,0.2607881388243124,0.0591128435808492,0.0394736497754878,0.6209941342938692,0.9413026706684684,0.1158055936800751,0.216517996,0.123998366,0.268965517
0.7878192190121874,0.1786177001808646,0.5600724712044408,0.369322876646574,0.8218650162193,0.5098818837141748,0.5084209243372209,0.1185792802986134,0.0566093965881955,0.126097688,0.286655325,0.0
0.5200797867209925,0.8157074622260995,0.1527206522923171,0.5995424258810287,0.8203436565384021,0.3128982123705851,0.7600703219851106,0.9504821735800542,0.8237210948465652,0.563526338,0.436131003,0.48
0.6304786011893747,0.574720103845874,0.2215476603008955,0.2972132487048878,0.4142262972879162,0.7352602383986151,0.5621609638400836,0.7892178747509352,0.7314890571898633,0.279205573,0.415015263,0.55
0.2162308542769813,0.0516778330674602,0.99464851975089,0.5089381092565771,0.8696715481259536,0.2795418597749494,0.5435240787989449,0.4790196224759975,0.8372253676518306,0.114463769,0.13281568,0.0
0.0814561462271086,0.5805450516003687,0.2534158906117382,0.8420072752168661,0.6766718513832441,0.2671319697640709,0.9154428561780594,0.1296801278935558,0.1857401088905076,0.299892984,0.202284337,0.567272727
0.9924437075494268,0.3744735992155795,0.3587359885246637,0.0276717876542362,0.4356055600393884,0.5760303774016424,0.1951827360079938,0.3069400951516543,0.3065074485120389,0.124196426,0.496138804,0.52173913
0.7760415108004547,0.1645549409617244,0.0346920489855997,0.6683530957613374,0.4792066542648879,0.8791287399737834,0.2350771411031905,0.7077266735106912,0.0810151355466006,0.092286084,0.579907902,0.0
0.0463643332101862,0.514349952293543,0.8073876684807935,0.0177160366630748,0.8615319998279891,0.8058521545219169,0.5378797108861769,0.2739874379877972,0.1219768599784405,0.312572576,0.269648606,0.45
0.0468666405202705,0.305271129605824,0.8912711977546846,0.1654357095760099,0.2636945005812366,0.0233084953728207,0.3195570110983748,0.9791547289602004,0.7035305972068717,0.12657606,0.018135523,0.0
0.4625228969175329,0.4429028907526847,0.3173823965149863,0.1891050280007313,0.9726383680163048,0.9896827015166416,0.0952642273700011,0.6573961909803754,0.8071276831885956,0.128308027,0.355056114,0.08
0.8535544633930076,0.1419045297524057,0.87273446394113,0.9685605442265844,0.0288915393300156,0.6053470453855402,0.4914779005348423,0.9616764136164274,0.5355643162960324,0.101747449,0.629680113,0.0
0.6261234529183,0.6841119894012936,0.7718838520994794,0.7881994192654763,0.1695151491835712,0.7515105636671693,0.0500481319355795,0.1745436311654788,0.5007188006568122,0.300547068,0.501850986,0.171428571
0.8665839479123628,0.9163066909385906,0.3628660764468518,0.8062268105358401,0.3830115964338006,0.704464129516878,0.5844856074745194,0.5097911778745683,0.0016031440172195,0.685589678,0.249060577,0.73125
0.0643372520896101,0.9192510258397212,0.0368739469873796,0.2245499508232883,0.4749135002086238,0.1680438314567458,0.593133364130449,0.3899190463080721,0.0507073775321463,0.572020678,0.114894769,0.851162791
0.6499024816973866,0.842862196515772,0.9801979518373456,0.1555730544989062,0.0605190242797728,0.0103348859520084,0.2972831660012565,0.8903688652557065,0.892258938657408,0.325614288,0.083448976,0.666666667
0.4172684834893043,0.2280072827910013,0.9528044685380482,0.6810446477683353,0.7853484783086514,0.0923277706139685,0.8005416223782879,0.6104030936019255,0.6346245140071292,0.145902256,0.065436523,0.0
0.1235553184683072,0.8126512726647017,0.3537036761898622,0.2089366984907895,0.9461627689995395,0.4200622379291581,0.7390383449871397,0.87623414525475,0.2380475906202203,0.414553873,0.320347552,0.577777778
0.2727610896336787,0.6573380817186878,0.2990115875031609,0.100652421755682,0.4494312249746391,0.1041493825809233,0.2611432020360592,0.5532920649157602,0.8515774101554656,0.20926079,0.084852968,0.36
0.0570356608629829,0.7515154870748636,0.0023517814626753,0.1300842759068319,0.2628451156337491,0.8460710870750427,0.2267080725667286,0.9427173799049536,0.494981238509519,0.199554811,0.125329459,0.0
0.5672747374070436,0.0566708912178728,0.3141067050615055,0.2751271745664163,0.2191632222410927,0.4604722446350129,0.5888983817676429,0.7997816158963386,0.3225327105014607,0.090222448,0.326573588,0.16
0.194658281582528,0.4833714291405812,0.508952901724765,0.018269079638866,0.1250293723496831,0.5730587958843641,0.7304743516642245,0.9424486396009948,0.7983596987097517,0.280283872,0.353635356,0.364285714
0.1149809310110788,0.7723352436377208,0.3342723581348283,0.0270773051750856,0.0808704210627948,0.1128116720797893,0.6423521418631257,0.4852044051990869,0.071067630641821,0.34838795,0.110550261,0.794366197
0.8909680268497262,0.1953867683680764,0.5946818724906356,0.8092739967379797,0.1284355936691069,0.7254592039317896,0.6037521851808698,0.9515712959590182,0.2260504438696203,0.105902213,0.542304414,0.266666667
0.7161191909419898,0.3617601345542506,0.57940105444732,0.0816933337307206,0.0798425827685396,0.9549284953041642,0.7701553452906007,0.1851318529289615,0.8412742503038505,0.187976276,0.505848407,0.085714286
0.2067051601867994,0.2326677939673617,0.183632907251555,0.3297328773356176,0.964060593841488,0.0645518259974317,0.1353875266458554,0.2336845110745937,0.776523366219427,0.11045798,0.048820109,0.48
0.5145548206203809,0.1956999349604861,0.1691454062822543,0.2316276090570872,0.6512287698888526,0.530801367688536,0.2000005279248456,0.9054915607618806,0.3989011926333043,0.086870629,0.45186984,0.388235294
0.2368107880895388,0.7209377597768609,0.2909865272637284,0.1466171337109001,0.69760355893592,0.9841372887847152,0.6808035642482205,0.6159933206933558,0.4172525763016387,0.29317779,0.461534898,0.274285714
0.6886656367139792,0.278259497659196,0.5613879581473261,0.7610878621889294,0.920055101597852,0.5031450477446778,0.2224735643383563,0.7872097477576538,0.854460844430619,0.098895229,0.469244817,0.0
0.1588733134888769,0.9915072488617656,0.5500792382589457,0.0432584885866227,0.5631662844899592,0.4718779129125597,0.4770883635741093,0.7911925055272163,0.6884432642655579,0.311852538,0.221655182,0.0
0.5754326245580987,0.4962991544391907,0.1078917078880279,0.780120815586385,0.012104126763818,0.2580258130529004,0.4077924375644209,0.1671970010601432,0.392840374776267,0.089985888,0.320403129,0.218181818
0.3870561449407192,0.6024811781080583,0.5735181088598568,0.6403079199291245,0.308955225620133,0.1233887494815497,0.958639966023384,0.6175289129161455,0.0045958164309047,0.277291331,0.122173046,0.638709677
0.7083242004416218,0.6296830284700536,0.8179825731585358,0.6748630672076414,0.8663790441678866,0.92109329746114,0.4539644381162928,0.6099266051887408,0.3183708754120639,0.226958985,0.522076071,0.369230769
0.2063928849396828,0.1406695283214376,0.7564662446995475,0.0149348702271641,0.1579278284470857,0.9681747023245738,0.1407409332710777,0.1297653458591696,0.5235463525652675,0.078474187,0.392657584,0.0
0.0583684970244559,0.0611951799362348,0.9770180022841392,0.5474540018517272,0.188647294359651,0.7276681131588822,0.7615892477453726,0.525969171187761,0.3866345232401988,0.091091872,0.285315679,0.053333333
0.7854424731239836,0.8014452483001808,0.5309073939442964,0.2137167112535017,0.906269868883199,0.2223986807550062,0.1823077416301169,0.2844904122522206,0.5291183143890098,0.311197989,0.420479533,0.64
0.5968051378789776,0.9206717995805888,0.2835915842434541,0.1858943277414869,0.5754197090108372,0.4008939539741928,0.4804349584719266,0.2739722832424246,0.2239023459644601,0.315234638,0.320075912,0.2
0.4315307378618249,0.412978365784964,0.9798502838333066,0.9772974917339416,0.7610254435775495,0.3714246024574468,0.9696986741261931,0.4474164285169243,0.7827778122550377,0.191710001,0.317221164,0.0
0.4534800227854491,0.2884550626522083,0.3037741438156467,0.9757211511983476,0.7775921973881095,0.534737928731674,0.3946207541882043,0.7301630683397945,0.5124568507616387,0.100255993,0.330650035,0.0
0.6072434319767966,0.0895262517462643,0.4872546037872988,0.0887917783769987,0.7489484556344712,0.1491221711816461,0.888360303582078,0.1945700866386253,0.1803591313111304,0.112219756,0.340103005,0.666666667
0.5424477806649407,0.1164671025776939,0.5245297821672852,0.9775665029290576,0.4392286536312211,0.8514582073725707,0.6162219434127418,0.4440758207125221,0.2148294399115721,0.09606969,0.518601247,0.243478261
0.2553200188913227,0.5573534032807342,0.3228033445895185,0.6093015717863165,0.4203398117899243,0.4426154086148796,0.7486819686829692,0.7476870038073413,0.4026668124172994,0.236842169,0.224278081,0.0
0.4114887369981376,0.9771143788337164,0.3545497657616624,0.3340494175029573,0.4787780123635029,0.532934893451829,0.8995926662584651,0.6291229182279049,0.1930382223157873,0.57831818,0.380636326,0.133333333
0.2429155364110795,0.2183346315049433,0.5537226501311274,0.9864530596787564,0.8513611254636906,0.9117937289959211,0.1921935456480075,0.7014040001251935,0.7326285541025723,0.05833784,0.507597548,0.352941176
0.3346256045206799,0.8277863276644313,0.1668338999079043,0.5791051494608991,0.3331525077512898,0.5478706891826879,0.6637926535552524,0.4367840870712378,0.8359308851737433,0.634176841,0.292694273,0.0
0.8985675727429997,0.0152750872443566,0.6723090414724813,0.3272796706368279,0.4478902333229201,0.4573134131472856,0.8407411038905669,0.3005947200266852,0.0262168811147027,0.083202334,0.421105679,0.619354839
0.4092531255315004,0.8668945620690433,0.074508949322363,0.4964791732918587,0.9609305986367276,0.5812248978968418,0.7630996565377373,0.484947215330924,0.9718471400393852,0.542509437,0.387081187,0.626865672
0.4361159767535588,0.0936299823303734,0.6919371739333152,0.92560348604694,0.7563262655959646,0.1186802868756191,0.1362475253064623,0.245407481882278,0.4624754976180537,0.081241992,0.268310592,0.461538462
0.0386614238573211,0.1503277844346287,0.3329917621921517,0.0256551322431233,0.8922339014350017,0.815494603669369,0.9351574928115866,0.1638692994694197,0.2782711222308223,0.135170068,0.289264725,0.436363636
0.1975396875856833,0.3575932139897407,0.4627418631188603,0.7198740630651609,0.4801995281601047,0.2134027283881899,0.25695766830367,0.8476804438024109,0.0518390063577159,0.085692928,0.228147431,0.85
0.2517069612204006,0.3038105906384556,0.8230106423917926,0.2392074051085283,0.8141258442477525,0.769709847243017,0.0914212965328867,0.7601379819602994,0.6692106595201478,0.123114874,0.423846856,0.327272727
0.7011727110993476,0.5996412359037712,0.0272569982568103,0.9735387526782492,0.6568249791874778,0.2209845561619055,0.6989474134435991,0.5716938092778475,0.6010636432604298,0.312307826,0.273280072,0.0
0.324493658115829,0.6156042338691653,0.2906752594198281,0.0425056427264659,0.3465261593173228,0.8961363057595754,0.3817198154087374,0.0275318753459068,0.8973047690373582,0.185855147,0.517607324,0.6
0.8849316246490516,0.9426557173170672,0.0632666176504835,0.2096868856098362,0.1883413486196448,0.0330214995086171,0.693329318796319,0.7625033488274245,0.5123961707496392,0.638237005,0.243339696,0.692307692
0.99063336665736,0.4476296956814196,0.8736793193857473,0.6291123530212372,0.3411691489450932,0.1948200939673456,0.8347442869944622,0.3083660903261648,0.7981611180641112,0.259911662,0.309769921,0.0
0.7801759843616192,0.0846086575108977,0.2654424714142596,0.5002081121634402,0.9423657195296826,0.9403348774369464,0.9268449601945438,0.353995858400883,0.9433253723945172,0.125771722,0.489726025,0.422535211
0.1929341961050514,0.6575273776105909,0.3692931707454314,0.4626943451719487,0.4882104372491955,0.6964083165727899,0.7159730820146776,0.5709946418922776,0.2588866021498444,0.341571071,0.383546287,0.0
0.4132396910535952,0.7609613517588777,0.1689175788044834,0.8007746955065881,0.6002744077750164,0.8739387299388305,0.1355392141395632,0.97376799897925,0.8461401308578936,0.273352125,0.543106098,0.12
0.7279420529432379,0.4287322081163506,0.602000948845226,0.5168222074085381,0.3902458994360225,0.1535187206219012,0.4054124374032443,0.5248066595489383,0.5892819463248589,0.111176987,0.277509876,0.675
0.2549904117532053,0.2079570754175405,0.6625345773665774,0.1416781000688024,0.9603158775067856,0.8793214491444111,0.2201458779444138,0.9902881085530514,0.7746046534503058,0.096165667,0.427896552,0.0
0.8857321439735782,0.4545227497601986,0.965511534794946,0.2907117860464466,0.9003361802366815,0.1750472996487674,0.6971025761251062,0.6511209825004185,0.3948235643222902,0.225831293,0.367806939,0.441176471
0.5449989632254513,0.6934319871928701,0.8186159328794386,0.1254265059055236,0.0098793714735244,0.8696429043124898,0.696799648996554,0.2051967189718428,0.9699350103609174,0.404019097,0.535900591,0.6
0.1234791967938033,0.8382376195402235,0.7531518673787525,0.0344034646993579,0.6150863648843801,0.8709624474684933,0.5652329931942329,0.1794473901847203,0.3374417010507623,0.599087256,0.448536671,0.657534247
0.4177187336298111,0.4135927522556875,0.4615863060414301,0.1149375185662364,0.685404626618201,0.3911851737001925,0.9035167909436882,0.7322078356268135,0.6303055127354853,0.254914292,0.413071909,0.605940594
0.8583785469615587,0.7376280688108332,0.4203105303166577,0.9367558406803362,0.2460629153624697,0.8851384461226554,0.5096608774684745,0.9682301727850894,0.0900298680571164,0.283882808,0.543543623,0.411428571
0.6717346675615299,0.4956916762254096,0.4542363377006082,0.1679868925506039,0.1490257343206823,0.7518574976290646,0.6058616286769786,0.924167240370666,0.2701162817155069,0.270661753,0.471433281,0.082758621
0.3053411862877375,0.8599444827974454,0.4578927579983082,0.7289284400743945,0.6187241274672743,0.1527981692126039,0.6994372028999973,0.4569255651668941,0.1432759703186887,0.469567678,0.227176881,0.504347826
0.0152927266438178,0.9604661609972286,0.6984639252542907,0.2621059636187961,0.7099237300943626,0.3755499189078454,0.3103552766074946,0.4893239103824518,0.874970577104438,0.46645255,0.066808146,0.0
0.5456504653845581,0.6201576124795588,0.2994869203358454,0.8997504614843865,0.5356890017602511,0.469134146343106,0.4935937556376918,0.5602122756350658,0.3911116513362939,0.16017175,0.351731768,0.189473684
0.6142121531990973,0.90376045820739,0.3835772205905515,0.7589133194765173,0.773282263019088,0.6372563717302968,0.0143650712034394,0.5470412302966747,0.1298522072848403,0.310499099,0.423475988,0.0
0.9528921198429208,0.0252417808209234,0.8927065282747386,0.4918576834305993,0.0099440002843413,0.4970496057607715,0.6274636801027014,0.0967223157579844,0.0343442330641701,0.124094657,0.549374945,0.336
0.9881423709145414,0.3448374006271952,0.3759763339909783,0.8014796891499937,0.0210755642924594,0.9329730518646896,0.3706587612106657,0.438004560882516,0.9834068839400526,0.170241682,0.212050027,0.2
0.229945448399671,0.9682109423427564,0.093355007273965,0.7281788136173926,0.1231418752979993,0.9823245156216696,0.3451614761074449,0.1252269701382855,0.4460395232172606,0.372646674,0.418934541,0.0
0.7140153733660106,0.8289418218604522,0.6460676786200914,0.4746143399001682,0.0359372772926135,0.6259432683592729,0.9954230414814134,0.1944606281427621,0.7827281971654074,0.533749376,0.537035613,0.557142857
0.1588343406663676,0.8398129738708385,0.6778046251333358,0.0658549449620691,0.6404691068648957,0.08729417783774,0.3574151845065207,0.8441519514155231,0.0620607316859006,0.390231754,0.076944371,0.533333333
0.3757096575395289,0.6352854549856815,0.039653737354792,0.2813717554573097,0.0237463687093322,0.9827937038424291,0.2675413185121427,0.6630824445675747,0.4230153235157433,0.136702986,0.560093666,0.257142857
0.7063804145930939,0.3408710733153962,0.8679682476095053,0.5984125776924095,0.2044254159838386,0.8473282396168519,0.075760798070967,0.3903887191772155,0.3283972728622794,0.102551449,0.474557602,0.327272727
0.0585525639925517,0.1286001158615808,0.7974408965554335,0.98374534811018,0.4277628469980182,0.2009570041977194,0.5575793109544767,0.7720979452985576,0.8051767961399452,0.143887094,0.17813205,0.514285714
0.0698242885307953,0.3207336868239371,0.8292768792021443,0.8483112592700112,0.5714422883736433,0.2679352912949269,0.1293334260413219,0.1875760446921893,0.3347966877328573,0.116904358,0.317771093,0.705882353
0.9217530627058692,0.7452708122095798,0.6622818190009677,0.4620632917248888,0.7877738690046479,0.7636087089544912,0.6280716352891895,0.8552506244245953,0.0377231345070809,0.520962748,0.50316556,0.0
0.066663042627557,0.3335114637106803,0.7660318210446315,0.8747318839154132,0.2606192107650197,0.3535536043258291,0.02383149976324,0.6051115657869011,0.4430396220338827,0.096227927,0.129548749,0.48
0.3347538970520272,0.1263435579621092,0.5032110086081852,0.3635126142108249,0.962204325641206,0.2305593919359477,0.336671603766068,0.7933410739526396,0.5737706938264429,0.061283498,0.37286524,0.692307692
0.1970626005652241,0.286077964903756,0.6902225869247517,0.0328932050474652,0.2002306280342491,0.6718443876145787,0.9140522879231204,0.6662079016026926,0.9879640066192452,0.224466695,0.327741275,0.057142857
0.510035965164164,0.8123314399015164,0.3433207126712845,0.6466562083384639,0.362601948347121,0.6902234920909437,0.4991992379898623,0.7969565925813568,0.3602980387768054,0.176835809,0.284977095,0.0
0.7192209366170869,0.5528287845936238,0.387624271511116,0.8527585689044752,0.6847130241700999,0.9485893668122,0.0348925261832695,0.2896806068063121,0.6683369430763828,0.118723721,0.657195831,0.0
0.7263574148987461,0.795966425825231,0.8795128873141895,0.5153518664441908,0.1807979570458369,0.4484437125840504,0.5644302446772497,0.2379958292388224,0.7868173824716445,0.526005958,0.392632458,0.649411765
0.5835305039338452,0.4498605361322506,0.6037302469317718,0.4473774329774777,0.9612667238028088,0.860618132379234,0.2079164472206723,0.1814771012723274,0.986520669814694,0.164497136,0.443008144,0.114285714
0.6671799241323924,0.3108654258081541,0.5713623499408564,0.7769730616246171,0.5684444759964558,0.2369116306766,0.4308487939295258,0.3451575508240878,0.4553945289683602,0.140212259,0.312489568,0.0
0.5206497256616803,0.3636817599475178,0.1947097273125303,0.5776003369114806,0.1406684906803711,0.226898378566538,0.2559573153073762,0.6854834757538356,0.5633754454660104,0.096620564,0.408001495,0.413793103
0.4128375551737421,0.4925624761120474,0.2450856534446838,0.0195687707338608,0.4242039227211529,0.5028437880896935,0.8983462613892547,0.0298719680384507,0.2112698084705327,0.217110085,0.398913718,0.309090909
0.4608661117950753,0.7569981944929514,0.5957461371361886,0.4096069091875357,0.661415483913138,0.180755294538217,0.5338947050827617,0.7714731431994557,0.3759478615775335,0.416688589,0.331148691,0.48
0.2344641241088871,0.3961343308418038,0.8264310413602369,0.430248278123744,0.545116164909263,0.7831938879088978,0.3781844739703707,0.6893990265119324,0.1606661130652222,0.148635516,0.263228233,0.36
0.9266608091081976,0.0239975871076741,0.2257306948783851,0.504256029823629,0.07572831898517,0.6837995088304236,0.7420673231095088,0.0427243605559475,0.0757118631263799,0.09943972,0.42356142,0.734693878
0.3354849292373838,0.4929069836043334,0.5050435131787339,0.9475126775039306,0.5681485862349017,0.1769640038713257,0.5135244207779198,0.0101996879907187,0.5244594216828831,0.229661595,0.192433758,0.109090909
0.3065838214614578,0.8196930212788142,0.5115223889502818,0.0555417628838358,0.3403393530055083,0.4271784078528753,0.8966277376067584,0.6849478397499228,0.3717084348793783,0.440371208,0.413848325,0.52987013
0.7798894595460912,0.4210034001262441,0.9097347027841298,0.1455449571384742,0.9785867525912524,0.2608424015602079,0.9670629780329554,0.2715121740061763,0.7369414671782265,0.268261675,0.343619841,0.514285714
0.6485819623029707,0.1480609112558912,0.3624113552656451,0.3078930708304902,0.2132337497502184,0.6252203062511222,0.6798214398714407,0.4995876277131058,0.8729330285789465,0.155564727,0.472907692,0.06
0.1970010258678513,0.105826798551173,0.8968129135878199,0.7491902021838044,0.4159363123544585,0.0953961174915443,0.6534864861558614,0.0861120984827032,0.0095840618690131,0.083671606,0.133919335,0.757894737
0.5791215227778052,0.5664273625481229,0.3537288264488307,0.8113175267169305,0.3620968475674387,0.0425819879524188,0.5259991663194206,0.1867838314599926,0.6032069898900752,0.269455414,0.10899512,0.12244898
0.6750743052558473,0.3844102587836067,0.5513247933153786,0.6669069284898727,0.3576293406093546,0.8073196588977112,0.3091044215011075,0.213655220863231,0.5436656675477607,0.101861923,0.546336911,0.171428571
0.3594776547393333,0.1613831929813206,0.6081123309956288,0.7365855491915461,0.1729947610754902,0.9445163544296532,0.6723662110051912,0.2062183045030005,0.3465366183539433,0.1193721,0.673184625,0.206896552
0.5708810074189458,0.4746237564466794,0.0545086061002657,0.8406914548809049,0.0255205284100442,0.1326231060515047,0.4421644623057258,0.0525949013626372,0.4073079959621319,0.107071539,0.122971563,0.0
0.9161637755831262,0.6730273493126752,0.9239640085508484,0.0252386103877692,0.2472649809518035,0.3751054808195815,0.5428962961367094,0.7163468117775205,0.4647830300424241,0.34755976,0.467434461,0.1125
0.2277085579670619,0.5872324165880253,0.0288622847056864,0.0808420062884448,0.9397061262206542,0.2462765710499215,0.8396619328063013,0.6200414304345923,0.3872047953067515,0.246290438,0.264908359,0.414545455
0.5748169815548964,0.9659392999432822,0.9537304983534076,0.535753823065041,0.4703685065438117,0.6173205727375406,0.5122147876566088,0.1486005076174923,0.1789025313147164,0.668056179,0.523715603,0.608219178
0.4886246201002839,0.1292151265775287,0.9016450014259868,0.8280702838802455,0.5784757901514751,0.7720617282471703,0.7340646802957898,0.2327173476698458,0.4321081777775102,0.115347667,0.418472799,0.234782609
0.5735288134483922,0.2463019850947215,0.8418262214902059,0.9237001899626496,0.938663035203858,0.7224707355742658,0.4921877068159509,0.9437824580361318,0.3079303660356932,0.083991436,0.525993761,0.0
0.2527458866460988,0.038967294665255,0.2380928419296625,0.3001888426670457,0.062088922187058,0.9629968683440528,0.3853081564539213,0.526521167800486,0.6618604218028677,0.077661289,0.473518322,0.16
0.9711134353789972,0.7812499058628514,0.1006829772673607,0.3576855030723196,0.3603840068672577,0.3455836318326817,0.2355798859402668,0.0250460730678837,0.243114235436792,0.312799175,0.618994973,0.133333333
0.8989874579578201,0.2088839539928886,0.9998267234218956,0.199121948552978,0.5912711038683085,0.4555772356407207,0.2443883437295086,0.99631546929087,0.1084793652276872,0.08993021,0.388849542,0.15
0.2947499560299224,0.6138338266206392,0.7749085387045436,0.8289422859579677,0.099047944857206,0.1965167263625145,0.5334699287972309,0.4751382609618025,0.5380591183213852,0.297061085,0.251674309,0.410126582
0.9005803795897916,0.6648946785650467,0.5439773227260363,0.7181619877461564,0.8251758292084497,0.0478066614546364,0.7992250154592213,0.7076286151994593,0.9644320504377316,0.393730623,0.193492654,0.375
0.8246986391624566,0.2095538256280449,0.3244062632602634,0.0102401618402918,0.6261059582781824,0.1356635305101141,0.0151369580860974,0.4582005830050835,0.9921852170200745,0.096684323,0.298212814,0.571428571
0.1774902327270753,0.6547872360113335,0.6914257533637493,0.0865534380664794,0.2085884481274801,0.9155505122390362,0.935954825087596,0.2822015700338018,0.2543521574235065,0.318538711,0.457097356,0.672
0.9804962624601068,0.5400721964351242,0.3513375463028959,0.1428001081387575,0.1118392669176514,0.8046454114153073,0.3013086134904057,0.406516222355841,0.9555160490589438,0.202908311,0.620070746,0.0
0.4040226932594278,0.114797408886457,0.9691784935025524,0.1465517402120485,0.3531628327140242,0.7121968897792297,0.4599348551967569,0.0057561677080264,0.7261316658859542,0.087602664,0.507963097,0.245454545
0.4798290309988957,0.9745502214988048,0.4655004314734434,0.4043749392915037,0.7697380181510318,0.7618973032652907,0.7161109261558488,0.0128819873465191,0.5290222924131824,0.784500507,0.491271569,0.664615385
0.1107844192300565,0.503031493229818,0.7884992071466231,0.4388780738129767,0.7398292472814593,0.0710719406193853,0.2297200373043572,0.3018539936476958,0.0261287807752946,0.201503963,0.036063965,0.0
0.091478867816893,0.2516958425265158,0.1725369466597047,0.6134271530745955,0.4392274805883569,0.4649962246669559,0.5855662574314964,0.2667346305442587,0.5160619543122085,0.129124392,0.291439812,0.1
0.9708654908100462,0.2770206820404871,0.2783234793404524,0.4022358804145372,0.6739012660000533,0.5306844836658138,0.9197942196655948,0.4887651937434513,0.7745800299862514,0.199272069,0.450155739,0.48
0.6915158394568789,0.4400791702006419,0.4660750184532509,0.0662298320955303,0.6535988958030926,0.5843883136012546,0.9231007809806524,0.5267600814191028,0.0860488887730746,0.17915527,0.413931316,0.280851064
0.6255996353602247,0.8256490985083036,0.1141133089785414,0.5817662994399588,0.6105070775992685,0.3035263799628623,0.8662630170264712,0.6306979626135156,0.3613279213457436,0.347633054,0.453726708,0.523076923
0.6109863363342379,0.6740715172078842,0.6592324728918407,0.4409027503503836,0.9982389693957028,0.9467835205188796,0.5451345628602212,0.8625000790057035,0.8894222541340705,0.407942265,0.563969144,0.15
0.6328296621579447,0.7684891587252086,0.1922054895785639,0.275237867029525,0.8432010641271505,0.0391731688023725,0.1106999647782867,0.7696935970129001,0.5453921114180513,0.27635716,0.152994389,0.0
0.5341213815970289,0.5982904363993425,0.2829698891778156,0.6944684642439253,0.8421796602235812,0.8617530636676891,0.2565179674993592,0.8950451125157844,0.1096435763680981,0.173298083,0.508014313,0.6
0.4107133033396721,0.3104128453920199,0.3336587138928191,0.555228240944211,0.7290587872305406,0.2462416844290603,0.2672912183339496,0.3972784212545791,0.998920090226708,0.112994605,0.338480999,0.714893617
0.8268572306948204,0.9655646762132074,0.1745288992458195,0.694329817920976,0.5169023313383917,0.0031971332371586,0.0417933995910386,0.9422293349481372,0.2661608348248665,0.204739165,0.095624906,0.461538462
0.7040460533837419,0.5057689544996474,0.1571846373600894,0.08691690834155,0.7814111845137438,0.8511465804937156,0.2060968468117162,0.1701153137280834,0.8280420055700136,0.238092117,0.704073315,0.2
0.5960878040490972,0.1684740413645128,0.0332148737190217,0.0787634717868156,0.0873603404053939,0.5011284000991874,0.5398115367347192,0.9720122010994612,0.993454195110459,0.139862583,0.458096521,0.3
0.9946962552598962,0.0199589526173561,0.8777337342285845,0.1201516743923755,0.4017050122767441,0.751273422690141,0.2575342690637304,0.4139632696037948,0.5314310165479619,0.056735283,0.576328088,0.24
0.7610993909157437,0.6393276743489431,0.0929074501514026,0.7854751618205967,0.5597129522194326,0.316416537918101,0.0770768076081741,0.8666635520963671,0.7825692646505472,0.146741085,0.228425149,0.0
0.7674577484333759,0.4918078690550536,0.9142738361452782,0.9672771710993412,0.7027475438302383,0.7375521060026553,0.7673176334825718,0.4719530320309033,0.0915732719652645,0.244572972,0.454215908,0.109090909
0.2018212611872021,0.494498307482526,0.3293231036771213,0.5281016271074821,0.7768164387146733,0.1215531784866955,0.8242226868815944,0.3151914072060779,0.1228026659563178,0.161265825,0.111726151,0.175609756
0.4298110311972726,0.8514366745726343,0.0016439482629357,0.2013453947510427,0.5801604278491461,0.4196284662162316,0.820467959581086,0.587663051784915,0.8015115915806259,0.450648407,0.26604836,0.165517241
0.8673972376918987,0.4173569019014886,0.967127593722588,0.233331504769044,0.9923104255501848,0.8356176768890691,0.8675442251484444,0.8640200085584803,0.590544452483855,0.196954766,0.549653669,0.125
0.58763677280449,0.1878282775525628,0.7313214492618147,0.8723128222728239,0.0396972074587506,0.7593468454150303,0.8593503570540925,0.1980294172064807,0.9874939090800032,0.155821447,0.592874144,0.137142857
0.2799681802162445,0.3377714265914592,0.261296277592472,0.2547105873673314,0.3611537610232432,0.6995796234057833,0.7048268528785978,0.7097382153795899,0.5453037813926264,0.138871941,0.385782965,0.221538462
0.3798378907822062,0.0309095960699231,0.8565804245281856,0.5122545959489101,0.1737037791985308,0.6885220633876629,0.1795104287095437,0.6791516103522675,0.4766510791468631,0.05096906,0.546547358,0.24
0.7410284401191668,0.4599277089034028,0.3521179076285287,0.4914273623899551,0.8531627471937563,0.5655549006100381,0.7589961201827405,0.3268115567026072,0.9305747314388938,0.243387922,0.509060888,0.472727273
0.0153183513957007,0.0531517999011639,0.4104663067973538,0.915187044289948,0.2660605061010993,0.7471459469648213,0.7616339488371022,0.2959617312839172,0.1752016367915082,0.071362402,0.270354001,0.190909091
0.2863788092555551,0.9283038190265908,0.3827170333322158,0.6322618844699848,0.7186124948252188,0.8169630640843947,0.6997007315181841,0.6711853706518013,0.7413400108856772,0.465477912,0.457855727,0.287323944
0.6775257591194717,0.1456264025086249,0.716740929959775,0.8259421833482985,0.9745923452982092,0.8397264197640506,0.6780065849059419,0.2378722514082201,0.6612967132439047,0.111892845,0.465711351,0.313846154
0.8625292377416127,0.4656649909406195,0.6473020679109315,0.6678700489545205,0.0160880373308157,0.4449471081568966,0.9132684230936208,0.3440542487571588,0.3224851660491604,0.228986871,0.369310148,0.0
0.0065507677932051,0.1725329888057409,0.7974782831676763,0.7731917578370477,0.6049381897405794,0.6056056518757199,0.0929076869246772,0.6020075705995457,0.6630632758323354,0.073155936,0.362015974,0.0
0.6742135398250735,0.3503196675035693,0.6804978576988578,0.2194456081614673,0.5481139593250978,0.3279165521362693,0.3343381382407157,0.2404982000361698,0.5565232465875507,0.138057254,0.459866272,0.631578947
0.1252937500837646,0.8550873962840196,0.8525839374059376,0.8045979387681468,0.0332296850156119,0.1884053253409058,0.2696485303325872,0.9016238628079152,0.7583590134874504,0.294316701,0.128260935,0.461538462
0.8960319980473881,0.8661546512025604,0.1854921116867467,0.9368068751930576,0.8568632993726435,0.8235553905524976,0.5570835598740955,0.0278218524725949,0.3422115145528579,0.401224727,0.473832415,0.171428571
0.9170296363231252,0.1539714190925321,0.9336096948425634,0.8619895881843572,0.69034788023623,0.8653651820957817,0.7128766140408538,0.017693007887384,0.987233284820288,0.19444384,0.550558551,0.0
0.3612453231269901,0.1898739314190445,0.54108441137797,0.7327216739144102,0.2459317426287939,0.365491451313204,0.4826292120880697,0.6730200582093805,0.8870999869055224,0.099119493,0.415484251,0.156521739
0.0639827577916762,0.5891007608166612,0.1479933725103347,0.4277375315274521,0.1873898585153814,0.1304099279445763,0.9772745892452854,0.3510125722528973,0.7958104656572175,0.320250803,0.065578242,0.609230769
0.6794971915082679,0.8444741245326984,0.1187059238435601,0.0135140806785707,0.8020486899087739,0.3323026498683629,0.5315947817780872,0.367444552017534,0.4444719441896169,0.527387302,0.365291761,0.133333333
0.4543802311218646,0.1577029275194169,0.8319109694483547,0.2273031999873576,0.2652495231876386,0.9589028575231549,0.1998788313379905,0.175558090698738,0.0268093167599693,0.091271376,0.590391039,0.189473684
0.6663942889558474,0.3315290163737328,0.9713578118377432,0.0066414564377111,0.5600256806134866,0.1995719563166266,0.1268488738623714,0.819071145699493,0.08189221254055,0.13540741,0.23481402,0.624
0.001818031938608,0.342684695095848,0.9573865362379232,0.1691517877035123,0.3684173451487457,0.681448782488706,0.0355285383731464,0.3024049059071944,0.808403004717661,0.095571038,0.313384498,0.675
0.4247822255435559,0.953610389184138,0.207536949562838,0.7107495293273393,0.5782864059848769,0.9636448650394404,0.4125144212806775,0.614630916471023,0.7675898062967089,0.350132176,0.520931147,0.0
0.1177970738035937,0.2970254208195948,0.4326453661981256,0.36344655073813,0.8784939655608144,0.0673753391203305,0.9267068645508144,0.0308974079661272,0.9905537246174784,0.199795171,0.101576912,0.517241379
0.7978628279062395,0.0100200456954488,0.1374015369617064,0.4441434200931574,0.1406109108677508,0.257619959591305,0.7080914068223424,0.0628719250780844,0.8683882839731027,0.085019607,0.50028348,0.475471698
0.5359538412134129,0.5265479176982639,0.1328473736583668,0.7091081347319613,0.4509931898939765,0.5307169662720955,0.1639969010704267,0.917129408301959,0.1156841586883744,0.150456561,0.509956596,0.317647059
0.6484439742290601,0.9943784970280224,0.347475375667624,0.4878813988505557,0.611976163985583,0.4080901302516074,0.8156867767455632,0.6837463133227645,0.0567630883686802,0.514058773,0.429397368,0.354929577
0.8329147081585977,0.5054427473294768,0.4508372563086804,0.1987774559581047,0.212352182549483,0.6723946942151328,0.4154548847272722,0.7185581772389548,0.6028171498489217,0.16798847,0.626979183,0.0
0.8174726744338976,0.4108403831549345,0.0755595078659129,0.7729908385362562,0.852800179434028,0.962067875709506,0.5149089762471477,0.1849324388207854,0.2442192488573201,0.185981001,0.539431214,0.342857143
0.9582473892858346,0.466550794136321,0.3212755439955207,0.0333421589294228,0.5136325127157013,0.4524165269251314,0.299224245267658,0.5029716086316658,0.9627968910466774,0.158990861,0.465757805,0.514285714
0.45991358334395,0.2434124008718972,0.9647326176484629,0.3279798549006919,0.6350811546844639,0.9233949305882594,0.5187056325691306,0.262943057825557,0.939046487095607,0.165668353,0.477645571,0.133333333
0.2168276028770979,0.6838309968029971,0.2938793528886902,0.2975711280071474,0.4548943707174708,0.5652458357541644,0.8963436544072388,0.1439166939345111,0.5696987664142392,0.331624135,0.362373385,0.496
0.6336892724214549,0.5764079998503976,0.4620096206983527,0.7694778834059317,0.0479626412221583,0.045266296754721,0.2789071407336617,0.5194562619833396,0.6833872630531798,0.124551322,0.053101143,0.0
0.1656158128334199,0.0095265939822261,0.1041417241942095,0.7933655123576463,0.7021052594353117,0.7753219423476945,0.5103565028899507,0.140096411280324,0.5010891353001181,0.074135023,0.401970616,0.089552239
0.8613425118998402,0.1818377646836504,0.3491821960264993,0.010754015196324,0.6276778125126781,0.809467989508422,0.4923077320596383,0.77480690893778,0.0944262021802826,0.089745743,0.495766139,0.830769231
0.8327873076931169,0.7009847183488301,0.588652644187315,0.0373044822944965,0.3396655908888377,0.6767144776219337,0.4790580889667746,0.0974832648263254,0.4136008774437197,0.239956581,0.524160921,0.576
0.1521644198897882,0.348453677705995,0.0169176000586794,0.11326036496899,0.2476617894539896,0.0528315991603879,0.910970582038262,0.0465087681312939,0.8779783459008137,0.206008143,0.071638319,0.355555556
0.269345949690692,0.0490969712631574,0.1181339554046134,0.671301186392051,0.96650345237068,0.8252542773614265,0.5072592613310646,0.4541689266325346,0.2474622815646695,0.056622091,0.346183399,0.0
0.2369255577170049,0.3611266636983777,0.7083739828604563,0.2052626827628385,0.8925724928705123,0.3418152253565247,0.2311557345680088,0.5471545333614195,0.01546979837308,0.129640935,0.171737912,0.890322581
0.3342326146087726,0.5591601833409011,0.6907307263194744,0.4564682329317211,0.1124927974931264,0.6412712623183114,0.799488728652819,0.367081607996009,0.2479539054914359,0.219300565,0.484790304,0.555223881
0.4988820421761383,0.847951057277229,0.7766065280950148,0.4425026484505983,0.1364937005507819,0.1099532595715968,0.9043826123449088,0.6658736724417584,0.849264130581033,0.55587208,0.20306858,0.419047619
0.7392384700611806,0.7443229594460736,0.6008513948408547,0.1784849221303011,0.728278168052733,0.2565193471952927,0.9248399535044596,0.5012171341323391,0.1506983258750448,0.411486006,0.32618407,0.16
0.6053157324541242,0.6869826953340586,0.1232432039702804,0.7762848538256959,0.3280139574549232,0.4341223096882159,0.3441655136099204,0.0162946462435922,0.0496282263993136,0.237396474,0.380893793,0.0
0.0958087380475792,0.320299277994764,0.2773441430349559,0.8637434502702653,0.1564206076529457,0.5811644569518417,0.4850563249331603,0.0359630598823565,0.727726986394932,0.066927573,0.149037503,0.0
0.7512606739541857,0.0671281409261388,0.1169118106683142,0.9654226584215588,0.9401549761360072,0.4276965216959973,0.6653337737534643,0.1815410381245934,0.2398405679219071,0.098628245,0.407030324,0.244897959
0.5298469031768899,0.8960644538701745,0.6694372442395976,0.2990254609397742,0.7344659093723835,0.7513960955212868,0.9779249957843854,0.5047427566831998,0.8336470379446107,0.412304054,0.49571337,0.136363636
0.3282412518772698,0.4385006845656283,0.1609189419140696,0.8310865323705114,0.8180922076865498,0.0950005523998175,0.1567071460245438,0.1419479588278891,0.0711614737424705,0.114897907,0.096535049,0.0
0.1348612540990273,0.6284626882494978,0.4390403931424,0.1871946330661112,0.0719974670294282,0.6222310933646846,0.8088763994268995,0.825878458387072,0.2578774447508508,0.26281706,0.24716762,0.085714286
0.9680713272283586,0.4353557469892828,0.6988844594655349,0.8789293106034938,0.7241231156304314,0.8573437371319076,0.0025814171400929,0.6749643253948837,0.6864797204286659,0.166430983,0.549684193,0.6
0.6183638676813763,0.5313248149929258,0.6345281356216073,0.4483474120009422,0.6111303199198813,0.5203526509474324,0.6820068192271113,0.2376841108331776,0.3747762251275889,0.214525911,0.342989141,0.0
0.5055859282629124,0.0123543073063832,0.8427270097864197,0.4351535664583615,0.8754190933552357,0.6881000289442673,0.7164607699283227,0.5053748539172176,0.2848250796077686,0.121705186,0.403779955,0.356756757
0.4672551659048164,0.9934699284826044,0.8637974434114875,0.8781936094035977,0.909467494061181,0.5011567561673734,0.2365647522990567,0.1575021751911741,0.7465971224859945,0.356133347,0.571936429,0.471428571
0.7992431984600105,0.1916381183548832,0.8916429804984157,0.4067279808687931,0.9741314929082048,0.142986685216282,0.0173915680846974,0.4252029431026012,0.7063847303308928,0.070686995,0.489527866,0.525
0.2208559193755379,0.3713033226382312,0.3373159456808713,0.0044459369262653,0.9880669445064508,0.0503849999306936,0.9867962166090852,0.738039699852581,0.7434859498694502,0.199955266,0.104115866,0.516666667
0.9115376893532832,0.3745603378824128,0.3404786571470808,0.1300581525180421,0.2586637207946727,0.4994287684924874,0.1072896194180303,0.0947872050195268,0.4156229717771541,0.131182139,0.488504649,0.24
0.4115223857222284,0.0102187107765637,0.5508315081845739,0.8724241709348872,0.6829098128998827,0.7812529228913249,0.2085915697775596,0.4846626642097543,0.1242936495960517,0.069088791,0.327806825,0.533333333
0.4274260983047824,0.7656880718457836,0.5896164900430124,0.5470004489930586,0.1465139643161341,0.4696078743645541,0.4984902704116503,0.2383710082339175,0.4465000377505598,0.296249113,0.228895829,0.0
0.9458380726698078,0.7541997893804895,0.7255476256425094,0.5829417444824349,0.6168181345405461,0.8581086136560259,0.0626801140732221,0.3950236089483963,0.0878483370743837,0.262410844,0.673224207,0.0
0.820220135723065,0.8518201851564233,0.8902243321033672,0.4442163128770751,0.6163447189457495,0.107850452129912,0.7587112850845684,0.7276577019555122,0.6271894891999938,0.732766527,0.281228175,0.6
0.2254345695355047,0.5461853664540924,0.4432507144732712,0.606870971720683,0.6591208047944875,0.6628179839616414,0.812790387334022,0.6714571415602967,0.6932943268526865,0.361690081,0.365887658,0.266666667
0.2136985190151495,0.7893962905456131,0.5531892023291317,0.9022219574994,0.7119478303513461,0.7040449058191617,0.5024176459346508,0.0781784890506678,0.1352074384550995,0.405853085,0.321899998,0.27
0.3342099056231564,0.5450014804505079,0.5857623908446925,0.5894484547017408,0.0077174097953898,0.0711531392450939,0.7732610094684016,0.2383448866291547,0.2623324013566525,0.376274132,0.105398588,0.378947368
0.4852912305022075,0.734643582979603,0.7120399753492501,0.8848554095784956,0.7773990620285997,0.4586847866307167,0.1528291807765421,0.1725127808969168,0.6055550055960878,0.190538723,0.43098263,0.5
0.3027484875337012,0.6937464087467246,0.9991564421134246,0.1783414566628961,0.1427912708914117,0.1701303153924075,0.6837358108731441,0.6682581903229514,0.352256393420256,0.372627339,0.218849985,0.4
0.3212669435885033,0.8816623747631339,0.3635685527004173,0.051390829192439,0.2031870955344212,0.1134726271273258,0.3944535809153732,0.3749253903029917,0.5885144225896594,0.360334942,0.145635054,0.738461538
0.0465957060885837,0.5462135237571026,0.0866699025935195,0.0600926021089929,0.5639736536994964,0.2873608445394336,0.1267560511554629,0.8063651141521663,0.7224552605261559,0.201178354,0.174717092,0.474418605
0.9233862499890064,0.5379771684398876,0.4524402231868167,0.558138910663725,0.6611438252460488,0.5103499721666046,0.90076445477146,0.1413082312192871,0.95940010747795,0.321000963,0.619184904,0.666666667
0.0677968797738963,0.7796002714855813,0.8130376629451901,0.420579762350901,0.8128629421119719,0.3662571303846613,0.4593914179615621,0.8875951109696637,0.2789185381660762,0.284055026,0.27695653,0.461538462
0.7032386390713089,0.5495762391269224,0.6782394440198805,0.1684455856370974,0.3482113515153539,0.5853809143976303,0.2488616791543493,0.6405443940924856,0.2611017531427591,0.183419643,0.410823701,0.56
0.7517769589401602,0.3754302294693538,0.0932711154113402,0.1754075317666542,0.5902366150456742,0.077825807679242,0.1762097975584047,0.9251629374737288,0.9227076164338256,0.084767804,0.214477204,0.32
0.5380034177890507,0.1990173309859269,0.3270254574410387,0.6848349778552338,0.4928853933082957,0.9630713760690428,0.6701228636296579,0.0011361736174456,0.0127290892809625,0.138008957,0.234756637,0.323076923
0.6681151365449262,0.8395085277479597,0.1140500821553877,0.4830307280075722,0.7737639698944809,0.5222686389736291,0.8362990103249376,0.2657008052675896,0.8046570274894171,0.46667015,0.46087004,0.6
0.5193834172262743,0.2782610209058154,0.0079961739563705,0.0996501686607791,0.8596184044462138,0.5435251804301049,0.6412810629297987,0.2429096964659728,0.7759868702630351,0.16484637,0.428917351,0.557746479
0.1231824533824509,0.4046866887722662,0.3270847911718983,0.200911135767608,0.4130325261260371,0.2937064252972394,0.8241667102898466,0.3217424542757179,0.6444233960963702,0.241540044,0.088337033,0.092307692
0.714044594567909,0.0293655894550246,0.7686397935739117,0.8052605164836438,0.5746282556962782,0.5166603788539667,0.2512555570070924,0.894744464374902,0.3721733449472392,0.057643879,0.534191946,0.24
0.7197735760788742,0.4702827636465685,0.2847737303345351,0.5063242151908672,0.9529260001742932,0.0505517381008441,0.6283579331391981,0.7507183100549999,0.8356379017473046,0.193708552,0.121373397,0.0
0.8596809326927584,0.3514142696663179,0.8468601982752524,0.453761138788076,0.3466222884531859,0.97062657090219,0.4265984498978881,0.0243622939515675,0.5566861686108882,0.13378012,0.571419365,0.0
0.0773859659227328,0.0114445993641549,0.4827930248916593,0.4505802485864071,0.4126464519429444,0.6917268980511858,0.8380404501501914,0.7871773476487476,0.0715091350690172,0.080020961,0.325163475,0.473684211
0.5297211392295385,0.1387412341661297,0.7976514408285142,0.1140981774747567,0.1112022519023432,0.9049962982691572,0.8483663738776621,0.0086640675641878,0.0710601111918848,0.110766393,0.498072052,0.0375
0.622244701710973,0.5401533334397858,0.1780790808934179,0.0772133960770768,0.745636163152784,0.5873822896493243,0.0700695123090635,0.6533200045495657,0.9321835722337332,0.170747415,0.458455057,0.315789474
0.8837839446917124,0.7868140949022658,0.8582829184513375,0.9508150593270392,0.3105516419162287,0.5980645546219181,0.592483458657144,0.8940368767189986,0.624314708247589,0.353587275,0.532358104,0.126315789
0.3774533070791332,0.8196406882559175,0.2273985056369603,0.8593597708780851,0.2279127893201359,0.6978349807716949,0.9034817218135108,0.842834585638608,0.3646285466019324,0.353662803,0.467493446,0.348387097
0.5404520603943592,0.4587266636230089,0.2369695286708117,0.1449549607474702,0.3020818327097632,0.0120180218786689,0.8464161280176679,0.6514910834823993,0.2235016897846564,0.220351761,0.076215502,0.547368421
0.0658787655761526,0.9083429214005,0.4450584261035591,0.2997102736253758,0.4210108221451772,0.7128967955225763,0.7491734502644909,0.85913656215487,0.2290583964660345,0.418414844,0.388349827,0.540540541
0.9191825176941568,0.4934711188609402,0.2848561523693768,0.2524263239947074,0.814114104353248,0.189068663118487,0.5075852849194075,0.7790718998368886,0.2769732354656233,0.224368736,0.455629849,0.61978022
0.8188122466462917,0.6639096240925018,0.0145687973879611,0.2763586940372989,0.84937904888314,0.391804858905449,0.0292869528538788,0.8722832424265042,0.6270913011798088,0.212197482,0.517084446,0.218181818
0.3107089365098681,0.4827235031816841,0.1896638429366627,0.8899677725636675,0.6629934548460303,0.0062131847784254,0.890359615037024,0.7687506422556251,0.0683661975821997,0.163220855,0.022321038,0.491803279
0.7194318789647255,0.4550962023216778,0.8987012981246791,0.3657148168892771,0.3647362501731261,0.5989044592593585,0.5685857526542512,0.6989519384116377,0.9616938296105532,0.330716248,0.548494505,0.589473684
0.4033070506733999,0.843426808519498,0.8796138116580878,0.6659698672604243,0.7713419062487843,0.2066372266471797,0.9624988966687784,0.240093879064398,0.8330926192103684,0.504286581,0.235777503,0.7125
0.4403992530323384,0.1897487167258171,0.8761718002540825,0.365402263907309,0.6449475354246335,0.6828122568082512,0.6762210360397402,0.3990939085369893,0.6916467205278272,0.144299008,0.483805557,0.535135135
0.5515686214043384,0.3887510974848958,0.5139592149509743,0.6270901505623072,0.1807005057557383,0.0570952903633662,0.1921096491437236,0.5038428376977334,0.4732819770887053,0.118784438,0.18916024,0.461538462
0.1434564046972432,0.182017082213297,0.9414622149614172,0.8885519423113091,0.9145118181448524,0.9847001029867356,0.669101925399214,0.8076683975264645,0.1015422230490621,0.131363342,0.349907857,0.0
0.6281380879568363,0.0759952485614615,0.1990098063234266,0.5750628960212733,0.0868897335553039,0.4646605268978486,0.6658160013828899,0.1400280680674092,0.736591086293412,0.11185841,0.336979699,0.0
0.2813140047810061,0.5494078640973559,0.7483379175948762,0.8838648677973814,0.9125006447328834,0.3963953257887199,0.6250466593782167,0.8487971937964277,0.3357657854235739,0.317830556,0.273086836,0.105882353
0.8467100591830405,0.2834387214007264,0.3290606420453367,0.9316654454134932,0.656032152888279,0.9808077348436566,0.2874162917722968,0.6093156997856923,0.3610099473267677,0.105036914,0.576946388,0.282352941
0.0862720098219165,0.8262303606408642,0.4577771508119279,0.8666970775124391,0.3120801052789402,0.931376499873539,0.7641149014176607,0.9506603903322164,0.2519487994479235,0.437048227,0.418057955,0.126315789
0.854624612575813,0.6432270865353169,0.1247268623500753,0.0458577896736713,0.1212490358626859,0.9871686879695588,0.2017499585123909,0.44487044844458,0.4193316846103663,0.156233995,0.324528774,0.0
0.7881784958330215,0.5417533075588911,0.2960666678188424,0.5575419824838077,0.168844344550376,0.1913736585652644,0.2699206847292015,0.585501981792806,0.3830415368884871,0.170753724,0.333450489,0.272727273
0.9896486881392508,0.4337767715707191,0.017742780249619,0.945023156632312,0.9032163139303464,0.0880838546109116,0.9521953722502604,0.1573505839098996,0.4403773375959269,0.169120423,0.291145775,0.227586207
0.3046926545882958,0.3050260281322691,0.1327130525991943,0.8822463475396761,0.6794318132638248,0.7341197373328294,0.4631209500510564,0.7852127686617676,0.1376069287187826,0.09523238,0.375679513,0.847058824
0.5354306980136272,0.5384898797773264,0.9960337047182244,0.3718577952007023,0.9196433528374468,0.4907377231931089,0.0580008190105318,0.6199682949076881,0.5090010719997149,0.143458532,0.50513289,0.342857143
0.6128120100552411,0.3136913362825015,0.6003077747500983,0.76524665721582,0.74642648065951,0.1620883844632954,0.2691863028098662,0.1692617087683765,0.4049188828027055,0.073418078,0.302540348,0.0
0.579561775876322,0.5157035708933633,0.5475505187410589,0.5148913207637243,0.6191277215657465,0.0958553554975792,0.9696402859077204,0.0858220700510411,0.0604111206925011,0.234155217,0.221936332,0.65
0.8180190862482326,0.8428053647732457,0.9175979788733568,0.2442660578869907,0.5264084790527425,0.6377374329252411,0.5008308092597533,0.873948843271337,0.2469113469393931,0.561549055,0.467445005,0.3
0.3620448466395454,0.101111097793437,0.4958414645936421,0.8098758949033251,0.0187628653066539,0.9943980096600896,0.5158962287877051,0.8441073021845927,0.2870318983683899,0.11558861,0.464392127,0.24
0.67250475842026,0.8256910860041647,0.904913629626806,0.543540463443791,0.7929578895981239,0.0762681455151562,0.7927790417395723,0.5569005095671046,0.3129044344368664,0.307900986,0.163349801,0.0
0.7548442927702483,0.12719995614514,0.2424769559886591,0.2552471922918604,0.6657747805361641,0.6967250142123536,0.301358304688902,0.4876683593947942,0.3418586912877305,0.103109796,0.529026291,0.654545455
0.4665903556348884,0.1831849430732667,0.561131903613069,0.5334752171055753,0.8351985433202458,0.5875645099784047,0.5262590564495968,0.7792815411433772,0.2580265841618044,0.150148603,0.44056594,0.365217391
0.4353547406073947,0.0034297222034311,0.5842828210753165,0.155038151984811,0.7668857024847832,0.1191649765654659,0.8478087706761729,0.4431362094934429,0.7255979432845493,0.113760853,0.248826997,0.666666667
0.1790377914824646,0.9498802252864316,0.7150220570033665,0.693876395855334,0.7758388327310173,0.0865089732120176,0.9195189435621268,0.5660145251542508,0.1201110760237984,0.534413732,0.090428727,0.171428571
0.6028200432721831,0.0039619632190917,0.715570435484276,0.4321783045586976,0.1128902070503503,0.8110140045662491,0.5805545379594587,0.2475169978139311,0.7840680831544268,0.125266581,0.465945548,0.40754717
0.1516977429119453,0.2792190790272921,0.7581257887423606,0.1550767910605976,0.7826390483152487,0.7316746127966063,0.291373797478536,0.1920777836040368,0.4744321729894388,0.09053276,0.297748316,0.24
0.6791184577466951,0.7464263674502772,0.0086806975813057,0.005091237111543,0.7805689384303048,0.4857246702510819,0.4675383831990545,0.0747474038562554,0.9883030801275002,0.234481844,0.409145405,0.15
0.9857275542365448,0.8281955002585629,0.2467770735118971,0.8669827896966632,0.785089627947111,0.5160974406276712,0.0321837411426277,0.7871768606010688,0.2698702166020079,0.165257958,0.650810587,0.0
0.437138398501869,0.6788106079966392,0.2467053943418886,0.5146893602566505,0.4810130425214469,0.1591982130717989,0.6461701931188432,0.0146430856391314,0.973260601736029,0.328866959,0.176937201,0.188235294
0.0433414516369364,0.4669275860214024,0.1374058032017374,0.1686286973726585,0.988580851161852,0.349106635773001,0.4559623481469343,0.3790649097795094,0.9402326076533852,0.166594836,0.082746004,0.0
0.5210897122972931,0.9228975712753112,0.7938447154214123,0.4186635140810322,0.5774005092207884,0.1915498788028359,0.5074942534564959,0.793421332502373,0.3022613585009605,0.556502781,0.23265501,0.054545455
0.37176902455819,0.9019784238304008,0.7185837910940626,0.4440710057213262,0.2129035944511249,0.0724735101279068,0.8209739063653922,0.1342028882017664,0.1993272556341681,0.647386012,0.166473315,0.67826087
0.6067246808118365,0.5628648596837841,0.870735192501922,0.9441280344540908,0.3232221054240262,0.4214315507606425,0.4809459370845594,0.7896344997478074,0.6602359170993028,0.193688456,0.430902256,0.564705882
0.2071543724146167,0.4713386254271944,0.0691352624327078,0.7639497172324716,0.194247576248481,0.81100021370778,0.4076464151713109,0.6177742352317328,0.8062532932771385,0.155710515,0.545626611,0.514285714
0.4720986097663187,0.4142289037471852,0.5923579052649224,0.7402508772319731,0.6488718978799061,0.4850311192424875,0.2865232246371106,0.6536485512310789,0.1078421679846195,0.160677157,0.364342956,0.6
0.0526703671973095,0.7997316468664907,0.0499314338388514,0.175517299724661,0.4905579455987535,0.7247298599390919,0.2619024605860556,0.0412027766095848,0.8475557297606455,0.251412897,0.45343039,0.0
0.26310520507158,0.1572438407817141,0.1543831971932093,0.0448078248732013,0.2833031750844212,0.0434212411223616,0.2751895388381409,0.2467973881219126,0.5956167278627177,0.067533873,0.104300363,0.69
0.0217524805436563,0.3682825250276375,0.3063937569453455,0.4791064535363106,0.3708825151061472,0.424517733666785,0.8899129623572599,0.997096088146296,0.2646738604701999,0.172011263,0.200021454,0.569230769
0.9016789072634586,0.7957408355220242,0.0384363859033558,0.4877599917435683,0.4913082645966059,0.8362654301271976,0.181420046746224,0.5263560682944548,0.7472911041585545,0.297866621,0.509220575,0.432
0.5437776875333428,0.76263252165847,0.735013088267228,0.2155459625032864,0.4679061084798877,0.247518190426532,0.6731684693120095,0.0763265644833381,0.5726793920050414,0.47758779,0.456413708,0.586956522
0.5483908761415358,0.6753130587903595,0.5423238782038399,0.0788243489978545,0.5791598305482826,0.1538257885328428,0.6872939996733832,0.1310923332084571,0.6789583767657522,0.381034971,0.357669272,0.573913043
0.9846050170715956,0.5142384828636043,0.1923331263527784,0.6350035229350443,0.6958374510875385,0.2801415410277555,0.3976589054205013,0.3767528650408637,0.9876170237468564,0.160334624,0.479971732,0.685714286
0.6870037854077463,0.9451863795326992,0.5711542996678461,0.1806532036550513,0.2560270692169156,0.6235958401553712,0.9928460307703144,0.8904696402968141,0.0653352152510424,0.517666607,0.427785815,0.218181818
0.2286533492797793,0.6065261620447023,0.543410025091446,0.5700705621203452,0.4727607101637699,0.4008669687516482,0.3173593946482541,0.3285969795403789,0.6386108491629973,0.181374231,0.318778982,0.327272727
0.2179296542392326,0.5803672181385184,0.0823154005689952,0.6804300068893279,0.8886917262435234,0.0633360801245236,0.7148538238499953,0.2468803733527907,0.0255962834588814,0.2817494,0.099523963,0.791489362
0.2181546183787122,0.2199331724381373,0.1702542655301262,0.5908427711177109,0.0091623516513761,0.4424263771971785,0.6859034059486342,0.918420102684382,0.3065018036340809,0.126450432,0.374879162,0.592405063
0.9642603538532628,0.2195728667730832,0.8997402811826728,0.4935364992733086,0.6693369319324238,0.8852308333054438,0.2944643987859258,0.9927996931951382,0.3757030174392357,0.122824069,0.487865322,0.369230769
0.552117596880537,0.6218513011000694,0.5481326998299727,0.8974050134670803,0.4806639483975554,0.0400461369216111,0.7294583961963674,0.6821824101021463,0.0869971168889848,0.374239384,0.125963926,0.656
0.6076193907632393,0.6521479479639484,0.8321980178407269,0.9629323452288988,0.2763893883346887,0.6648895306129747,0.3654724956781311,0.2465611576042062,0.1662892324292355,0.215976539,0.385022778,0.0
0.398083840122698,0.15264430911629,0.0581940274680783,0.2082303056123443,0.2133470184191612,0.3614535263599281,0.7599538299603291,0.3065221536748568,0.881057304545705,0.115943018,0.227568174,0.0
0.8820884817510766,0.980486079054937,0.7467051353312927,0.0726673130702421,0.3008293186794358,0.4744732060996138,0.7332869184901195,0.2132366012691781,0.4412704501968163,0.680493952,0.443469853,0.434782609
0.1695448003339268,0.4448801501912743,0.5096343506397072,0.1829586068153547,0.5418679759995603,0.0111495975453277,0.2437310980535568,0.1005835168279644,0.0757217937805592,0.119412988,0.044304501,0.628571429
0.0217761325503278,0.2631168670050997,0.3849842263939259,0.2053409247099731,0.3393547678078971,0.9180828001329092,0.6736575585862734,0.1878716861500541,0.6738704365953236,0.191103698,0.326651641,0.475
0.3873978648108849,0.4202514399139567,0.1970513101914576,0.3118224332915695,0.5898104064792317,0.3777927298722796,0.2484453839866424,0.5531424285101826,0.8417313664114608,0.104526633,0.352343979,0.733333333
0.8373420930666142,0.2034339598852894,0.6201773112812226,0.7548979808998671,0.393655490115211,0.8317453723046246,0.134896831135527,0.3611345676656774,0.4995618936076453,0.078898657,0.408176028,0.225
0.1566017886610009,0.8682496748812545,0.8433146070676495,0.8255127699716179,0.129948015230879,0.6792266355049694,0.6517823247811374,0.0700168966503513,0.7480626491344614,0.500012046,0.465495898,0.16744186
0.529276042516842,0.9800520661398018,0.9101838576834592,0.7418516623107616,0.4613583433590831,0.9210535037267183,0.346215650759875,0.1821138311324451,0.6988891078246191,0.617741261,0.486246493,0.3
0.4461245040951335,0.656907238038609,0.7251807868745326,0.4791371918733691,0.9195959955473424,0.296974867242544,0.5542244497643727,0.5401753364890388,0.2027481490654586,0.258653371,0.372338628,0.538317757
0.9701665826309184,0.7166296179726113,0.9810703182520346,0.8267183092549547,0.2954240728207918,0.0140589134028652,0.1242688050689395,0.1529684814424226,0.3378526265298126,0.160058173,0.064974895,0.36
0.0170488420248456,0.3304361285201808,0.4320593306582371,0.9500778664145176,0.4512334294090596,0.6574971567620751,0.8039122043453222,0.2284061122998272,0.5401739987401718,0.197092208,0.221502486,0.054545455
0.1561171975530986,0.3824649383172164,0.6328291766076084,0.0599871988425002,0.1455658036337545,0.2981065777648412,0.1081046456727623,0.689184331369686,0.0773413794635584,0.121411463,0.256814691,0.24
0.0755096998242522,0.5103483372127116,0.8677718720600234,0.7967561636182524,0.5201132067891387,0.7134677513792067,0.8546417784978481,0.9215949983008824,0.7617120805707346,0.339468421,0.222685577,0.0
0.5329567021929943,0.5675146586347578,0.437874816545593,0.2818914618836634,0.1125597338450123,0.4102460423471725,0.4874296795333938,0.2170770864291775,0.3366806473815323,0.176996561,0.357930966,0.666666667
0.3089179924058614,0.182183682284825,0.2730733500846503,0.7555778909376888,0.3612241641757526,0.0478741671509391,0.1187390802040533,0.8610770615850726,0.3549725595992072,0.067903279,0.192831329,0.52173913
0.3495423583749072,0.9514501569713492,0.1681216665584057,0.3062155601753293,0.0458413945322356,0.3214728249178532,0.1263493483017069,0.4594271162629992,0.9264015470125544,0.342431104,0.133641745,0.24
0.7712067140218968,0.0125383368503727,0.6301591889277455,0.0929595331343827,0.0871933384597507,0.6603167391236021,0.4024535887946288,0.5787268493796224,0.8466584005943143,0.060743004,0.522875993,0.266666667
0.1085520005803296,0.0199296570356892,0.639408392388685,0.3452536390513108,0.4984537334262467,0.3964847313406604,0.1454855056574193,0.250709890151916,0.4619104532508366,0.068289565,0.413324493,0.461538462
0.1007919233905521,0.3716724044868723,0.8988124537214933,0.7667069794747483,0.4238451461658423,0.6265706275629302,0.7168456601292765,0.2143590404249689,0.5146097819004358,0.200434475,0.20180721,0.133333333
0.6536795047479578,0.7853818588412134,0.9172340203934284,0.8135131204882403,0.1489524448079054,0.4490359539125841,0.9273802040860044,0.4444764212650189,0.978135290326259,0.513507008,0.401336933,0.075
0.7762356401250864,0.6475451352310148,0.3103798712605204,0.6194850987472452,0.0933338650427177,0.5745371290307242,0.3086176851961838,0.6182653555842113,0.2132475142606408,0.190010867,0.39488762,0.6
0.9450613119512928,0.7016873780934462,0.8223983948072668,0.9148863428145384,0.4422836391568893,0.5152723799557704,0.9853866286711976,0.6529440981291567,0.911952791318678,0.411424318,0.460276029,0.0
0.2708207051683419,0.6592668544828075,0.3263921608201018,0.1465961457465957,0.9295838427357828,0.1753636610503468,0.6756947924948762,0.6785575935472479,0.5230862338119102,0.286396344,0.268333633,0.461538462
0.8257024944634301,0.062499217478025,0.6986217317234852,0.7104222132941568,0.1696767714531623,0.6056487941770371,0.6199593163407479,0.0245796503857091,0.9504835679217932,0.103191232,0.465785591,0.08
0.7205899479776682,0.6888341216421097,0.863475817962314,0.074299808257131,0.5768166334892276,0.662206124893205,0.537229336835038,0.4261152825298165,0.6209445487421723,0.416355628,0.493201554,0.15
0.8089518296952113,0.160666677566583,0.0681949482590398,0.1874291103391482,0.681034171471457,0.300534852577924,0.612064657489203,0.4198023558219864,0.6710602702225731,0.144383942,0.426339809,0.205714286
0.2120470401130926,0.4409625797378572,0.0044295906400244,0.5622201038007609,0.2849221131205578,0.1401145720750823,0.917488983362064,0.175536363067672,0.8092172157466935,0.208093389,0.172636248,0.189473684
0.4517942101158979,0.1450582006061859,0.5213386538065206,0.1146250526263393,0.0560843311828941,0.6182617054246701,0.9248723811204114,0.0156538871856455,0.642613604436099,0.153440578,0.322734931,0.088888889
0.2958893074131136,0.2991025779150008,0.7253241229677196,0.9250460249235664,0.1874545576609019,0.8433212142116746,0.098045586162385,0.0555230004863457,0.6358622618718164,0.093671392,0.330333725,0.342857143
0.5785520719659969,0.5203451116777584,0.5880782155450603,0.6353502399117107,0.2017063793870658,0.988742867556714,0.7104188986451052,0.8046304671883083,0.367051341344884,0.26619025,0.524755292,0.525
0.5219226448936638,0.8033920965884618,0.484443691586875,0.1940319970074581,0.4928146197074982,0.8670533666930816,0.1853195809296767,0.4123482065590776,0.0568452463547772,0.127622184,0.791120402,0.0
0.3722839926390577,0.8656295577615845,0.1809138583796886,0.8506515370524922,0.3195006327917229,0.0163861969532593,0.5185120524527659,0.8795147050220335,0.2011471942389556,0.346103556,0.060934388,0.246153846
0.8208208731845706,0.3440242100090376,0.5595523742378882,0.2455439506039092,0.1361977131604307,0.2541436437652369,0.4787882371303313,0.0451298001547084,0.2657486304868505,0.117493808,0.448717286,0.6
0.6463309339913822,0.5653161043577584,0.5948009452626065,0.9688427114348672,0.6770743237746008,0.932092901024418,0.534492030035704,0.7385503873826113,0.1343994410744134,0.250506108,0.534334164,0.317647059
0.7988857414235696,0.3576629930396806,0.4640893257079905,0.9791421494764092,0.3169380816148518,0.7880672742242814,0.3306625383116752,0.5049442116741943,0.1092395417776196,0.096604383,0.467465958,0.533333333
0.7017293630466618,0.3168624551264669,0.6084471341055445,0.0111417572307405,0.4876111262634004,0.3421933869204038,0.5537200105225707,0.994859591474009,0.4865393832858867,0.176594209,0.491464635,0.638709677
0.3874918380425658,0.1610773137503116,0.2155778149596455,0.7927975433748552,0.6284458743057407,0.5995832514685527,0.4626320176857508,0.5787612664275057,0.4531737582529145,0.07274037,0.444808069,0.276923077
0.9570921593248948,0.4701336585994086,0.1618443703636698,0.0675778551664804,0.8094466140170886,0.9137487467137952,0.6101571126198988,0.9747880301001354,0.3105608353139276,0.18494215,0.606923911,0.090566038
0.9958105831974275,0.2869850258597197,0.111859329691441,0.8456723120258811,0.3710037486531471,0.7527426114592664,0.53500321897112,0.6594416110684282,0.3825761150297683,0.19142022,0.453228949,0.415384615
0.6884420352036956,0.2719539453856843,0.4662231129956959,0.1119959801179694,0.2533220214221181,0.8228282196618291,0.8574046100004221,0.5061536268472207,0.2690280171677229,0.125046963,0.477474397,0.152727273
0.7939654433799702,0.661867254409368,0.0350767914356211,0.6005625025087569,0.7948572236109754,0.3167307943656189,0.8408076316696266,0.675354180972507,0.3638242366711695,0.279935501,0.448440798,0.501265823
0.5055364690820676,0.8972507130416711,0.0046873859593806,0.3465222754917421,0.0184286226952992,0.7730821784555418,0.1415404296362492,0.4992465847600286,0.2473655015015178,0.303777722,0.439257818,0.289655172
0.8075227687834632,0.8481386530235085,0.1174362822275998,0.3443661781799229,0.9825968452458484,0.6398169229646266,0.289373057050455,0.9236919977770272,0.9307829862949089,0.274201185,0.615781692,0.133333333
0.9584383877589052,0.6432237106642467,0.2686911074485755,0.9236459094670204,0.7978200901813378,0.5760422598633094,0.931361990965169,0.1261720810821207,0.5164765139546588,0.246154837,0.64229114,0.061538462
0.17907234021119,0.6656777048728082,0.654695098791342,0.8320258242959275,0.0919772605809503,0.8193087984116906,0.4910683261558703,0.0621286107693684,0.3861987884838155,0.172628323,0.557356906,0.0
0.0915708901910632,0.0916450695064937,0.6324130237411775,0.2275027365041273,0.1209088686533914,0.9411858651809858,0.7070737543093464,0.7134180801173015,0.7873444145225303,0.108289678,0.402228971,0.324324324
0.3258710060972704,0.9610722140936652,0.9366569272456196,0.3244678738831733,0.0816265533678716,0.5197082936579448,0.3722502234361613,0.5056787130728245,0.1466149789166635,0.429607501,0.440908041,0.509090909
0.8301884405765126,0.1149561343994975,0.0414844020123272,0.078528016564731,0.2053927811826924,0.6880588496578867,0.9415673690238576,0.6667049886671834,0.0803212159790228,0.100850301,0.550617288,0.726605505
0.4159669789056678,0.7904988268850193,0.8463623237588157,0.3468984470777088,0.2410107911851725,0.1386590361038598,0.5438270482368183,0.2444990628265911,0.8488489588180226,0.489706489,0.173386817,0.290909091
0.28493082494944,0.6785050766858282,0.4038227855877556,0.4900192132869592,0.6678166571023066,0.916537610448411,0.8178553617796427,0.0168949136272076,0.7043097432878749,0.269395747,0.464491671,0.0
0.3222104803918248,0.5745872620434243,0.3690845485564596,0.1781260960770987,0.9618773761689924,0.6777553350197383,0.2367905198953191,0.2254273966463995,0.30317558750283,0.178157125,0.504491955,0.0
0.3408448655077181,0.1258224101818446,0.5340208424658878,0.5032314863815933,0.0160224635531175,0.2407097202635039,0.8688388442029187,0.7000474163661832,0.492785042284974,0.103862008,0.163023393,0.075
0.0393600151426475,0.5625739436324116,0.4029092629330766,0.3475906559985429,0.2654446051024043,0.1797184553601397,0.9817551440475788,0.7535941010216833,0.6049681606254458,0.267879973,0.156799214,0.531818182
0.0752930683543889,0.2776940829469133,0.5784775335789714,0.9342647539893012,0.7946280052644243,0.2993195780542763,0.2004547284326482,0.6369095648732808,0.642335009866454,0.08295454,0.200304776,0.494117647
0.5501584542110165,0.0874228261232915,0.3149994867932595,0.2657135852732377,0.530856125530299,0.017970401309783,0.010174757552806,0.8949723814820646,0.7242069411778169,0.088746112,0.077624702,0.369230769
0.6672349560966941,0.3723776462103351,0.9218798157962164,0.9155940157442616,0.8381458849988189,0.4956808529531737,0.4400996330528267,0.5090419962186943,0.6761617708642329,0.091843025,0.534865525,0.0
0.9402636532351822,0.6443520725597424,0.9451561927857072,0.3891412814524401,0.0068345718491596,0.6237478693734542,0.2948558132825134,0.1320930201350838,0.5737115656083036,0.199173964,0.484730051,0.423529412
0.3998964819646664,0.8923472370636584,0.8549290118060382,0.1476840819483,0.6116904215658587,0.911757086734864,0.0887948552382016,0.0106322983745236,0.8003794178993074,0.276385461,0.699867197,0.631578947
0.415471053453836,0.0103669507462522,0.1533779566771039,0.833450043729102,0.9288099402902036,0.4386420842551455,0.7872228340569856,0.9731091188423636,0.5842518533203739,0.078975714,0.384504623,0.202816901
0.969997310648642,0.7389589856325058,0.1128827433860826,0.3842044005686278,0.1579078329734737,0.6413162059432447,0.9835670800049212,0.0824470165588745,0.1551002445466661,0.326273123,0.555304814,0.0
0.1732773522385753,0.633986069309551,0.4678598221548523,0.8989953565910301,0.3018488015573166,0.4617084041228874,0.4250559697480337,0.5811359640050304,0.2259136907811387,0.227443247,0.404140521,0.4
0.0995008833001313,0.461995333143532,0.260423994381509,0.8060137766474749,0.3365398057172905,0.6410012088007093,0.8304917107432805,0.2865506118569181,0.991348431389058,0.28859151,0.256682167,0.0
0.5522592563924481,0.6231315328742975,0.7097203524054762,0.4342014702203028,0.2121848466058939,0.0987052985142321,0.585500492658374,0.6621627956348453,0.6181734925894679,0.344747469,0.139050828,0.111627907
0.9638761336624458,0.9733422045013695,0.8825259076130822,0.7070642172690359,0.1645909802924453,0.6914858348942089,0.3875572485264913,0.8069867830087692,0.0832491189406556,0.467356889,0.518222916,0.45
0.9679772096262892,0.4406396643668969,0.1820312079161025,0.4087899358136746,0.2276499543203682,0.6639447473067435,0.1810262874468108,0.8288223962332626,0.5838620392848318,0.138677733,0.40660385,0.266666667
0.5856350761694447,0.0522924460616013,0.3704722518013215,0.4941514866496299,0.6278201030904792,0.0187434016972065,0.3563337171551213,0.2598022786471277,0.564516705219348,0.052499799,0.039857799,0.276923077
0.8234731887851421,0.9973120366532466,0.4564400875938061,0.1604677584822078,0.102298339177493,0.4312696918850668,0.610625916597948,0.4437389349454207,0.6042034782465401,0.653452725,0.466930021,0.16
0.0615175268993717,0.5598062745210343,0.2362867534213307,0.8025014326877841,0.8083596956481816,0.0010487222149039,0.4328871085013659,0.2997545371093242,0.522423161586606,0.193904521,0.015583278,0.705882353
0.7231673338039197,0.5465478580189009,0.1346576824610552,0.8629664995070907,0.5756988510416955,0.6851760873438151,0.2597849021037803,0.726428998921626,0.7788063089653842,0.182225581,0.51141725,0.529411765
0.2189635585867028,0.5172189544731017,0.3517010941217077,0.7337797717096018,0.3373109529719637,0.529495369927267,0.8153039375149178,0.870131697706722,0.2134167952000144,0.211792166,0.240998391,0.0
0.4167387097979095,0.212990802374591,0.0927739653851102,0.2888758447382012,0.3880952096332298,0.7077433785094757,0.846943212143238,0.1649235577674341,0.7280294737356705,0.174018916,0.512613577,0.048
0.1573985235168838,0.9653840367104376,0.0076262985901385,0.509226117575073,0.0784198065611299,0.2549339848272407,0.2641606021891944,0.5502874003960658,0.5403667719449854,0.417410089,0.125464776,0.133333333
0.5809671285543254,0.6141716192945301,0.1218499431534323,0.0544380214174342,0.926423803968608,0.9415403305789052,0.8416652396096433,0.2152779180956499,0.4190192497159435,0.244820939,0.489442821,0.315789474
0.4857261723259094,0.4244402406642317,0.9234240465593032,0.056753738695305,0.1116586797951648,0.905675389379456,0.4919549183749022,0.3369444549848616,0.0313882145961462,0.142108046,0.218574228,0.266666667
0.3159875209747206,0.7780966450047746,0.6018309958370064,0.1347377502459243,0.3863539152066886,0.4450583175065289,0.7442922523141635,0.209466136499753,0.5166593854817356,0.489309455,0.296283526,0.0
0.2275649116823146,0.0378315388432403,0.8760315800978107,0.8823062728796446,0.6033621755654647,0.5624793257076047,0.0800880269805276,0.3893976067180155,0.978609183342512,0.065267835,0.086770357,0.171428571
0.7765558090362745,0.7243047302590413,0.061842123158309,0.5840628676603534,0.2165950948193271,0.414834232802643,0.7439972426353404,0.7905771808896643,0.1459387491934067,0.411122709,0.497566994,0.533333333
0.402976665413524,0.1318685491653694,0.7868480440153565,0.6618317766223886,0.5648345725885512,0.4174890139875299,0.3979913275878782,0.3023510238628747,0.5820955479156236,0.08339416,0.213874377,0.428571429
0.9138396403473324,0.6739750439568194,0.4273490954473554,0.6472057134111411,0.914971386526042,0.3314895528044655,0.006342419636804,0.7217794716197682,0.9991410704018068,0.269739235,0.472131385,0.0
0.0731360218826131,0.906771690695266,0.4649584716018518,0.6416646207852466,0.5542790329430889,0.9312893147673889,0.0616575475388009,0.6747991379910466,0.0643744090268182,0.464840618,0.286630759,0.88
0.3189036252306312,0.3009446489348563,0.5980027105225361,0.2136409676312251,0.5554930684636923,0.6232003123696452,0.0010896391522096,0.7358918156430424,0.4245793332516939,0.13378883,0.312778225,0.133333333
0.4890279991378764,0.0263846384658417,0.8166998653097259,0.6395308190237412,0.0228303216049954,0.5105167111968262,0.6972208125114935,0.1398641646149536,0.3931277589972475,0.092881366,0.460754913,0.477777778
0.1289736204630861,0.8967926607458865,0.1182122972483337,0.110088376861858,0.4147169109801115,0.8159400427230491,0.6634730967194682,0.890213836231041,0.2894865041487342,0.600239305,0.360757596,0.660869565
0.4384846038134594,0.2954427744845249,0.8591752555978304,0.0247855546595098,0.2159317693889207,0.034747692308364,0.8997304738155047,0.8691053017987289,0.619205987833776,0.195720205,0.135942326,0.350769231
0.4792577625367462,0.6197553478240133,0.7158294107058997,0.2840323745863133,0.2769689333570029,0.6782916915052144,0.471792333918594,0.9931422071939172,0.2367500775488128,0.215852323,0.468461011,0.0
0.8267910311802327,0.5453145737624623,0.5373979300205425,0.6382572435946192,0.5112275744953675,0.1378886215929344,0.5395973649562591,0.2534886915636026,0.8580873305054246,0.27832951,0.210494964,0.0
0.7894153441893514,0.6048235129397049,0.686440588282101,0.3911754256633948,0.6508342581718733,0.2144812701896647,0.9205914865218462,0.6058637359543437,0.1358989041713801,0.276806842,0.430811432,0.607594937
0.7106510946749373,0.3714870252477655,0.4402343923147791,0.3691801851396289,0.1810564807592615,0.4796811294763166,0.1649164035206961,0.2730215948679023,0.7946207509084129,0.115552298,0.528781825,0.457142857
0.594631310688547,0.2917391388585358,0.5967430171665371,0.4141566905371566,0.3337850312949357,0.8898184498515557,0.6261860276883473,0.7910946347949342,0.6595137845259097,0.180349164,0.534758373,0.164705882
0.4751210072659254,0.2437216774797597,0.9035127665233604,0.047976278633579,0.6900133335667308,0.8581042496418219,0.955532928261663,0.2105883071639408,0.1615298198480683,0.139746942,0.556166792,0.687804878
0.5273986710135317,0.3308031613602835,0.9018407957423524,0.1195065849093633,0.8785480354097126,0.8597332848039675,0.5797152449757015,0.102815928702696,0.113845408403176,0.130649816,0.591774126,0.0
0.9686593533564308,0.8894501691603514,0.3645613963531375,0.9038579407730664,0.8934652727041325,0.3076467591132645,0.5301287898968384,0.8843603044830125,0.0715375822607843,0.515346954,0.324497286,0.206896552
0.5085426406180236,0.8134369523352271,0.5462593627712421,0.2993572979363298,0.4592500325781558,0.1404766256319837,0.8373696773085275,0.0929468976359589,0.3622371301868738,0.430768768,0.159875395,0.0
0.8398963794242713,0.0554819608918643,0.2395468563603955,0.0059698388696183,0.0395673125952009,0.1985813778046584,0.2663157063921791,0.5044236094256977,0.4086908259242641,0.05033967,0.427373766,0.0
0.3919496781140685,0.8304108901887524,0.052741727920074,0.4113672163180777,0.3691757921524348,0.6444089028005158,0.4784551801914152,0.2170345752817921,0.1404677647356622,0.215690222,0.38477365,0.742857143
0.7899877837773369,0.7851974958396188,0.2938287335213487,0.1488905210844373,0.5390196986218545,0.898109625885741,0.6153747241251515,0.8928494775144707,0.3314022779057927,0.405599701,0.559317712,0.163636364
0.5344220572723954,0.995229674138674,0.298659419463009,0.0755188331821338,0.9297444556869244,0.570307332814697,0.906128003501854,0.0478370770642194,0.4101579183350975,0.581639325,0.58261957,0.671186441
0.1033392523333245,0.7970310864813184,0.8133172499778412,0.7041268522889006,0.7311981907025192,0.8889029731513248,0.7265020002863667,0.1653599600991797,0.5052704118840854,0.317324679,0.359201396,0.025
0.7040849271820062,0.3336509938190236,0.9572728336231744,0.3952650696400054,0.8293582216694093,0.8553583385935183,0.009130543058325,0.4044525337045402,0.8092000496382471,0.148042558,0.344519028,0.24
0.8704124215597271,0.7887787402173921,0.9350147075412024,0.0997568211943871,0.6218134440985755,0.4479278681494011,0.1655661587661336,0.5690639742858673,0.8112821049392654,0.410730517,0.416029608,0.5
0.8853924109465117,0.3848182327481974,0.5463950883525113,0.926430003440661,0.9387331413339236,0.389628227961467,0.8205040407140765,0.8525026942542785,0.3543083039148537,0.181750833,0.519515335,0.3
0.4156018090979235,0.5501594387195202,0.8169603192283056,0.4688988396915146,0.1609664321413841,0.3096958464383261,0.4846874542642484,0.0966436929396677,0.7838894487415077,0.220975064,0.316169549,0.0
0.9943683179463074,0.8801740264109245,0.3835945352578084,0.5969529343267201,0.0600973111177912,0.1161024805743387,0.6860289946153807,0.1731028180563404,0.5128092836589992,0.48084313,0.40738622,0.511764706
0.5659816820880749,0.8668479511514673,0.2579757989258028,0.4914310442315462,0.0315001903941446,0.6596722329612943,0.3869339672761201,0.3376783803539899,0.899792843110745,0.334979388,0.514144973,0.0
0.209743213105034,0.2340128329999404,0.5260586513051622,0.0353276158639439,0.7138847845946272,0.4560820074573318,0.3026439839606224,0.8532218974722916,0.9432374394447736,0.047192225,0.505072164,0.533333333
0.6171972778131302,0.9797496299779594,0.2877591117279267,0.6639481226705216,0.2123086429424898,0.2699357670348109,0.6666677012897343,0.6883397794108419,0.7360420948637647,0.618727259,0.336097078,0.232835821
0.8192534655462653,0.5029035708952683,0.0982095306923273,0.0169756476927518,0.4813231380918168,0.6040147482590302,0.6861708747713746,0.745093398732913,0.7467624688519259,0.195441375,0.529766233,0.559090909
0.8024098349361288,0.8114443356766866,0.0406482094869753,0.6836434047481806,0.4495098518412951,0.5234273847310892,0.395453867894917,0.9488525682975332,0.2134552989840337,0.261284724,0.389525799,0.0
0.9078765106656702,0.3453166230711689,0.9062006477581164,0.4264962881718686,0.925513870698373,0.0947945160207042,0.712926114535413,0.4689883642865603,0.3840812781375239,0.169003871,0.250085397,0.138461538
0.1320658027868763,0.9607209344670142,0.0695493195605509,0.5123380501945916,0.9526821692591791,0.4208571443814215,0.8006651519588343,0.8018512306779128,0.8899932105558896,0.550811924,0.36940746,0.464150943
0.8061905665884509,0.951224192392298,0.901956639102082,0.6434817129530044,0.2327276440355438,0.4729403926178884,0.4908008500400188,0.866019963644493,0.605444145449052,0.398784227,0.451729121,0.28
0.9245056613397968,0.1525486368500693,0.3825078010551659,0.9430012844274476,0.8193751363782297,0.0796832356448632,0.3892387511739151,0.8635065182529872,0.7171439984370414,0.078190794,0.289229901,0.545454545
0.8542309836170449,0.450590169523427,0.0652697942037674,0.3444372424923918,0.5430103186262476,0.907079704237408,0.5288683625578697,0.3476754655691337,0.4815038837398789,0.25566221,0.623824583,0.0
0.5697768074377596,0.5868870645686517,0.7796280167373608,0.2250677038576768,0.918368294899754,0.9283776735802224,0.5756490571866296,0.4462898744262725,0.3639514045432936,0.262338931,0.577107422,0.077419355
0.925416246406194,0.1957472958551519,0.865889845381181,0.6123119776081077,0.7504637757734754,0.2071970072110679,0.4782859668619346,0.3789350145507505,0.2873740220470584,0.113798378,0.312707976,0.64
0.3138797151315387,0.017288976692678,0.7109413891718689,0.521394000129952,0.5856774579174143,0.1137266861506919,0.537418582784588,0.7214597508027244,0.9004101640693173,0.096172349,0.216863182,0.417391304
0.5965785654601142,0.8344908048320235,0.6883402890620943,0.3295800841876445,0.275413663143143,0.8543316686009735,0.7914628284179429,0.8190411029686075,0.6422910394083999,0.434272949,0.511372433,0.391011236
0.4490780637232797,0.3502380965725735,0.4093743690340204,0.3889861784053893,0.4390351744550124,0.0115578448870781,0.6762375017331517,0.7725938568734048,0.2776433232873807,0.157419267,0.053810542,0.34
0.1813710363410627,0.2396585574175233,0.4749431037702512,0.2836988133423171,0.9928498941999592,0.3058703919516146,0.0346074722039542,0.6470416956424879,0.8346865233337795,0.100420104,0.356822166,0.579310345
0.5279037686434236,0.7267832731092314,0.0018325067786805,0.2167652485570398,0.235437755752304,0.7177746480762597,0.3966088601565678,0.6590797357795094,0.918573676695874,0.240864938,0.480963949,0.3
0.6308459265392665,0.3604869261040834,0.8500604932117561,0.6830607939571675,0.3967122753932592,0.096416900850469,0.6318768765832353,0.6257591787489395,0.4244170473404425,0.190396397,0.22412078,0.127272727
0.9315573844207232,0.8611678163110994,0.6646838259497848,0.6512136358276517,0.1831304528392732,0.8271014399448334,0.7653989881052076,0.2110344354151652,0.249430881275769,0.399873447,0.566513493,0.4
0.1243506373543699,0.1443109161937003,0.1291148444699448,0.9317250854676554,0.0823590824186103,0.8707428228118468,0.4951673164779588,0.8950260900627757,0.4648267626348406,0.077821047,0.464728669,0.0
0.5682079887190499,0.3883979055852836,0.4641660356927322,0.5138865420274968,0.2673046693865881,0.7920422505609532,0.6976361090461148,0.0950587386977388,0.7837052175829202,0.193643118,0.524853629,0.336
0.9441509442343586,0.3451800507585282,0.1404662349844605,0.6758146644140709,0.9672402130194412,0.54480063709252,0.2398625648615279,0.0642361637514015,0.8341018594527672,0.153488089,0.480270577,0.276923077
0.6091592023110707,0.6531196287088521,0.7979970200005015,0.3467100782687703,0.1440774918434417,0.9369037033135283,0.6395262014773141,0.4384615430343132,0.42036912680438,0.30403944,0.524759361,0.0
0.0706457010964879,0.5783534630978996,0.4528090657266665,0.5203905994858307,0.94629225823118,0.9551294599969796,0.7641684310614965,0.0626527592639393,0.0733744925207365,0.311447325,0.276730047,0.214285714
0.1770102982971666,0.4917752756563126,0.4821945489435636,0.5421411593226645,0.9950036506348664,0.9513779286438178,0.9334824861869384,0.814382859500358,0.2928982371868168,0.222333645,0.453735448,0.038709677
0.2394040725073554,0.0506732286278498,0.4170631235848863,0.4335648483241608,0.9916151708209356,0.972527678841592,0.6399191962972692,0.9852414721095868,0.5145031289028053,0.131771524,0.458790882,0.052173913
0.5649172753296834,0.9375266785761212,0.0768131096554085,0.4296099343284136,0.2679417546335206,0.1722010879677896,0.983800487852618,0.7719357906313519,0.7452832366196838,0.446705123,0.267824345,0.3
0.421584177249827,0.7026726313385767,0.502408404934932,0.0131022398873029,0.6537279169993836,0.841009567293258,0.9195703573807184,0.4635422955739505,0.2103128508779713,0.369310187,0.47501713,0.628571429
0.0449555959867615,0.5279899523470536,0.8271406197761936,0.7441968760840173,0.5690219204206446,0.1863515845724928,0.8797406381622872,0.4981948490553182,0.7418738442117279,0.354749965,0.069932853,0.0
0.4141294926565935,0.1506967153096537,0.1068789255674368,0.751311981937129,0.5320017971499509,0.3829338165151309,0.2662839191843217,0.899148883596185,0.9925790939107796,0.077924539,0.223383814,0.0
0.2253890641237683,0.2282898956969102,0.3461255796581901,0.748988311181298,0.6053108774843982,0.8006282197351163,0.2210546050281118,0.4479047875812441,0.1942259289181337,0.076100021,0.411842236,0.6
0.0339313554372504,0.0416963375882215,0.3203522621364432,0.2868031015543659,0.4138442316177229,0.2285632898884187,0.3212125224519969,0.2619063922028103,0.8862922996754935,0.079438994,0.062628452,0.0
0.5916710549262423,0.602746921791374,0.6787267925161135,0.0962322007260457,0.7975501961298114,0.674083019326421,0.7358269959259253,0.7940231712033459,0.7805791867253274,0.274505273,0.499600639,0.44
0.0227613881536018,0.6174795091878891,0.8894853326639829,0.4047875189625182,0.8205900142338,0.0424323261656697,0.0225005725394171,0.12389218363488,0.850695938362842,0.233449554,0.023920251,0.0
0.4206281428212503,0.2732491808589051,0.7584227979242677,0.380299469267038,0.6450671501392177,0.0348674944879282,0.1143249693017057,0.6621743494882218,0.6019627070059466,0.133874767,0.043928973,0.666666667
0.6571616189755572,0.1942441536618159,0.8888414957825497,0.8120708643528887,0.1631513813194191,0.593101695614235,0.4964218853677264,0.2477662084712035,0.5179905842794003,0.158801809,0.384908277,0.0
0.2506706254440929,0.2530699789436003,0.8946245950149053,0.7913230611005412,0.182835096129536,0.5018243852274169,0.5695145374414884,0.1474363546923782,0.225581192108633,0.149719161,0.372614702,0.446511628
0.9777342130164816,0.144399124453764,0.4763296185821855,0.8400975437655643,0.6004163630376285,0.4962857150861627,0.3647020055668055,0.83796881646852,0.9369780262974168,0.052471878,0.365987519,0.1
0.6589799948077842,0.6107980581660312,0.2923536561479192,0.7603796933440915,0.4322253585169995,0.4200002005832413,0.2143416913352719,0.2610989625864545,0.0418731588753739,0.202229003,0.408953964,0.733333333
0.7413863733463624,0.9372033997680416,0.8164615026151982,0.9994448570518648,0.3433339585318076,0.4433343965104541,0.512399248520446,0.6426585540594736,0.167194146785809,0.557298554,0.259429012,0.075
0.0883930646058621,0.2988849350559259,0.6327761937069688,0.1520478769034515,0.7003259423718976,0.5270810067059142,0.0084698743257716,0.4645400206882162,0.5139710182211426,0.088492627,0.361629476,0.0
0.8210966952605273,0.385338262155726,0.0058057799630042,0.3056919110137592,0.955228168737452,0.5767280082339823,0.5592642847551387,0.7841338746706915,0.8069266529841335,0.185685638,0.562206455,0.381818182
0.4792088738314282,0.1877259635335915,0.3453098709382314,0.8016546613457878,0.1238074247310997,0.1534104653949392,0.8904876625318509,0.3679996359077174,0.950069506404915,0.131524505,0.256786166,0.3
0.4272594755691045,0.239594322219007,0.902257180223225,0.385251496012602,0.2247488920291582,0.3500124910576125,0.9544942207425454,0.9858149760106,0.8503850819587879,0.146286173,0.293753818,0.036363636
0.7835810080182074,0.476439527042902,0.056857696085278,0.2844601198690676,0.5907203524834479,0.6132369132344908,0.6558865515373385,0.9879613930291744,0.1400357625358098,0.196153803,0.472845204,0.082758621
0.3467750005309679,0.6300685567737029,0.2630383850077755,0.4427387955069809,0.4315976093459089,0.4450741130024216,0.8928215850177037,0.2976310974538009,0.2772655134562395,0.263514074,0.291581832,0.0
0.1990697083794098,0.5139581893973741,0.043548442379891,0.7551214590187665,0.507667546037656,0.5236689314903298,0.8082676729513061,0.9783066852626164,0.1085241672221145,0.219254297,0.228934499,0.0
0.2516831409801099,0.3889618368523964,0.4908460603966155,0.3178364483654418,0.3979138208479352,0.0308905565798667,0.9950582607531304,0.85435054643719,0.0929342801930408,0.185330478,0.060201142,0.394285714
0.5254134530738355,0.5238673191127902,0.8912810481666674,0.708315347838444,0.816061979853738,0.8453861728303482,0.8686612689157991,0.2405317251937714,0.8624271282699126,0.35071922,0.420347552,0.171428571
0.492862783188262,0.4691135710058797,0.2316777265957605,0.648694841327208,0.4866482124778232,0.3338147981273919,0.1017058024519171,0.1896956469071472,0.7389083533569794,0.138103184,0.363265809,0.0
0.8338066776012334,0.53222332850028,0.4905459000207526,0.0374548458753405,0.4435883304908582,0.9169722470403162,0.7948398740290681,0.5273039352659056,0.2624023054471263,0.249870091,0.622275419,0.288888889
0.389900753527264,0.1687999486756883,0.6822396514319748,0.8656359529641744,0.1509701946955632,0.5367157827896364,0.0363456939873267,0.7340205678338373,0.4640945620795611,0.123135803,0.339257124,0.0
0.4402288560590999,0.1026567243275692,0.0823465318497049,0.9784421196991704,0.9196805528983704,0.7636911319512327,0.7130881215824096,0.0362517300648301,0.5969738674983084,0.111674099,0.38241329,0.251162791
0.1389018546320342,0.1145368416864777,0.2799359138334979,0.4959423131532026,0.4625139756921212,0.5376398202304455,0.7320595731049792,0.883062361519614,0.1848711548305973,0.082205712,0.340712028,0.12972973
0.2862856205916855,0.3274778939124253,0.0281082810367381,0.3718033154787753,0.3966816414782071,0.4624559685338792,0.6698982288848307,0.4394452721511491,0.9447004820601328,0.159075417,0.319750298,0.024489796
0.0850890896784533,0.1685131387038138,0.8718241491576142,0.4961743425187964,0.9067750475440992,0.748012054859159,0.1419102569743493,0.7834825164716703,0.7887284769798605,0.088702239,0.344665426,0.415384615
0.6656581327411357,0.2637877956121834,0.0455605862381488,0.078589009394356,0.4337509403300222,0.3235069374240257,0.9041053471802732,0.3076406893533916,0.5726903409274874,0.145449848,0.458920799,0.609836066
0.3229104650701788,0.4396370451358529,0.2638425092856401,0.1033881006557447,0.1263855168161476,0.4067107965481455,0.4217915832127645,0.3136136619919255,0.0525737045062969,0.148985068,0.346466776,0.694736842
0.0394590448586964,0.3052853933458092,0.2669008202695274,0.3471340826180608,0.8368678244721843,0.1301081004686289,0.8574011727995442,0.6376376094600873,0.5419198121569634,0.119457677,0.070473056,0.0
0.997929624228305,0.080992197336565,0.0405273806996933,0.70349217605103,0.6767935047089834,0.0194794731809554,0.1470327003621977,0.4809074533274514,0.1356878587703752,0.060777509,0.208457683,0.461538462
0.2468125221228658,0.1093895824194232,0.3807327688093556,0.0066719932869513,0.1679214193856616,0.6815780998381259,0.428409583541254,0.9409289338618668,0.1051044262398903,0.060523713,0.433470767,0.658064516
0.5874037605532405,0.795663856897479,0.0807587829224208,0.7564034401141694,0.4694967397904942,0.3368360529838095,0.4416939290204156,0.1804520239886631,0.7278806583694922,0.214513188,0.322597439,0.0
0.3985451585741932,0.3350606887238425,0.2945152475662137,0.0669607096938931,0.8440621431963201,0.4666753153418257,0.3220887314180508,0.7551995348927447,0.3250591015734477,0.109347056,0.370537739,0.705882353
0.4391514720834921,0.9511237492118056,0.4783566586668222,0.0485984582570849,0.8621694332375155,0.1394104614689452,0.1093578925962582,0.6230025491203662,0.8125593872613235,0.369940055,0.335277253,0.471428571
0.6959156403953521,0.1726639166785948,0.8775642542219597,0.0820150661527971,0.6391138361848498,0.9834715649027232,0.0866030989771855,0.9717726783858432,0.3083760908883436,0.097018812,0.448170786,0.472727273
0.1967300161231382,0.7921820251983716,0.2168716504291171,0.7858559072737563,0.8169946757545807,0.6364419151517002,0.8267228213479719,0.4579727639355603,0.0484762104786555,0.426540342,0.248674008,0.53877551
0.9620954307307228,0.1841500324120579,0.0815745751564681,0.8047894906265708,0.3663799876405912,0.9541974968288788,0.2678846137987423,0.7015687294419641,0.3746863727591467,0.114971711,0.694685976,0.0
0.7348414298143322,0.2288167379978734,0.1251682467790804,0.1043288808140104,0.9184994676816164,0.9661348943110216,0.8909909033552649,0.4804211846539781,0.7061333063328992,0.170934335,0.578139363,0.193548387
0.499009761485948,0.201012545164656,0.9178460668916903,0.3013548486011141,0.1844668607361788,0.9597214612158737,0.6488171684090921,0.2992681709000169,0.2880702027683903,0.15670186,0.470823866,0.563265306
0.5292331280433589,0.2609435102928332,0.4905199565382663,0.402493459741697,0.6479409524306368,0.0367756371148756,0.613012746003508,0.7853293745798796,0.7528209876344368,0.185014393,0.077631414,0.0
0.953449526666929,0.4409340103282095,0.3427859112831144,0.655111755976231,0.473316329533425,0.5311278955332085,0.7990157569146176,0.4187792135669419,0.775057947805038,0.231755205,0.550185474,0.46779661
0.1916104140772264,0.9158429241156424,0.4757580998390842,0.6815249507286633,0.1889620339168994,0.3163065734716962,0.0928890186212726,0.221479577726921,0.2856201649101817,0.392737453,0.090239617,0.3
0.7266708790674177,0.2604697321888225,0.0752861259257872,0.9136944967194268,0.0916765197603115,0.1459813886302924,0.7436055831792603,0.2953688427023184,0.003790628284228,0.088568293,0.155595494,0.025
0.8407384864201167,0.8778158199289269,0.4074881246873165,0.3836317137407435,0.5551685531120875,0.7831186797932876,0.1463332688502828,0.7021049100505515,0.5990009038671191,0.341127896,0.570754939,0.45
0.7956177856442085,0.6461793594620717,0.2367421091836706,0.9606404776188188,0.5656422960321572,0.2362332479023658,0.7087834310368214,0.0012686574344376,0.7904942788814546,0.296474262,0.295261273,0.0
0.1913228701393284,0.9154892170017184,0.627122585600067,0.3458989995222884,0.8394876596872668,0.9537723769434916,0.0076931434220296,0.3678485034239046,0.8030354102256595,0.42883475,0.438164257,0.4
0.9868652563344602,0.3497220662063978,0.8745577353145023,0.6749359818146755,0.6968037496105888,0.9297196297820736,0.7034732961766093,0.0614315207816155,0.9379882977574808,0.154341717,0.527227743,0.0
0.9067701734152436,0.697269906835763,0.1048598962149277,0.1092862782948347,0.5743844238351307,0.8981945119958155,0.7075580350666221,0.7971922571635968,0.1173718538413222,0.328914878,0.487122212,0.228571429
0.8068775486482407,0.3232013321812309,0.2446284077402889,0.2340698240362613,0.18437336040408,0.2826438431037431,0.0961063843570455,0.4178311420676067,0.4633384923439186,0.100633643,0.300559411,0.494117647
0.5406306210296389,0.7146714610643837,0.1828108240184131,0.7766476236392588,0.166521376959171,0.95283003956059,0.3920738345371378,0.9840498784382424,0.0842015083110164,0.237207307,0.168921929,0.4
0.9373445733908936,0.339209268810966,0.7645189504069784,0.354868064847546,0.5562009119277754,0.8294785972305714,0.96870381406196,0.5003218659560685,0.125041968678588,0.143111806,0.557869874,0.304225352
0.9495268894234644,0.2873148574693027,0.8244861080964103,0.4513829705508796,0.9363095103019236,0.5323880394663786,0.0081135981476649,0.8436692401773036,0.0784736700415771,0.132982384,0.462545369,0.15
0.8996247806875353,0.3790303827211214,0.8410185891411254,0.001637686072205,0.5606350234044309,0.938657247951182,0.6327940065566483,0.8276672754076435,0.3296517714256439,0.189048196,0.516170916,0.45
0.7081013335500937,0.3730999358886522,0.425404209549483,0.5475744573924216,0.3041099482533618,0.8963703960604861,0.2051460907951049,0.050676015798495,0.119258789481465,0.086354486,0.509490678,0.133333333
0.5696690172013503,0.9344349075479834,0.8116572493301981,0.81238306034982,0.780342140593007,0.5769692296980026,0.8743021624379058,0.1904142764101036,0.822864896241109,0.634137814,0.348630145,0.0
0.2810362709620723,0.1617571984774167,0.834843789065594,0.8636338784347884,0.9407214573417452,0.3724086820221055,0.5760414929855218,0.9732843501784266,0.0103189864511661,0.133786864,0.249736877,0.832653061
0.6331310512614056,0.7909241746519506,0.3178659516440417,0.3800679498727926,0.7018669549297566,0.7868261508392616,0.4253016925017546,0.881633614088697,0.6533548696542028,0.279268422,0.569949208,0.0
0.4762410838100516,0.665585059703058,0.7936411861428946,0.4025535664638229,0.7230926251244062,0.5027098603620508,0.2993424136405667,0.8167580456512527,0.1670911102292863,0.148251157,0.489758582,0.7
0.3349863644333127,0.0934175974917639,0.3001052328497287,0.706694236983923,0.8762640482227125,0.6408802757634556,0.1679574971989279,0.805402539995122,0.3196714551813429,0.053055037,0.48295805,0.0
0.9457296633763894,0.2857123168612231,0.0995008902269192,0.3367598779152926,0.907461323003393,0.9553964676171768,0.7107794444985992,0.8575069451556298,0.0136388611221177,0.11246867,0.353365897,0.0
0.5883101535114064,0.0163323090065397,0.0861673092910608,0.905038009488222,0.2616587510258238,0.7478730015197904,0.2266005423009089,0.1054252624433639,0.2049108079816843,0.071207603,0.375646538,0.08
0.4647865848903343,0.1523220387437583,0.0836745557808908,0.0147483581847024,0.5466782656842234,0.1603388653502179,0.5733142477797725,0.265915598497587,0.4066375423704749,0.104584026,0.279046271,0.6
0.7856332223057982,0.528485375109729,0.2614036972367545,0.9291947439559304,0.6867370104778469,0.4724928531814841,0.204814725179244,0.74688792793541,0.6700253533583627,0.111887794,0.560173272,0.218181818
0.7981453746464438,0.1736175511800124,0.1308423484799067,0.5830729159168478,0.6956731480826382,0.7668587035434781,0.7694608703614771,0.3085862027421135,0.6218345800261434,0.099057854,0.583553917,0.24
0.2351275978258464,0.5060395268190833,0.5270648527423712,0.3504043363267234,0.0115549888873685,0.440777299012315,0.5540154090443704,0.9150107710298012,0.7710916292019623,0.264770123,0.382876993,0.558139535
0.6345088388641117,0.3698011452843127,0.0533280198336135,0.3741708791304965,0.6929471635401584,0.7033435995521254,0.4500757630117694,0.2883314040863139,0.5589039709802277,0.113218401,0.48994419,0.48
0.3500043251605741,0.1482448724698326,0.8467663666364017,0.4976051244425835,0.6303037762068145,0.9226385274584994,0.2569374419864044,0.755718673089638,0.7892494829413467,0.076683962,0.34895625,0.0
0.047962647759547,0.069732235238903,0.654184241324013,0.7914239215699425,0.0549345986357838,0.1529112065719887,0.3928606852122732,0.9892125281733438,0.0949270384569699,0.074497723,0.065673048,0.266666667
0.7472621846287508,0.7687571783439672,0.2765283243469328,0.1614064064113097,0.1233513918363568,0.3836874198342781,0.3552581410605155,0.4751722622750105,0.1778077952575532,0.272947628,0.387930472,0.576
0.908963188064017,0.8181635753906132,0.7224320138709713,0.3952735027940394,0.4149751113357292,0.5322905106650172,0.1082112266015222,0.735684926476868,0.6073500504856799,0.282535935,0.472336103,0.266666667
0.772498238276066,0.1313288782187184,0.6661682955761822,0.9930262412702826,0.3670924155412833,0.5445980894612579,0.0973188896524051,0.3701250424692488,0.0489198249189947,0.053990937,0.556308683,0.685714286
0.2748732713264585,0.8122250959734781,0.1710089729226362,0.8723133374112229,0.9014791527014206,0.8305647303679945,0.0920237211993408,0.8017574334605454,0.2459563455349486,0.411949429,0.422664227,0.3
0.4749822309665279,0.2430366917405657,0.7709791890780254,0.7304615863983698,0.1428272540525184,0.172114938294647,0.6824801121526537,0.0077974816831261,0.2681292744603498,0.137556628,0.350807004,0.48
0.7764477009335721,0.4662438500744368,0.3650654018546112,0.566316102729826,0.3671084697646837,0.7830817992037419,0.2566274757410011,0.3470699812927673,0.7958603606164592,0.157951889,0.548910751,0.56
0.5602048963489171,0.6192191701051968,0.6747382010652908,0.613671856785853,0.0705098552639544,0.2704194121241287,0.0049308461499115,0.0551328807212291,0.6176665295462187,0.240720512,0.337586014,0.54
0.1256367749626507,0.2929228203381204,0.3568857548171171,0.0125115642307251,0.4348393921368826,0.9552741726248916,0.3621799196902909,0.2068551096620395,0.8702133045114036,0.140299075,0.259456667,0.626086957
0.0727980754565549,0.9064081714536578,0.6489958317479999,0.9975403742030154,0.1899530045017264,0.5404526390585952,0.6437124543474609,0.2855421932297342,0.1705958816777975,0.545747762,0.135902905,0.0
0.0863660646513396,0.0613665211761298,0.8372490130634102,0.3127055011997687,0.4764280341987998,0.2839753353180471,0.0109044655098861,0.4529592064294242,0.7608159237867561,0.088449202,0.092424584,0.16
0.4644886914400644,0.5304371004083546,0.8637791106590973,0.2889910639963794,0.8827300322106849,0.6442517899883317,0.2046901968026137,0.1261239785947131,0.1430935046827054,0.178784477,0.515177895,0.0
0.1857759993774392,0.000563480583278,0.8294471916855466,0.5950440730343177,0.7667565728676269,0.1611903505197158,0.2596442187773643,0.6045338839598507,0.4812722229148066,0.080414285,0.159684099,0.218181818
0.1726375370430296,0.4401207655155162,0.5673717482002435,0.2854169369299708,0.463785611087624,0.6476629687568817,0.0506592976216917,0.846489832061194,0.6482481052049645,0.179157513,0.389708121,0.381818182
0.7587853811476608,0.8857499656478,0.0360229270547202,0.3497926489973186,0.4451965161802181,0.6890538908326868,0.8219586556073976,0.5541764977152479,0.6707239989304967,0.427490856,0.50689488,0.193548387
0.611846069554054,0.1837089016256721,0.6108206147763707,0.1098086204614453,0.9611635877863624,0.7020770703509075,0.1837075956164403,0.8358592907438585,0.971576180749645,0.095773641,0.639925021,0.685714286
0.399939529465049,0.2451572097771162,0.0118497738456617,0.4401933670304456,0.6191336126170724,0.434937763530655,0.4113153189492456,0.5721539761072977,0.0105597847995785,0.080353669,0.402871211,0.288
0.8825585362403351,0.3346163068197348,0.429300406134955,0.1954823235879336,0.7875076088393521,0.6475949768061847,0.8705284711512269,0.7724800185288038,0.8345807148807838,0.207898467,0.481294076,0.55862069
0.1320918510005462,0.9311725104839796,0.1401529756480712,0.449886126186856,0.0608692392644915,0.590094693481211,0.5878296433015908,0.5831811434933869,0.8402698789821751,0.576424531,0.303484088,0.484615385
0.5639317863191746,0.9235747721217938,0.567686082214772,0.3248805198514853,0.0558499956442588,0.732788350971723,0.4088797383876676,0.8182806322558182,0.8032491980271174,0.422212634,0.38694964,0.0
0.3919011442615485,0.7391955693289842,0.1576836789669385,0.0874821651156043,0.422396580630677,0.113987258788893,0.3443735501819877,0.8442299851352855,0.857390318792059,0.291910678,0.154468417,0.257142857
0.9961625837720366,0.4171886707326406,0.2432275654272813,0.2242130639732112,0.3798935252945151,0.402223373789952,0.3820454056527086,0.1753622603620991,0.8063221450144462,0.143068186,0.424704927,0.6
0.2039289910371879,0.545620629060096,0.382031179863024,0.1639866445749134,0.4068799822797062,0.7622124292742645,0.6427573110382336,0.7923449771402101,0.8408481171168991,0.325739197,0.370380779,0.068571429
0.7022928054578853,0.6795759063117142,0.796879582303205,0.0585800258283838,0.325811905794281,0.1055142774173613,0.6124507198378598,0.4673307506610841,0.0571955491712283,0.309777951,0.202424871,0.437837838
0.3964716390552274,0.4416734406502045,0.0795830169947362,0.6582255413620239,0.9713899213487548,0.9159616857636014,0.4523913189572,0.6833577236257994,0.1303225831248334,0.103563661,0.299463685,0.4
0.9160407203207874,0.0440818602761196,0.6362518780229839,0.4035931635261391,0.269826194470949,0.986959204814926,0.0417246875696478,0.3099956286938572,0.5471749879260421,0.067439905,0.451176798,0.654545455
0.2031247591767948,0.2520180683865396,0.2582764471368207,0.4749720164087986,0.8051016473440498,0.2691462512374971,0.0823596584468481,0.8469854502193432,0.9732477480506768,0.122665584,0.298571629,0.0
0.4328801786592586,0.6465272656205282,0.9925058146689322,0.0520664030720122,0.1329504775791965,0.7211577792006942,0.5952934675860998,0.383510294073195,0.7811407420763963,0.382558685,0.502405875,0.130434783
0.1969629245373412,0.3124576112822494,0.018962431669743,0.9327546551859782,0.1526048161090517,0.3800093591496294,0.4337390884205551,0.0455928573865193,0.4969892050305471,0.147770798,0.433153678,0.0
0.8483431603711643,0.2447082824024042,0.3638475070482181,0.7510596978503585,0.942242323801114,0.330039049351943,0.146843675801506,0.7705754437812489,0.8348672809715381,0.102875237,0.525408785,0.566666667
0.3588511107805916,0.9024590752771604,0.677245865786742,0.4870869411016539,0.8205720765100171,0.0380640589129818,0.891518036750381,0.0059219656798925,0.3849112490286047,0.662183962,0.061135749,0.43902439
0.6440451288924609,0.5050767295560239,0.4052002593759471,0.8830800261469298,0.3434552608696956,0.4310019235492882,0.5135822411628361,0.8897610350910041,0.3229102833041792,0.211540451,0.368749361,0.073469388
0.2776976865565647,0.8178001456447846,0.4358237030736703,0.4437443662709774,0.462844484899069,0.2696944777840468,0.1154518985605856,0.5946717517034049,0.7267664628347935,0.296826866,0.340986959,0.2
0.2354475407911828,0.433891863320158,0.2144148350364666,0.662093076001318,0.8026471803863746,0.1950998789246484,0.8444020496575877,0.5044014604442189,0.7882887104941395,0.233677305,0.150165042,0.0
0.9242824020891008,0.8615925218273153,0.035296179614633,0.6487793167239408,0.9528545571184132,0.2341339077023838,0.6722248765832726,0.0735391612959214,0.177717452690746,0.396813293,0.331867661,0.176470588
0.977334596963225,0.2213585612708597,0.3243573561009814,0.6626495599497408,0.67519010282477,0.7966990736576637,0.7539344075881764,0.2930504877483637,0.2080970564632958,0.134403122,0.335919184,0.057142857
0.9875222994908044,0.2406397647605932,0.7856583768346378,0.1578737075902903,0.106763000796249,0.0767359957590642,0.580248226417032,0.0323894713589721,0.4374880781777333,0.147181089,0.29392451,0.340298507
0.63816616378418,0.0045584337902212,0.408454258387845,0.919740501706748,0.8405046493051564,0.9936249583277548,0.9969750017931532,0.8074773607475103,0.1236623360570674,0.073770905,0.491397894,0.0
0.8902069455189132,0.534037529081761,0.0938697546148836,0.4370232707673984,0.2748601407537351,0.7598161916388932,0.6729098569855664,0.8841803119005287,0.8547543549692675,0.221668479,0.586271038,0.495
0.933781301261794,0.1637708254852266,0.7519590690269469,0.2285309971127754,0.679263960197437,0.1079643020511562,0.1915262407641383,0.9529445896364236,0.6293041791802501,0.092911124,0.393367266,0.78
0.2824219748118594,0.2340768513224906,0.4999888371693471,0.2409734724291353,0.2614773111444347,0.2497864994237465,0.1394415724540972,0.7110025635438407,0.5786315336310394,0.136018143,0.261545291,0.4
0.8605454109794215,0.0495858813582402,0.5919286460671894,0.1346101887382074,0.3919892509266095,0.526479509969442,0.7871218024137767,0.0879491156559572,0.6784593908001241,0.090320321,0.458820623,0.271698113
0.2817933051474138,0.0794064660311546,0.861955539790477,0.1415467744348647,0.3644160471860852,0.8522075447227939,0.4230752956404644,0.1098063883517578,0.0830612324124094,0.037280151,0.515961504,0.2
0.6036606676929855,0.014353693172673,0.898973558780629,0.8146394075534307,0.5203312441950608,0.8727763070692156,0.6701004423438394,0.2669795646930387,0.9116277611822832,0.10274331,0.675039271,0.0
0.4175386190462147,0.660200241660472,0.6594903328630835,0.6607305967349172,0.7413953996146531,0.3991915379222681,0.1921410519660604,0.4874179530404524,0.0631024665470875,0.203975177,0.29826859,0.757894737
0.4543945387486339,0.0920801652980209,0.9307617024559514,0.7496341659696121,0.6536611886019436,0.6928174368270191,0.6725495441304574,0.3129275433957194,0.8990658077502686,0.166894305,0.397808198,0.632432432
0.1759684913556595,0.0429581627321477,0.9213901681756624,0.0724324875755909,0.6915181485556126,0.2922741247220746,0.5035688630464761,0.847607873218382,0.309743249982805,0.117541784,0.280060605,0.661538462
0.5588288496054375,0.7325839713864055,0.9906223522057868,0.4896209450337992,0.4063281992975456,0.3930728139996113,0.2920904583620937,0.2324434762708325,0.5975985475385495,0.328315129,0.424569777,0.45
0.8612561805369097,0.5207316323471629,0.185300620630732,0.0951357611205043,0.3817481517652851,0.4205203553955614,0.2466368299281047,0.5925006559215674,0.6005841145671914,0.18976818,0.42604057,0.672
0.7120311196471201,0.7836597709253288,0.5413452250896202,0.6548519423369804,0.4442791975085355,0.912260115636958,0.7590775216305445,0.5479415690961253,0.738788476420878,0.411655276,0.520379941,0.20625
0.2986603017177723,0.8427339385537315,0.6773124780120234,0.0912199745531213,0.2915439639878395,0.3198404603338529,0.7129536875298692,0.427859254035896,0.6110278382479883,0.561759075,0.368727776,0.644210526
0.2610267711181285,0.5292570533323284,0.4113243360691875,0.7048690843959377,0.8093513656005457,0.0236444192268807,0.2176022458800006,0.5363317501314822,0.1566679656595053,0.154496515,0.03753638,0.0
0.2181827343868364,0.4360961135758145,0.5952633259483798,0.4863120406036858,0.1169973776320483,0.1000447580442005,0.635385870937788,0.3921901197103352,0.6530648022319818,0.210104871,0.118445908,0.314754098
0.4784201828687024,0.3518997087604237,0.9855933460152988,0.9034633032843306,0.6574542501515387,0.8853827804640612,0.565114146552771,0.6800660466851172,0.1574284131540435,0.189021113,0.426243779,0.0
0.7738913420271643,0.7729676811134741,0.309411213914969,0.688717975062024,0.7495704773695802,0.3300896919226899,0.6400397438216013,0.8544805227635975,0.1088406972974102,0.357767043,0.419095976,0.502325581
0.6998583886218266,0.0441395374947473,0.1313038691070651,0.6338048206348537,0.1080479003084442,0.7834838084226312,0.6926500247969819,0.4030785469499217,0.0379583031155295,0.097054179,0.38162541,0.495652174
0.3015487424517311,0.0108482746402602,0.4375134557085044,0.0066609620833961,0.6569782666418076,0.0887942187163111,0.2519537337963771,0.518734435760447,0.6754476722222262,0.067580483,0.159358268,0.0
0.4868260208897779,0.7506344287448132,0.4968119002100245,0.175694104587691,0.9203841033164628,0.8283782971499987,0.6446575989971189,0.0492892222946491,0.3211596428540655,0.42344252,0.428093954,0.066666667
0.2576530349100018,0.7538508193667552,0.9428981404924246,0.3869151312242229,0.2342204042749317,0.6405901861403814,0.5832971515011021,0.9539909121138088,0.4960090772747918,0.398799332,0.391229774,0.047058824
0.1346473587089953,0.5889788813240209,0.1362234647580366,0.3890742352398242,0.7946674165825472,0.4484581876046074,0.4767156897811599,0.8699097737062819,0.8287360944454952,0.197474965,0.191529761,0.266666667
0.0213774556135832,0.4569926478150216,0.2661718390292658,0.3396519286417767,0.1252086339192499,0.017813056159624,0.8925437106429541,0.6749575980792608,0.2858110146390737,0.206525826,0.010009796,0.2
0.8285541333557402,0.8583160486401823,0.8664645320937322,0.8776231119455253,0.5877729299578787,0.0154308368098178,0.2714052488377675,0.4322363869508351,0.8443643989823348,0.409564907,0.087901061,0.342857143
0.2399119368991751,0.4726198508167649,0.0046753232222543,0.0269149747421573,0.5360421894938285,0.1977508074366555,0.391166668742771,0.7286579083093707,0.1541557125050419,0.155000323,0.11773297,0.436363636
0.1479599300915801,0.9838773220922616,0.9142266869840096,0.4316665496915682,0.1670903652907595,0.186545596517154,0.4912178995057356,0.4938018664047067,0.8817007806561425,0.504053177,0.213297564,0.545454545
0.8347348178939231,0.8687653824512686,0.5027519572492721,0.7625800569178992,0.8916926450193435,0.0370595208912355,0.8835044431124898,0.9659649517022404,0.9703409183534284,0.460964568,0.238760305,0.375
0.4882513717589954,0.2740911472868415,0.7956184999319059,0.4925033053136266,0.0736262172263418,0.1244149997450847,0.8853327289845323,0.1447256489454806,0.2167849372715931,0.135969261,0.200887344,0.204878049
0.6363483535006342,0.8016595732163793,0.9943998297642892,0.2149593149892822,0.3312945873551065,0.5474154979962856,0.146884874454949,0.9646603559167412,0.931715120300043,0.410193438,0.436599895,0.685714286
0.0528313480887856,0.3270406332383003,0.1363347321692536,0.6592153121425764,0.7014272552702089,0.2477455495626069,0.5753982816440352,0.4625044276677363,0.2332865104607902,0.137242703,0.160488346,0.562025316
0.0837137754654149,0.6064325055786338,0.9569612977392704,0.6312770746290223,0.758477854293153,0.5775356575523238,0.8562247983415634,0.5433162915934323,0.0008795139426786,0.302577055,0.246634143,0.761904762
0.5159190693306819,0.8832237036516204,0.0707678653524666,0.0554074692637089,0.6113542102878198,0.6803331771468795,0.3874532223085312,0.1776258526605093,0.6998196898205206,0.348402808,0.557102712,0.4
0.8326885183821015,0.5600060737521864,0.6689216672718169,0.1040587075753934,0.3983415965258654,0.555994993349233,0.9255092506586202,0.8355048299593716,0.7281067880305383,0.247914926,0.516353714,0.275409836
0.7016845787507121,0.3796789804148602,0.4094497859754609,0.8815031931721552,0.8903271505990821,0.502825175104831,0.6278877085292601,0.2139276235929068,0.9739084557832208,0.258954962,0.451048913,0.0
0.92095046881282,0.0106257814663244,0.3107692373661984,0.1382922981935503,0.2708796075652253,0.1847609099086528,0.2832447246314629,0.7943760825014008,0.1481938390197704,0.052482909,0.143269824,0.15
0.8759380362216891,0.7299674144733171,0.6087510148691737,0.6299099540958847,0.4177373996681464,0.252661219530121,0.9009672209964684,0.9389030605358228,0.2315504203648078,0.416548524,0.431293077,0.428571429
0.6309579647156685,0.0745878305599891,0.6802354129687633,0.5136071255370172,0.5593562426568417,0.5343832175203374,0.4881792296097239,0.6736684845488349,0.1396607034916727,0.062035768,0.442393002,0.75
0.9475399009437202,0.0051543097731902,0.0850837164134914,0.1855001449527342,0.6091192851929835,0.0814093446311341,0.7772360087534115,0.2154132758784168,0.4911615443533738,0.093436692,0.250262008,0.744
0.3117382171011121,0.1700671567772927,0.6602011341600339,0.6655538974438414,0.0964386285396792,0.3688825560129303,0.2779335142968798,0.5472945927684378,0.15466804942425,0.06859734,0.325813951,0.490909091
0.2921277269739997,0.3607775295708268,0.3744337585978946,0.944129447265891,0.4287357817286072,0.2021526899026505,0.5007745898878687,0.8585175611848298,0.9606294093993264,0.210513283,0.292158233,0.380952381
0.3102802512694496,0.4039073393555614,0.5136930527539043,0.6162974582226528,0.4634682484079998,0.4820522439107626,0.9487664550139396,0.9173392755860256,0.6526153522575001,0.168489159,0.233379182,0.0
0.7908606744038899,0.8612253480067246,0.6399945039005054,0.6634803669908361,0.0222002283256821,0.8848540250294393,0.6431466823224694,0.9758496983980252,0.3072885263637847,0.641133001,0.640751299,0.192
0.057655949485337,0.6480160715552994,0.6640704683487691,0.6332196014048194,0.2475929402867157,0.907516928998958,0.8424844926176254,0.5368163657578872,0.8017444763788081,0.303540979,0.361069653,0.076595745
0.2351159553700841,0.388485282020869,0.460854425444387,0.0457463797149156,0.3489915434324606,0.813798713561907,0.4243712376399872,0.4591793457878705,0.02591493417782,0.13309462,0.450278629,0.109090909
0.4794163486989535,0.1596216647819467,0.9999838225295392,0.9218854660436412,0.4853865406153008,0.3808594145786903,0.5135712748404044,0.5530707700717404,0.5407729710824776,0.140835271,0.479746191,0.318367347
0.9580824806011112,0.4974091334894164,0.7059252123264016,0.3651931376963758,0.606733404188132,0.3209801759652976,0.8652759366325237,0.0845938004549486,0.9460690307700445,0.268227923,0.421368653,0.027272727
0.2684054838210334,0.9327641319273092,0.0478569296159318,0.9292858962739532,0.2433877459590423,0.630727939573525,0.3307358262901333,0.211698828681814,0.5349494242893585,0.365342951,0.616951694,0.0
0.8369526715628037,0.5886355737354457,0.4368662078696854,0.1456582732607635,0.7598247433202825,0.2196321813733961,0.1290058102282117,0.8692225650884476,0.2338776833963372,0.152341373,0.22243018,0.218181818
0.4667212281646715,0.1862288937148337,0.5044794133383003,0.9556236297377037,0.0262226387203929,0.789068505919374,0.1356878082575037,0.4935146393640683,0.3737325952896433,0.073346663,0.411347784,0.1
0.961344865824966,0.992268827717926,0.5990530103065457,0.4122247558230747,0.3291997577537833,0.7954201580746282,0.8799761695303578,0.4131903557657433,0.121047238334409,0.638641653,0.694093532,0.15
0.6385662515604188,0.3255999005028809,0.0650609037461068,0.9505725731534584,0.7931931259097906,0.6440333286400733,0.838307168241366,0.1318582588484531,0.0467245558884645,0.153118394,0.482152031,0.054545455
0.0287727096123525,0.7881547399191513,0.9731105098195496,0.8122981711916114,0.3523181715005729,0.6513098165687066,0.0291374683619675,0.8022391862195052,0.0580904717988837,0.325006024,0.143747728,0.4
0.1829418269797843,0.0410593645027551,0.8993277966064518,0.2620772670645854,0.3518719158658731,0.3032722407212798,0.6910474858722819,0.7452443340015714,0.9621791382212304,0.118362314,0.269597162,0.538461538
0.3576127118242542,0.0247947942115589,0.2504337498247101,0.4654886671042625,0.5882464858406355,0.838275143421868,0.0180308983224226,0.0993204659413993,0.4896520647173259,0.08701696,0.515653745,0.0
0.8914776326780385,0.1326508198504107,0.1944009291043511,0.1057605319858351,0.9482941991105472,0.3153948775282521,0.5465539288576697,0.5117091567275377,0.7003121204741242,0.122261924,0.336288236,0.0
0.6080162249299306,0.3326819469151251,0.70142338048438,0.2207930974100903,0.7109044576932575,0.9988253758731148,0.630661912905866,0.105229526067929,0.3143770881949866,0.16534344,0.496757308,0.085714286
0.8412090684920723,0.1614275283929357,0.4862867014250552,0.9693193865233886,0.6417182101907604,0.5738369032318156,0.6424582157962697,0.1761236572959288,0.3905707241552583,0.132799082,0.43272171,0.0
0.256371536733879,0.2569801096423876,0.4914026676300177,0.55053835885246,0.0477617689474777,0.5264224410768628,0.5736734602969665,0.6849487500397048,0.7999774677075141,0.175869957,0.303835093,0.456
0.3936403600115278,0.5341205505895235,0.1822347518131639,0.5175994469572904,0.1356782092290065,0.6767530349140914,0.8052813267578158,0.5791261122846441,0.8920156013364302,0.281244711,0.489093481,0.472727273
0.9708249508588822,0.9635040332836138,0.3780182481940147,0.506155032543783,0.1119032965066034,0.01446665098706,0.5452605076478109,0.4354396647831722,0.9822337419967072,0.655792951,0.145864041,0.5
0.9595533820042272,0.9833910942191376,0.5517993092747844,0.352250840380184,0.0153417714269697,0.1659567002565236,0.5779687782604336,0.9187939956961536,0.6532852662072799,0.776051887,0.283935688,0.0
0.6889218916762744,0.5621435301710864,0.1548988835844745,0.6874566742834542,0.4198711424704305,0.8867713795369959,0.2750326279129125,0.5007544163309072,0.7939960610262159,0.159136962,0.478749607,0.133333333
0.6009827550336911,0.8850595705089941,0.1781936471732391,0.3261251006519418,0.5978648749086869,0.4068761445010211,0.9323133682878046,0.2258969832791737,0.8807751932000911,0.569474183,0.364638457,0.0
0.1922307199389353,0.1992697442548919,0.2509614001633794,0.0779741794393967,0.2588816537703917,0.942920311476068,0.8973827676045797,0.6400871826392885,0.0645201177371026,0.094702959,0.372281662,0.106666667
0.8423874561292629,0.612186168724149,0.0239670802005251,0.0616430886019198,0.8458053507286412,0.5935027155404805,0.8352405017042464,0.412614271482232,0.2423944233429834,0.306399774,0.558974732,0.531147541
0.4825737233903305,0.6097734501645009,0.5206911803871157,0.9395642790610504,0.2593626847088844,0.6514119138429553,0.5715635573866759,0.967780306685994,0.8993327631559263,0.454877764,0.479769465,0.075
0.1334626783227959,0.9057753307654834,0.8260601212454859,0.1745461037255095,0.456539920972816,0.0067814480615264,0.249231846128567,0.9048211446421524,0.8794815143487165,0.366141064,0.018758473,0.369230769
0.800048903994524,0.1250007298230246,0.4405637152648852,0.784234845630923,0.2814795705852522,0.1658096732679118,0.177314630411963,0.0051055098882617,0.1949043026773598,0.065065947,0.158016965,0.48
0.0958378872538893,0.3280922578359955,0.4972934776676766,0.8158503549170434,0.4502921650345075,0.4757161597442283,0.914343020278941,0.3190306708731381,0.7918943624463818,0.180374521,0.287495912,0.109090909
0.598957507902753,0.191060999504067,0.2771487686588736,0.6431955724141531,0.763204401746538,0.4831731883321368,0.598288319797943,0.1625220618524924,0.8946659661574359,0.171943309,0.511854623,0.644776119
0.8438714855801255,0.8139742146788678,0.3923765364082303,0.0698173679063848,0.6763125913192031,0.9220192884475188,0.7248372869830811,0.2597796128140659,0.9591869777601636,0.520204172,0.422161424,0.428571429
0.3171835791445457,0.7264677699989532,0.2070011857519053,0.4502228929244958,0.1165247834098627,0.0960318709396373,0.6577584043439165,0.6594959521840111,0.5318970334783479,0.349433927,0.123492682,0.405882353
0.5163004707592879,0.7362896162177118,0.0541158386083452,0.2866951320987271,0.0036201613200886,0.854733373343802,0.0023451532159556,0.027836593586402,0.2825686402507592,0.272003506,0.693277339,0.08
0.44948207181326,0.5263042772195649,0.1288336688465926,0.3334055108963035,0.1994469739909945,0.5948155015095183,0.3686874033613906,0.3063863105133353,0.9664060567748374,0.187230113,0.315804862,0.0
0.7719847731446806,0.29945001421811,0.5480517125844943,0.722659648102678,0.6430068690847662,0.6562033664193622,0.3820097711112442,0.0028086420542019,0.851599467316987,0.127887077,0.59401786,0.42
0.9209099085536672,0.3299472712206931,0.6049498728058752,0.0866612917501901,0.7223226206715396,0.4562565070549266,0.3945667576431323,0.414332576947505,0.8916828011924374,0.156316457,0.407321878,0.635294118
0.5907557155136589,0.800213000415447,0.7082305685764967,0.2266976778549607,0.0514597993399819,0.5233172180467621,0.1985677325854943,0.2260025331583338,0.9154227614505354,0.349663231,0.395254455,0.442105263
0.7869570590494143,0.1036509682576076,0.495316950638032,0.2437187532175991,0.7898410593938182,0.3555490401403488,0.2193610844985363,0.4250439796173723,0.0049955525767554,0.061975347,0.476606044,0.763636364
0.1356474489250988,0.6015717408317106,0.8564780446707947,0.7599560455455696,0.2173944081515525,0.0106341524277375,0.3126394591016794,0.0732997302390814,0.6641964077329563,0.197656187,0.026504419,0.114285714
0.8140323724020802,0.4763419614320768,0.1277397360911523,0.0121881848857869,0.6793879273424736,0.9065185763077868,0.4283922466433604,0.1407575478815338,0.1544827926737414,0.107228547,0.456152852,0.55
0.2684163242564776,0.8834037877491927,0.4145153929160928,0.8139673225864564,0.3438243914330343,0.6154803835860778,0.1063187041035172,0.1670656734332638,0.516364879144344,0.14379573,0.295796029,0.0
0.436824072961969,0.1777240058375873,0.0184787927245774,0.6155698765028801,0.5348090990972151,0.4814818847448953,0.2500760585939486,0.1266709199343616,0.621538517354002,0.089367171,0.611083743,0.0
0.8498085779651524,0.7360231420798112,0.2554312128082945,0.4585643446438088,0.296680022831954,0.2969882463405541,0.273607542809183,0.5932728006969253,0.509340481247693,0.273754937,0.397012659,0.84
0.5250626950394433,0.8766023690714492,0.3412231491757355,0.526659371616492,0.4533826972121469,0.3100925285956483,0.9961106563811366,0.6425789063392489,0.796223286081645,0.572295925,0.423084689,0.475471698
0.373636159672592,0.4770289275444067,0.9730496668305368,0.7430188278282821,0.0892741459962408,0.9842363397793104,0.9639317497608746,0.2753958016143427,0.8535138605609647,0.330301618,0.486290347,0.0
0.8467746771759619,0.3624237466104879,0.5626219097158109,0.4946211251404042,0.1342300712273095,0.0674957918018206,0.6420553756956268,0.1873983604914127,0.0502817983000875,0.203663135,0.210936949,0.814814815
0.6501087935132298,0.6060221964861479,0.9546904192751012,0.3327748635318576,0.215151732044712,0.7217209118571064,0.851049048360882,0.2135014869796103,0.7490970436423897,0.353065331,0.503822218,0.2625
0.3906751418516494,0.6562495559429076,0.3864324138067689,0.3531918823986371,0.8837701399607042,0.2093785896336392,0.38819066908604,0.9770567363468208,0.3111746291747608,0.184119434,0.167055611,0.436363636
0.0270477240362579,0.9507355035511144,0.1664791125427998,0.4585744896704649,0.0550353060716501,0.6924125481644384,0.0838975835850941,0.2269092513595973,0.481751563092891,0.2711619,0.235927009,0.0
0.882218539445802,0.5515398298424034,0.3981780914742144,0.3271876462775459,0.6021297950680397,0.1161679589380146,0.3169173342127943,0.1264192752081178,0.2281129515618926,0.214261906,0.246130731,0.0
0.6648297143278711,0.4257024809095602,0.3218633151784761,0.7468646540908787,0.0558512877813526,0.3403308023382341,0.4887620886537436,0.5892323060598434,0.2440509699429169,0.142646018,0.375144714,0.525
0.0457878767525842,0.8992916191407377,0.8385706153851115,0.3132329052571929,0.3512445229943494,0.843790118865017,0.8366637360363985,0.3300571817849658,0.1291092511561727,0.575361546,0.307546396,0.266666667
0.4351232590868579,0.3242550633730483,0.553135867879485,0.8705108304901805,0.3315649036315005,0.3857931909854907,0.6857019295574239,0.3475655099461128,0.0382244507367723,0.178216835,0.367513137,0.408510638
0.2204303119333135,0.3520047210414777,0.6250572334112634,0.9479108908023955,0.5638160906997125,0.3540781477285925,0.3195547849645234,0.2729832693024047,0.6188185722427598,0.117792706,0.183539307,0.0
0.2837701893581491,0.762069019605006,0.5407138741991847,0.1487694087796709,0.0354737502018778,0.0596003279000465,0.8412407621292366,0.3230513332856382,0.2638794725355396,0.373732263,0.050925822,0.072
0.3581004768468923,0.5446558763752399,0.8352889565567814,0.036612522687936,0.1730700184608159,0.1943107274882703,0.9697222271720032,0.2001568720349273,0.995527797548593,0.295049682,0.177802889,0.68372093
0.4707318907489614,0.2995395814263389,0.4465018064760766,0.9789275494919052,0.8720947646095756,0.8840423445179529,0.2798779442126258,0.1363697641090537,0.9641001452788032,0.105366157,0.540828344,0.461538462
0.4607425673802329,0.3151292992336474,0.4372113711365646,0.4390677237953915,0.4953184290689548,0.3766397610047279,0.8921819031241909,0.8217664288517973,0.2715740430551502,0.155062002,0.457713195,0.339622642
0.9046713479773048,0.9618216251549878,0.902635870327648,0.0478652180067834,0.0273599259711365,0.8951939346367608,0.4007345510332875,0.3146244480693152,0.8138347510126345,0.582853671,0.634926497,0.24
0.1447478270487404,0.3274633337535193,0.7356951415550661,0.7946237200894448,0.5030635436166903,0.0168268694226091,0.7330724644356708,0.4342083251342031,0.5531488108850127,0.228020234,0.026165228,0.208695652
0.9190958308810496,0.8156971492933038,0.5222168552671619,0.7519869014342371,0.2628199033053054,0.6388490888928262,0.8382953680276517,0.8072783065778673,0.3236858215847656,0.419871025,0.431237295,0.0
0.3727243973696011,0.499652025251707,0.4884587208123102,0.0195390371042611,0.4958331534064982,0.7528496414932867,0.6067990018850042,0.376816009673858,0.4110697789010595,0.203296115,0.379928646,0.5875
0.8974855221844369,0.4234316042754559,0.6838324711342608,0.2947108409818221,0.6796054654958336,0.1362742470415483,0.9412663880064224,0.1448572310777457,0.5172030366813954,0.228107647,0.22143855,0.0
0.8263498661010098,0.7380045254435249,0.5055191965871593,0.7900513253377,0.4692719809907953,0.076974024474931,0.8735093135293132,0.131385747273329,0.5190954771949517,0.344622701,0.273425413,0.352173913
0.4081391000261199,0.5472420113753855,0.8386380713124089,0.3373306395824994,0.3777166985797436,0.5269853869066142,0.8620745895124571,0.1873776513205125,0.7076772148608786,0.288665058,0.379137235,0.045283019
0.0707674976322743,0.3367060610961844,0.1490734341822321,0.7869227500801136,0.0742120250658391,0.2516346399500004,0.2248391253197094,0.5835273766665301,0.8116964215132046,0.175527782,0.141107409,0.4
0.216537365945,0.2922507674119913,0.7512771325549725,0.9773263056104444,0.4165049334739585,0.4514451724326916,0.5947481023104428,0.9196296340136616,0.5094817992886163,0.157415131,0.347794544,0.311111111
0.0203671066673772,0.3836658948190695,0.4815710356911896,0.9585340055470088,0.3083400386602883,0.25674852858769,0.7254503591042462,0.3339100653972736,0.6629966930890018,0.184476471,0.063935344,0.0
0.3549440807516926,0.3137284800890549,0.3376025919999601,0.0397959205988519,0.3274932902381762,0.6874762270735734,0.6224621976048079,0.5975537388881533,0.5153833091057621,0.180528461,0.497464636,0.213333333
0.8553688676050442,0.6051594726701286,0.7301072011646931,0.6191928256075268,0.0855085599449286,0.8666587125349328,0.9999790882917096,0.3506044251682869,0.5238799449236933,0.277907753,0.565236678,0.496551724
0.5596890346967007,0.9176865432079896,0.8668366326255373,0.8377135816715616,0.2320550195613538,0.0691421072289403,0.0755624923679344,0.5687695951936272,0.5074262123014471,0.343968705,0.190639071,0.545454545
0.4770510546168663,0.6711452068370984,0.5617734202223201,0.8671231543015423,0.4947705252959251,0.7754653320313394,0.4517094887264543,0.2967080887496096,0.4833211443467715,0.204958758,0.51065626,0.0
0.906614091478637,0.6192873978285568,0.2349112599168056,0.0975515250849028,0.5227923982231367,0.8117092450606999,0.1153077531361789,0.3608486017149912,0.0817914831069356,0.206715976,0.55866626,0.381818182
0.2200157415090661,0.9869621450814556,0.8943202421276483,0.2622058687848428,0.8106639152811793,0.6636184579151437,0.4922493555293916,0.9407576560684864,0.5361356526691088,0.521537081,0.492757821,0.709090909
0.9028933640386728,0.700747862479999,0.3985372695538279,0.3698390416747539,0.7403706242656883,0.8824598819803249,0.4797232424676381,0.5355133597853022,0.027352014596704,0.247887019,0.526739528,0.2
0.1705614040559131,0.0092995733720265,0.0404726441053524,0.4233574009640732,0.6751943020489928,0.1337210051571402,0.465338222726591,0.364530721434832,0.0715116589432685,0.058543654,0.151059859,0.6
0.4004781568425992,0.2779053731800099,0.8475005730854486,0.514145881401751,0.4721865563811799,0.6875437927931531,0.7237002231022335,0.0729437665739651,0.0445183969039438,0.138822598,0.35431122,0.044444444
0.0297573926234601,0.1404510337452003,0.2111189264599932,0.8521901074244964,0.636382960638918,0.3265424890480319,0.6377290418100198,0.8049810729914777,0.3966104468032573,0.115713511,0.116989559,0.0
0.1518042737686624,0.2214037639919486,0.6668321136023047,0.970898357850494,0.731849402016791,0.8087532908629962,0.0775401240685786,0.5963292875205195,0.8781995990380221,0.124773893,0.318518814,0.0
0.58397539874276,0.1996795935343754,0.6028181565580484,0.109880788679943,0.0982246338629234,0.1398534238322439,0.1381948648165945,0.4084956250266472,0.1779207554529625,0.078381086,0.242969284,0.126315789
0.6398624135094002,0.3184778309543737,0.1216630073479096,0.7955952745271443,0.1566847349675121,0.8316609213581221,0.2461166004926392,0.6164913380544509,0.7415324115846381,0.107929797,0.360862384,0.0
0.4342614290214445,0.1067777661322302,0.7745333837303766,0.644298133612328,0.7368674710640946,0.2130104750660931,0.0769117669109243,0.3366880938678914,0.6031749959088248,0.055649579,0.594958305,0.0
0.7344148046129977,0.5361496750577688,0.2172710967013795,0.1935381974346408,0.7182603324706036,0.5485585732564342,0.1801824526994482,0.9310616458977794,0.3035433892516987,0.176229832,0.387514676,0.218181818
0.4447631518032263,0.0595908064441855,0.4445244933048236,0.7928834717383569,0.0914809353604918,0.7103433066928703,0.6104152082851194,0.0645397279194187,0.5586025582565735,0.082749011,0.469175876,0.266666667
0.0488189986691275,0.8110014203389058,0.1968400393694268,0.5407595737076304,0.7186933003995588,0.4425717385691172,0.6898862068860133,0.2428290037722998,0.0540255735711074,0.398893814,0.233055786,0.608450704
0.6322700990736386,0.714567299394484,0.8015078200390822,0.7243810085410155,0.693528793158151,0.5386377001009162,0.1730746672267842,0.370454201413062,0.2656704983121459,0.289589483,0.46545852,0.282352941
0.1289517166005368,0.212606198001709,0.3639589226078817,0.7321296591602984,0.4634452202937191,0.6210578228290717,0.6991861612659173,0.492787803935427,0.1909182744741911,0.103301282,0.258953571,0.031578947
0.6165750361683439,0.6024114541171555,0.6695461533938831,0.7497243659686377,0.6020411112220485,0.4630726465220537,0.3615053275987869,0.589710812825201,0.7379950538053507,0.190777167,0.434341144,0.24
0.9543589994346422,0.5286324543717107,0.3304577703359143,0.1344637133776252,0.4107724655574947,0.8851472627837406,0.5926228816492225,0.8393279534839821,0.7022448002895076,0.274529219,0.560371984,0.06
0.9284662993559752,0.1827423276856502,0.8315007776187043,0.5648596879314581,0.972840317979308,0.031838962455437,0.084424080671366,0.2428015531543714,0.4395892740580741,0.074085823,0.184144174,0.658064516
0.6642124507300253,0.0484891603880521,0.8922799319752404,0.3081202410028013,0.9693724677868318,0.7054216240376994,0.6619697918963514,0.4003786490443246,0.5666504289241046,0.10843359,0.560744707,0.24
0.2361548268076178,0.5387691900381528,0.7430853574852658,0.831372498325731,0.1141434541654666,0.0544446935729289,0.7364009636685294,0.6470923531132861,0.526602251663074,0.276141518,0.055251043,0.0
0.3956750501649708,0.5484912708852993,0.0568865761565825,0.4809441528242916,0.8047639171333387,0.8942284877529212,0.1888859863347689,0.3208212464663348,0.1071663219968641,0.28243419,0.691162108,0.0
0.2134909909633617,0.8528164094719521,0.2018394040586012,0.4457360696341348,0.4116006102960931,0.2982243716205803,0.4399291375207198,0.5827456893620129,0.2488719198530585,0.313499265,0.213844096,0.6
0.124647662124448,0.6004765784319736,0.0607593801095711,0.2791420469783924,0.3483726500557041,0.146706483840958,0.3384364838383745,0.4970945961071463,0.7381403876760844,0.174282875,0.170393815,0.709090909
0.5791139016463536,0.0575017804191144,0.5171536527090603,0.7642477306256228,0.9308305865206132,0.1260568131938972,0.0685887900895165,0.7683632615432195,0.4802736953855978,0.056192846,0.160929355,0.109090909
0.2756273516843327,0.0101033798261165,0.7126904104204537,0.0154170317567472,0.2999100951032619,0.8273716048550838,0.8304626260336571,0.9638454412036032,0.515572328032663,0.07625142,0.409775816,0.09
0.0924605551937419,0.3007962254624896,0.4004947900537783,0.2689606215933972,0.3903697154960548,0.3957330199062395,0.4179628199846064,0.8171280843094505,0.8409690779561921,0.105831969,0.263582158,0.488888889
0.6606726062673624,0.4938801832788587,0.2549357195863673,0.1889678276665438,0.1444186643076094,0.1411508502118825,0.1903000806189976,0.7273900532590465,0.9743230788792036,0.139168937,0.159791304,0.0
0.7895047732922089,0.6945572032110208,0.9808640265741478,0.2071710716285577,0.4670589488740833,0.8546001007963938,0.0885234633468782,0.1104776923513486,0.7978077753599387,0.259194874,0.572656066,0.270967742
0.1120947938802786,0.4407556455993616,0.9017251646776996,0.0651986687703589,0.0798710162382819,0.7003204011747223,0.1082165610915976,0.464819232399234,0.5720551492840742,0.216733042,0.267202889,0.0
0.5993189564412883,0.3750955164653512,0.1299739307885185,0.4397585024453304,0.9581473385076386,0.9082638192998376,0.8718162374467874,0.2755563910980809,0.6917463036771984,0.169506627,0.554654961,0.216666667
0.2765267006256482,0.8510804604666437,0.0777426221831053,0.3148415549821343,0.6292043718462769,0.436532547231805,0.5209926458029157,0.1573935329454485,0.7308718990386922,0.435230935,0.397445583,0.461538462
0.6373845873874783,0.359567334668068,0.924396480395499,0.8879762709206386,0.1982992684643929,0.3853516669086946,0.3974077579570744,0.0350410508816484,0.6721389741318813,0.04109808,0.241115057,0.0
0.8693431205692436,0.2527429111448712,0.0579063312465332,0.429762774310423,0.4634799137037833,0.9181303749006708,0.0260792851876928,0.1652091367714786,0.0873295744291038,0.052606172,0.850657496,0.0
0.7359150547832473,0.9989408996474036,0.0521366614424294,0.7400836250922046,0.6875652029832846,0.1063335614931568,0.229399021665562,0.3728193526585561,0.0307800418702883,0.317537284,0.23523923,0.68
0.8471815546367634,0.4150841860689644,0.6318346629426312,0.2800138569465322,0.5746853322262816,0.268680738054518,0.5028688005094636,0.6117765951605841,0.7367600075848305,0.204331963,0.500231732,0.141176471
0.4863060021824907,0.3856169545701534,0.3371477591428454,0.0973324625926506,0.6709706485159913,0.1877394463794992,0.9978057051718648,0.0883417259297054,0.3462778839584197,0.176599847,0.392880643,0.568965517
0.7681904306366748,0.3037940673023233,0.857511021933406,0.9700813837501088,0.0410613553600888,0.9231195589686852,0.1662572593284077,0.0176664352931822,0.8395367981423139,0.130513745,0.596921973,0.553846154
0.8515949560551666,0.3936374920234753,0.226539685123759,0.059293616516542,0.2975181253802168,0.9317307095056908,0.1845798264825652,0.7317058167933551,0.0566476852555349,0.114728872,0.48120675,0.436363636
0.5989927621590359,0.7908764269267432,0.1818948104235497,0.597258234789926,0.7777078483796964,0.1320016015307129,0.9120387062562288,0.1683215788519461,0.0775068138945743,0.375862381,0.321666105,0.489320388
0.1303670871969114,0.1314565350464916,0.2579106240366101,0.5688003445050902,0.6110264552547823,0.9193010033540489,0.6223976463055892,0.8744429986747697,0.0478735045943627,0.100948438,0.277905559,0.057142857
0.2185704578413426,0.7666240334373996,0.2206400040392736,0.8758606344343782,0.3362821706099582,0.2251599449396731,0.4573684720051741,0.8908082201846478,0.2201730806628102,0.200441547,0.18783558,0.5
0.58451926147224,0.886511009676575,0.4681147041142639,0.3415433252293293,0.9053115675693448,0.0252138269799339,0.02568543036912,0.1402796283979553,0.7516057350783787,0.402380421,0.051017955,0.0
0.406205598465679,0.6997931976302483,0.3816682782651593,0.8187672359859954,0.305364637450925,0.9172509727184096,0.3109782954733092,0.940189295272585,0.1806447399447984,0.212785286,0.413100261,0.0
0.3548804811050682,0.5589913552171574,0.8814582222303856,0.2813619151093568,0.6433952169307774,0.3949097546020839,0.2313910742330813,0.9575879142695618,0.5084856442391165,0.19793452,0.193289794,0.133333333
0.6834873239251448,0.1401410437136039,0.9968079196047702,0.8591383246875285,0.9117829911827806,0.8571126670576671,0.5936334973804754,0.3163663905774047,0.4625417426258279,0.126776069,0.47237482,0.233333333
0.1941742172612072,0.2510657382624132,0.3020555434596013,0.4029091747167636,0.14390962381066,0.579400909544401,0.6996830982044326,0.655174293917459,0.8411750615404787,0.153843495,0.311262681,0.0
0.2334081487578997,0.0128000571218253,0.1095238068795854,0.7114568055010158,0.53929767047571,0.1453395157284138,0.3577941662885702,0.747441623500164,0.6607340572509947,0.070451029,0.082591096,0.0
0.3444550975521139,0.4963370100408639,0.3891937959445529,0.0981524726745651,0.5804963626942159,0.6077058398588323,0.6086279118968551,0.692028197162054,0.9839716145477622,0.206592711,0.474954621,0.4125
0.0691397843188228,0.0129415388860454,0.5773415807032523,0.3741511562055786,0.0320267596192455,0.5399703576909242,0.1937987329692441,0.0334492357026104,0.1732776731056797,0.069482003,0.150629297,0.0
0.6995395404671443,0.6928269110924772,0.3590560202633573,0.9398355369108102,0.1867120694477468,0.6488576762123182,0.0426706530592991,0.3510744682847897,0.8872680488923198,0.178773263,0.490008148,0.0
0.4898472041359398,0.9967248199809604,0.3467208480749653,0.2940605433016664,0.2423805792831957,0.7241054952631877,0.1606382323468889,0.1554050506289275,0.3739397011478066,0.380528681,0.632761059,0.64
0.2809743857594453,0.2229641930425275,0.4273017299715516,0.890620152808588,0.8403447794825449,0.8554975046950581,0.4859845122053695,0.1239717167236748,0.3923981916833144,0.1128129,0.576380299,0.327272727
0.0708695005508649,0.5740825351085107,0.2067376098401826,0.2009170333588181,0.0802011371184865,0.5975549866293921,0.320002084773887,0.3050493786672468,0.2925956324439841,0.109263915,0.192561078,0.4
0.7914645940248373,0.8249935028197926,0.7930935928173666,0.4267827449470222,0.7673270487929007,0.2841779559782863,0.2256966195617163,0.9284180063738195,0.0404820679405278,0.272506837,0.409964141,0.821052632
0.3660308805253893,0.3065990958821134,0.3030284077098416,0.5207205453929032,0.471801347944765,0.5466515175146051,0.0644342320594901,0.4174011246521175,0.5534905809705055,0.115542625,0.432172665,0.263414634
0.5138777396573957,0.1641749265171055,0.5735661217447581,0.4768364126959802,0.7399462503894901,0.9356862747943788,0.2112409621932307,0.474571600503662,0.904483338745276,0.094370707,0.436810985,0.109090909
0.0474115744195765,0.9313985237393536,0.9883988366176724,0.8742650654096037,0.0520160708815802,0.948027279677627,0.6513920880179784,0.0675974450404264,0.9285712182925322,0.738726495,0.350960264,0.0
0.2797312118652404,0.0245505986615985,0.749491908430453,0.0611824120237964,0.3907148199596,0.9909227375945884,0.5304063918628072,0.1406826719040748,0.6964330502051512,0.123558655,0.522847666,0.466666667
0.2143070409325596,0.5130277010808795,0.2847588197584091,0.2601165400405615,0.7806408317024859,0.5636094409756757,0.972247880266069,0.2642375235819884,0.0083527580792475,0.17548057,0.301933213,0.308571429
0.6817342599202384,0.5405690522459901,0.0304971351642209,0.3456557013294937,0.6599430973543168,0.5269904220389319,0.6275314982452095,0.0927651450055458,0.8070403580689474,0.222955651,0.50854568,0.21686747
0.5873628548681001,0.1845692977529602,0.25655973328058,0.6319636890398584,0.1533462050690065,0.530710022548728,0.9812117188569236,0.2234473620133412,0.1534387700370777,0.105348932,0.406380711,0.38490566
0.4787802084313991,0.8874528859796427,0.8512354147480299,0.3362909983886903,0.2921421985692692,0.9414839850467732,0.1771149990625767,0.7720825029699031,0.0475957502273713,0.425959262,0.577629183,0.0
0.4628357048569199,0.0214785155200324,0.2758430672283536,0.4213431344183357,0.7128337775130087,0.2038861063573478,0.233989783821483,0.8561537873245114,0.970568746923827,0.081432261,0.391164376,0.7
0.0798096268673921,0.2620879393718964,0.4597560907002064,0.1233243908184259,0.6779891964127452,0.6426116020111221,0.0625863462408705,0.653627292560195,0.2154651958882274,0.096190412,0.391621233,0.548571429
0.943135268561136,0.9230173381941849,0.9676801107873692,0.2275773770291826,0.4220231525810739,0.6644280073126038,0.1075831586199429,0.920754814192898,0.4063804846396115,0.395053523,0.589833502,0.8
0.5166471038397279,0.492155817283269,0.2443823997428105,0.0412740706097698,0.4822122945184001,0.644979960292005,0.4884831979485444,0.7560423969072533,0.6516968778416918,0.162768099,0.400973626,0.423529412
0.0083874732209567,0.8931424416039323,0.4172732878802168,0.1821323916911433,0.5758462401465878,0.1315716948750743,0.3495697525450602,0.0071624921980527,0.2539240121251651,0.274248026,0.05112865,0.052173913
0.2179468284367526,0.2609471408737491,0.2238614285931103,0.2389364365548999,0.1850909110647892,0.7902741450653776,0.7526395937311613,0.1388399337903486,0.7846585452968413,0.117124584,0.340197968,0.0
0.3416059205280088,0.3037047167676069,0.2443423605632469,0.0725548088398301,0.8908342210139262,0.6054736978865308,0.4424840408476062,0.9909343374836872,0.2363307755949513,0.10511946,0.462175597,0.7
0.8393971596510506,0.0949675565554637,0.5256761286531902,0.5235459667766198,0.9507075812741812,0.697917327785303,0.7689802864518,0.4017906748552631,0.1904010359819182,0.122851433,0.466340098,0.618181818
0.2766307382026046,0.0763433926574974,0.348995367646858,0.1292415029545911,0.4858913231522918,0.2849942042211487,0.0901398670426745,0.2026524462523351,0.339406851134679,0.063325866,0.307858871,0.710204082
0.8800216547558422,0.9948407288260463,0.3370999773333776,0.9179935922404476,0.9601191814605394,0.533651854799463,0.5522041920574969,0.1707840122136628,0.0425025376248675,0.563979458,0.400198951,0.541935484
0.7095152689372294,0.7136987075259492,0.0147720395179222,0.3431892383410719,0.7609804260756254,0.2821814114542403,0.3213538530081491,0.7829004675156873,0.6520958460029916,0.23738181,0.283903048,0.16
0.8749610785134554,0.3605357759475521,0.9861592595120808,0.3691422746014687,0.5609484848744604,0.3412058753352009,0.836206081442198,0.0066331882630574,0.3780989666671933,0.171466341,0.478425586,0.032432432
0.3680670497652261,0.912463250509069,0.2253069566357002,0.6815740952877618,0.8513458847964975,0.9225998312711308,0.2401561856723062,0.8101965672482425,0.2702282654433577,0.124610618,0.707842248,0.0
0.3821150364052075,0.2900774033830217,0.7125836212078472,0.5270564349805192,0.1398173051502449,0.2535080985690935,0.7769591812159432,0.2677055262493829,0.1030261291974882,0.201412928,0.307028094,0.739726027
0.2676263408574633,0.7995572061747585,0.1984857287961429,0.0154752257929191,0.466300277060968,0.6755054093560917,0.0719678729993463,0.5478206289826808,0.6904853282792571,0.31837356,0.296864168,0.0
0.2211927336228161,0.1343828362953174,0.4631697716452027,0.3265431620684109,0.0285038238421032,0.6064448302938386,0.6418899883177198,0.9721549049706312,0.1617072618518129,0.102336784,0.348958746,0.45
0.8514718909834867,0.243081902173376,0.9801293357871804,0.4970935720059698,0.5119685183368308,0.298660515304694,0.4919197929650502,0.5692134913038189,0.5543403102322463,0.104070577,0.470337455,0.375
0.9190691891457156,0.4630452316008225,0.943227905349504,0.4453555379923599,0.3111954329574621,0.821186441214174,0.8093398539166959,0.0728829597453699,0.3699652960881602,0.274546998,0.725420249,0.254545455
0.7237582726289853,0.4119215402616608,0.273303310230286,0.3741395423254207,0.0133336743383343,0.4586740110597562,0.2413739990816374,0.2367839128962305,0.1922564702485433,0.101896572,0.455638088,0.78
0.4177284067857917,0.8321053344383638,0.5306604644352229,0.9040493249799316,0.9478171227177232,0.8642851244324018,0.9403881589249818,0.5185735790931245,0.6287218898707968,0.354817899,0.413502009,0.058536585
0.4431704866235887,0.5236152908471305,0.1857942618288671,0.2349206040750792,0.9193956630204868,0.6127832966524634,0.7349091007917209,0.6778721523725618,0.6826637791508016,0.270588553,0.425146424,0.334883721
0.708181538441112,0.6585887026959989,0.4886957850505269,0.247492848958998,0.2546461022216287,0.9526439676431088,0.3715500038803864,0.5626272505210577,0.8636836977361249,0.217260609,0.505287885,0.533333333
0.0576785918128873,0.0277128708285807,0.2307110742813858,0.5292450666482148,0.197034878759609,0.394898870603236,0.2238792619885654,0.1317420442281477,0.560891051368629,0.065320504,0.249804379,0.228571429
0.7999078032471534,0.929378435639858,0.0394459069200088,0.1814493686257352,0.0473345009795915,0.3712498691222125,0.1351238734134819,0.8267333234960086,0.4208910020906842,0.320935513,0.352799664,0.285714286
0.9419438841269973,0.4127099217520564,0.9638524845339456,0.5855343788628782,0.4022925044839464,0.8837845295578068,0.1806341892943996,0.6786954779893389,0.8095459405343218,0.164903739,0.440545258,0.436363636
0.8274073708162388,0.4376086670977525,0.7396002373043052,0.0209422932944172,0.6564994667526991,0.9440455711516124,0.5481027075380795,0.110307130212971,0.5801254097582934,0.256194388,0.675475285,0.052173913
0.3786331261781036,0.659582150384067,0.0253681313331058,0.5992646081776029,0.9118809805905368,0.3434954942963485,0.7745836381566972,0.7018201683914227,0.0687298741024542,0.284353297,0.361873489,0.644776119
0.5191688358921888,0.6820614442703428,0.5117602420707802,0.5445813309913424,0.9781211729767496,0.532152928801321,0.7646262593151081,0.1311192489156345,0.8942148625888212,0.396483312,0.566759076,0.461538462
0.8494967383415879,0.260243410270191,0.2529160061562989,0.9740416715080984,0.0413838209504972,0.4628841390146885,0.8954103434849583,0.2290271481029164,0.8277400032692869,0.135486357,0.451247751,0.220408163
0.7677361833887375,0.8738786967426084,0.2207007498334099,0.9353534497543264,0.8528507869264611,0.2375082302707631,0.3568415558562372,0.2640357312770032,0.3390177054817209,0.297565519,0.346580931,0.04137931
0.4309467422551502,0.8502569111532942,0.683014021892851,0.2134959494400905,0.0717200645327869,0.3067718736224698,0.8030477755423197,0.5664236439969431,0.9709840948200352,0.548733665,0.348062911,0.469565217
0.4300010914252223,0.1337016429156761,0.0131124871635384,0.375003937593266,0.3636786287910092,0.8230095779188735,0.4354126421122984,0.8182212112368454,0.9375122974303808,0.088258751,0.519963984,0.12
0.0399714056759755,0.6216267077584081,0.6794543143130316,0.5038085992346397,0.8942494709514732,0.5861346341091578,0.0790130192305046,0.5151147405255364,0.6820303350411132,0.227547394,0.263112148,0.352941176
0.6981761021449805,0.0251731866250457,0.5385252870404067,0.8735908120143991,0.9885512801543018,0.7474444409469944,0.4955478706406681,0.9312110856004356,0.1191005407820816,0.044263198,0.143873455,0.436363636
0.6754143157215291,0.8230735189546375,0.7996517696917771,0.3796217274642129,0.3300183606071736,0.1835151752569217,0.8348358847413496,0.332160977214738,0.1682606297505567,0.467231975,0.268959424,0.561290323
0.7895086731716224,0.2522040635567234,0.4877194787977753,0.7396582038478805,0.5052514120188006,0.0601774882871676,0.1590027633691261,0.5342123528517623,0.776021876107589,0.131668972,0.063605809,0.0
0.7530666427593732,0.3375156289689336,0.9690445378008128,0.2987419335895919,0.9825480243491092,0.2564087067309665,0.0116489614498497,0.5904088699583513,0.4082864405613747,0.13417766,0.515716523,0.6
0.1351943503507763,0.2523005470564214,0.6929447373279464,0.0422671751718295,0.1711289594123496,0.2534600163868621,0.3696559882333365,0.8150935858146886,0.0913897327755641,0.112931282,0.22284996,0.270967742
0.6605976525090608,0.0105230073879509,0.5971153205637485,0.7073367913249311,0.3652803002758094,0.7674860206579776,0.6720171674714696,0.4771875745337175,0.580004026970998,0.104190528,0.550048289,0.307692308
0.2816051985836666,0.4559120766048207,0.4358100700626441,0.5214342092707605,0.9611379601231697,0.976447477744756,0.5059890300296999,0.087435732178443,0.5085270136805294,0.219361921,0.525325218,0.2
0.4131281505870775,0.7986471375085403,0.1358640032357837,0.0930985521708929,0.2714523689688436,0.4425449057957203,0.5936771406497539,0.4231486062483374,0.5315565034726657,0.373356438,0.403650542,0.138461538
0.6668547772534975,0.9693391480991412,0.4794130603534248,0.7659698584556608,0.903411443714466,0.3556055642975502,0.6196805596607493,0.9020792838672028,0.7901317434930056,0.558930754,0.313414993,0.069230769
0.0548264899665275,0.8513513398178599,0.0739139212766218,0.0314528279209824,0.6340930115217697,0.6250700295409991,0.6819583398452668,0.7707388074474985,0.2719389919202948,0.413885823,0.248452837,0.280851064
0.0369500704700146,0.6039557497123752,0.7547107514171335,0.1422227695569468,0.0145724852290494,0.8464958640012427,0.2190741598909219,0.7683934785335945,0.365994758357882,0.176026048,0.08066969,0.0
0.2032574296345757,0.5571508262939231,0.7385342189105117,0.0829150688426038,0.7890186842437852,0.5452764070426773,0.7972944008714153,0.9169488667707671,0.3509028364668655,0.266973846,0.291310897,0.075
0.4938407571142532,0.8176788298822827,0.8522658055939475,0.0693760979029007,0.1734020586979002,0.0543619151257825,0.6004638470229579,0.5529393625443166,0.9620647004769968,0.48102085,0.174370492,0.615652174
0.2594713409933376,0.541993139186767,0.1846151860742492,0.8633241792149979,0.0050494091644829,0.6353330776036409,0.8275087050834802,0.2141847255498399,0.6565515292594449,0.253155336,0.366493713,0.54939759
0.8054827435075261,0.2579710959251421,0.3484705915979194,0.3643094501886216,0.0157974356076336,0.5876049388852891,0.1482179335845652,0.2060786727663298,0.7040067600002358,0.07893225,0.443096218,0.0
0.9567739853115452,0.0003839574685614,0.5392769058115233,0.9208555820314224,0.4511372867912038,0.0636813422742244,0.9632338120835956,0.1912633813637066,0.4278930252234146,0.115833312,0.249742498,0.32195122
0.4097479990105754,0.3100137985523755,0.4927805272413244,0.8975869527960254,0.9473740417316856,0.0670639719645689,0.2016139592021805,0.6548587867169915,0.0871321759664932,0.091326048,0.065718913,0.428571429
0.1848047740566861,0.9293073396989228,0.8427005295837888,0.3562209467095627,0.7641141124866153,0.539120286208647,0.6428640865866468,0.9337049197375584,0.1991277086985493,0.56322813,0.33775459,0.646153846
0.4806224895992445,0.0545494188832579,0.6782375249901234,0.8511914827311933,0.4130192934552975,0.5532865613212645,0.8053461476413737,0.9419594337796936,0.0580214670248767,0.076876779,0.441502617,0.363636364
0.95286922930835,0.5817099636514322,0.4107633327562059,0.8441843443813896,0.9546254712381708,0.4595071484027256,0.6900022328633415,0.2594711140127455,0.9959451849163882,0.349435387,0.427521155,0.057142857
0.2273356586850512,0.4809135561205229,0.6051520365591135,0.0122024463942148,0.3073603037520569,0.1277840554853856,0.3456267584018305,0.7259424640038128,0.6577268364086183,0.150405308,0.09988123,0.709090909
0.8960299984988481,0.334958590081957,0.9358979506564112,0.598829967585014,0.1512466165655788,0.211571440497552,0.3171022222250362,0.833930980337117,0.7076191057951003,0.141121868,0.549348013,0.757894737
0.592782425835977,0.0705749805514204,0.0889261032924814,0.574023643674725,0.9532886672579292,0.5864643813372028,0.2665142748865697,0.0318462100939893,0.3216073978808509,0.064317336,0.456563105,0.4
0.1891150818414485,0.4213939528205332,0.8134679820628263,0.8044763676812651,0.0164079369307232,0.2873503113111211,0.3977589244365289,0.7494492181932827,0.6688129504588994,0.149597778,0.285324639,0.276923077
0.1020944277475546,0.8403263734625116,0.8605885939779758,0.3764927111612965,0.2534548166006234,0.0896317292588325,0.0903172211757252,0.1487037234739412,0.5744344493959748,0.226896725,0.101506629,0.12
0.4812889664452693,0.9512386729425764,0.7946707442252182,0.9439600320603724,0.2917111127902105,0.83891754268551,0.0094638479751189,0.1643883045243968,0.3245110190655835,0.448246642,0.471560696,0.0
0.0494585977053068,0.5361810027475962,0.2368349922415015,0.4292041831531528,0.8746872058761976,0.2118325680796349,0.1980591275942893,0.222913136957221,0.6759245408599925,0.202127879,0.114669061,0.28
0.5127688914313885,0.3863083478950975,0.0975238740055994,0.192201460237728,0.0796584805686545,0.5800641112630881,0.7325290876217695,0.283751489471002,0.4221101751794621,0.222434213,0.432992543,0.759493671
0.8045251736874433,0.6520517451315873,0.2463724475695911,0.0299484782361463,0.7759757751545348,0.2082512143008363,0.3441209598622241,0.7808024016484695,0.9074310941387476,0.199828435,0.434250052,0.6
0.1115079033363365,0.4481558783383573,0.1385544426650355,0.2365762199794702,0.4538565926356788,0.4996677275958059,0.984792890374148,0.5197965017999467,0.4630337176233141,0.197362017,0.248256829,0.157894737
0.0828278415994737,0.2261398412214309,0.7707506856317127,0.3302825905818806,0.831312838284217,0.7921963564781468,0.737949487922103,0.6775826311487622,0.3408980815814461,0.104203726,0.209052956,0.0
0.642895287455873,0.3549572831101502,0.7449756025719969,0.1139006758075368,0.7068287858761192,0.2020059510514102,0.2222347827297098,0.9398751804558544,0.4750046559534331,0.112870361,0.201488134,0.0
0.4903609850860141,0.8038119738007612,0.6659013782471752,0.9066699629999554,0.9724529578177024,0.2771138966561204,0.6861542947414726,0.0273577577945836,0.0148402239526279,0.501401922,0.209113865,0.785714286
0.5173009534291284,0.3956707646862736,0.6017188704657145,0.1636582565301532,0.6469994263627017,0.7015714566114094,0.2065019627203278,0.1917117161829388,0.1505660659442694,0.112366683,0.568422583,0.67826087
0.1210140084167815,0.6793026238062876,0.587836839082451,0.4321427644417064,0.276423723485182,0.7830733540787594,0.1863822358656148,0.3568347975256316,0.971266327805557,0.258356728,0.345369944,0.0
0.8339778737481789,0.3498556860184099,0.6254795744972023,0.267900917925668,0.8973668384891776,0.8641330545378615,0.6522527950038457,0.0007488768319451,0.87321917818666,0.192182897,0.462422436,0.0
0.4894562330326464,0.0443738411882378,0.5510150065460178,0.9742134793396022,0.7459941650855592,0.9381729244983976,0.8027713552963534,0.7963906210859237,0.5478598462830387,0.096852351,0.651910978,0.0
0.5660569509713738,0.058647604818961,0.3043303538992722,0.6794036307516613,0.0200744945720818,0.7474298360266283,0.8935664162673511,0.1354929142869734,0.3798892308458002,0.08823414,0.605761986,0.589830508
0.4271634442934151,0.0746280609709797,0.207457689689483,0.9635376208015164,0.7845978160402081,0.0680664026419357,0.7615500287891642,0.0479044946408738,0.1312639761554228,0.096134249,0.21645121,0.413114754
0.3858819935000329,0.1956458314943487,0.1132517182035546,0.7213507750022571,0.0839761628332129,0.3241399152493587,0.9786745020640208,0.803887874879589,0.2072008994054714,0.131555527,0.237261938,0.0
0.4683951449009446,0.1185201128627891,0.5704806747965343,0.9404907103363368,0.740517789841713,0.716724169365837,0.3092016363022618,0.3337489015487859,0.3520594943085515,0.066468063,0.519371481,0.3
0.7217076527481178,0.5207834821381992,0.4192109040256941,0.4906172166356435,0.0467255034651165,0.3052724722030689,0.8235908182176157,0.1374221099176577,0.6748806302312608,0.25846518,0.383263289,0.340540541
0.9540068426645044,0.4871225577284365,0.924907158577393,0.6647329547493877,0.5269077939382562,0.538449970433421,0.8975949102044928,0.3120910558159924,0.604290972364192,0.262155415,0.472237161,0.316981132
0.0405099393422392,0.2391282745114437,0.5652751009516089,0.9711105216469892,0.9545382420749504,0.3603783013902115,0.2451367902082403,0.3094741501437269,0.9922755652746444,0.091972769,0.255541344,0.45
0.1632894735913584,0.2694884038770774,0.3896600755653512,0.8311795478347057,0.906434912204508,0.420484834921714,0.8329773158405693,0.5345708733397566,0.4182477479857074,0.121717322,0.299226107,0.485106383
0.1105453347891651,0.8054737059410952,0.4965849102809878,0.5062435587346514,0.6951703705173317,0.6595900428268888,0.5713862852024781,0.6851398172061742,0.6809967595361566,0.495420965,0.388033621,0.226415094
0.0140016767232675,0.1227986714414576,0.5581826356099722,0.1779808958362821,0.4709963103504081,0.5332861558309552,0.0209115354462402,0.0279175291041285,0.6712644289319674,0.058757719,0.175258548,0.685714286
0.0789890372434148,0.3673297952706381,0.922841340613807,0.5682803413019547,0.6691226759512588,0.9598343683897862,0.7695800060677477,0.4734063848968138,0.3565513762709714,0.191950201,0.288555542,0.075
0.5634663515574978,0.286560801144849,0.1989614179569889,0.4251430127725066,0.6895763281505359,0.5992320261508682,0.4961315263443389,0.2658454753363711,0.9983838629429058,0.100944657,0.616643359,0.36
0.5688777242781182,0.259359353392491,0.3297502206486212,0.9821602827268816,0.0173272285719966,0.6348828219116266,0.2985223851205342,0.559196568563241,0.96182395611069,0.086971572,0.674374532,0.0
0.2236353161539677,0.8927737602071504,0.028321475172431,0.5379500948533414,0.253526307021811,0.717506771292265,0.6209781386440856,0.9976140295719224,0.83546094502105,0.501209334,0.342918338,0.0
0.1223445083107799,0.3985035249730393,0.8213749600559417,0.2883640502789096,0.7695889699248575,0.5508569870773169,0.1148185062934602,0.6970937581347778,0.1166377525139084,0.11076985,0.038692878,0.738461538
0.1927843872140928,0.1159696266389068,0.1604215464988116,0.6217308921976359,0.1287831274499887,0.6939285601429122,0.0190916216830666,0.4947989576155036,0.6281601569813475,0.078642279,0.35167403,0.0
0.8022523257410639,0.2010555611968333,0.4461283865101492,0.8183138195459773,0.4107781503221339,0.2360171701201705,0.8976315232395851,0.6914140311984244,0.723443671173565,0.110239439,0.378610988,0.419277108
0.5447791772380799,0.926856622982668,0.906565066778304,0.0162723226207515,0.0678640734482549,0.9710888332173442,0.5255731510314201,0.7735196774912346,0.0882975654426962,0.592760064,0.473545187,0.446511628
0.1809759877083336,0.9103079145174772,0.2715520869434616,0.1292296750666519,0.9454913986388706,0.855174334009491,0.3601083215075095,0.6803213121534287,0.975839142088669,0.424062664,0.722905876,0.0
0.1630088403590722,0.8501102604785554,0.4329645025550943,0.6441905418243208,0.1050814377087968,0.4576338538413914,0.993012637852869,0.1351114760176921,0.2958369139130762,0.391074383,0.201874708,0.0
0.899565065563867,0.5430231472891309,0.984156722620467,0.3513484290417389,0.3157347556918944,0.4505477859556216,0.4005398880875492,0.8244095089655101,0.0041631841742171,0.17509928,0.502343832,0.0
0.1904857851780985,0.1064238218443961,0.2736739475513643,0.9479754130038124,0.9201707089276786,0.7364215387210554,0.8037364905226562,0.8562350724543787,0.257958587730327,0.119953087,0.3215832,0.2
0.1727938695462629,0.3769542442889841,0.8430040215852208,0.887293743218463,0.0887265791633455,0.3999852201537204,0.7224275599156105,0.676543827245184,0.7379458104402438,0.197247497,0.277256591,0.413114754
0.1175982816965393,0.0142173076747299,0.8413371977320979,0.9574024448319992,0.1558967154311372,0.9609131614364256,0.9585252060483616,0.4723443501077733,0.8699769088543796,0.100199585,0.397706189,0.229411765
0.6825731489117994,0.883766739487059,0.829549265328234,0.3879899549879586,0.8330237777360933,0.9240661875084512,0.88764430676553,0.1782916485263307,0.3013193124480154,0.486320172,0.60480299,0.433333333
0.298445793520345,0.1542836760284608,0.5881972224582858,0.868993956210291,0.3852302559032808,0.6055050132206098,0.686171571486279,0.5856744537608407,0.1703596433913919,0.112334358,0.327932898,0.174545455
0.6459509308803,0.942383477452302,0.1358078519359771,0.5299317717869574,0.6626612355211039,0.9294792275093688,0.538677203603018,0.721964269147738,0.5194253431856661,0.483529517,0.565615994,0.097297297
0.8079197163520683,0.5384704228638557,0.6864077501420663,0.4816410229446267,0.2721606577497196,0.8975235163564902,0.5281991486456203,0.862634078066456,0.0880459249954156,0.234727517,0.520763276,0.628571429
0.6605977282859486,0.1954220146981801,0.1417602042253302,0.1931022450882508,0.1545872441901964,0.941245989942128,0.4358441969644878,0.3466611657503786,0.2117683631182488,0.048193536,0.335255397,0.782608696
0.7103704800068116,0.0436547633643719,0.4677894818249994,0.2699529386446164,0.1172166456003626,0.4303431451600101,0.9896583975440956,0.0140373512891143,0.5562650917473732,0.096731387,0.493638073,0.372413793
0.5064871473101982,0.5240122055431431,0.4390152308382835,0.9578847140300114,0.6226257036550404,0.0709920452115138,0.6901345676158585,0.2788322135237554,0.0551778686680399,0.218376202,0.186453648,0.6
0.6098811779655438,0.0897264285209573,0.5181054740831037,0.5574701417448581,0.4710999367854365,0.8154541929848129,0.3450548001071909,0.3716582926781316,0.1793709951382034,0.066359678,0.540666404,0.457142857
0.3986338210592157,0.9202261935607922,0.2662540786157874,0.483967404423955,0.9843181837346244,0.7206134155030098,0.044427015506741,0.9178308639751978,0.8089079979858218,0.310222625,0.392388128,0.533333333
0.2902784795631727,0.6829942692004672,0.3219421293413593,0.3151022003974995,0.8967544933131952,0.830102800836738,0.1898767065000473,0.1720034382808579,0.841974568600664,0.186624626,0.408764114,0.0
0.0232250589107055,0.884572331189205,0.5145095614002201,0.8477946985770223,0.6828814327722731,0.5475399491820264,0.1610936070394345,0.3442874515986985,0.7667291390252762,0.389619207,0.235814716,0.436363636
0.609645787535146,0.7312947278534545,0.5829725341179703,0.9240679732479978,0.5896303486343488,0.8811077142552768,0.8035102311390184,0.3081370495281494,0.1009264014443089,0.347283294,0.391403607,0.36
0.1815335332368088,0.2821988083694697,0.4304385179233307,0.4242591006364249,0.3788302224940841,0.123985265157224,0.5721912305853551,0.7915069442920836,0.1928332312421615,0.168081447,0.180107863,0.710526316
0.3976833371984603,0.352984443197161,0.9397022655806524,0.6466954542276929,0.6909414437805335,0.4940641539993969,0.0875103852106717,0.9531331886198678,0.4891763918294608,0.15278826,0.387651047,0.327272727
0.5089368782068668,0.0184807492563232,0.6526954487939546,0.6463924448071822,0.8304249153591309,0.3479517989846173,0.3187997034568248,0.5469444787218347,0.0031329203404903,0.065316389,0.130765663,0.942857143
0.7073809343795866,0.6901013781557577,0.7858120303166847,0.9616265518977472,0.9751396996138144,0.985272529232062,0.4174122165879309,0.7584354788179106,0.4761919144685683,0.286097334,0.592844163,0.0
0.1875239196456349,0.3626541834629199,0.5234417328038828,0.8003715255861323,0.0953005576814436,0.5429860258491906,0.934363932749918,0.8189717272381861,0.3999539887663,0.198009517,0.318949566,0.138461538
0.481851138735676,0.1310637941306712,0.7079543013153983,0.5701042835071981,0.8698169604746544,0.1258107626071526,0.1137257029479716,0.7816670217865855,0.933762040086636,0.095213097,0.326970107,0.631578947
0.2816067753448397,0.1905519310551697,0.5264491496059097,0.5076921782982081,0.8927579032378449,0.1276903388446907,0.6584040273805687,0.4306415695764164,0.7811646501882071,0.113343583,0.183903458,0.361643836
0.1247873272987714,0.7581700023762455,0.1226509047612316,0.3798074252482971,0.9272494218213444,0.6545664622013484,0.2976207603606446,0.2586796935523059,0.026983089528531,0.292070148,0.190682587,0.8
0.8956532931302603,0.5891070951785807,0.910663921857768,0.1005918713614553,0.3413898093356636,0.0574529433930574,0.1891414146268393,0.6772263507698449,0.03032067751883,0.191172881,0.115293337,0.72
0.4161832995053,0.845737391856745,0.1934919023975442,0.1064707465456121,0.1002491347739691,0.4206785499240976,0.0086520378669858,0.6394034778516364,0.4586446888958896,0.20758116,0.290042432,0.821052632
0.6124493447654071,0.1891958005796485,0.1243624737267208,0.057076740360809,0.8237310045472624,0.4885426770650982,0.9625360009775497,0.6415001231465451,0.606306039275997,0.109312562,0.518798284,0.365217391
0.4211263765436226,0.2606237274573382,0.6187480281522687,0.8952173768441333,0.5767223372804544,0.6769778108626262,0.6189741749288976,0.945522873096322,0.7822357028314794,0.160726827,0.41675111,0.063157895
0.742825801910501,0.0063739553694831,0.5436863975908641,0.7220628529491641,0.5688231643634295,0.2480116063605101,0.9195195722769473,0.0262081223280199,0.7664999785373933,0.090240097,0.502444629,0.465671642
0.904912641266566,0.6465959106245392,0.8221564382408986,0.7860417514509248,0.7383996604302233,0.7610923228410192,0.9470049227268112,0.6119909571707715,0.5157292215817639,0.372918122,0.386570336,0.0
0.8796332637570463,0.7711856708030201,0.1652895501696097,0.0410359376474754,0.6514111022306691,0.5467395138551747,0.883529483473785,0.7262949261487063,0.1065304572096069,0.321914302,0.515878051,0.274285714
0.1198449972661673,0.1510117247187872,0.6078616109229544,0.709166880838883,0.9868368595296528,0.8469625728865903,0.6901773768299496,0.5115853380326764,0.2125160377980141,0.103591363,0.234163294,0.0
0.0400037733536395,0.4502826632801546,0.6710048466924453,0.3139620492567907,0.3513880737428957,0.0833800564393544,0.4940306832599946,0.8241620709396591,0.6361221400575947,0.130806475,0.036795948,0.12
0.3348223521361361,0.4426855032597208,0.9990418869705948,0.1151593882625745,0.3202928635711247,0.5327022826693577,0.6805108566166695,0.9499065665259394,0.0669568109623828,0.221405174,0.380786834,0.46
0.0250650264930825,0.2826319175283108,0.5736946235069997,0.5982950437782852,0.9011210337818358,0.6433306645232676,0.4945461038925965,0.5228371623414864,0.5974998984230582,0.125509817,0.326565101,0.6
0.967167325378341,0.3706313342565284,0.0095252412094909,0.6098970538949983,0.4696972235302407,0.6821547878182026,0.2089123187336794,0.6305322668243707,0.2752219173767822,0.111235666,0.623019685,0.276923077
0.315314292601094,0.2444253287272307,0.5982635599969383,0.3449055622172465,0.8248589220317654,0.0716372644264847,0.0604871101296258,0.2521314450801376,0.1457148636540726,0.119082464,0.149659586,0.8625
0.6595042784782196,0.9633479226664652,0.9214293608115836,0.6140126735651346,0.814159253037061,0.1358722258711081,0.3714449355509187,0.4788078242653806,0.5230927475532041,0.424374533,0.446334381,0.685714286
0.6847487600674833,0.9999745679070416,0.0431461550012166,0.875041935052471,0.8711230967919008,0.2843215402808964,0.0283072364396828,0.1273540930767838,0.8317707762636721,0.428326823,0.333295641,0.0
0.5718674625570018,0.0509531136117017,0.808621422779684,0.2195962895161648,0.9180741468507284,0.5975009012029583,0.5791448458551205,0.7729454903507393,0.3415600421356971,0.134611366,0.435747947,0.104347826
0.2964863518792811,0.053874852999972,0.7841254996903754,0.9568650348137598,0.1511056229194468,0.1666968900134687,0.1236554984458122,0.0288366729011224,0.4993890545435019,0.056750841,0.179222218,0.15
0.4869220732270742,0.1327288666764629,0.6155150752709143,0.0485568569333462,0.7806374270374791,0.2334773779050776,0.9906273546749932,0.056304920779661,0.4152863565994974,0.133728114,0.250907713,0.264
0.8905789992656569,0.337147652958354,0.994413404704372,0.4796011524150571,0.6464143136929472,0.3083633833722188,0.5669514381388185,0.5497329579098394,0.2161685952512529,0.217837402,0.471271084,0.608695652
0.1463005746145822,0.7065558947800987,0.8386777393263919,0.6932003317876502,0.6270292353462541,0.5292366204985042,0.9124468132472938,0.3142659639212743,0.18065810321449,0.45032254,0.255084114,0.184615385
0.2715042605783735,0.6054920928635298,0.1805725971858114,0.6916354805655442,0.0026813617476033,0.7626081067554429,0.9906423966278276,0.15296575636443,0.3107182082265616,0.267070047,0.466674038,0.427118644
0.6305907300933945,0.1321275334103188,0.2279148961147562,0.693132939350096,0.5289014822172059,0.9655506055992034,0.8292587360548345,0.7455135696191907,0.7837753253960797,0.094954139,0.522271563,0.0
0.9662696609490212,0.1960588626413504,0.5822413021093029,0.6245943636308329,0.4820495670621119,0.8786306072978526,0.7980103863732001,0.4361674869742868,0.1362123373865874,0.113873022,0.574588027,0.27826087
0.949347502923058,0.0974662342554836,0.6476120017264114,0.7922399877954704,0.4447394332425858,0.4393764716591802,0.0067257740608182,0.3439472832831572,0.6402697823699364,0.079220165,0.214466881,0.0
0.0728654888126753,0.583983899392082,0.6706077741754659,0.4838869855847093,0.8162686262291036,0.4406710261609513,0.7085451729020289,0.01280321603209,0.13038677852844,0.280954414,0.171841053,0.414545455
0.0406083273407533,0.4994161910736899,0.1281116395327068,0.507421327803949,0.1501476940093274,0.1920159302444206,0.1978328282806852,0.0174652006564056,0.2611579444985652,0.076237046,0.163503498,0.825
0.0823999827925184,0.543064092802559,0.9198707462647006,0.5514836328217124,0.2522254342994212,0.2613365626733623,0.6438763913240935,0.2671580500610928,0.3788593902326096,0.243301032,0.153128559,0.1
0.5152694493427259,0.7491634792623774,0.8222719206098463,0.6537390404046742,0.98339266912969,0.7186261976206966,0.213557917053308,0.7318822680946793,0.4239259217597856,0.367471195,0.491833938,0.505263158
0.7409588130722785,0.5976689253151651,0.195003555436882,0.6813626794378759,0.5834008049545121,0.1723774806064039,0.97484072245344,0.340077582759516,0.5369245352645736,0.358965744,0.345792468,0.72
0.4020121046802463,0.6384577924511856,0.826896654559613,0.0487438839769234,0.5850351617586809,0.3076241944653641,0.2189598685681569,0.4306293641615027,0.4617143370588731,0.260701931,0.445784351,0.6
0.3991403244909687,0.8015550282709637,0.4323511745126545,0.5080995627153087,0.6290955482889002,0.37983465816152,0.2427290555328802,0.6080756377236013,0.8073234719711853,0.299391747,0.494902697,0.442105263
0.6472646763409571,0.9070121714680728,0.2956760041174324,0.0052016515780953,0.0865491848335308,0.7482949160951913,0.9190382863975946,0.2235529866359125,0.1240352471569828,0.470175711,0.531274207,0.561290323
0.7833763400161401,0.8439943107801735,0.6025282195681952,0.0359949216196839,0.1631220913495547,0.0206201080058786,0.6155821044959989,0.5943938384781893,0.2115707859406385,0.515953529,0.138094617,0.616216216
0.0198073055091909,0.5572096011868234,0.5316867829669691,0.1950538087119323,0.8419515614604649,0.6326251830347931,0.4533722715959568,0.219112763484404,0.5840602560458626,0.20220914,0.203517074,0.0
0.6063052077584158,0.4650184811479144,0.2892804425391562,0.0848878715285179,0.0583281393822386,0.2147422214955014,0.3141899032993585,0.0635463009636824,0.3923277899428754,0.109431776,0.189986409,0.0
0.2273677643714317,0.2581822280995127,0.618628517218043,0.6576761704274833,0.1628664851505378,0.1551522116450965,0.2433362596285085,0.8479076543857293,0.6136459527223089,0.089636013,0.087738429,0.0
0.4270839094437174,0.5831096527928367,0.0119768683731479,0.6501775574315742,0.0388584234221282,0.4469160240908307,0.3357937500743048,0.1846811903129357,0.4580993677598268,0.197455158,0.568896517,0.4
0.5521470202668369,0.0851285221751715,0.2930040770897816,0.3409788100188874,0.2832772972468409,0.8631128692244148,0.0491054585967973,0.6635022687216949,0.7258507803946854,0.083775274,0.51727202,0.0
0.9514076195630778,0.739962202807239,0.7107699124427735,0.6299516250486512,0.222407239186081,0.4991162903356425,0.3971104783679201,0.6788269152051288,0.3524632864390071,0.210014533,0.472195217,0.141176471
0.7442192605896414,0.2282780908889584,0.8168834937433586,0.780751419391026,0.8918748885148148,0.0570771541951162,0.5649388157564039,0.0967429384440093,0.8968039436541956,0.158048036,0.180960292,0.509589041
0.8433649594427369,0.6039023396040598,0.4992311325720364,0.7392615448661385,0.4425683300965454,0.5293521906138614,0.5743920633189353,0.815892929594626,0.7603736319204811,0.415156269,0.557510743,0.382978723
0.1068861459365221,0.0816184037277407,0.8373853792837068,0.954739867535672,0.0198640098616567,0.6792310921304395,0.3347956111973529,0.6010196959421819,0.6585315751282811,0.0736197,0.288005831,0.0
0.4274093189403919,0.5832622738397762,0.8152541449594141,0.97800030170181,0.922874691006734,0.8851365709646863,0.3625033029942391,0.8461001705887453,0.2721038966225538,0.185864767,0.165217241,0.171428571
0.6918873961959191,0.4968576033668234,0.958502850607705,0.8137934212258593,0.421730323518964,0.9450346447672652,0.18866290465357,0.8136234333019031,0.9934527187830836,0.298030812,0.604203608,0.0
0.9619007985756224,0.6378177589488497,0.1315586331757197,0.6596476484177216,0.2977458966633957,0.7371283457168949,0.8916148748292712,0.8098733461428572,0.1670753904048265,0.247542674,0.505089953,0.08
0.1619112327988594,0.4565619498081235,0.658920333062933,0.967710749265396,0.6799127882731466,0.2879577074114743,0.6228203564219843,0.75401031123421,0.7762004542343715,0.24579303,0.303707647,0.328767123
0.9531643861017138,0.3319866043452787,0.0847774380222762,0.1611463761730196,0.6456151043779059,0.6239777276503513,0.3073484224783837,0.2867381148492505,0.2017261852511986,0.128931931,0.5194103,0.4
0.7041463509503283,0.6573109203963405,0.939192504183268,0.0929012984299596,0.5729348621538625,0.3040379737914512,0.8206870563229295,0.4287954041689676,0.0535402711156285,0.405379277,0.391331986,0.683076923
0.2506084322673707,0.3723153584491162,0.2387533156798866,0.9921432675235892,0.0390198810637208,0.0952268088617185,0.2544871622016671,0.4779081277685265,0.2903926865685612,0.118974295,0.11086187,0.42
0.7573542947933378,0.7240647771897203,0.5110151353774618,0.9876151322399612,0.9362405129844836,0.1910019132061486,0.1070944593400715,0.4958034252590422,0.0882625757685796,0.21087362,0.060007432,0.0
0.9239207955285268,0.4484371407172978,0.7141394459789601,0.0381494219213184,0.2859600834043737,0.0564575021432274,0.0807305633549291,0.2657579752578564,0.8017614387406257,0.126860348,0.195595618,0.589830508
0.3098144401594894,0.3320596178565241,0.4877460910547548,0.0575799994757364,0.6812537363668306,0.4621976006835586,0.1566094259544355,0.2925788502329267,0.9628447544092472,0.126036052,0.253733237,0.0
0.8821745021934273,0.5204588443527951,0.85288651298376,0.0612657357869463,0.4850504639681775,0.3515585604283929,0.4216753198688171,0.0041360943522582,0.5949783663538347,0.153567437,0.288198782,0.0
0.6747566584916993,0.4762405602959815,0.3404448574594422,0.9504215215763824,0.1124997921751563,0.9547401229828356,0.2032089214063561,0.2314091216073691,0.5388250086425073,0.212317817,0.546023291,0.64
0.4626459747759752,0.9001602835189481,0.7611558247068084,0.4501531734026963,0.9771414700969816,0.2144448646149753,0.9508307483410784,0.8720612086502157,0.9168699465926632,0.711929008,0.334226612,0.556521739
0.2799454268041342,0.8492170618935382,0.7874628927802054,0.7773591360929009,0.6944731017898345,0.8113247867604909,0.6914389173262493,0.328978860446767,0.3679216545492444,0.574600761,0.462392433,0.0
0.6803199293347104,0.1171944107215764,0.6769931925116814,0.5500897726778952,0.2046368647321463,0.3801556689007771,0.067165741454117,0.8268652994400193,0.4417282339037132,0.091142272,0.460236787,0.385714286
0.5384576993955914,0.1053748365342016,0.2730684582294869,0.579562902110088,0.8743863912243725,0.2722738877810386,0.2865105508026175,0.5876729126311424,0.3075689859316028,0.097778826,0.250679142,0.0
0.5483326195417957,0.835098657824306,0.5798385607482882,0.4493413061283108,0.7502253701334854,0.2608489878524384,0.1065810867069504,0.8871391628537364,0.1727273898025957,0.309473334,0.337246296,0.381818182
0.2079320796767588,0.2854333071819538,0.5925231257591784,0.2646012532404811,0.9821245011000296,0.541131668255914,0.9619434298288596,0.927400264736446,0.7635429803390221,0.144757457,0.25295589,0.0
0.046272609978523,0.1630101774724595,0.2933919658364793,0.2706560923857074,0.8470272812115801,0.1211505988165173,0.4099547448932391,0.0370790324860023,0.0498567790479429,0.069508514,0.126296783,0.933333333
0.6634241859345309,0.3559045243077972,0.6700022892127346,0.395612697908781,0.5161793916743993,0.2874827018865371,0.4398187993981404,0.400032912195417,0.4352390900391025,0.101660631,0.391975027,0.705882353
0.676914001771044,0.1803964844704336,0.8457478867489384,0.0231775786498453,0.6547964141479959,0.0075878634099708,0.1840688249895522,0.6927269175355568,0.6896365044322489,0.072260367,0.068527383,0.654545455
0.7508987948953715,0.6395263552652599,0.7324044122774452,0.7806570688245416,0.5665976788144742,0.7556605398461982,0.4982150638092888,0.3133675616342312,0.2253642662826842,0.108986026,0.433581979,0.0
0.4122594078495535,0.2449816008588232,0.8480162398830103,0.8933616840316113,0.3240556025473814,0.1125787455503032,0.1869988269574495,0.8246850667223529,0.7550681810809853,0.102998952,0.213163218,0.742857143
0.0539094503404663,0.0016391645786939,0.0068284710931043,0.0625233613050553,0.0504506387035825,0.6040445639503564,0.91647257117786,0.2061242476809128,0.9308827805445884,0.082980857,0.164578646,0.376470588
0.5478749598609569,0.0633910046104947,0.7275872899454178,0.7965213495085885,0.3210030140212826,0.3641728569472909,0.7039670266043584,0.6378649846704689,0.8206681538923403,0.133984021,0.379355329,0.264
0.9133978556825332,0.479643286215245,0.2496366094822079,0.462026237881924,0.9815391369142752,0.4536332638135251,0.6314150191168326,0.3849785809419136,0.7056000011081256,0.224745221,0.378186024,0.15
0.144897734546483,0.6594310006101154,0.0730738021211794,0.9010453235557442,0.6655219417392083,0.2323017601416398,0.9165870922965952,0.8147921318137078,0.6103471338647741,0.261323467,0.169227675,0.192
0.3071164612388493,0.5614186327558323,0.9318972759794828,0.6309880095358464,0.796122505958305,0.939024499370708,0.2328235318714483,0.8195136055989646,0.3202299260788146,0.21257418,0.374972336,0.0
0.8491807039952257,0.5086420482986176,0.0450999157833428,0.6018909766968595,0.1945661058966068,0.2980139065570631,0.513927265679413,0.959763858492244,0.1203694986406973,0.180372942,0.523803593,0.626086957
0.1457767182665017,0.7405004563764414,0.8039627951306992,0.3631440776819413,0.7925427039613725,0.9016324245981362,0.9464967450733768,0.3215812364577173,0.0359421651216749,0.331668147,0.305974449,0.419047619
0.8045083266926977,0.4794867757175172,0.68280473561022,0.4432590891270213,0.4260345049867223,0.6051430710854605,0.5016826840145295,0.4092175024538179,0.7133714459862572,0.199877731,0.446788693,0.0
0.7365877075663139,0.4630684072878228,0.5642358342064704,0.5640147229936678,0.3020814573466104,0.2985569374697536,0.6820997373772134,0.0585472904493546,0.564732922744093,0.232625135,0.492759842,0.507042254
0.9390022298192038,0.4433996308909012,0.2592132821085721,0.0165920356847626,0.1468383374316928,0.7855277504192129,0.2854460099984353,0.8465847065414597,0.7869624238211769,0.140087398,0.546391566,0.505263158
0.2193474509221602,0.2311110141450665,0.810420266668885,0.0732776125823776,0.7565095924645824,0.2467752087529837,0.6347191256873816,0.1757190392558366,0.9858899790850422,0.196069263,0.186557397,0.05
0.6079266111278229,0.3579291016475573,0.0592796336577267,0.7276283575558408,0.0526900248237962,0.8151936521920716,0.3804901180407419,0.944195583605991,0.4712918040134664,0.117053451,0.390333379,0.0
0.9771887854358156,0.2323271263710016,0.1211614997198236,0.7944066553124103,0.6172517467932201,0.9432651784263916,0.4736556454401682,0.5778401663003766,0.8850311223072569,0.108213471,0.528294067,0.254545455
0.214046510699624,0.4977232074878278,0.3622255035218353,0.144161993181522,0.8142284582070668,0.4528725587494079,0.0642542600973291,0.7004244813819828,0.9456934512186124,0.168759195,0.256474814,0.272727273
0.9481103032228598,0.5015055470693591,0.5946303438382324,0.1361951154901433,0.8044034290990941,0.4446923477460923,0.7479706893549056,0.2428827657206184,0.7547891395248455,0.294221477,0.379598461,0.760714286
0.6471190839268144,0.9439098875278098,0.244214372302957,0.4870051457510087,0.6038691271006372,0.8441634433336522,0.9213941464140144,0.3506848701738398,0.0892338566869533,0.513258468,0.42590432,0.422222222
0.7536582553188641,0.2917779896312579,0.2950074335439235,0.0974438242278961,0.7117168563980592,0.2992497633780956,0.9760068406090648,0.066259301206757,0.9352633542813884,0.212280139,0.383220932,0.068571429
0.984139298764631,0.5874263322541576,0.7665952793616918,0.2375128047891128,0.6690835075124494,0.1331557998619826,0.1873144536430641,0.5565296496009949,0.6112089263214158,0.21202321,0.308655595,0.352941176
0.5933031586830123,0.134502705773797,0.6217635602956298,0.5253160409993843,0.4209114114918155,0.5150993477493075,0.2710932641564166,0.5832027620923564,0.9084444251954438,0.073265629,0.457945841,0.436363636
0.4664758519174213,0.1145538621148549,0.844842435270368,0.9158030129661154,0.5495972306680678,0.1844743318450541,0.7260016831615004,0.1297203728995234,0.7564511822958185,0.126498774,0.261442046,0.266666667
0.6760211714775082,0.5902569306680933,0.9963842349464196,0.8405701572931151,0.2617335154452768,0.7350586553587869,0.6680547154988364,0.108266743244748,0.8445592064224628,0.422871731,0.522005207,0.048
0.7190719853151218,0.256043919948727,0.6911867764419205,0.6897323253877835,0.88262280196552,0.4242496221420103,0.6945642683843567,0.5519348821616288,0.448856727747115,0.161535431,0.420446291,0.204878049
0.98680241315132,0.3674779669214334,0.9683511215199716,0.222773156578758,0.8640418334779468,0.4342100067374521,0.3634801456938015,0.7941531509918991,0.5776889277759186,0.116727181,0.60730807,0.666666667
0.2394055256282892,0.7939480523562842,0.9735070468015644,0.9968389587042,0.7835153490126204,0.5708704252622031,0.5673178856357505,0.3507172272449916,0.225377112393977,0.467580277,0.280871611,0.0
0.5238626524672267,0.6168207619168263,0.2433358806283773,0.988645451983336,0.758076103896974,0.4187073205780331,0.6804012874084862,0.1834602100450018,0.037132331233829,0.267582116,0.309935017,0.205714286
0.7962032544395252,0.2269025806793424,0.507536634311511,0.4239958536712257,0.9140517517282174,0.488793508717082,0.2192543902701816,0.5659392158953062,0.5573839596912693,0.102409021,0.445778338,0.36
0.7117431525368125,0.4347330240591492,0.0850473327986068,0.7499226320732186,0.2433883135957016,0.3952780731714004,0.3746788607831631,0.2797322646959012,0.0327506407874561,0.146678541,0.486321118,0.0
0.2447792031779803,0.2299242872129906,0.3841451724129898,0.5775259621619395,0.2095271101715912,0.1116955744098416,0.3808953129917102,0.3323655241556046,0.3728812552744357,0.091031033,0.146883554,0.7
0.3995785472257028,0.2762055162615086,0.7801459268491074,0.1382134663367764,0.1087234180035531,0.9092509755926098,0.7555517877086836,0.2233280593291168,0.8131325844703653,0.161311632,0.409705189,0.72
0.567255095932134,0.465221594688582,0.6436289780278758,0.3407591077044292,0.2601129877581135,0.1610648334437373,0.0851252773454859,0.4938006977142153,0.5449862282967289,0.185482723,0.177104537,0.757894737
0.4345583749070528,0.4877982523003672,0.0702800344920554,0.4545463561572984,0.8669770431698103,0.5894522963847584,0.1839237811860844,0.2476506835956734,0.4311502906004406,0.124098551,0.45832977,0.0
0.4728422124990076,0.0809201701648818,0.3250762838763993,0.2930230510409294,0.1127110337378755,0.5877188364634389,0.3188870100359602,0.6805700250337343,0.4613048886788604,0.070544463,0.483746981,0.0
0.8469419609180474,0.8581186552988214,0.9854782533694868,0.2574742719046149,0.7376008796365147,0.4619605842205337,0.9474391327225152,0.5684864266487591,0.5058181764098496,0.433253477,0.62542118,0.102857143
0.8284816183766104,0.7737458975718108,0.7640918989087491,0.3392690442415602,0.7709087595607669,0.3738311470646841,0.6205818501180489,0.2246462523237284,0.3525856246993912,0.335458375,0.400314614,0.036363636
0.4917037653028613,0.0748645088517245,0.9923131300721048,0.402520184633924,0.6919871769048402,0.0042202469165895,0.5850689800097753,0.3652396693203062,0.03007033238838,0.104711282,0.031847694,0.176470588
0.3011290362853707,0.8650045417417637,0.0094972652011764,0.596172535940561,0.7392486182347223,0.4920608375883738,0.9726456753900222,0.0835032017682942,0.7706815179531926,0.581334397,0.273549718,0.0
0.2413369098970685,0.9146194316008344,0.2344892679338442,0.9056934184181844,0.1361103951562733,0.2811433458012429,0.5774023764785629,0.4632410253256342,0.5739216298232493,0.505807041,0.231608811,0.161538462
0.940900715317586,0.3088907881813117,0.2194211679712858,0.2165224852760715,0.8121145237936072,0.4006660141944059,0.9229375412025524,0.6096379076119051,0.9782765901046704,0.154486398,0.323751968,0.0
0.562183002508273,0.1381260061701475,0.7707299088863399,0.8991230096743477,0.6164803491672475,0.3446360532995349,0.8949773025123217,0.6927654392893671,0.4972544223966469,0.139757165,0.311743999,0.0
0.6850036658915473,0.3645310775547384,0.3495992301666408,0.8287769288772763,0.6742350724964561,0.5369623852500613,0.3592104224086586,0.951879507607582,0.9627775650217564,0.164299237,0.547425021,0.266666667
0.7030598391105928,0.592650340524919,0.4526131047459699,0.936899632237058,0.4062725466971559,0.2880219638860735,0.8272292548195244,0.4219274034957097,0.0195297723966206,0.215842583,0.243999874,0.155555556
0.2765187494243969,0.1772004668817066,0.3179347122886813,0.9158589347168772,0.4046109744624452,0.2124645890117465,0.3723037706173991,0.9168766764974252,0.8098643144625359,0.09028306,0.263872135,0.4
0.2816358117001905,0.8326371431183013,0.1701647918990788,0.5287300352512883,0.7259230003031086,0.7831180579428914,0.4271864419673455,0.6205576498729386,0.9622862474646444,0.33473909,0.331280635,0.0
0.3545635476161177,0.2874374969781081,0.2541863613380561,0.8875303031305909,0.7680271229710207,0.2722847990932742,0.2435181385312734,0.0300641731458333,0.2933650274864577,0.089851943,0.075067012,0.0
0.2436470110879592,0.6795830369400864,0.327777945938967,0.0266067882721254,0.3574119338544451,0.6812788304227072,0.5106123391902948,0.9649716016075862,0.8237488693455404,0.298231655,0.458120923,0.365217391
0.8239859658674231,0.8193882724728067,0.8802458956208346,0.6617155660009352,0.8612926140783926,0.2906802952905838,0.1998991870820131,0.7816743886468451,0.2811318548030697,0.302114927,0.381545997,0.6
0.1570143661627103,0.0837947335947211,0.4303975010018049,0.1048458218180524,0.1040875999864731,0.3044839273677145,0.033070656647903,0.1172465680084157,0.4430859875008923,0.080316318,0.245047632,0.66
0.7761961281325866,0.0680875848980754,0.6114259750443184,0.6850610798085982,0.366343377152706,0.4258167833482387,0.0761147111673351,0.3724219433337166,0.9744562304884516,0.065201182,0.448630697,0.457142857
0.1547293778035042,0.5247361624746147,0.8316235024615741,0.3470356980913236,0.2142954083188271,0.5819813802924575,0.9856511272539756,0.4307896363775451,0.3292760597050248,0.30691619,0.340245571,0.672
0.6602153373720709,0.9952390754110534,0.3529191961325506,0.5709333824989539,0.5899536622853756,0.2311264661991092,0.8654973111581961,0.2996994934192487,0.0948713824619157,0.603339942,0.236380609,0.293877551
0.9631110297034162,0.0164546235904777,0.1247046340853741,0.3046353164246939,0.1372374996504192,0.2653473348165579,0.904644958612958,0.516010123605265,0.9404100439717168,0.105209099,0.354833391,0.228571429
0.9396037863831204,0.1492316047588201,0.6333157550397626,0.9611045424847964,0.1719212618006034,0.3350501664993568,0.9392115730294412,0.4534975606709587,0.8314915911920071,0.150582445,0.500489529,0.215384615
0.4399600098311225,0.5672766019029237,0.0091589421814705,0.0571037183358711,0.172648586030278,0.6057236998190274,0.6091368163533355,0.0432797456659924,0.9590415624896236,0.330393784,0.459287671,0.497142857
0.1811325601531013,0.3863104836890768,0.5320284114459511,0.0330181638253995,0.4389569581718415,0.0720310581201717,0.2398651551219658,0.5388877696876897,0.9842907299536582,0.1643363,0.112707017,0.445714286
0.4701001460082823,0.7667870401213464,0.4690454529183349,0.8646519012794202,0.8596177406371754,0.1148322453227086,0.9003542077279326,0.9604506785108978,0.7687187567810164,0.412374608,0.188801036,0.15
0.3467416676540803,0.5862769789365809,0.2555903145697624,0.167166280029104,0.5924500221903081,0.285332990381561,0.6341295659529416,0.3816623201558922,0.1611449785610968,0.247349315,0.199258089,0.035294118
0.9347334165436384,0.91520708132104,0.9925360646998952,0.9230764347988788,0.02614219556019,0.7518755870932077,0.4499691340028701,0.5864080796076857,0.7074589819726697,0.506184877,0.506092465,0.5
0.0585271532338496,0.1498517047610312,0.6192023541595151,0.2434879656003258,0.3488269781381621,0.2605648580394198,0.1722173971767431,0.7998784498097132,0.1966843950391666,0.065584127,0.129840615,0.0
0.8377494519997182,0.3566305998084981,0.2739690756331672,0.8779531852995253,0.3881631899400549,0.1849531167491215,0.7662236629593843,0.2277041047233665,0.3787879579655976,0.162417009,0.350591857,0.558139535
0.5233813906658936,0.6436890859275912,0.3654705740817791,0.9678912585416912,0.3133851353417947,0.8199347797027078,0.2572519106612859,0.3835895221895896,0.8862055007807585,0.276782005,0.265136901,0.0
0.8828025823117122,0.5003260779674225,0.4799962471191812,0.2299278497865394,0.6259657933532451,0.0728004666013497,0.0002759372946919,0.2748923619262434,0.2062278556405756,0.169276518,0.208429104,0.378947368
0.1276464857651288,0.7384477435011582,0.4413389070954859,0.9408418807929828,0.225121326629802,0.1247129469827604,0.340638778109628,0.634176043267583,0.6808055167398093,0.299332324,0.087606679,0.0
0.6065316075475905,0.4368977784699541,0.0700925842875469,0.1299733850130897,0.9428215082020786,0.7374942824263983,0.9923714960376896,0.6818392581724584,0.3846468937720356,0.173691519,0.463263949,0.08
0.8357779011260699,0.8716111917812541,0.4988944050021076,0.0474502533793833,0.2593625665394324,0.3622497106327494,0.2732078065744566,0.3587439427693734,0.680646040669103,0.325867135,0.487383108,0.428571429
0.3809033469078663,0.7709932329339237,0.3371578905129915,0.4486496786083815,0.6875767241093511,0.5452510452141036,0.090400182500323,0.3714907640931515,0.3930208031304737,0.302515849,0.436324837,0.2
0.2991218857297653,0.7491809883534915,0.5688858022373974,0.9165085042137278,0.9424258095832052,0.4864105409344313,0.2822674130696117,0.7764508507259962,0.6181786949144424,0.296613346,0.525557574,0.0
0.9719498263086837,0.123348887803226,0.3344072224375274,0.8249913099756645,0.3084106608634488,0.7741521783219584,0.7337267943370317,0.6008899985056038,0.4208536307286999,0.115445357,0.48078714,0.184615385
0.2014945991294708,0.6468520532175166,0.6464963532092554,0.3356998774790392,0.0976456173090766,0.6907355407031104,0.8088672274744211,0.4054670272469781,0.0135927669631181,0.376802359,0.241904423,0.114285714
0.8209328797640273,0.6393617412182787,0.4380887417485896,0.6336738468966489,0.9761355992024956,0.5226243096680995,0.4422889059907159,0.1273503769076678,0.8347706805607493,0.264472395,0.450905412,0.0
0.2233420429972022,0.3179349802372764,0.5549968152826049,0.2879426916985657,0.7580496727320063,0.9439373820712916,0.6204629326968782,0.2301865532113367,0.4502816218706497,0.180656887,0.482672961,0.472131148
0.9685785449691954,0.837798615227057,0.1818526254003349,0.6189956196092378,0.7558835815930324,0.052840575176944,0.9095299267872098,0.2198688200208569,0.4804884533552789,0.497559963,0.225098529,0.658536585
0.3227533413113473,0.8062240236815572,0.971217157059252,0.6437391133999623,0.8311254587190586,0.33446327130125,0.3762129158345056,0.4318638159863303,0.0411046115617589,0.221444383,0.383930216,0.738461538
0.9905898272020108,0.1448940029094311,0.8085826006089151,0.619797340194082,0.7713177816167522,0.4340509920672022,0.7052187597044124,0.2110003319576346,0.2859132751389922,0.109473366,0.446469819,0.443835616
0.9798882963451954,0.227973382645432,0.5854099257181313,0.5382240332457574,0.5731412542861758,0.6086040735596124,0.3116072483818869,0.2367308414218741,0.2422682571661162,0.128922135,0.500780287,0.514285714
0.8517792194850268,0.6377549905573153,0.0943690994492125,0.4638455410513104,0.6255643618991517,0.1330407641085444,0.3707582460528945,0.3442601115827901,0.8770044889543546,0.196538079,0.248005433,0.0
0.809622360983259,0.8881480929003829,0.6027795000401232,0.5904102622173858,0.7592657958558688,0.4738864817229367,0.87748513841247,0.1423722754334641,0.4179425042318668,0.58990159,0.476413921,0.543396226
0.8294096218122616,0.4176962660325138,0.0806346011603135,0.5971431589928649,0.0159082425269878,0.0440106377838357,0.7216576849727953,0.9668776293789778,0.6696769221273718,0.19954573,0.143690585,0.084210526
0.7840543288917982,0.3350127455724259,0.9665722623335956,0.4905756591617218,0.136685929721267,0.5443417359481695,0.027862338080743,0.3150299137029168,0.197717547735619,0.143147101,0.53857267,0.171428571
0.7022390661344428,0.8642347171310133,0.4160183775970155,0.0644088036196198,0.6295457988532914,0.7535876027721815,0.9279879770082872,0.8121041268544071,0.8280258943164424,0.469309575,0.472134561,0.05106383
0.1378072939541117,0.6645116575882107,0.2925590074742664,0.0921792095278474,0.8090380200105065,0.533619448230373,0.1240729001491096,0.94934011324649,0.3748976124813091,0.2360801,0.20744785,0.45
0.6298207307389607,0.0920743986230464,0.2236336136759456,0.1036889414234256,0.8694019214099188,0.1805725416415997,0.6737372083568559,0.7198765244256506,0.0837305856573369,0.095917612,0.257131671,0.338461538
0.188062686264031,0.825695999023717,0.7169341612806299,0.3359682591980667,0.4659445854268984,0.2355543502336289,0.3763203418360504,0.3810190016010604,0.568433128176422,0.377403183,0.194760031,0.571428571
0.4510908861237955,0.0365928336012463,0.1046385721391987,0.2274943781635757,0.5996390494656759,0.3879436158096443,0.4155681132058944,0.2594372521851181,0.4374332104622357,0.068868906,0.409711865,0.0
0.6953171301430431,0.3680050511778275,0.6238057453721398,0.7044665516876646,0.5444085005396948,0.1347166842143384,0.1361485262945209,0.6704361380833168,0.7694422924600524,0.145332394,0.329691024,0.627272727
0.685445713975052,0.8634145521358244,0.5836734830179438,0.3378589784045911,0.3684628790028045,0.4775599752355614,0.1479267810105389,0.2662627047888847,0.5236736156665378,0.193635555,0.511687573,0.461538462
0.0800272546314744,0.3669006516095817,0.9471845729627286,0.0972228217028303,0.4441863763151951,0.7779458729214257,0.6500491926432194,0.5699055874460562,0.3413655870293778,0.213091506,0.328673247,0.36
0.953613000738918,0.6671400181691909,0.9990332726133734,0.1547577543509666,0.3128314829981896,0.3824425774397875,0.1243102947782418,0.7337313618486601,0.4935378899924039,0.33099067,0.567626934,0.0
0.6365427986362516,0.2833628589584184,0.1303541359192686,0.3939389580613317,0.2238155967253792,0.4797815230539837,0.4493647464571667,0.5653053511193705,0.783798685067623,0.094886532,0.486971258,0.327272727
0.935744639430053,0.3849343074572253,0.7017998518672469,0.1671536557195139,0.7104995247256635,0.599987448625896,0.9080411082604692,0.9835313882388336,0.5221958075996377,0.266696123,0.50637452,0.627692308
0.38751861303469,0.8208032426703862,0.1423683802082073,0.3731990452615986,0.2920405645277489,0.6026381703766991,0.622543075103564,0.4757092342113947,0.3914119774414267,0.426224044,0.454156952,0.607594937
0.5579855798943385,0.4389124345171316,0.6253880623796678,0.768798842752518,0.5450757188626864,0.3125797855508367,0.0537190828127628,0.7890312223438192,0.6244183031674294,0.162457027,0.168530423,0.0
0.1034419716758526,0.949342874988954,0.9387359439765148,0.594672733655754,0.227787031470624,0.991119505089056,0.8912166516216277,0.7089055612737186,0.9187942527365798,0.634783665,0.385308586,0.377142857
0.7134484388207093,0.2580344639744214,0.0589040743008764,0.4452933728499197,0.5891487918849647,0.4094940097036925,0.722567401313899,0.7834010885135554,0.6663187390687739,0.151725691,0.543919357,0.410526316
0.1692020512424228,0.4958841063486028,0.307394393394543,0.4521900216082521,0.0251517680818282,0.3747628460538974,0.3096650768282086,0.5169859011124319,0.7254528855588244,0.189094166,0.236959718,0.461538462
0.0447579947523458,0.9707597358382404,0.6655908326895361,0.7172100481262739,0.6256165757892261,0.1536467377635053,0.3560859671480736,0.2097266600220549,0.9437318222265092,0.538717855,0.112771217,0.6
0.3620584253019642,0.8779776346927594,0.8834793435863861,0.8105282765412463,0.3507579731047027,0.6245855192240827,0.0611997700190038,0.4415097165593449,0.3145326152794007,0.418740171,0.363598227,0.0
0.629188999602898,0.1365817147953749,0.2627536766084215,0.155988522380418,0.4349825646400552,0.8819307382045873,0.1818454642703535,0.0302389435499297,0.2673895808421264,0.055039508,0.657884494,0.315789474
0.6531620649416299,0.234128297526457,0.5268168076967467,0.8453013693133206,0.1605277210703199,0.4684038068629568,0.6711016687472658,0.3615076975088871,0.8755304466123287,0.127881106,0.452912922,0.0
0.2117924721661106,0.3239572726245728,0.9851311264355296,0.385189143474491,0.6181239661126388,0.7797775071474202,0.1918052087800104,0.1315608840400273,0.9036978932291934,0.113689082,0.277571379,0.4
0.0466285115767746,0.3507130304719865,0.0989001124902497,0.6516178216864312,0.5272195018598842,0.0399981981217119,0.3423698951467863,0.6170468668325955,0.831285258849056,0.095280796,0.043575068,0.557142857
0.3428987184922772,0.6231650921242766,0.0934947755309141,0.9341074381743132,0.417718914207201,0.8361717348754926,0.5691541630415358,0.8891604339894934,0.9433667618898772,0.428513793,0.370788802,0.222222222
0.983243860490336,0.8147993284969861,0.3861661659240738,0.8158868005649533,0.1797399975040315,0.0414204400166376,0.6703986547667834,0.9429924199042146,0.2043521793216123,0.461817311,0.101653227,0.205714286
0.0177496444174389,0.8022638022653105,0.0012010999587921,0.4978664076878039,0.2446869734321711,0.9315633777620832,0.6287155130691034,0.8200072865858236,0.993069634281772,0.435637898,0.305587387,0.292682927
0.8637843178032961,0.4550219024592071,0.1046692431204462,0.5645276121683989,0.4410965100525503,0.4989160122170227,0.4254277965623745,0.2091456796668824,0.2880474191170088,0.087973911,0.290700161,0.4
0.6911851454063015,0.4098817615451331,0.62489014578419,0.1959835579815202,0.2024900161275142,0.5095486877115892,0.0449660341223425,0.7336103158871898,0.452642633222724,0.113181581,0.464081918,0.0
0.5172610801004849,0.4081119583579679,0.2996183637044891,0.6528602319179326,0.4640213750692016,0.2904157480849005,0.0642509455424555,0.9172803782381022,0.9596969754683032,0.110333126,0.329936793,0.6
0.8263122994439074,0.1440768589100534,0.3202599352932976,0.3089283246567984,0.9475114987084516,0.0981941732949558,0.3842973082287904,0.0599977174448621,0.7991312463371334,0.093455027,0.251409739,0.0
0.2755115559133287,0.3289449805777651,0.2011557216961912,0.4938501966712461,0.0095899701439864,0.3988830520092589,0.974286260496887,0.1817902129471867,0.8479237334673181,0.199211756,0.265149702,0.111111111
0.7038770040894554,0.7978699415248734,0.6675164021360055,0.4207977960179965,0.6471091226521638,0.0110084031791984,0.7581892333935831,0.821177538014632,0.6871691089327473,0.503014605,0.070060546,0.182608696
0.2967302863239262,0.8083534542942182,0.2147070971346323,0.6679884063095465,0.738775524311755,0.2652334394698391,0.5195156910593686,0.9713100076868152,0.1491746277999388,0.39682515,0.310206885,0.536470588
0.2694793493083981,0.2124693088794974,0.7792385236331566,0.3719276641376406,0.9977173448655332,0.9793065756831156,0.4391572503517245,0.8796532548269583,0.074316543549275,0.081869606,0.336124609,0.0
0.4549123403953338,0.4959895413120294,0.8261558041561532,0.789273430387859,0.8209724696709236,0.3742462439096029,0.0874206147616607,0.6682381655619772,0.8167597807741268,0.212150241,0.36739096,0.4
0.4512028595636651,0.9393964450473016,0.2485832478326006,0.9433312268936064,0.3471827908155093,0.5622794169596517,0.4732005439719865,0.8529481889565514,0.5402241275178276,0.381657109,0.225403974,0.0
0.1691687807008236,0.8758954113820531,0.8161256902662897,0.4137994223405664,0.4867605152660329,0.3899676266596065,0.4153347168184569,0.3668819217910003,0.041405563912356,0.278434825,0.303799519,0.533333333
0.6776067088458244,0.531502202363308,0.7801159174768415,0.2343486994119372,0.122492368226686,0.2893207222412959,0.4063731752329144,0.9287741196161295,0.2843460547792383,0.138767319,0.358329882,0.12
0.3997176519751987,0.0663007395700614,0.7532957724891021,0.6311199889773427,0.7061325824360856,0.6153507227672068,0.3067310859045085,0.5549348332888105,0.3467070463053184,0.057844046,0.62956208,0.375
0.5840700172200103,0.8929321600182996,0.7046581634859759,0.230798564190804,0.7074385153045265,0.2668992137187519,0.9609614757790298,0.8225380268896021,0.1703109345997284,0.541503149,0.434035924,0.541463415
0.643830708366295,0.7344422464085893,0.3107132915833713,0.2139105712757159,0.5089059771499476,0.3121216548226498,0.525411642838284,0.1382434978977328,0.1642528294179216,0.280205672,0.47093846,0.567272727
0.9192867299670384,0.86812768932758,0.626836245263407,0.0938402143788607,0.5502202616407197,0.887209016194988,0.5068002559738874,0.95829168447972,0.4379223155610873,0.444893531,0.626937671,0.334177215
0.2577988890018525,0.9345291691362348,0.6143934427833773,0.1007056198082521,0.5688032470568043,0.1568160942910959,0.8968333612595045,0.1947839237117724,0.7468906181808258,0.740181497,0.265313998,0.571428571
0.1572714101807407,0.6900413098727209,0.6393025476185161,0.3821683172567554,0.2388075800893184,0.0911675145694403,0.9892025709094614,0.1355368187156603,0.8254040683976689,0.49075328,0.087317368,0.0
0.5367843166987306,0.3908621187934964,0.0525586631193076,0.8933777256873966,0.512716350415035,0.8970902912385886,0.0629000883641138,0.0910359922458177,0.974737128070119,0.146290305,0.445190269,0.206896552
0.301943031635992,0.8868618074869736,0.4300650076383535,0.5320876861950843,0.1030884258295129,0.4685739528674932,0.9030978628580864,0.2007391213329771,0.92072911997068,0.653678615,0.316511686,0.285714286
0.1560272965351434,0.4086938892736317,0.3795859293798608,0.4868142958277178,0.7876059174393704,0.9007112092241121,0.6256583420576199,0.1404528802771701,0.5221209049608793,0.169537599,0.440734834,0.422535211
0.0829809937062315,0.1376710190958586,0.403149643330804,0.6448132757972954,0.7395233517297718,0.6843944619824546,0.7388020861420549,0.8505060883787007,0.6802556230108426,0.137153135,0.233705934,0.139534884
0.2132849848433539,0.3993850686541472,0.5915709375198455,0.1998642789853415,0.7513964394966782,0.0690297346328789,0.415727978848796,0.5341411632194552,0.9124303173984744,0.167277292,0.115301092,0.0
0.8480137162565053,0.6899289767783026,0.1520133826172346,0.1203680592019954,0.5693092260862569,0.5486290763819184,0.8618911916239208,0.6635461851636707,0.2114008885975364,0.316421004,0.560378455,0.56
0.6156848821974688,0.6518889145535004,0.4153103043320926,0.8405972845698857,0.6013584564893157,0.421010795876355,0.9090127387928848,0.7019901371602533,0.6528040107959986,0.300468937,0.319686919,0.0
0.2619699085308427,0.1572748712304132,0.6056393811012306,0.4134744928936709,0.8673437995891004,0.1832919131177086,0.0298677228353837,0.983716003775754,0.1646052648800386,0.064527303,0.11208437,0.0
0.4638617728652718,0.7123797279319483,0.9148228428358464,0.2624748553481904,0.2582198187486298,0.6656111251039184,0.5354131380496563,0.9592400572266012,0.5286530375189689,0.493029706,0.476903013,0.181818182
0.9367400812459536,0.7587830652081341,0.1836397486825079,0.2167492005219077,0.9991168735984264,0.444244122169192,0.3411481970406345,0.9513093030129796,0.875474415042445,0.226281458,0.495798155,0.43902439
0.0159318607577626,0.9786783552053812,0.6161170478204218,0.4127701609281043,0.5195089389073957,0.3619021608087434,0.0650102647798291,0.906534310576089,0.8033895860264234,0.507893732,0.244905731,0.56
0.3702784026258786,0.086696313173709,0.8389497180880949,0.352715244655682,0.2391358128169316,0.5538429376678724,0.8746209802854165,0.7104353831874365,0.5765673852313656,0.117952643,0.451293399,0.6
0.8407305121390822,0.8527324510016963,0.4376009791928767,0.9686828854051088,0.9686464840074972,0.7807495484129579,0.0135769578966418,0.7747335064210062,0.1684617166124811,0.345024948,0.688412068,0.0
0.2176525951841329,0.5998626923692526,0.602378630566341,0.455816972306262,0.6483182433990486,0.7244038804779167,0.673143003298995,0.309101429688593,0.2566783393758028,0.305321605,0.409232942,0.333333333
0.0844529135749497,0.820141296592056,0.9339732911805976,0.7652275989064892,0.0195301710628783,0.2570002168313806,0.54222722020612,0.6392461459704453,0.1842874341410156,0.475040733,0.186717638,0.641860465
0.9061896398095136,0.4666621592620057,0.8470353189633038,0.8603604799591528,0.9871380654269796,0.6246193010887712,0.4464718523394301,0.0259634377848879,0.7952945136231652,0.182100762,0.523943235,0.436363636
0.7537543197865928,0.2084457376932471,0.8572627933522448,0.2712040530441788,0.5980029312791884,0.8863095074524213,0.6122180926394593,0.4833346174337031,0.1430742360533572,0.125359503,0.473099035,0.563636364
0.9652531635524684,0.8029216936589242,0.031593904071188,0.625738712028295,0.2204740822322664,0.2892950934419104,0.520116628686187,0.7962064573624443,0.0733852235379518,0.412251522,0.397520928,0.726760563
0.0624784607652199,0.9875079516736932,0.6970864849608155,0.0055023936947924,0.7204752302450459,0.3529406261313023,0.6848972716420396,0.4955188313299984,0.7371075882024924,0.796733913,0.125785576,0.048
0.0309949823426896,0.8361327819956971,0.1655427497838698,0.305879600033514,0.6450429978715134,0.1176548641121276,0.446004486963898,0.6143997025463178,0.9187245000886896,0.361944791,0.04241342,0.72
0.0229335736049344,0.5232433833597726,0.6503449493414091,0.1742780858955169,0.1727082206466015,0.8237705875387884,0.1675242795125836,0.229975393187413,0.6714646357244407,0.170891074,0.239531327,0.266666667
0.615212999206492,0.9039525259602172,0.006841154124252,0.7370939177826756,0.1627865944057436,0.1078949767439937,0.7963178295834061,0.4693515616452275,0.9164189289856478,0.589321646,0.14811949,0.097297297
0.040048866469842,0.9203155198031896,0.0772334912104498,0.9460816208870398,0.1037256972558278,0.2174965019713176,0.6813591164096894,0.4427099156662575,0.4036726841722501,0.472747199,0.182873581,0.547826087
0.0992915596223368,0.118436934065764,0.0386820858695465,0.2427874974462124,0.1564121591184818,0.856081579762876,0.985101244301931,0.1682920212066858,0.7484190788887403,0.09271148,0.35509993,0.0
0.1634970133810565,0.1913506874760908,0.1163702566387204,0.0198131021252561,0.6352736834990279,0.4985635371681443,0.7485866824322377,0.5755423267462597,0.861913420173384,0.11450813,0.377667568,0.565517241
0.7526684802524787,0.9235585088387982,0.3049117640868181,0.4624193314116442,0.7673967042573331,0.494495827033391,0.2388912473798027,0.987667492974947,0.6350630422135812,0.310160268,0.333604264,0.0
0.1844598898263025,0.8950491827062768,0.6067727049085611,0.9561917519246323,0.5921936918611763,0.6102014510759817,0.3694950011467239,0.3880992586385874,0.8655397020964164,0.327109555,0.290268922,0.0
0.1048838587941313,0.0316839702108209,0.8445053256240378,0.1924126953143006,0.7549550289762393,0.8951556847354563,0.2388329389092256,0.2482364451088534,0.2726573568924502,0.071801716,0.3947011,0.568421053
0.365125196345461,0.3103082961729884,0.8341280774037793,0.1758077428169053,0.5792340392608383,0.9883264554609048,0.5961744939363945,0.3022774049823298,0.3800754166001957,0.22057234,0.520107442,0.520754717
0.2832804236545305,0.038128389321534,0.5468039447682297,0.8663407488123744,0.0316881784367283,0.640746764941394,0.122061289329044,0.030223380487522,0.4172795244145463,0.072394531,0.290697597,0.171428571
0.1187712667577863,0.6146417233384213,0.2737080493017064,0.1459861514772591,0.0128003363997056,0.5165713560984491,0.7924847031789656,0.05715338488363,0.5404109625363608,0.277584675,0.291864848,0.15
0.5412624276270507,0.4173952520525713,0.1450182134082821,0.8709419324418533,0.4556604456593612,0.0739659326425716,0.804064447196535,0.6367804906191932,0.9244642884081864,0.180459878,0.087824296,0.0
0.1576673214222741,0.7315278007657928,0.7170233676595182,0.8925541490740786,0.67690778123826,0.830660995402816,0.0218642663222439,0.8630531118390824,0.5479188734311646,0.200972287,0.329247944,0.133333333
0.3883136473255117,0.7783036078245115,0.6700314243602551,0.9912737819278564,0.858596123125052,0.3009138445464679,0.2308490199392529,0.2491232104756423,0.1386073608730146,0.291039651,0.284400282,0.2
0.138618304981704,0.0716400243019572,0.0021649127968962,0.5737417671478225,0.8188567460600324,0.3137082021428617,0.3037467228337533,0.0100063883330464,0.4384734307802221,0.054713204,0.371404226,0.64
0.6163736255595508,0.4315854600399563,0.7521317515488921,0.8571427766113483,0.1321273620794247,0.4502033265767071,0.3916870289677427,0.1062084923106087,0.1293253663188784,0.136328035,0.369785044,0.757894737
0.1747357212201773,0.7983810406781766,0.8908475872128744,0.7839525136379673,0.1262222783413249,0.3660344892036332,0.4839114212090719,0.9874611273043749,0.8391021702484389,0.373516404,0.22903283,0.0
0.3470344650241859,0.2576774924595926,0.041919311950161,0.199212180907691,0.3004539957507189,0.953500814144096,0.0523432720741138,0.037793073787421,0.7523964617962624,0.123168955,0.218179586,0.133333333
0.2172893763128583,0.1440538823544178,0.8958157521173324,0.6765019518344694,0.3991984988395005,0.0663209493980651,0.1878438044873371,0.6472032095726806,0.5221251036533621,0.083592315,0.070665548,0.436363636
0.3444594899195595,0.6360544908946008,0.3121794191548975,0.8931359276081577,0.695304509149499,0.1806084811504058,0.9231089128465572,0.1114747585571178,0.3272890664132409,0.316685595,0.171801006,0.15483871
0.364284148364819,0.9857118936663392,0.8704560450900272,0.2601891962653027,0.6304706126170154,0.3528650366458266,0.2002855993831932,0.6423295539671439,0.9685136036688812,0.717046172,0.287653728,0.553846154
0.7489166718999072,0.6246911309954111,0.0720103068093893,0.8769693993871213,0.1096941694858657,0.747663632990632,0.0303508318235945,0.2239277421514314,0.5297945294470272,0.157259921,0.575642207,0.0
0.2725067966652856,0.3820883286623135,0.2690300652110325,0.2096833014074608,0.7975796119823413,0.3543068524130722,0.207312926769182,0.1161485393110491,0.8301128386694883,0.123743872,0.403498243,0.6
0.6409343876480206,0.5677328440735847,0.8388980839503729,0.346479770134581,0.9188988915377424,0.466536352271606,0.0758350175338019,0.5389061179539127,0.5758862230017067,0.252669805,0.367170821,0.48
0.0829416021974727,0.3709740865491266,0.354528632369554,0.3698483052675988,0.8693098073126235,0.8839247785805029,0.8028001519354468,0.1443706439478486,0.1110497188630161,0.1670049,0.267346841,0.36
0.1788192884836772,0.9705724042765302,0.6787018115769525,0.5040267077605641,0.5819412915592164,0.106236303383679,0.6439164511347774,0.1748927076461274,0.5860630678379979,0.577363612,0.067079814,0.0
0.039529605187887,0.9669944506310422,0.5607051074636402,0.7211802595574166,0.5183197439277745,0.5012971670678877,0.2431973435777156,0.860677898064905,0.5420900325348232,0.296173952,0.239956051,0.525
0.1030099453048338,0.2214350784916638,0.3783269143632288,0.5069255644403247,0.8484853318645942,0.2096294860678091,0.0968700283814616,0.7338781209836134,0.3827178784280616,0.086682932,0.201851175,0.378947368
0.6064982948075998,0.2674828232132051,0.9357266555252948,0.5603435598344566,0.3206865732228303,0.3036181322080072,0.6594387547324215,0.1821645500235459,0.5567479997891001,0.137550538,0.467401313,0.410126582
0.7758255064102513,0.5657487377390187,0.1870235015209894,0.6498736394608583,0.8419789590261221,0.7945553873973525,0.5091296761476727,0.3072005620392207,0.0019739655036883,0.233519401,0.548494451,0.08
0.1801283009565892,0.9764103424137704,0.0283596495555314,0.9511382637845894,0.8871145224712378,0.9835006347376756,0.5869633883819327,0.7797395593139815,0.1745627530911335,0.497531293,0.449670773,0.36
0.2937516377215502,0.07976116164286,0.1504311349658244,0.0461136402516684,0.563198788813178,0.7164967499496365,0.841319770673435,0.3949687774934209,0.8905702228078206,0.106489591,0.425368139,0.378947368
0.1315117363743284,0.4949974371131842,0.362988049209211,0.4698547924033528,0.878123251755942,0.3554820334914732,0.966696537425198,0.343492699444246,0.2468189073736459,0.207471925,0.272754751,0.562962963
0.6402237996217015,0.6331090460683798,0.7007629780856253,0.8516486167196674,0.0585707435077395,0.1141061482431572,0.6173359559362585,0.3773139439063919,0.6082425279413847,0.314996009,0.186049333,0.192
0.1431524408988939,0.8449408685752005,0.0263075693511669,0.1025054547143613,0.936939010124884,0.3153321886839799,0.9946724989540824,0.5549807693570754,0.8061649649675144,0.398068169,0.265748228,0.498461538
0.1060049933904875,0.1639281702335674,0.74818588288854,0.1329906755746699,0.4567194833153407,0.3198843938230186,0.5439421012452854,0.6565220211865113,0.5279942590582167,0.117595848,0.160457076,0.174545455
0.8776333139120983,0.6993751212440926,0.8884756036930409,0.8926474004801318,0.2145607018489308,0.9060482432760308,0.5407208584631741,0.8928045983724645,0.3293148757365822,0.380871219,0.609597435,0.0
0.7448827165822994,0.6811049389633741,0.1369063456186645,0.7233346133870919,0.952523237196886,0.7487851366633999,0.3676283345366692,0.7258335965223397,0.1986102203797812,0.237595689,0.637022705,0.266666667
0.5202661986954488,0.1775172718116648,0.7253882645071432,0.3198938285147769,0.1007693704390795,0.593543991808128,0.6063116328613977,0.8766805044881762,0.6046772327959183,0.205950883,0.466250066,0.6
0.6359488879169889,0.2650928186941015,0.927186649225636,0.1964153097249582,0.2653137748621521,0.1901620525567507,0.800068011162202,0.3385176355136794,0.6906955130340579,0.185321334,0.304248791,0.653333333
0.9254766157985144,0.6778100374082381,0.0186201813830605,0.3042934664813178,0.1666149631019021,0.8195257742227112,0.7011608751647839,0.0525625641276231,0.6753965646306423,0.248002423,0.388033851,0.0
0.8970437349181003,0.1878035192384011,0.7786470571193987,0.9415716169359128,0.934516026984358,0.371655798545603,0.2399953964239592,0.57067462070984,0.4019411454075454,0.084375483,0.409723077,0.0
0.1497620779673507,0.2521546908542666,0.5096146072956587,0.621711052724881,0.1929827083173571,0.8632615106642887,0.6187708754215573,0.8997926343478608,0.3818786104479319,0.128783244,0.462464058,0.406451613
0.3747958464079061,0.917509308437988,0.2616906166568228,0.3647343092431894,0.9712074516179257,0.9678531955015582,0.2909280274612308,0.9942344758452007,0.4035856374754916,0.432371873,0.549425125,0.3
0.3708869223056716,0.2086779087829858,0.994311318499028,0.3956454892284319,0.2676047668840082,0.3730894793630754,0.0880465085055998,0.804130951713637,0.5968309240026004,0.11503386,0.188680216,0.0
0.2586198955078844,0.6603675584146663,0.9507259303830892,0.2634412865970317,0.7934548168105792,0.5122492695721474,0.1639178862277891,0.2013933031695615,0.6968781853272511,0.202014565,0.399851127,0.6
0.8029449856626688,0.726987362111194,0.1394491353794748,0.7576361736527295,0.6444005282644141,0.5675068949662014,0.954209140638787,0.5015967784591453,0.5808004602043709,0.400282405,0.536456088,0.498113208
0.3657638740191185,0.0993246843795752,0.9506940262857048,0.2421305117293469,0.3725972527347545,0.5950168528280697,0.5779450596547231,0.6433545218105852,0.1820193797896129,0.117926515,0.398907156,0.211764706
0.9288952691765572,0.315797924991805,0.4630173177214097,0.4880772223713907,0.0805166194959475,0.1665848067345874,0.1666539628153428,0.3814942658652339,0.6696371950476397,0.143274817,0.377857627,0.844444444
0.3187067281371408,0.0919990677819291,0.919153888189022,0.2620059917847579,0.0944516224090706,0.9391712070265724,0.6637046853822502,0.5533037584538716,0.1812535884133883,0.108961575,0.540958712,0.162162162
0.8869717804827474,0.7404861300189798,0.6748372305562262,0.538585620656924,0.852590503287479,0.4345114179330951,0.1409489355935897,0.1089898229701098,0.4808320899767305,0.237436699,0.700063872,0.685714286
0.9128993109687652,0.9259798692732316,0.8657710020516133,0.6306640776953435,0.537406348100698,0.5116909123863636,0.6196467367006726,0.1223823512405289,0.7755557341113185,0.777274529,0.474342767,0.246153846
0.5476006560008907,0.4176168344382415,0.803709392747833,0.7434516147542918,0.3744152310501382,0.4737988897608547,0.5301875236929494,0.1498047598131507,0.2406272151852935,0.258400899,0.450822383,0.114285714
0.3340438226992418,0.8094516336501109,0.7885019102782366,0.0196817982477417,0.9283494066749212,0.8349074496137423,0.2780836709174173,0.9936095558105938,0.446607232995361,0.349465916,0.477678004,0.16
0.1345803195332966,0.93769926412037,0.2232002945920491,0.8932743836684124,0.7011941399167219,0.0434865971320758,0.0244757575446874,0.431703971026776,0.1563652974434286,0.392964454,0.022556154,0.0
0.7585192283323433,0.1617178490356391,0.2696512010494502,0.5043275987159375,0.1391518133057689,0.7194334329965065,0.3664310803174365,0.2687734656772632,0.2897111046921941,0.068485141,0.360286115,0.504
0.2434926102699817,0.5106590755281023,0.9256461771490728,0.4126036143771378,0.2544783612787649,0.1491403703853283,0.8744865742107139,0.4919000218821697,0.5659620817582983,0.250167583,0.23733772,0.64
0.1233155087480223,0.0395414168004755,0.1608616412741167,0.6375879240781998,0.3513894585514194,0.8498534038104251,0.1746807937358065,0.073361337394594,0.7733813172954782,0.083121612,0.382260784,0.45
0.7665615168816711,0.8463938372901106,0.8305465990509487,0.7389579319894292,0.5106916437533233,0.5457706228461443,0.1991648483963929,0.3947790229196232,0.9336687315215044,0.374846172,0.327365315,0.0
0.4028776472291149,0.1837178473826394,0.7874342868859675,0.4143654189346138,0.5041520920055558,0.3128253503743053,0.4523009435935411,0.8715899828701675,0.431219083982177,0.07786306,0.267639298,0.528
0.977264629610296,0.1292191430892062,0.0843408788412275,0.791408401027103,0.7247126382880608,0.0148098574851862,0.9919157392214346,0.9880666674886104,0.9284871938092564,0.111775026,0.165564573,0.410958904
0.2133556550889442,0.4316124034144092,0.2480153137798265,0.2367625251655407,0.930944151888394,0.1695070374968648,0.7591554547305672,0.323986033035077,0.5175684557147378,0.20163383,0.204402544,0.692307692
0.1131563527540822,0.8949594949367956,0.665148675357958,0.842900642886855,0.5807594283865786,0.7332069208762272,0.6092966748271414,0.1847718154340644,0.157755169950582,0.596663238,0.286180531,0.2
0.1108137640087136,0.7580795765287263,0.771943601041078,0.5695473453194682,0.039566648480942,0.3262702788995553,0.1464805512139838,0.8314521556940782,0.7253492562570646,0.246524075,0.248956315,0.551351351
0.4481954803552316,0.7817140413271261,0.9514369765037166,0.1863345242397305,0.1613801559689226,0.6657795411124386,0.5498576137935702,0.6426857310626031,0.0927139458407022,0.51540945,0.45436688,0.048
0.9596949674129428,0.6444683308223343,0.5711341769884754,0.1039194544716896,0.9314472984659128,0.7218917509258382,0.8676851185012814,0.7246197653986581,0.8851136591516555,0.3754444,0.558812411,0.623376623
0.8220934740080532,0.6476084565243811,0.3944166996057969,0.3176301355050642,0.920539917370796,0.3850359977202926,0.0600993639243007,0.981101699741474,0.1347886790276867,0.218924688,0.360806511,0.369230769
0.1842962317058994,0.7966915502044504,0.495262144626497,0.1971541213643384,0.0069615210317209,0.3067434242240406,0.6138447382430403,0.862140533863358,0.0349845393267841,0.493950002,0.21902072,0.790243902
0.8927542426130288,0.7193629727087274,0.6559058294143162,0.8221364186493966,0.3031412843398178,0.5212378478163714,0.3027048457248834,0.0674894143421409,0.7198278375054242,0.205266244,0.581790043,0.266666667
0.8042817905426012,0.3432708908518382,0.8632616558713767,0.8306636125516746,0.9729498589728448,0.4719103718311851,0.8862136154171172,0.99513655324711,0.9515330902204028,0.198311371,0.465109152,0.369230769
0.4622549546730462,0.1747034453067497,0.5061603883556027,0.9237750330662156,0.2130427382226307,0.4066885631172765,0.2119131681333829,0.5664151140753716,0.0933044263380903,0.066312536,0.218716832,0.0
0.2331395298086694,0.0382112518887824,0.8983289198781551,0.8182440914204899,0.3086141946840272,0.5826301552487059,0.6803682380796113,0.7199496943043292,0.1865888986944357,0.101999826,0.260758206,0.05
0.4540911184953388,0.0144448458815614,0.4607757687539008,0.1345666216389863,0.1716395216163054,0.540132562568176,0.0724029434050728,0.5030523557325596,0.4512812700017247,0.078221892,0.515479023,0.0
0.0239498895308239,0.9687749980989,0.1412064660333918,0.644750487875395,0.329274883080804,0.5146942946240536,0.2648314958773669,0.531609964306466,0.4527452416230605,0.275987451,0.213837807,0.0
0.9421322518906728,0.73410834488759,0.9022801837585712,0.1337358810141953,0.8610200781107035,0.4931581872754097,0.3376994292403215,0.5567283767185583,0.4726191508727044,0.309021455,0.676645193,0.6
0.3557212380651037,0.6018304546957223,0.90805300151098,0.4540862426246883,0.6206691625031354,0.6850137780147167,0.7446571254330693,0.2385365561023421,0.7858287435425905,0.300887757,0.43998578,0.347826087
0.6692296121362806,0.0986112103763332,0.2386566756173326,0.6429334685471503,0.3900640828679154,0.8554270584862662,0.7205216767604725,0.1210425741887261,0.6127239625479978,0.129749616,0.553530378,0.104347826
0.027816455290304,0.4980401335801171,0.3076950466164858,0.1287952382961572,0.1662729052137813,0.8309587178724389,0.7510588486106389,0.5137779879334975,0.1516955087702742,0.258189256,0.292845011,0.685714286
0.5302310975729073,0.053871809086326,0.6456878569066172,0.515805884086052,0.7696383747184258,0.4650453999895334,0.9128300609832132,0.3054653381325531,0.5882956712402703,0.115419832,0.387878026,0.0
0.2505860943412001,0.3514588551244444,0.7926844165268961,0.1213705094295533,0.8004912043781965,0.2604984787783666,0.4852934634476009,0.8004957390260234,0.5555949745687121,0.12136043,0.309571496,0.514285714
0.9909423218454216,0.4859202569245967,0.161411213981963,0.380082633325686,0.4466352735025505,0.8847469992874076,0.4852292345892574,0.2127326929692287,0.9491322435461572,0.174829106,0.339296783,0.56
0.5238287160247427,0.1819794638431182,0.9002970315015001,0.8094002560260206,0.5008752052855707,0.0349613878129166,0.2256746899350125,0.8781499171042694,0.295754455791929,0.073469968,0.11913614,0.461538462
0.6452872076844358,0.3725565459530654,0.2068996521877961,0.2854236764867699,0.7411053138888946,0.8146740206891498,0.5118703145609593,0.0278050736820316,0.6253849923465903,0.168524388,0.593718261,0.44516129
0.4383690376077821,0.4009138301972481,0.2268602704286284,0.2538022727048641,0.8778957692486415,0.2432260962449124,0.4996642848691651,0.0762934185855288,0.4224616205515004,0.111283516,0.263841584,0.218181818
0.7797837278615336,0.6930400427800079,0.7018531203148941,0.3455994585865062,0.5463170297767256,0.318945877519989,0.8441200968890932,0.7622889678374962,0.1253322952664112,0.30877687,0.351796482,0.171428571
0.8792854157191734,0.2205480191124443,0.882344601825243,0.7108694879894919,0.6570182256392078,0.4886672927156674,0.2313228055015176,0.8161417544813095,0.3626588807439601,0.067102379,0.476402526,0.514285714
0.6511252372826197,0.2348360224192304,0.1245688096283191,0.9257284732046128,0.0718069690772379,0.8163672150556309,0.9901347378907512,0.6224568841897304,0.9898774385685236,0.13858642,0.43991222,0.081818182
0.0277299077062291,0.9826172760264076,0.2905961022387359,0.4973920741271829,0.0359537499815314,0.9051747576855242,0.8024413668563014,0.836574318534484,0.6297370999953857,0.876680051,0.14495982,0.063157895
0.3515502870515499,0.3737198761570298,0.017315048797146,0.7279489237436495,0.3908886284776492,0.6523165295560746,0.606330192042775,0.820759207653986,0.9492757589900636,0.191316775,0.358575344,0.0
0.3987215103873106,0.9070889044806628,0.5648671051076423,0.6965838021329587,0.8034596333514701,0.8104824086069364,0.2669810294632967,0.8239566245661649,0.5260253863600494,0.408166082,0.389064006,0.0
0.3895845280708694,0.8592307207892479,0.5302548529275268,0.6631593161404629,0.9500052786213924,0.6507766004228372,0.475342191010161,0.3224939602692628,0.9936644200553892,0.349942718,0.387512275,0.0
0.6501183768518438,0.169552940181191,0.997718377307324,0.671909495139532,0.8905498001930522,0.823401084675319,0.4021712333392843,0.8013028654057028,0.8227853790234089,0.125817363,0.4841389,0.15
0.4948101633151092,0.1625562070506764,0.5941238124216918,0.3635550964639983,0.4568023094037386,0.2300957882735594,0.0615695748975959,0.8446909568612525,0.0523821755672736,0.082992016,0.287426982,0.45
0.4306219026709572,0.309009179265174,0.9624885485055068,0.5485636089390571,0.3089196155651482,0.5193559041759858,0.3366186844774983,0.8910428550216202,0.8632416315794921,0.106419393,0.440925759,0.288
0.0998032793947608,0.3453596160159646,0.2164278198697569,0.417630753933486,0.4051823317583639,0.0752645431778047,0.0010390398142816,0.3823175589700425,0.7479759347168133,0.085671774,0.079323291,0.672
0.8543305639280491,0.9703215054020092,0.0296429929898559,0.3793585386136919,0.9722513865508342,0.2409234364868266,0.6274857943375451,0.5438165448326882,0.678707583615226,0.552082927,0.534691371,0.501492537
0.5345820918802077,0.8616861275263037,0.45639633609818,0.7366552931368728,0.3887677175348473,0.3586040678534722,0.8502425625943865,0.7157045824963044,0.7690010870928444,0.547687966,0.322864621,0.0
0.887364291924354,0.3130718665628549,0.4947297648423894,0.2123072326504247,0.5905070993952188,0.5834187306720344,0.7360922481697043,0.7605028119614674,0.1957947658377736,0.169490148,0.5485182,0.52
0.740330187527201,0.4610856029116108,0.5541078515558632,0.120150626149759,0.638969965115212,0.1241440020506304,0.416823671274689,0.8195633025894389,0.4233233009075532,0.201185308,0.157823983,0.24
0.0132296932102137,0.6310793770465277,0.5028029725206192,0.9449891320136812,0.2513975541267363,0.5739039343052622,0.4871677440840403,0.5916792572820417,0.8564623363026546,0.213856092,0.228145261,0.514285714
0.0199307394390855,0.3773211351366285,0.828745825479921,0.5940870379061107,0.0072512944283912,0.9379203733980376,0.0503372966726914,0.0076172193328875,0.3372628154225242,0.137817444,0.322340004,0.3
0.7792612638546206,0.1940835159611982,0.0615597980007982,0.6076539063787233,0.2516898816015254,0.7803471663515552,0.1534314466870008,0.7773589058692255,0.6217846557898675,0.088145085,0.544908804,0.730434783
0.019705034971216,0.2305518297598566,0.594573318647151,0.3376466117631075,0.0010544287069165,0.1103710225868815,0.707037959212695,0.9191353698657057,0.1378666310832705,0.125604359,0.077565514,0.623376623
0.6026546836474854,0.7097486107643979,0.7966882030661677,0.9883988531760776,0.9113934437819926,0.7778653873042929,0.8855491331544557,0.8750068454733135,0.1052383248012239,0.338297674,0.341675573,0.0
0.8423400788766685,0.4722148755232436,0.3455759910432761,0.9132317869041132,0.2007924619290457,0.7577276347205915,0.2628241582384467,0.4026787360821376,0.731375947420654,0.169559429,0.468616478,0.12
0.5520246735958093,0.4843619782082597,0.3830208156285455,0.5383567048322573,0.8905307925132295,0.3231385262188769,0.3160119509750603,0.2415628425919213,0.2588243441855573,0.14102506,0.447635515,0.48
0.6014744405809136,0.3466917563219123,0.5875719924981077,0.9402413269389992,0.1954303384406907,0.5814148152767615,0.7559274808484232,0.7039812562981052,0.8871276960497714,0.215085962,0.385033648,0.031578947
0.7326457021490851,0.3653230835324967,0.037352815290195,0.1390635890994266,0.8356291595005908,0.802636661432444,0.0368907110565066,0.4184548679267441,0.7549809198912875,0.148106751,0.366700567,0.0
0.7834754955529435,0.4790084404728505,0.1019603735940457,0.9163129580947328,0.6583233788941956,0.4296487161905532,0.4721910632848415,0.8785699366223653,0.2266909274175723,0.123227171,0.359398753,0.276923077
0.2282927101745693,0.1397047490418429,0.750513333670853,0.7719220902840838,0.797809422944509,0.5909390808584754,0.320785777275299,0.9580129921747544,0.5125060050372905,0.059371646,0.351104769,0.0
0.3705491156819158,0.6615681992586604,0.6024731592618308,0.3662587306057502,0.0055458767790651,0.5254241853634222,0.2383379640341092,0.7516422228097926,0.6350866258868011,0.184545691,0.463536304,0.254545455
0.5220918322244809,0.874602979201392,0.8576793292373066,0.37155012694478,0.6007200531133607,0.7342121175830568,0.9953324938703484,0.7915688246855213,0.3041784237807469,0.464451381,0.439493054,0.372972973
0.7949702357080705,0.4198092624349911,0.8058337957843874,0.3888866020026815,0.6572870043062656,0.8398621681221332,0.782324379477268,0.478499838792699,0.9061626738797804,0.235904823,0.546042892,0.057142857
0.337350183533165,0.2529526941117204,0.662881220304391,0.8755698413524123,0.3076562372205337,0.976144728437601,0.2871283695575952,0.1293215787264313,0.7420996536208041,0.086159795,0.432625542,0.0
0.1613746078528332,0.7971932713551784,0.0808829210515874,0.76213596362521,0.7367833805684912,0.6267839421668977,0.6961353772969727,0.8920995539272064,0.986691624282717,0.413537211,0.174025672,0.0
0.2457476983232117,0.4016617183671565,0.693188181097581,0.3107768831830743,0.7425488333283387,0.3782040745834748,0.7766076328229439,0.8024677856786906,0.4422004140136174,0.2236292,0.346517173,0.473684211
0.3940552735348118,0.826513061328746,0.0260300518972624,0.6512061390681885,0.7790152183636728,0.064185898859013,0.508163078571644,0.3804870999616404,0.2482326687677786,0.395481759,0.089188955,0.321428571
0.296184525244187,0.2620751725469578,0.7656879022146682,0.4944964786558392,0.1690833433813642,0.5581916454000365,0.958910243112424,0.9059013561921142,0.058439670175459,0.143620637,0.422792242,0.484210526
0.0086966431171041,0.2511888516192201,0.5001322725944549,0.0284290393688793,0.0725473497211922,0.8003048461746914,0.6738209379249547,0.7493660544321293,0.4697383799064301,0.15985503,0.251754131,0.163636364
0.9357588649648786,0.2491486525294587,0.3155824294180912,0.9094319248450116,0.6734417582373455,0.0804553203262617,0.129262290681283,0.4383708853351968,0.7020969898723174,0.117540736,0.314564687,0.428571429
0.4927214101058114,0.3452340990564508,0.4367123449879461,0.3424048666973442,0.7524313991803575,0.1566299777574938,0.2871258900000841,0.279173670686867,0.5035813353517108,0.132970213,0.233291537,0.78
0.2031546746351732,0.1460742549467645,0.5413927335568417,0.5219198564449977,0.2941602354735466,0.6894157065174232,0.5521166629351665,0.4015521979213633,0.1430217652776599,0.136352714,0.279240442,0.274285714
0.8125161915043438,0.917410434219103,0.9138741263047874,0.060058247896121,0.0009085471223153,0.080340698382283,0.2447259025558118,0.0687758088219393,0.8287408848675143,0.506482375,0.23375814,0.384
0.417906145705082,0.7604424422122746,0.6635610959133013,0.1242581285614785,0.0785956572391127,0.7415568649684957,0.0683860440420474,0.9780572111582247,0.0786208917890799,0.199877389,0.268174507,0.24
0.4327969039102547,0.2878239910875075,0.0360304493245775,0.3244872239622529,0.5591216011524188,0.2826309989508915,0.6953233263268919,0.0755888043091754,0.5759045933378979,0.157962814,0.377482516,0.133333333
0.0629457850873964,0.1564120865326065,0.3420379912535756,0.827554380631306,0.9699473904963236,0.6827395136161968,0.7038887327187914,0.6260111348387832,0.7382932463739014,0.111369692,0.287254061,0.490909091
0.5039640202411146,0.6225983743371686,0.9646353936570056,0.1718315556308685,0.5890978578030439,0.3394164264667035,0.3312847739549118,0.4333574249344324,0.8359146143452317,0.29973862,0.371723784,0.3
0.2816640041496021,0.293672906823846,0.4710081730560258,0.5982682752841844,0.3607627281773665,0.230889378972762,0.9189114366828252,0.5706294801073643,0.3436974993191015,0.163693589,0.205922576,0.357894737
0.3273180299655686,0.1792730584519337,0.5011441137996708,0.7618370315230488,0.5005798352804601,0.6534861937034465,0.9872370039694184,0.6659762164795671,0.3366325206310665,0.101769705,0.346392365,0.0
0.6688473440012412,0.5907859858070136,0.3987300483778583,0.4645640142664925,0.432475303560929,0.5378334554823341,0.7399846551138213,0.1198070211818356,0.4032738800716973,0.256495752,0.462596133,0.354545455
0.978983311724979,0.1535650667739975,0.5539045065154795,0.1211806462825607,0.3106702540067068,0.6267653616174915,0.4812535879998429,0.4282049690466825,0.4109824798410769,0.073224679,0.659499663,0.4
0.7884758368919433,0.3684516248648384,0.8233267068536951,0.2549063525136515,0.8196724008646817,0.6221223685404151,0.0951350367721872,0.0915051538704716,0.2381314017813814,0.13820627,0.474092253,0.730434783
0.3503454600964059,0.8451716746944485,0.7262410303649631,0.4953030563813708,0.8221254356093394,0.345819283077948,0.7444353738419309,0.839955503186356,0.0507822962450835,0.486207939,0.275030063,0.52173913
0.5636355399938334,0.0518919305567818,0.9806779387639094,0.9825206189436392,0.644863068406991,0.4466727239428025,0.0665451850061671,0.8910635936312409,0.0410929331377535,0.054023332,0.225886494,0.15
0.2221799204445869,0.4524375485035254,0.8156759058933191,0.6695170399813869,0.8098489158434244,0.3386436513195963,0.0741619605926631,0.947672703549644,0.7321663916801255,0.126878216,0.181009149,0.4
0.126435056232682,0.2297789917317826,0.2497692974167001,0.9151147117031238,0.7118708449289763,0.963246865457862,0.7256847055961888,0.5577285484126135,0.854162558223285,0.150151744,0.484045479,0.116129032
0.1370952550323719,0.9325466748001264,0.3163022952770052,0.4592809135765379,0.6134732222353455,0.5435662051378947,0.3376560327853651,0.2651454158912749,0.1031966909525891,0.226815248,0.292500462,0.84
0.6556511526367931,0.5798321317120854,0.6834353673948748,0.725733421208224,0.1250251175861201,0.8539064682060403,0.8919416303152378,0.4891731991654069,0.5343458066899237,0.315114685,0.511012177,0.488888889
0.0254487318178486,0.2570502887830124,0.9052602419651412,0.4719728354801467,0.8145739460886002,0.6115727018568333,0.4187562656952627,0.4978445999340748,0.8872257812479306,0.113770749,0.169654821,0.436363636
0.9118807063409368,0.4316780699391805,0.4076241976478727,0.4388143511732888,0.7995297201138121,0.5940853768226637,0.4122126827374086,0.1935486312620643,0.7631967055717513,0.119017003,0.653315774,0.0
0.7235505362606679,0.7512005561877515,0.9483859614681454,0.0156144708178588,0.657064619416699,0.6750393273197439,0.271596433906744,0.1981429484838951,0.5371268300456745,0.22442318,0.581459604,0.6
0.01323708428136,0.3761684590393782,0.9760769637290952,0.740919864403124,0.2214267999464828,0.6789825276628487,0.3716094060812013,0.6413309741015824,0.4137259812426714,0.169717289,0.157874859,0.0
0.0275400319113442,0.8055972304972636,0.9891772700349456,0.8655868811653378,0.4135842617666542,0.8903870989980892,0.8929008980758322,0.164177211340208,0.5548337727360715,0.479199616,0.277957172,0.0
0.8489308840444875,0.9296955608102656,0.0641070826716048,0.6710073142227685,0.6572349922260067,0.5871720318353997,0.6866632916670404,0.3035296984088192,0.4358246961527589,0.445679721,0.499632986,0.283333333
0.504899533767056,0.1948845978504114,0.5996329127439513,0.7286184423493678,0.2927220246509374,0.3711553936376012,0.3668522385161956,0.051516128191579,0.7739263672008695,0.073528225,0.420699427,0.514285714
0.6625757618390453,0.5726308247661355,0.3941853322546339,0.0412544099220982,0.9400438978636616,0.8796681665395746,0.7278913333699452,0.8912745490022943,0.6839855526527583,0.232458287,0.585208227,0.044444444
0.2349218179741499,0.2868772291501504,0.2150625661195632,0.9214801073670604,0.3636260444273641,0.1081976921876999,0.1880708830596275,0.5632926518286141,0.365501240548996,0.123013549,0.249955158,0.369230769
0.4173117383050394,0.1047499823141535,0.3984779747487171,0.0128042924243748,0.1279247205751472,0.4695256088531485,0.8324042965153213,0.7676783335290215,0.8588211550888433,0.134017082,0.517097087,0.628571429
0.7098238426002164,0.0341462975178493,0.5679328240868131,0.3820598974139148,0.2139628549932476,0.6970764888303218,0.9021198994007694,0.1150863042953339,0.9677621583327416,0.129317471,0.609869722,0.58
0.0261957608754949,0.1467207068159551,0.4998436887287812,0.8593519095406509,0.7476500462698429,0.6496390406053955,0.9999840687855178,0.2714144324088946,0.0480945555758003,0.107986802,0.254603335,0.758823529
0.5954681333471298,0.2912141050288764,0.7597179448267747,0.0069329011516758,0.9205978027305708,0.8905553791947854,0.5948130073851451,0.0198397613589647,0.4900288169192214,0.142378445,0.586480077,0.410526316
0.3391552343269491,0.359054813433546,0.7653910882387782,0.4219513226554979,0.184405917921814,0.2648558667923516,0.1011390369977131,0.282657617405424,0.3593322684969097,0.132620879,0.160490523,0.0
0.589847467209446,0.7913222776511301,0.7199432689585386,0.8611312265051774,0.9447212211437448,0.6671273831732152,0.0653926215949411,0.1577159699873516,0.3634038465949695,0.229199223,0.351770145,0.0
0.4146464931447383,0.4842572674490314,0.0256149154265242,0.5345069220761423,0.0553506837782785,0.5389222611636321,0.7368091343705679,0.8957331883355948,0.6538175201572118,0.32734949,0.382376494,0.342857143
0.1218265861329842,0.6241241711292381,0.4579316528660119,0.3552250115728509,0.4930220503599236,0.5314483410225626,0.6690829209925993,0.0354439107882498,0.4960117663293595,0.288390223,0.338136618,0.467368421
0.4209492547426017,0.6035882797866406,0.2897190295653873,0.9227353771722142,0.1487109659467537,0.0374650602276904,0.4316618361316565,0.1463364615487888,0.2712654671920469,0.21456013,0.117377321,0.64
0.2338762862118528,0.5996932009530813,0.5069215202088893,0.8259401607795066,0.3420335537742363,0.6961436823685461,0.3003841635699044,0.8640150169292294,0.8830394487580497,0.213285765,0.463712669,0.0
0.9376977986868548,0.9854601887061244,0.869583345615856,0.0748917624534105,0.5681542546614653,0.7809356689787174,0.9552052384943152,0.614250091206756,0.6068276715169674,0.745273581,0.562477369,0.0375
0.3552624787709296,0.4460330658560606,0.5701731619092911,0.2307989571792348,0.6169193056604491,0.1504344038866057,0.3682659371944636,0.346786813693232,0.5394300325350743,0.166593974,0.110359764,0.12
0.0415558902204979,0.438460234739952,0.4281539473766159,0.5533932594018229,0.0838034360266168,0.7245870900244418,0.9196077818994516,0.6964907351734259,0.4296427572849384,0.173264606,0.250005964,0.0
0.1100079325389696,0.4109927735181119,0.7619051956436724,0.3802862753070293,0.6143509289504688,0.6135737450845954,0.2200486189986195,0.5663964087570567,0.9158673217569324,0.16066683,0.237436,0.054545455
0.6511926023243543,0.4229443859142993,0.2825365829051547,0.5053084524125879,0.5470247088954389,0.1046119803018088,0.582189676754754,0.551198889542817,0.9337364645462374,0.19863982,0.252889835,0.308571429
0.7898758929625322,0.3798254655188778,0.2056675329602583,0.1205233709820342,0.4661230829659347,0.6637741520302507,0.5994391454842379,0.8548109465674587,0.7790942577286891,0.1585148,0.485992767,0.111627907
0.4112763451833294,0.1247424752243423,0.1855339406216534,0.4139676623576214,0.4345697112687301,0.4073114051092146,0.5935666836790703,0.7353351250663421,0.4876528465698919,0.108697969,0.373665164,0.45
0.4529043466703371,0.27565850795621,0.7304052435342019,0.388760094037971,0.9817467355757308,0.2269901853743894,0.3376173375951858,0.1321917527210893,0.0776481601741501,0.13599339,0.3138916,0.369230769
0.434025742727956,0.0939385606604428,0.2091483494387434,0.9368015997244192,0.0306665530126103,0.3490691989770798,0.6672054447998722,0.6719965292510135,0.5546710597180391,0.147868323,0.305034817,0.0
0.493155624030288,0.7345829469386093,0.6743374677120775,0.0684670464708775,0.2690880763011127,0.2177757333398106,0.5813495188357769,0.6170485042545893,0.7884951103021146,0.481290463,0.257635077,0.333333333
0.448759917447416,0.5556399824017512,0.972194301144141,0.1999785033194947,0.7499303005916218,0.1875859109405933,0.8765095338266995,0.2256873444966372,0.9856531287712532,0.298763075,0.247393893,0.702222222
0.8787741530209824,0.394719906922341,0.4129941665810251,0.0274572166405659,0.7821362331486049,0.8253875370700328,0.2819305118607565,0.2214022102580936,0.5370933329489586,0.114544669,0.300063441,0.218181818
0.3267036544648565,0.9999479834422396,0.5903332776065666,0.7443745545554935,0.8081162024719578,0.5537402271578374,0.2630857448468698,0.2799371044671637,0.2557978419898513,0.420887276,0.469289709,0.585365854
0.5673917894494818,0.6323988271021294,0.1600510312399662,0.3524781647104943,0.9018697460366316,0.7617089837313951,0.6044013127013586,0.2983702413151823,0.0597521164542169,0.27435451,0.517503364,0.057142857
0.2764757001691253,0.2661904447336169,0.9312013115889616,0.9623625200122186,0.5632264753965943,0.2984950004644364,0.4178393239284009,0.2484139778341749,0.3569475410327136,0.142997912,0.256688534,0.4
0.6529607318010104,0.817677202813238,0.519267980868956,0.5750176909151271,0.299263350279806,0.0367664255687792,0.5104791043294161,0.327199238150221,0.3631343096695889,0.387123222,0.084534158,0.275409836
0.8112077041989145,0.0166809775639427,0.286137352858446,0.0150502828353713,0.8020387967593392,0.494274474401473,0.7858719356847175,0.0292611238219264,0.2954443412656272,0.089185632,0.465293366,0.097959184
0.4303158221550492,0.0316809316065903,0.2084053652110338,0.1808127919460057,0.3402578840840888,0.3747860538465287,0.4173416900040545,0.0210802901248128,0.5049658590683721,0.051264282,0.2840002,0.0
0.6121729488085205,0.5175757671383936,0.1761770992219352,0.5820122634464776,0.7181993958384929,0.0312384185137911,0.8064218821716861,0.4948036630323662,0.1877522515992717,0.233935316,0.094639494,0.175609756
0.8446427063596518,0.449487752846362,0.7342674733562135,0.514534735278231,0.2477567435301855,0.5703210794229239,0.7085713833136947,0.8423278385861072,0.4382369709523955,0.215033605,0.43101918,0.321428571
0.2033701954523677,0.982807895341026,0.8786324273155088,0.7974899986114213,0.9922358947488013,0.2792773584440803,0.8513423991050758,0.5468191035308797,0.5879948727883486,0.670676371,0.236616143,0.393103448
0.6465226272567721,0.1586434235693373,0.6524114058211254,0.8693555205685207,0.9877722808754472,0.4261265023079493,0.0184475163459139,0.5044701320651386,0.153875650987206,0.085224376,0.419970166,0.4
0.7861794969782203,0.8969865244206117,0.0980777581045857,0.4029629446952342,0.1612237966216841,0.974918013684413,0.3258817653098517,0.2924936962956022,0.365983261297153,0.282350826,0.555436864,0.3
0.4735100347302937,0.0668822006132677,0.2107462432658665,0.9632528839372296,0.3600947913457711,0.8607947562575257,0.96768115522133,0.14289103093542,0.6850022678535912,0.094502004,0.513393499,0.285714286
0.6267836475287943,0.5953124700337202,0.519069332885548,0.6491259964896242,0.2554392013031774,0.6445785823924313,0.8692030941040624,0.2065247967760159,0.5952810351466511,0.291727128,0.474607031,0.0
0.4947020802638561,0.0612444118193359,0.4158661047444131,0.9023233627102176,0.3899536814799463,0.6892263902021788,0.8855197769286689,0.4723049570502899,0.1456449341983233,0.072916515,0.60604521,0.0
0.7818475192018256,0.1306941269503686,0.1090898634193904,0.3591428020125737,0.5948370904395749,0.649597774301422,0.5268631203239069,0.0475905958193295,0.3095488356411296,0.139024027,0.509103472,0.523636364
0.733159009151357,0.5653074203146136,0.1319573334474952,0.1199170662110757,0.0276875449596156,0.9982901785321716,0.0635736891510586,0.2453241419241221,0.6650547886864058,0.118811033,0.613657058,0.514285714
0.8611275534053194,0.3192266252100765,0.2386378435222462,0.8616745244843979,0.2209918012340623,0.5941327088337935,0.7497322456260184,0.5089934344172631,0.8744363441447022,0.214303934,0.615549617,0.514285714
0.4404717864020011,0.6550532293517762,0.3338479416815431,0.6666593422847824,0.7603372801065947,0.4577031384572264,0.7268411671839096,0.6842437128600954,0.9128145022652592,0.332404251,0.414472241,0.104347826
0.3618572592173646,0.9480002118467128,0.8529125887551976,0.5601566105759405,0.5679999470446349,0.1703583343822863,0.3943146373644406,0.0544053245893042,0.4132049200880223,0.338107199,0.186069973,0.36
0.3406762839434893,0.125109477680081,0.1485302987901505,0.2579772028168516,0.9353834746667778,0.3978384395285161,0.6938129207686017,0.5232710793423142,0.6595992484466627,0.123830499,0.369180527,0.336842105
0.0878451620411185,0.9462710435186008,0.1131081753198566,0.5532485380463891,0.4422285057199389,0.5806095578856789,0.1096363655500632,0.4313002061460914,0.7549887272344791,0.463783134,0.288125675,0.36
0.1070248912290983,0.2114454176536043,0.2703845705969904,0.3464439511663829,0.5782915155447126,0.116183722580204,0.0862165387399531,0.1827806442062065,0.5425722586802225,0.092143508,0.118171352,0.533333333
0.5752556358917222,0.2887581480630786,0.4075959085130142,0.2524992852221988,0.6077936639439309,0.8281517788498671,0.4955382900697203,0.1252087617066144,0.7579427389730489,0.098708395,0.444616993,0.66
0.3451962630278694,0.4925334309245097,0.1719752661897001,0.2140885011454005,0.1718407138419461,0.995673420735716,0.6510211272958228,0.905271578142114,0.936780424938454,0.299928849,0.448223114,0.0
0.0118308741595767,0.1698020428170955,0.1058163630169339,0.4714377562888429,0.8799675327382253,0.5918334232572152,0.6048921905834186,0.8327432754146266,0.1204795001593724,0.114293953,0.18581183,0.339622642
0.5937430340637637,0.3123870608554289,0.5068888871209554,0.7951495247317372,0.3190615865412343,0.2723619297996653,0.9389750420666744,0.9054523233872692,0.7972601414622453,0.154990543,0.429359583,0.512727273
0.4918625715941297,0.3936889057922266,0.0676162824605078,0.7884039962277395,0.5527366403660356,0.4661141203341765,0.4033585279342787,0.3328293890815446,0.6338313832813206,0.146666866,0.375727113,0.0
0.6819604051928806,0.8688201026629294,0.31951164222475,0.0940399773685166,0.1799581826578111,0.1660737458952119,0.0915151284721819,0.1891600733232309,0.3013479905563089,0.370156645,0.347718448,0.2
0.9934892862737252,0.7161504742011491,0.7834682941040515,0.8098407854637791,0.5340434941780536,0.8910585946679906,0.7168753921123028,0.7914280002132225,0.2048460824567578,0.470614277,0.610605468,0.218181818
0.5376457987853324,0.8381245522043038,0.9783358444270652,0.5462445592246761,0.9368654981236134,0.0146810412086213,0.5429896768081498,0.4647388217192512,0.0802879079194346,0.438581312,0.089666434,0.6
0.7378648486000877,0.936889213221578,0.8976669249164072,0.3251597266706137,0.1618385025790402,0.2601322210818633,0.0572419009508398,0.1797417532287484,0.8116007834865799,0.579048799,0.368319869,0.685714286
0.2787772083408646,0.273415480153546,0.5468592822868091,0.2890901196422986,0.5197589843375209,0.8077071425149656,0.709924995858881,0.1207450001051384,0.3839064776134964,0.123424218,0.468445252,0.04
0.2626117262631691,0.2126097329160053,0.8254284027566889,0.321673161122579,0.9185350270546316,0.8470772525991164,0.3598994382773958,0.4256483449894572,0.3967761661998856,0.115486385,0.431441797,0.342857143
0.8007549213228705,0.0207610143363987,0.9284395587208976,0.6687239107243932,0.7271152921343794,0.3898232904216482,0.2603673682823852,0.7900178046572561,0.3300889529336958,0.08050168,0.436277986,0.342857143
0.1837774223599999,0.4900689634875655,0.5671868386415743,0.5736174115107102,0.6189605377609747,0.2986182797886688,0.6358586268139881,0.5660019874490316,0.5307018206696998,0.276573464,0.192777342,0.142857143
0.1798077273777553,0.3167340526799601,0.5620021011543047,0.4142793252695393,0.2035441224575065,0.3659468279478828,0.7164847242442751,0.4752933980717841,0.4411947017140942,0.167629287,0.247101323,0.447457627
0.7114057120599688,0.6863439959466612,0.4875385657368491,0.0320339543645871,0.3512715965306826,0.1396637105831772,0.0512710271175388,0.2047345808071706,0.8968330170618273,0.22051978,0.183603963,0.0
0.4116655224682644,0.6378916843385164,0.7071847133133566,0.3900894509971628,0.9146196310790312,0.3536079846183532,0.4252942611939881,0.588606494940216,0.9514100066658362,0.324754975,0.160937721,0.0
0.4034508182282136,0.5277516233092289,0.4302658884812291,0.235354072292265,0.791084998194544,0.3611502692351318,0.8851745923812915,0.4995205085787968,0.2613600356182398,0.235352577,0.457749769,0.67826087
0.2318815308451055,0.5243684958544343,0.1073687320439709,0.3016545918304624,0.3957042497581143,0.154164563613869,0.1986119964016777,0.7726733352936411,0.6598889923302503,0.171766399,0.19861192,0.6
0.5064601399565846,0.6750643115171214,0.6410400199817665,0.7452318753723305,0.0917530494416776,0.026874296036776,0.6176291580082116,0.4576493871196992,0.0019999204604315,0.261034228,0.075728137,0.514285714
0.6372641316738237,0.0396978745900513,0.1354075313929045,0.3686161292073753,0.3920251908163673,0.5691164457056193,0.16074185152147,0.1202164943337406,0.1870183044186648,0.069495714,0.381492315,0.4
0.5228378060836187,0.1784067290558131,0.0719396054947535,0.7989986334333594,0.3936598093357089,0.003730876097457,0.0696590348863543,0.8431122839007854,0.0795696654040016,0.07965627,0.036422959,0.709090909
0.8292412135685362,0.0124571311612442,0.0091247585990913,0.8194672761843195,0.7009043305584765,0.638266574919583,0.6622469026887339,0.962033462361978,0.2962689079840824,0.071863236,0.586261876,0.318987342
0.7025105363481792,0.8272347157677512,0.4633490390597388,0.198543742590835,0.6586092347806161,0.9511235250498032,0.5846999646285428,0.2073994698973728,0.2571000189438948,0.478565789,0.527170218,0.0
0.4962757457468728,0.2211240617430323,0.2183643187647804,0.5765446099972342,0.449149076857677,0.8487665401992879,0.4154591926588155,0.9219349067796484,0.5682496211911247,0.082978234,0.467798109,0.568421053
0.4306044876697228,0.2931135538169713,0.8302521078901891,0.1815853364951037,0.8587848463368376,0.7693547990972323,0.5737474408570795,0.8150125318687138,0.3466271787803825,0.157091973,0.458343112,0.495
0.0301341885175334,0.0602565521463919,0.7512558310833362,0.4718801822429136,0.7005763457575281,0.0200543720174549,0.8855574891767812,0.4443283294688184,0.4376306755965073,0.131265453,0.022960379,0.5625
0.3298049836623647,0.6779921078878259,0.7954711770619273,0.265153219979844,0.6357411754968111,0.9136288295045426,0.4238981204307684,0.6595314269394487,0.2776320840151628,0.136335709,0.5234586,0.6
0.2392890383285254,0.7069606568352965,0.9778649484797028,0.5567636898392809,0.7905824747477478,0.3122818966885753,0.3068057752193218,0.4249908064724443,0.0012238479162931,0.220647844,0.174402622,0.1
0.9100368743028012,0.7387416768159222,0.6041944319731188,0.3627106031355809,0.234839754845377,0.1478927024409607,0.9497022644131808,0.4620338633996966,0.3336247725543038,0.294227126,0.295460459,0.316666667
0.55353867586252,0.3237254264129472,0.4519201202633751,0.8852838393374665,0.3587489454266587,0.5272305518900414,0.8685867717103699,0.3846548118455223,0.0909199234777855,0.15016637,0.435047903,0.28
0.5637621050847986,0.8360411339431049,0.2175038235789592,0.3676918088956259,0.5643942163260947,0.8640462334664053,0.8056798077885835,0.2282964472159222,0.954327559462848,0.495639034,0.532831722,0.072
0.1178745565376164,0.4762859409836021,0.1892464884778261,0.4286053437261198,0.4760380538439486,0.4232189356275896,0.4091320688028051,0.2399060920351193,0.9627499176967308,0.216563746,0.269290256,0.171428571
0.9141036684563634,0.8528223579241017,0.6535946179372077,0.483342895846041,0.1686334733024616,0.3635684790011584,0.1690436781823453,0.8224858245578741,0.1567367677627373,0.215503019,0.388368427,0.0
0.4868583318665813,0.916551665983556,0.1260002174155773,0.5776526879786339,0.6600150457081623,0.4497823341459435,0.342023535284842,0.7413428601698288,0.3549710577986246,0.317409163,0.345806948,0.666666667
0.026445114799583,0.250400970682294,0.9257471326179674,0.8396033327270741,0.6406713853996403,0.7147410447350099,0.3581796022066611,0.3720223815130583,0.028780466780351,0.090240628,0.220732048,0.225
0.1617191923171305,0.1473474226668354,0.6558999537444747,0.954047058526634,0.0340338284079709,0.332472127741274,0.9763061796026908,0.1964444386485888,0.4526421003457772,0.10852841,0.101039925,0.0
0.0280544693585614,0.1758860715935205,0.4895540854891197,0.2677194575296325,0.5131084424844402,0.5302713625525195,0.4190760427875126,0.9240488330815708,0.6092587728627427,0.07970543,0.114965966,0.675
0.7968531442537593,0.7579389417741924,0.9336961805773636,0.4681595687550117,0.8862452885655314,0.5582202148882324,0.1432847184570719,0.1535798963066115,0.028714380999307,0.258272957,0.524074379,0.670588235
0.6438724105116189,0.4897036808092901,0.0701776300621768,0.4595427713945478,0.053572691851614,0.9328706166879612,0.2088306472275715,0.616294968180291,0.5301362712255753,0.117397805,0.509866212,0.78
0.565811054482014,0.5639970598408365,0.5502478009552775,0.1379596783642325,0.8076878893241901,0.6140348301429993,0.2752806768393899,0.5942346308928779,0.2522241874613556,0.114152393,0.200839771,0.0
0.3271974532453131,0.2254939620224725,0.1690895274510828,0.0018804678713645,0.9953519381024534,0.1045017178601011,0.968467439102508,0.8375080846038886,0.9191134790049168,0.134196682,0.164043167,0.380952381
0.765858058520912,0.5913728517309637,0.0639357083542725,0.4147612571699071,0.8764662876163415,0.4813309259200921,0.1511082836442971,0.0421209356589599,0.5445435739864517,0.114440381,0.339898672,0.218181818
0.2178299254872455,0.5907270882466226,0.868862444600232,0.8207687273197998,0.2712474258970061,0.9751685317945656,0.1370909645349168,0.9270430555886856,0.9840097426941654,0.382632492,0.517704746,0.2
0.4558262333292128,0.0397328202840058,0.1492686034411843,0.8243189799030661,0.2883986159053621,0.2096315651654954,0.4331222905920163,0.0065282776650756,0.5342918196535511,0.054870044,0.358544451,0.3
0.0478957978009899,0.6014612532368412,0.4741596764855204,0.049268443255494,0.5247252262778774,0.8169755050245645,0.8821503077168064,0.8130802602010627,0.651823033512186,0.280596262,0.405190249,0.572727273
0.4031517717735559,0.2457700564185644,0.2760305486793651,0.7038953565784938,0.1518456816725717,0.7831082565927372,0.2707578209352909,0.5349240758820017,0.9473141755959416,0.083991838,0.502409024,0.417391304
0.6249733945377876,0.953326328442685,0.6883764523914757,0.6286401327104489,0.2469547422319044,0.5649996742221405,0.317425478826925,0.1831037750442187,0.3570344462873711,0.318945282,0.510023722,0.085714286
0.6828026722983307,0.8705418129106263,0.2004418524155401,0.1951390727515769,0.4021760055987713,0.134019257200149,0.1900837444877243,0.4689615852291982,0.4120248905351222,0.30414989,0.178803245,0.0
0.3207295023054133,0.3240914603972024,0.0803306372951531,0.623166765390645,0.8178296253897451,0.3133215308677993,0.1514900153263103,0.2670159647103443,0.758848719602371,0.134215576,0.33566714,0.525
0.5446176118303918,0.6970861639624197,0.1775707948708715,0.2644063489421364,0.6352139859666412,0.4752957677310078,0.4340634984698779,0.2571953199123037,0.0242556374587412,0.170320535,0.401214064,0.834782609
0.7620373065198874,0.3986396473845788,0.3620842590085427,0.1321748253685803,0.0873537513288421,0.4461578667036844,0.2936611876326576,0.1205928511562767,0.7939771259000533,0.145601732,0.39499805,0.327272727
0.7897592041062877,0.4837316080503194,0.4020930222956159,0.0650005274783406,0.0834316705250285,0.1639191011514158,0.9146910745318584,0.9109600298173044,0.4786300239884824,0.183391552,0.383155626,0.285714286
0.3146141889273967,0.936272214791264,0.5550185693617864,0.3265266307282503,0.918961246866844,0.9556179073724752,0.6027036993095228,0.2231142761067378,0.681908877859347,0.754000782,0.390446426,0.609836066
0.7829418183865434,0.2399590160490367,0.2948540589299023,0.0910488616105973,0.6170319620740622,0.324831126001739,0.9860517956860516,0.4967962315710633,0.8850833282144115,0.155107338,0.515957418,0.692957746
0.2370345413795568,0.6902066469031016,0.2407028804839509,0.2725068825592937,0.6215594290972996,0.462409359773148,0.2093318204058927,0.235860652648097,0.1694397815929406,0.175662418,0.381343413,0.818181818
0.0677882979515464,0.5362656535438187,0.3011714662081685,0.4646706466565957,0.073044513283852,0.2428377286898788,0.8094736128958413,0.6107719589104436,0.2635116577890487,0.270522311,0.163536889,0.558139535
0.667241801531437,0.621931409547425,0.0196608467582594,0.9870976553530674,0.4363083309010535,0.007873955916726,0.0844630353362931,0.3122120002342575,0.6558449963595797,0.159503411,0.1151922,0.635294118
0.800395382247803,0.6238216281679868,0.8958394629618444,0.8925307178524352,0.0629601471524137,0.185198887561778,0.3903265922590677,0.2906646995337171,0.2756701234929782,0.258771956,0.258680005,0.694736842
0.2764309544299618,0.401106040265302,0.9348939909120316,0.0252038476755892,0.6626203464734768,0.0937174374890902,0.0588875506044641,0.6362464964841678,0.1626041120666889,0.16006179,0.085919596,0.6
0.6276638740775999,0.782898909431752,0.7736824192248153,0.2161227339588812,0.3150988525674942,0.5320041104778788,0.4566230434485795,0.4154151569360482,0.9769481767357734,0.321385815,0.501605805,0.54
0.4694478155057894,0.9947550758865532,0.9488100999222912,0.928711386387801,0.4398560477861754,0.485239338978037,0.4228955561808961,0.3209174553683009,0.9265360733606358,0.558993489,0.527035611,0.0
0.1267406613652618,0.2518181374958772,0.3892403187548102,0.3394252243420887,0.040430180099018,0.3283181986771364,0.2186115592028626,0.6422853850810335,0.9932802556428874,0.138696211,0.199764054,0.45
0.9681936272187732,0.6257301356636534,0.584275365120572,0.7870620722843823,0.1165676433495614,0.8624997734067897,0.3170159925188536,0.4304976973660009,0.5605085249144488,0.241626964,0.321807834,0.0
0.2348438956997677,0.9416106049456536,0.7961005879689721,0.3296712016836943,0.6445509728304897,0.3248671526217978,0.295414691535417,0.8665783466950088,0.2739715550265131,0.342794937,0.21245777,0.66
0.0687777531139123,0.0087116854980917,0.3534268279615594,0.3817383325874943,0.0895028206778166,0.7116161500520967,0.4442569575633961,0.6675705188980797,0.2022637990764881,0.035007384,0.206249311,0.171428571
0.2847755213963056,0.5578905826472503,0.9965437208889196,0.6191990408193322,0.7000407181255048,0.7988555251140328,0.3063141217684176,0.6973081342832714,0.5513126833116275,0.214617171,0.313851716,0.55
0.6939214642986169,0.6382169371214311,0.7740933264898453,0.962852276479399,0.9458541606057264,0.8247042035172594,0.9961060934556364,0.964676273483859,0.0135485495748,0.253614308,0.412007582,0.310344828
0.2786938878660656,0.4315683115491593,0.8060646336169671,0.7817161298025391,0.0991408008903004,0.022932962082013,0.2499633413589597,0.83575488745311,0.0002547447591598,0.122312042,0.04838978,0.685714286
0.1478805091137175,0.3924913039785875,0.0077010625496471,0.9542326790795084,0.5788978584225649,0.7977218135366633,0.1886607125384607,0.9969841378810194,0.643999179793487,0.123274763,0.368679822,0.0
0.3555748753923261,0.7610322646992491,0.5107139313970958,0.0665390618774343,0.4959732556781345,0.9659556068565872,0.4914409057291277,0.0841675788056117,0.1091777336941851,0.199786669,0.490134893,0.4
0.1569105058075804,0.746676794419062,0.7934709094097991,0.0505447091304854,0.6568445699392147,0.3839605841046163,0.5090256025051703,0.5861830590178188,0.8681077414478591,0.433023234,0.143396318,0.0
0.1376121997596465,0.1114712091557488,0.0240547478808135,0.7471298089441667,0.5412003306264223,0.2236440821815596,0.1802638866736825,0.5767334569260384,0.9105716475418348,0.075758963,0.194510819,0.171428571
0.0265701236414971,0.863889533920015,0.4272902830427439,0.0851407519105337,0.6665384142891504,0.6079711696099344,0.9641871563611184,0.6605116037486471,0.6197752912187489,0.710073134,0.275872501,0.611764706
0.1210849142972128,0.4197079025659396,0.5944952782221279,0.9571361777219304,0.8186982233507247,0.2640237315322863,0.4127031350446024,0.171852543011565,0.4204731709676566,0.153586929,0.192423586,0.0
0.0842727735771929,0.3964150047154016,0.4189430582436542,0.5543685753654255,0.6959768665499032,0.9656572106044018,0.3227606225012875,0.0573967425854994,0.3528747293687607,0.125634495,0.440325952,0.2
0.8809555347551782,0.6065097476616783,0.1692964230387049,0.137027810905715,0.0619775088262501,0.9656365469128722,0.8210628995817525,0.5467720483353115,0.1406929714618365,0.277765237,0.539918186,0.452830189
0.2519857588677432,0.1087931977540161,0.2576113743743485,0.5796529276731225,0.7782154386771831,0.1548919521181263,0.2525463058283227,0.8355592046975425,0.8166806012635935,0.060927298,0.131759468,0.085714286
0.9578474627820962,0.4108711229855888,0.1061703734942685,0.4436002424628529,0.1501590017255755,0.5654127388749824,0.6900532169026761,0.867972785848307,0.6788310272793362,0.202745916,0.513715552,0.166666667
0.9821710226717087,0.1432974608340221,0.7960105436983109,0.021886066391853,0.2918683898996173,0.3238995029789808,0.8124679904654795,0.2317238354514894,0.9206979696570252,0.137783731,0.442916234,0.748235294
0.0648819632096725,0.8215058038296928,0.0416524210472301,0.9124498456783842,0.120398451945103,0.8007160284842579,0.875798315306152,0.1471921091670268,0.89689903277256,0.436328347,0.128116846,0.0
0.8253883717708375,0.8529410108553552,0.1787531186730432,0.8639422448270205,0.2586833445051228,0.2627280161520311,0.1884860939844567,0.5827466287789793,0.3815202960038937,0.266161044,0.5025952,0.6
0.2280007826874029,0.3584392791952763,0.2660085509116725,0.6792633283748375,0.3485640362679697,0.16698020274363,0.3021390748250854,0.6235109816524459,0.8937813198301585,0.141346756,0.189926055,0.56
0.8721225550982871,0.9323982811697918,0.7657294797849639,0.19351861429066,0.5342579950955526,0.9424017274960976,0.572972951977008,0.2727294031024239,0.9727888868508618,0.738188754,0.57859618,0.085714286
0.0650670903799416,0.9504125864959226,0.9535810900552112,0.711232245771944,0.5002745832511784,0.8354259342854558,0.6487252627341323,0.2031875175055161,0.6624134259754821,0.730540126,0.300365548,0.331034483
0.5862240429671904,0.2844825001971343,0.1957901256741369,0.6335240827361761,0.2854983553506323,0.0172177321904954,0.1143871993920769,0.1053701350955367,0.3722147394373284,0.097280154,0.117622506,0.733333333
0.5472674944370133,0.9801358825340836,0.6000556875575085,0.3462038879174256,0.5986529677559421,0.2338619675965283,0.9093548527274272,0.6858992174111279,0.3090107763656896,0.614311244,0.270603127,0.44516129
0.8231645735466954,0.5467282200939134,0.8151555822879648,0.888988926570238,0.7154668200706883,0.0325432179574016,0.1104852987388745,0.6797373020149587,0.5360769652097381,0.194499398,0.186940221,0.109090909
0.1156244645228972,0.2982634026899783,0.075507611127035,0.5281113510830536,0.4734783924920586,0.1568599026248763,0.4855979577421764,0.4781704114469826,0.1276033061273336,0.055750181,0.058792943,0.0
0.378199329948834,0.9301091764330648,0.7939980640755819,0.8254206964681576,0.9301559057863916,0.1306060115643876,0.975127938630303,0.8423536809731206,0.5884470778247347,0.447965665,0.190168858,0.014814815
0.9592042070241752,0.698101873059597,0.7389589790050645,0.3244163353543168,0.2042169930993497,0.4931809547494095,0.1893015849230543,0.246973857150656,0.6001085478805674,0.191058967,0.504488544,0.436363636
0.9185544603749268,0.0738735619208158,0.4647494117238521,0.1540459510208274,0.3656018861847953,0.9111550696329572,0.2962335780398011,0.8976257576949759,0.1412288574049558,0.069060417,0.534054075,0.2
0.122253418104239,0.2393752549631388,0.7960918092741429,0.665963353460219,0.6547457471238592,0.5525710155005953,0.5601434112910298,0.9323984664946694,0.0333069836187166,0.115408492,0.262183028,0.510344828
0.5670331708744372,0.1220812794507266,0.2289518085117182,0.6560262158210596,0.3491228726391024,0.3853329000607417,0.776384574068214,0.9103606715306384,0.6074230868137916,0.113502329,0.380751758,0.0
0.6049565105384239,0.406307526071917,0.4285878521321745,0.1951803969147432,0.2776165199736211,0.6750259952895296,0.8899296027205318,0.5850550887022088,0.702387407152265,0.19324663,0.45129093,0.0
0.2705706538787253,0.9991421496531498,0.2654735846072822,0.9559657264576844,0.327114192595177,0.4559510517491594,0.7157408827153137,0.1914244720526184,0.8775494880541767,0.604151221,0.248722128,0.0
0.5828443890183698,0.96323500747264,0.4418224074168646,0.8844805610722352,0.1981150093548512,0.9774908591298924,0.8679621022136019,0.917499098345131,0.8264562019459636,0.618822118,0.474222036,0.087804878
0.5544480983971367,0.9391972144186138,0.9242768036244258,0.1490235526198365,0.9418731643508876,0.1506591290978962,0.117398857811654,0.5591954077131595,0.0362572354194969,0.314301759,0.238757458,0.092307692
0.1719007898461408,0.056634307922617,0.9263990624608738,0.2139464707907598,0.411215290038018,0.985680633176958,0.1373214258358905,0.4978499843043603,0.4400632116654566,0.049789296,0.349102877,0.266666667
0.077884678647405,0.5007553128570661,0.4070681015645677,0.5763511430745222,0.3347615041255792,0.3527669529340923,0.6996818947383522,0.7418598555953841,0.0023777405639229,0.214130977,0.175392872,0.826415094
0.7123417197687537,0.7547491431423642,0.114377341302171,0.6836308311908021,0.3663796449769763,0.6913112204537031,0.481299760897092,0.089144928938377,0.9536641698776772,0.264677402,0.363261954,0.0
0.2503987203659658,0.5936532318634342,0.2183934599786169,0.0934053209337573,0.1384970328690615,0.7343201573287315,0.0573415502471829,0.1329742899098798,0.6251489205884609,0.217443919,0.381230042,0.0
0.4761349808646355,0.9165670063479714,0.3318791503402911,0.658009782352948,0.082099913769457,0.8309208874629426,0.6891022460072065,0.9813100756268512,0.4312216233654877,0.592571804,0.416958231,0.252631579
0.7401943269946832,0.5206192224309766,0.8114358007939679,0.9935375259238906,0.7421111646078264,0.3883067479258441,0.5854810098559599,0.2525055191571539,0.1921005462719397,0.291438521,0.358561749,0.0
0.8659599050125898,0.0542251587777288,0.1831930003348004,0.1529910284129511,0.9110165225502856,0.7124021946031314,0.5480473584018548,0.5820180727778069,0.6417329432689278,0.092881964,0.5297315,0.0
0.4974919499318546,0.2346250469549973,0.4344310552054966,0.0445628035035421,0.1959456315685811,0.3803473301349072,0.1122955421243137,0.8213387266490465,0.2686413972899633,0.077999336,0.419325566,0.0
0.374563377556893,0.6584923800862442,0.990093672559965,0.9714074961820672,0.7489999421368334,0.1541660979250153,0.0790182496623312,0.4673248079770917,0.4578587537697831,0.29600007,0.129302746,0.428571429
0.7624611202557143,0.0595259330167901,0.6092811326829871,0.574104431214671,0.3208088302718263,0.074249913135845,0.6759406332551141,0.8409756252863559,0.1989821302707147,0.093408544,0.180530309,0.505263158
0.830549416390688,0.8232647014023678,0.7434977683026224,0.6911687550596093,0.2917662331854963,0.5268511336501227,0.2931514165286895,0.3560510098202812,0.3895727706623549,0.415989058,0.560850814,0.0
0.3886281758200971,0.7336379855931631,0.1176495865505702,0.9778663559588028,0.3648569514101607,0.3233439130964787,0.1561648238723796,0.0761312959619451,0.4936650900584944,0.270731454,0.308385244,0.0
0.6640132475749168,0.4905911351414849,0.9612631096254332,0.9455584397008244,0.4838690333814984,0.3466579087353193,0.926445162395346,0.39179726233951,0.0438671369304917,0.228663122,0.23655469,0.468292683
0.3341175210862013,0.1717286356121979,0.0540316316377531,0.6870254331597269,0.2202051828106436,0.9433900095063792,0.8418634461967605,0.5327971265590251,0.4286438703609243,0.119305441,0.472138388,0.427118644
0.2397150144140619,0.780895161249703,0.8360460216442436,0.3484534974576097,0.5660430737947244,0.7974544935481861,0.1948349635261782,0.8870639055629069,0.5748692502513507,0.272235755,0.416651381,0.646153846
0.8863702361166836,0.7523197262777487,0.0726102589192553,0.9096585567117564,0.5143129535210835,0.6568356896152988,0.2986100770635397,0.3576766169597786,0.987316733246243,0.354257708,0.594215302,0.0
0.0217669388291339,0.3100143721476982,0.6652333007284169,0.863211013455187,0.1330055315375602,0.7183214006463637,0.4004067334524491,0.0085142068225801,0.5841157376399371,0.151902126,0.380032474,0.3
0.6770397759595483,0.3138103726392781,0.7358487483971257,0.1528981134195091,0.6940962590756979,0.2186532523020263,0.5272018464146665,0.6977165956569804,0.4787195182344619,0.180338743,0.273266423,0.233333333
0.6190855930041855,0.4435053444135461,0.8217232480709659,0.3652822986927179,0.5263737520862186,0.4687454074587135,0.0091027598256673,0.3347877318592908,0.376030266379133,0.144186761,0.284340787,0.0
0.0024270663102214,0.8671165548388757,0.0482692150388588,0.1104523056512298,0.7705139310146129,0.3236362867904372,0.8543204725819656,0.2492668716002714,0.9678897731022262,0.468075054,0.076002295,0.0
0.780622447825362,0.5419917343718369,0.0786844638897296,0.5519979842007385,0.3209859851619137,0.7872950979378123,0.2639354154825344,0.5453591530086621,0.7626301322685134,0.202080754,0.615669636,0.0
0.1847319770961886,0.5878889098825618,0.0389939888203526,0.6586378154828645,0.7282107203661196,0.875396316417113,0.9576191126875808,0.0574918361683367,0.9692007965640044,0.299164753,0.340519042,0.054545455
0.4814027783143207,0.514836646343363,0.4299642807854902,0.6876917085342864,0.6084800217424746,0.8804887577224122,0.1376404575948819,0.0458707193665505,0.7766306594157456,0.173803111,0.54969723,0.313043478
0.9304596149619918,0.5574436142679071,0.4084094548031221,0.4611527261613974,0.5738994218736717,0.8809080239526561,0.1729258500079147,0.6016757120836673,0.2050511096639088,0.070293896,0.785243256,0.0
0.9493918565349062,0.3743718824741863,0.1103338952414134,0.4031898278691537,0.7473451760286608,0.1869043436955073,0.7541473303317728,0.8733048559504387,0.4476688826734386,0.132757921,0.336775952,0.093506494
0.3442243785513755,0.3134807395290114,0.2645228611338971,0.0882587689716901,0.3043086405827725,0.1989259701723809,0.5091158580191929,0.8494315097215999,0.2132391929999501,0.142290073,0.235320166,0.288
0.642890096238776,0.7354988060948348,0.3719222970581473,0.5087902490704093,0.6871084697106103,0.101426107788447,0.1675160894532812,0.4551072566405844,0.7357551115508503,0.188105246,0.104225905,0.133333333
0.5181703841155582,0.8234198579952648,0.9982894922210126,0.8278864267902454,0.0076928734033652,0.1141538057563477,0.7266073076864855,0.2230157147991734,0.8765713522353697,0.562006545,0.106272993,0.0
0.1832173576989579,0.3243386241839147,0.2328942803132367,0.6370667791798907,0.8514028615141129,0.2752709397611876,0.6741845594914733,0.8854777010395979,0.7728202164076491,0.203048752,0.184904501,0.0
0.5398967118475502,0.595287421944315,0.5712796441640547,0.788206023862554,0.0984906780187112,0.7132363200486693,0.1909242344922069,0.5748404019285952,0.6303485572137731,0.17374014,0.474994403,0.442105263
0.0777483023958838,0.6467919781867558,0.317059445742206,0.5489455250050754,0.0282432318236146,0.2386470140163999,0.6652139421825286,0.8218897074066278,0.7391064314800744,0.326024009,0.172628564,0.244897959
0.1806972402365498,0.082006346399938,0.688541114602781,0.5322773703871599,0.5805211061086649,0.6928478541730657,0.4444818061292104,0.704536187184685,0.1795147054607155,0.051403674,0.38490309,0.184615385
0.233698944024574,0.779565182881726,0.0078058096985336,0.84439912305847,0.1306382706325803,0.7285018579862219,0.3712303690635506,0.3017510860668804,0.9341047371934031,0.227023035,0.236628098,0.0
0.5434222322640988,0.6662031157121895,0.5758950614099422,0.3446355885158749,0.9554868281846716,0.1375070904045241,0.841814035083805,0.6516453270479459,0.1250138460010087,0.303900252,0.174433913,0.257142857
0.3726076822465521,0.0044059780326801,0.1645200914661374,0.2945400596737243,0.4726136887598978,0.6483104607145393,0.3030517295305854,0.1814608460501752,0.0563343223262026,0.057345821,0.43014715,0.342857143
0.3757369637051773,0.5819296350317841,0.9592265007190318,0.0145736843069126,0.5201196750312888,0.555705912422273,0.7316635491524238,0.1326262134604084,0.0189346751487522,0.22791324,0.360062809,0.631578947
0.2615265395747882,0.3486394955018702,0.2296061588640247,0.7252354634355239,0.682395183449728,0.2468250589932878,0.0886607067607263,0.3727400930350726,0.0664113695327018,0.079141047,0.273338068,0.811764706
0.0468439060929067,0.2206254113180682,0.1485783496668958,0.2440504752200866,0.6534888071154495,0.90679022033393,0.3411205682673287,0.4910155351624458,0.8532632463419034,0.110297812,0.338092884,0.423529412
0.7079317921565699,0.7903462496995453,0.1385354763373651,0.3420634014393136,0.2421756762849937,0.4497618138269741,0.5562846738982484,0.1790544652474415,0.0842525634044888,0.331559874,0.472549601,0.651428571
0.9070775608358363,0.967473870432674,0.2381726432606148,0.6114951822496515,0.9290658954547876,0.7736315966838061,0.0536466376431754,0.7777254001426893,0.106652096557306,0.314793042,0.502941655,0.622222222
0.2758434888942808,0.8607842989407609,0.1941109665902795,0.0511162940135918,0.1516796218568474,0.7717401900593835,0.1028299571855616,0.85073354335513,0.3071746036679169,0.327531183,0.522979847,0.327272727
0.9966738031665308,0.3169546107910947,0.8156794410885345,0.9984349516504756,0.1759048265975621,0.0340192739518493,0.8721824709697514,0.0780369864536156,0.3177237650003754,0.145486935,0.247223495,0.498113208
0.2531010095506121,0.5074426562914457,0.9509642185593816,0.8965625746532716,0.0223252723722954,0.5483315707786827,0.2681970243525878,0.1970159273012806,0.5779536337387221,0.201469105,0.367014439,0.12
0.692315796037865,0.7262305440999914,0.8058016691188118,0.8808766991203598,0.2980933281622592,0.9488127991335882,0.5822295657060524,0.0797479241779517,0.6234254019925694,0.376135069,0.512408959,0.109090909
0.1267167929187465,0.5741075259146203,0.2887658763723937,0.3568230698499059,0.4337229946941652,0.3381684606807313,0.8547268357485271,0.8678600151597525,0.7945498445213646,0.327704452,0.149718799,0.0
0.079832589414717,0.8183627913539426,0.6178939237044,0.3487150008295087,0.639796065726134,0.9344943026350216,0.7347655698410666,0.2181250645712026,0.2564526176626207,0.418172594,0.330325677,0.475471698
0.8412301618823727,0.5699749135951833,0.6907543199983344,0.0831643020068342,0.9072919445617912,0.1998679825921751,0.9435487828209698,0.1440736640529326,0.6833919794740049,0.221171524,0.284826611,0.0
0.3331098633951733,0.3744172444833143,0.9003037507961531,0.6924213890642464,0.8062291461943013,0.6154598475088472,0.8327778158681487,0.3909174018904375,0.2424111398596821,0.204043996,0.425515763,0.468292683
0.5933084682445378,0.4989579614483737,0.9271065232608436,0.5093676304180317,0.8328335398843261,0.8151649192822964,0.1919478292287871,0.0760635901058914,0.7272113405066984,0.19197471,0.510148399,0.109090909
0.2829103624453174,0.6444150107884477,0.6217349401017777,0.28816946664475,0.5768476189104491,0.1643461501038865,0.9594724645757988,0.5679121166010506,0.4806089608627593,0.307591391,0.153484836,0.156521739
0.256398284599705,0.9277108912788926,0.8492672682471427,0.2217567879876946,0.8392365235465308,0.2292200145150327,0.9967111757821584,0.5792915751415599,0.95551382798375,0.712082364,0.273298519,0.496551724
0.9047817170075358,0.180452807096174,0.4834381153563869,0.663221420361233,0.1596372836292843,0.8315325023647377,0.2800743833409208,0.4497585766198766,0.6974562252906629,0.078989063,0.50830701,0.0
0.3698376602691662,0.7895875378027503,0.2129948603281115,0.255387190768807,0.2918804513638814,0.4122643738279682,0.856056637729092,0.123461665396083,0.3432838414470497,0.325422631,0.405986668,0.395744681
0.2759965458187722,0.2157752139108497,0.1362612377945961,0.5855806830076818,0.9542395804505256,0.7785395631498035,0.0326445635924228,0.6440856332313647,0.2749909031139921,0.10395087,0.397644691,0.15
0.3099448312509255,0.869455448917748,0.9649762419665474,0.9458720273623332,0.7092709024367717,0.3210209663578153,0.6270803638236528,0.0752228411474041,0.1200438555472597,0.468469019,0.249270408,0.205714286
0.4749778764180121,0.9788614595279592,0.5443645137077668,0.0532051334942924,0.7974598209981344,0.793895686082072,0.6511594995847682,0.4625812342315919,0.7101029528119079,0.722662948,0.494741421,0.563636364
0.0281518068077244,0.504805752703869,0.0415088263705349,0.1563221993164718,0.8634667009377235,0.6102129873420412,0.9017606101066564,0.0416107329867078,0.6358678956209651,0.260485145,0.301940896,0.42
0.0721838971360281,0.6319542266069117,0.304443679644366,0.5280044475636049,0.0474939413808939,0.6459757939404339,0.0391821568970707,0.4157208398532807,0.3327140506299756,0.22243222,0.239718947,0.276923077
0.1556866854416794,0.9201311984196838,0.6620387509424748,0.7915168782705959,0.9735352063042124,0.4785904394351931,0.3940816000070671,0.8402518238107355,0.2520300809431605,0.307660942,0.294266992,0.0
0.2982369176765436,0.3159928454540009,0.2581341868072497,0.6285716845427523,0.1825058781810719,0.2103765301473058,0.9971068727385428,0.0221665880520982,0.4175075595026025,0.162474364,0.148921273,0.0
0.4215349341739783,0.5999561971868674,0.5812268692317565,0.2864398935271612,0.0733140146797303,0.7985054177596893,0.6385148345279772,0.7515713812320822,0.3558131291531962,0.239179878,0.523461601,0.102857143
0.0165944198804028,0.4370191241903819,0.7313697970535009,0.2773560751635727,0.0034888848051813,0.3608748259001568,0.3904976540329087,0.7701230177742033,0.0761856741817261,0.12582622,0.083082739,0.342857143
0.5138240299921435,0.7550168286855811,0.6897709602682287,0.8976877714721534,0.6560386394699733,0.1636567021969533,0.9449201014790404,0.2947138831230431,0.9160304811009916,0.415380544,0.188120028,0.146341463
0.3256616878836352,0.1106255449848976,0.0155364876646995,0.0905869109107005,0.9451869397303596,0.6299310850867867,0.5343180532949886,0.2546318773616459,0.7651176462594339,0.087963552,0.355321057,0.32
0.9092644829272332,0.5534526146045622,0.9551687002909228,0.3408940763345832,0.3773961548038931,0.5423075764772534,0.943367686857853,0.4287347951850019,0.242966960457265,0.276089105,0.388302922,0.166666667
0.1029351945577141,0.7519257136475884,0.0495333715910611,0.4873479905166776,0.7968567529642565,0.6158534710510776,0.9904052235395568,0.1200946591440512,0.6272799757578886,0.304104884,0.29355919,0.0
0.8221545381942093,0.5728216233948449,0.3000141291066671,0.7417791216176847,0.6945849527628573,0.6841530920898738,0.2388075188681088,0.0290825596962458,0.7864479246496986,0.192509476,0.41228572,0.52173913
0.5984575706621905,0.210937802517417,0.1721333165871144,0.4933714737097573,0.8301716662740625,0.2979687349944563,0.5261126556957821,0.3598743876459359,0.6230288022918178,0.123247305,0.335532186,0.576470588
0.5571838083550894,0.0324100017061762,0.8678411805715167,0.878103928952761,0.0556330890248961,0.8086699766604869,0.8586892065818241,0.9092715138094468,0.6374172000691023,0.107149627,0.574969297,0.189473684
0.0404635705086708,0.2430720898070532,0.1518964360204958,0.6966516651546987,0.9290271049518436,0.6754174097586138,0.2676381457565299,0.1684113086971915,0.9212943457069632,0.089515299,0.299992405,0.126315789
0.6314750114066153,0.813479846575854,0.2361869313906964,0.1534721971788385,0.5950797823659194,0.2166907099453991,0.7275252862866942,0.2376945248822823,0.4982676362410976,0.423263709,0.354899062,0.275409836
0.3099242402912686,0.1446433240787328,0.3519588207893001,0.572843644168002,0.2055452044509823,0.4688954284842458,0.8425331266841605,0.6962486416511715,0.9986493946294064,0.130695392,0.372365432,0.031578947
0.3908086531605971,0.4948341360510527,0.1750705567365681,0.9978725766784354,0.1203842317573832,0.7288061697781074,0.5998557847817504,0.4882768450606083,0.783235345386682,0.247971139,0.495413436,0.0
0.0561219978498129,0.0119289306430333,0.956934580428016,0.5410209485902064,0.4464833071614618,0.5944060240415685,0.7580949518162442,0.5334854017381293,0.5193154224283624,0.113441027,0.235712885,0.514285714
0.8243947572808475,0.0187881271686737,0.2216470687344929,0.6729390598356244,0.499641064573406,0.5279744258938335,0.3217017857019454,0.9660778080770792,0.8417729757783178,0.055244623,0.615096235,0.12
0.928138676698844,0.2788598761318436,0.5099763438979388,0.9730921235957042,0.6944040056908889,0.1838648761362964,0.472005672019426,0.1198822268069034,0.4728570478085377,0.113576608,0.365449397,0.171428571
0.0476533334139031,0.5806385619203307,0.3670244226796715,0.2806204658985683,0.966359158066541,0.2131882597285587,0.2871152875444992,0.702817075501107,0.5793579556171283,0.234162938,0.13295288,0.54
0.0535539589387289,0.7150123028622186,0.2543251990041569,0.5806696536915742,0.0498420055557059,0.2487462389556783,0.7156084410234187,0.5826583045882181,0.4031832465039308,0.320860802,0.120020908,0.0
0.8133760527460246,0.6976441397612984,0.604925849886324,0.3806737274170625,0.718269611934109,0.92625417144604,0.2850227626815093,0.3873622426568373,0.3241867514552792,0.274399927,0.59201964,0.6
0.970016553515188,0.6400679568477303,0.7676447187774312,0.2405436508178893,0.553800240942529,0.4361121368592756,0.4219762310347466,0.5801907651273278,0.0304927271653495,0.317990522,0.278733473,0.0
0.607714895831904,0.0857308475620328,0.5406812436828053,0.8889710979185595,0.3781717788793572,0.7518941115005789,0.8526802718866844,0.4237665925851769,0.6072788412973001,0.094670024,0.487000066,0.0
0.3742814261998812,0.4068950991967698,0.6279778669523236,0.8434056290736273,0.2658386261137115,0.1256941178511617,0.1901086398478865,0.6441362470206076,0.8064824517447226,0.120854451,0.223795871,0.64
0.0561357217491915,0.1053726278029115,0.3162661678649849,0.8462184352607288,0.1185916107228866,0.972295768534684,0.4340107232359282,0.165977976109324,0.1045195970077432,0.056899849,0.185789554,0.24
0.893524442555777,0.416069361189555,0.9144035021801358,0.2227930354748176,0.1745865398236831,0.3506489575099101,0.8015372200623848,0.6965589638095728,0.8949664504135713,0.235273089,0.486754425,0.661538462
0.5269935213553781,0.1193877059839439,0.1598094686609007,0.2500870737925162,0.5673389034513061,0.2428468524825815,0.0675084674881061,0.891297617194526,0.1022752264223516,0.04519415,0.333992586,0.6
0.8530027896056394,0.9134141732657144,0.9568662744725668,0.0994645995219151,0.6003285226474323,0.9237706579976184,0.7104358776201785,0.7725898843470549,0.0885775234517582,0.529281436,0.515621414,0.54939759
0.6673933656349796,0.4488366481462982,0.5143843408175888,0.3727189121421004,0.3401312294059083,0.2731942704489322,0.3009524590991853,0.6869945199903071,0.729095042420231,0.135241963,0.507435572,0.12
0.3866126141482909,0.638482492217061,0.1466226145793039,0.2902774675497422,0.4860188304414626,0.1591257117665321,0.8471792120205689,0.5630140272660126,0.9576147966778364,0.296246101,0.220622069,0.24
0.324766333945039,0.7670989822889154,0.5819073586484491,0.3647231746378907,0.8353848359122464,0.3599944407066565,0.80622600908143,0.4592190235811704,0.1273627319830642,0.446760505,0.361241221,0.72
0.6017155070297557,0.577791595218107,0.7557322443661125,0.1064613227632003,0.7909334064679863,0.2846554049795772,0.5921014759734767,0.7081814913412207,0.7962575251820901,0.339340641,0.437543122,0.539130435
0.3826933473369108,0.3198275386796609,0.8072692400718158,0.6597261470750526,0.2994198876180961,0.9091094738706268,0.2847845856942774,0.513231532367918,0.8227693573886602,0.093051369,0.503119612,0.2
0.0404693976200307,0.9739353411691428,0.6096680606566512,0.6020502189383563,0.8075500679887508,0.7700317251022228,0.2082898143825773,0.959042090577934,0.2744938958142624,0.448918513,0.301368587,0.6
0.6730729856846882,0.3743671023910656,0.4351731380444497,0.7849428515437635,0.8300609860283482,0.8398611844414213,0.0908857769332133,0.3950957357628515,0.7675770910252289,0.148887748,0.590552905,0.514285714
0.1158208264601945,0.8569834033605855,0.3966473052290308,0.3358441755163714,0.3463490035846297,0.8087040354788094,0.5086261850848287,0.8696139992649465,0.0748902744663539,0.506321348,0.392142732,0.461538462
0.8909217342276304,0.2248519154913363,0.9246825529902712,0.3617587353432637,0.6989586055770485,0.3437835951420815,0.9601539519256936,0.0259461932482458,0.5584115918226477,0.162225628,0.348091073,0.0
0.5845510009511639,0.9899726524533636,0.936128606019665,0.6616481904487148,0.0960790448207075,0.3770431671165888,0.5135001459592432,0.8402281178829761,0.0938033652529536,0.622026239,0.311932694,0.272727273
0.487016870162239,0.7933706880359889,0.1437913230561194,0.8863679180909207,0.1154369983750374,0.97734008638602,0.2198806997343445,0.1497548696370219,0.3834621301630085,0.271106368,0.374353352,0.171428571
0.6005438366635374,0.2826718904581244,0.9840526917711144,0.6395409448634995,0.5644209724117343,0.1307123194245533,0.6266568591451139,0.9876947137294704,0.5720284255053594,0.174947304,0.297527835,0.489320388
0.2732204219986074,0.7315893161986488,0.0603239403690287,0.9838531861144432,0.8865013059264925,0.2417919798224826,0.6785154423182759,0.3266711122916396,0.5298433341793125,0.280243507,0.196758487,0.0
0.0723907780761227,0.1940471238653983,0.0293946816346815,0.115734574737,0.4411158632727064,0.1541540880928639,0.2602479947846331,0.7373911928448607,0.119137052373309,0.085836025,0.089050192,0.533333333
0.0508700383196223,0.182916558753132,0.5017467646102128,0.4650731808131533,0.3023022450530286,0.9611600094668272,0.5590315961090189,0.94962992002012,0.1503369255905572,0.142301546,0.307407861,0.092307692
0.3309916987057338,0.8815306347085745,0.6394659264598125,0.8350724729602815,0.1682157147563007,0.8542133432520349,0.2512605849948482,0.4335214072834699,0.8426818477107852,0.351416898,0.452650695,0.24
0.908121862055657,0.5036405878262168,0.6830205596596349,0.135110866334656,0.9092008746162674,0.3470640666268717,0.9552940786302896,0.9454894563476668,0.2994573988620472,0.286032867,0.4131033,0.27
0.7693651269202858,0.1406805012114009,0.061726953279074,0.8850733283950334,0.1254184561532889,0.5248725590342831,0.8158913371507215,0.4482151124100816,0.3427961949690126,0.106931005,0.379171676,0.077419355
0.2394024193101493,0.4809701025287785,0.7776771724704705,0.7241858568333702,0.5755117529479182,0.3700042663748184,0.701480274820046,0.0726265204182532,0.5532196381319253,0.217958867,0.287926752,0.1125
0.1298591200481341,0.5516323520834914,0.8041518166378366,0.0421248283666277,0.793305720114987,0.7415086149728749,0.7065390125711052,0.300586096150832,0.427946671192147,0.338016156,0.295820841,0.466666667
0.4300008124785828,0.7584987615371498,0.75198971685496,0.7263417389060455,0.2438939301620167,0.9672810217107656,0.4209379724560924,0.9452100413093252,0.8408795798620006,0.392703706,0.057275274,0.0
0.2728876335697352,0.2696119952898156,0.4728697888291077,0.1781299857451848,0.8869308831868781,0.8803309207898495,0.3605545986938433,0.786614731780045,0.325308916675619,0.069155538,0.526984087,0.631578947
0.3285696261595947,0.5129526514355954,0.3838868241325814,0.3679854684810975,0.4055877445217288,0.5153994459055972,0.8430343464762304,0.3566367679887094,0.1747284401161266,0.241944144,0.363794126,0.294736842
0.4647462268429574,0.0291714649416575,0.4585475856303598,0.9518175639365556,0.2077579132214525,0.4600809176892242,0.6116154369469484,0.2295930955197661,0.9304400146399424,0.100109876,0.362003583,0.26
0.9930108040250132,0.7644832632894447,0.7297080380451808,0.956640280581878,0.372666992010632,0.7548787365413132,0.0536398030890584,0.1934438854154379,0.956825180139186,0.234691407,0.646108993,0.0
0.512347516471622,0.9071451183985076,0.114547405279883,0.4364596019988844,0.3493319519424528,0.1407639663437473,0.94571952253007,0.7172765867785648,0.4864356207691807,0.408974892,0.228801246,0.32
0.5046793863300049,0.4544211978762054,0.7338122911941968,0.6340296627984486,0.7101775343428297,0.4203425719749559,0.862887816061513,0.3153290139686056,0.9078524809085952,0.217968987,0.388094894,0.461538462
0.425740979542476,0.7725117129222914,0.0639087548668383,0.2274973181753518,0.8726820837914868,0.4980330052738905,0.8026361141718816,0.2187244450233476,0.5175260226000127,0.377541746,0.43641531,0.682568807
0.1569926047235761,0.9884421760938354,0.7717894898568795,0.8446789191522126,0.5246692390408046,0.3426451572119988,0.0829942956979901,0.7513505786656284,0.2858945538856126,0.558109553,0.186400889,0.171428571
0.1897404962984632,0.4266209968796618,0.4515732030933065,0.5104162702229298,0.6499352196054161,0.2562848752288312,0.3414355211279432,0.8889204431468426,0.3495706711210143,0.167936263,0.206779107,0.6
0.1840944058090008,0.1517619909825401,0.9261769603630866,0.4594805780854307,0.9486642618694406,0.8541420353056918,0.4809450996478128,0.2687697491751289,0.9671401205715232,0.117339781,0.515804056,0.171428571
0.2773309119367515,0.8942904535247674,0.1777795562182424,0.9357109122269724,0.6266865444636502,0.079687103123228,0.9865125000736362,0.8775293665284581,0.6428482931590859,0.483024552,0.069911677,0.0
0.6505196351859642,0.6678851922896663,0.0494049576216786,0.1295311986285834,0.3117931217696461,0.6817591397279398,0.4216244751007458,0.7119674826028143,0.8527929377367239,0.236673786,0.438076555,0.1
0.6005744048128612,0.4976901090693267,0.7931999149846642,0.3874010795434657,0.0131945277519315,0.8211990724769028,0.1078427547220512,0.0383486937994284,0.85801296225284,0.128052746,0.26351809,0.3
0.4885358322519519,0.4849627938840799,0.0907883030276129,0.290438856376419,0.3239101258064539,0.997018919798264,0.8391705207235443,0.144613393723328,0.9500892671567192,0.223125122,0.539323996,0.443835616
0.9348674694781705,0.831646077678431,0.96126449004986,0.3999350120917732,0.6399536722818087,0.3771506132234671,0.4426414781232927,0.2949792157058654,0.9737555639408008,0.332006014,0.364529704,0.327272727
0.978659319313108,0.0083818624949686,0.3001361635370521,0.5456255762845585,0.4760183284781727,0.4733068146256491,0.1967972614052916,0.0038885289640157,0.4804605772259697,0.075453532,0.572115758,0.1
0.4539846224588508,0.8521964362247845,0.1258998785825971,0.1685779937950733,0.2974030564806682,0.0611470121748096,0.3045687293267133,0.2326245254092143,0.1371093633088449,0.256843879,0.133089542,0.171428571
0.3755168419804098,0.0516267644245794,0.750825672512973,0.3791868481146072,0.4080149152556499,0.7887043131523395,0.8183864278787147,0.8746662669910928,0.0234995389111187,0.105164996,0.272455249,0.05
0.6848914057030752,0.0922679624636766,0.7892650232257662,0.7028443417073118,0.1577422173743432,0.1345237744542646,0.1217153440954972,0.2221032890510427,0.3008675548057395,0.021242901,0.122987047,0.5
0.2818416860542382,0.5850046351230532,0.3201389940981395,0.9646771136258326,0.0461180422785195,0.6195308946353925,0.5709029253146034,0.5727632728393343,0.2208806359255609,0.256363766,0.429086451,0.42739726
0.7665179876721292,0.4067792562781839,0.6972121099572199,0.0632379162253068,0.6438658693111634,0.8811784447463048,0.6086631500949283,0.8821253596345516,0.1871981752405122,0.196759609,0.600520675,0.373333333
0.1727799598426141,0.9717077357317088,0.7223098592166534,0.7367688867483349,0.8671906645841704,0.1225357846453535,0.4876531552795813,0.3789425041416459,0.4430114200644202,0.437268587,0.158653627,0.768
0.6454533118920488,0.0165790315307592,0.8345436302727245,0.538651248769902,0.8486715955479729,0.8992103052192925,0.3498491280163599,0.4053020619716307,0.2405350120948066,0.06695379,0.461351183,0.529411765
0.9427014831284038,0.136246684302889,0.7373234636506332,0.676429850205864,0.0253115344273228,0.882090625652749,0.9964781431205202,0.1233581448441862,0.8675776187808849,0.13657007,0.639328858,0.407142857
0.4015402434599622,0.8876037196594336,0.9189189199747864,0.2937798374978759,0.8187990196515925,0.2481998682518444,0.7022190714351001,0.6553263887984231,0.9689998633216456,0.626629926,0.345198382,0.630927835
0.1177821000550546,0.6908193458912285,0.2606475874859363,0.3926467394166104,0.5076485744414808,0.8839366041506809,0.2684967311222025,0.6115762022314354,0.6582366914211949,0.189441398,0.344074356,0.4
0.783518335779529,0.0191475240220763,0.7096553011092679,0.5224125150256999,0.3207027161763968,0.5481072368877583,0.5161208578153431,0.824578789662024,0.1248759844719853,0.148538094,0.406410722,0.458823529
0.5300034688849125,0.911235279447197,0.754329998880759,0.3992391132369391,0.1590320579998184,0.6390643757064796,0.8874283108658413,0.8114855844496328,0.7624817968323543,0.538020895,0.463246373,0.0
0.1370121750014759,0.8383728664762036,0.4920075700731572,0.772334383952336,0.3014475651191989,0.107159099039987,0.7961643024577989,0.3509547198088556,0.7398787367082286,0.47932597,0.041441996,0.0
0.6770785943677995,0.1832500283213681,0.3119992921990464,0.0897141866594611,0.0736287623950232,0.9628272622291548,0.9060853567229746,0.0308645383690621,0.6168503039818823,0.115990274,0.604412491,0.466666667
0.0072773151050999,0.0642728590317922,0.066314073879561,0.2198055934788064,0.783552351611852,0.3024519631511594,0.9695819396338412,0.5103234313299544,0.8454585326923363,0.114380626,0.175666029,0.475862069
0.9990096983339404,0.1149993575589319,0.3869246105033556,0.0342462279159838,0.9851915420074504,0.9393737294751874,0.5007279313954068,0.8963075285887038,0.6252162333904547,0.126945618,0.593289188,0.514285714
0.1200714992389847,0.3503696111023144,0.6163878874676337,0.6651392791626742,0.439074008745059,0.4312499252206706,0.815410254596212,0.3805480903934858,0.1377148892359707,0.191621629,0.274883771,0.706849315
0.8169921859796613,0.1562266929790191,0.6768476534030478,0.3148429075037855,0.0676494978457739,0.3040915633420569,0.7766240513879865,0.7851091079092163,0.952643595383175,0.172740277,0.34924256,0.038709677
0.2386036303689817,0.3885756839212003,0.8026717478781112,0.7511252889815498,0.6212675583753554,0.4382390100752475,0.6094644606665335,0.650425176441264,0.9586143514636514,0.222871798,0.317335827,0.436363636
0.8555503524992234,0.240434549110866,0.0057518824681268,0.3493612539998095,0.9319264238651528,0.398287095164762,0.6217493220644614,0.905763054944041,0.1415483014408528,0.101372841,0.440958608,0.234782609
0.0364258533021768,0.1865296890375054,0.5136838434864871,0.0259116665397191,0.2830987606928687,0.2471211755560506,0.9431611012084892,0.3745268302715242,0.9707864032879128,0.134622848,0.135872388,0.144827586
0.9136410128390846,0.94843540680183,0.0658463112324315,0.6060900174743276,0.3382778799459797,0.988936417279943,0.184183724700236,0.6309123446176969,0.5553533857241938,0.450639688,0.742460713,0.0
0.4218373993222299,0.5744127148795934,0.9074751281547078,0.1069478972819021,0.0420523537358424,0.3036232345778867,0.6173203905767378,0.4057299658110224,0.5051600763885069,0.285255017,0.408871765,0.6625
0.2926111723470272,0.7523404906202592,0.0222164263849429,0.2373572244962836,0.0911218667308144,0.826216333175544,0.0333970996054492,0.2197270167023611,0.4454611819287098,0.299908374,0.41516041,0.0
0.6292362552035802,0.6239975936122724,0.9343217766365236,0.0170121351716349,0.6442075188763007,0.65050373240025,0.8792014266326815,0.867674735061531,0.8941952239007003,0.368983243,0.461734623,0.260869565
0.8080122898840766,0.6151147009146133,0.4193926810635608,0.8766299213043629,0.3536555580520732,0.4448317573860169,0.4657965939806019,0.6248762536516485,0.1602682638979354,0.215601791,0.459929552,0.48
0.6360273783859391,0.0470090928873722,0.7617338829207149,0.5619859387903855,0.5997739231613674,0.4644177286894423,0.7556902552546539,0.5693031212734229,0.5757037022736244,0.095521436,0.473497318,0.094736842
0.6771059094499923,0.6742410404179199,0.3188593929994145,0.2545894307651956,0.3750874481978251,0.5259070399284443,0.552877869871448,0.1081956833758114,0.0443323926609141,0.312433869,0.427143671,0.744827586
0.4534816488757964,0.3634913334200457,0.3899037386200541,0.5064308908584689,0.6579318819950042,0.1711393315937083,0.1665756970342664,0.7737025357170796,0.665049465264554,0.138558353,0.265349842,0.525
0.5633116157069726,0.2772378917620004,0.1726097432957037,0.1015565023983439,0.5703229848250047,0.9039515176641774,0.9039696826440712,0.6188794286457329,0.4936460631809959,0.125843942,0.482771635,0.0
0.3937720880448965,0.7531541008741612,0.2178053474276683,0.5027202425945353,0.7149905938444511,0.9196859275235388,0.6592583263584011,0.4262700958024209,0.6896044810836708,0.4057618,0.591420412,0.24
0.1225949857510418,0.5341252947063619,0.4322756373526729,0.8500865866630102,0.3876277516471202,0.6031670151756103,0.6312919756326952,0.6479892734225511,0.2317347125999597,0.229165931,0.369389636,0.510638298
0.8198477786755478,0.0624680734651539,0.7426742920801084,0.812852583830807,0.4976215505779288,0.7403096940864441,0.4258367724099994,0.7074649846935468,0.7608586410854641,0.038494012,0.407818643,0.092307692
0.0508012885571863,0.4289257509713694,0.9733232485391328,0.1840166165781139,0.0712086537746554,0.8297252844477944,0.3315824120626388,0.5098331817823105,0.3573940373760689,0.125438739,0.239351878,0.0
0.0468163664608867,0.1711249756606732,0.2678914583286859,0.1002817717083868,0.2181804846275206,0.8442350040390773,0.407353137959601,0.8349855893246227,0.7078535363296291,0.097875708,0.221653649,0.0
0.4219357697413237,0.8986365996240128,0.2816208385745963,0.2927783450968657,0.4429089397705594,0.6836716938723557,0.102233168669396,0.9434058618394588,0.7430972822949121,0.395633302,0.433460336,0.184615385
0.5053754891726011,0.9590763929353032,0.9230707471682452,0.5129538297960273,0.1447784014175103,0.6470759886803824,0.1814522386431182,0.182988131249705,0.9364049282368552,0.413549818,0.413089313,0.2
0.915025199559227,0.2340800721972672,0.1267567410746429,0.0594642934344401,0.3908376197922522,0.5605663668565773,0.4874929127956382,0.0237121268894136,0.2837682271919056,0.081104386,0.458127303,0.375
0.0406355766037992,0.7157587981939249,0.72623812687408,0.9467263731114848,0.6627876479540544,0.151229985699822,0.5769055404014146,0.3251450586270484,0.7157464983329588,0.582298576,0.125640296,0.668571429
0.2665152925865627,0.6883019936092261,0.714264109604988,0.1075808936745033,0.4789936758727579,0.6755086471888662,0.8071086327589754,0.7782343677094548,0.7652486297708743,0.310186626,0.401680164,0.16097561
0.4010463292841403,0.0558434107034893,0.3157802530145633,0.9055650385328438,0.1345308304779351,0.6511604631006388,0.0720917209133931,0.2272363840900988,0.7311063398393542,0.063226071,0.58356608,0.0
0.1418626308299755,0.5971177303633417,0.2484250648562193,0.4821453503142443,0.0481982423977614,0.8293368866703017,0.4719856574342597,0.3681120006746793,0.4318452617297038,0.195960893,0.335824502,0.6
0.2760287037078995,0.1679055088609308,0.5051643250734295,0.7965623435399722,0.2760418767682595,0.5942187195058153,0.6530816820820776,0.6917632699098993,0.0303105921230507,0.094602571,0.223667254,0.0
0.8344415310845312,0.3821254955082531,0.0845478446687145,0.2949895630847655,0.1088942726063324,0.1857438195165729,0.5485050071259998,0.7459417046882696,0.0264984092222728,0.163054616,0.404859548,0.680597015
0.6473790900395715,0.948880663013188,0.4195188723511678,0.8150060133616666,0.1965897776759121,0.3066374418589298,0.3241825881193406,0.3666746591607863,0.1624228178649714,0.304732568,0.547584215,0.631578947
0.6348450904119073,0.7408448188695652,0.088003637161901,0.2535130418490684,0.6334230331746779,0.9085834137541788,0.0310295382677268,0.2041723774701588,0.280209485125481,0.203178686,0.36258925,0.45
0.7416686995458335,0.0285672212020909,0.7156997563633899,0.8659602566896375,0.0954559376236128,0.4359329349160489,0.3241997274955822,0.7633302837244416,0.5047446771639766,0.065903349,0.509321168,0.0
0.0252414426685021,0.4818963323098414,0.3892660018349154,0.1782797318349768,0.4757299609810099,0.6588635925002579,0.6299684821671773,0.2056877427302238,0.1321775843643836,0.223402447,0.215729287,0.331914894
0.6233726636353979,0.609001421917662,0.847538333090994,0.8908862269955281,0.2790827619688544,0.0175834793755506,0.2332083645117494,0.5925088274434734,0.3723436350703755,0.208432003,0.113450604,0.6
0.2933881751206364,0.3175428518564253,0.8245799908389302,0.4884764701001943,0.2852331209794639,0.0265191572621825,0.9036828479500876,0.5453284482772737,0.5038959757962674,0.198783384,0.094846913,0.678947368
0.8802707185424391,0.2183457577912416,0.4904416264780938,0.2083000073224415,0.3254153254386425,0.210337539221468,0.3939821230653435,0.9124293804637716,0.0040879341975601,0.071367344,0.289905539,0.4
0.594700372598522,0.9524963520379036,0.8689879027869872,0.5151119116807164,0.1170073249228856,0.7264627719183968,0.9432046036687552,0.6516691342849428,0.78944907049219,0.787829869,0.522176899,0.489473684
0.5659032646623177,0.8721953252825878,0.6813107284016474,0.0112611763172056,0.2008912746062934,0.1022480126008277,0.6274329480133691,0.076050830708261,0.3456839828389122,0.617364762,0.264244389,0.4875
0.1612838859885808,0.4826844898227906,0.5873606931183067,0.1931697524894182,0.7323131774872472,0.7148068236263135,0.7740745798027219,0.7744392032881718,0.8747069322266174,0.242344037,0.300864748,0.105882353
0.8570010630849704,0.0944228171093602,0.3068700753202836,0.3560290502610055,0.192237768923453,0.2972260108617481,0.2151933939258486,0.2865707119268832,0.7529500556183383,0.064534845,0.445814211,0.192
0.3860620213623017,0.6216762127966189,0.0769593606143453,0.8710632406465664,0.3157055206258364,0.5753144992724866,0.4347624114600682,0.0957994899507816,0.0257133431475113,0.190548021,0.450601404,0.342857143
0.6806073094446554,0.246313072080659,0.7410954597870865,0.9167777181068588,0.2690480293749354,0.0003990160065272,0.0494276405557256,0.6056486605602237,0.5385783021316399,0.090178964,0.07366551,0.323076923
0.55818963776187,0.1076045557161239,0.7957194048821216,0.7471447994018651,0.6224485486912777,0.3734797488947905,0.0902942636856053,0.0641938066133273,0.348606471790462,0.064094494,0.478990678,0.15
0.7839727760158661,0.6966161518648523,0.5687728787192917,0.5510729890970419,0.1935010061408811,0.5209185819699027,0.3141843648307573,0.2664932883995731,0.7289302403648511,0.253057519,0.569248351,0.092307692
0.0910227165399918,0.2369228458410376,0.3778600025803548,0.9140883367763366,0.0302366272050771,0.3705614116769907,0.0508218776427645,0.1284131390162627,0.247276115443765,0.086456543,0.231549741,0.461538462
0.2040618752163772,0.2762138480493989,0.6121630316690804,0.0032403431820435,0.985306086102322,0.1505195416272026,0.1496287555685036,0.0301837048418081,0.2252868341100654,0.103368573,0.136521404,0.0
0.1756763213122085,0.6136439298276255,0.3551946991968649,0.042723733002965,0.1073864766367617,0.6821647508784816,0.6466533661276604,0.7559956163054031,0.1461278070725151,0.365782506,0.320093727,0.15
0.2167360695724138,0.0222027661531737,0.4594054393607784,0.9696110889572362,0.0395174892818315,0.6913119265785733,0.5824656837278438,0.3319661752538461,0.8159778296995456,0.145175556,0.257432886,0.28
0.1197033973406818,0.9644043815225072,0.545153479261945,0.3941041495232613,0.1160772907480187,0.0395278559018273,0.6324884663666392,0.7360556928866107,0.3989858366554866,0.522581152,0.088323057,0.585
0.1608901640290605,0.4958982487151926,0.9949297454866104,0.59500403035216,0.3599482120806762,0.4532523437422694,0.1601519785497135,0.0054168381067695,0.0968931215066823,0.089272814,0.374945961,0.917647059
0.0665406150661023,0.5923612827469897,0.0026084801861054,0.0399507779112849,0.1818654461833571,0.2482925355355268,0.4874107128428691,0.2222689752506284,0.1946544742437757,0.173940353,0.169989115,0.25
0.5100184454593041,0.0523471260086539,0.5365884713199445,0.2331258363502104,0.4890667982423412,0.0033169020533461,0.7789831601476844,0.9022107428767024,0.9184091413327812,0.114932376,0.053106945,0.4875
0.8600269940996269,0.0636198082294614,0.2462673124613221,0.7560201477355204,0.106395925253284,0.5954945284906618,0.0616970744785025,0.330049955535456,0.5309545458956503,0.044045499,0.70320248,0.0
0.5568482976296365,0.9957929935945962,0.4808890520984222,0.4657552294633162,0.9648657922480406,0.1946014750337438,0.6471375607511615,0.5545038162637665,0.2337681040380659,0.571255216,0.294834899,0.356435644
0.1393940701991329,0.3595658193152843,0.8301272508304184,0.6476740617416495,0.8728224291037711,0.3043013926580351,0.4603238076342781,0.9482520908378316,0.631639071312249,0.125497284,0.131640495,0.0
0.0366545302903421,0.7935533265152708,0.4840341438598248,0.8610093300820668,0.876655953464661,0.2611678539610786,0.0091976665698599,0.7284520111916225,0.5789849420169964,0.085374097,0.096677161,0.0
0.7968144336983743,0.8215359536334821,0.4554117487375925,0.7287098304143252,0.8183114622387404,0.8751594299880844,0.6430744502771528,0.007138967783894,0.5677394142004214,0.447415415,0.586691129,0.0
0.5643985592847138,0.2960309301029824,0.0524185287023746,0.3002882998075067,0.8232937752879971,0.7002421843530543,0.2068089206382871,0.1734279980101404,0.9779262698794856,0.097854132,0.590435291,0.375
0.9272222800583872,0.2036745081616402,0.459030888205485,0.5191910963480542,0.0780659231376399,0.4746394541656787,0.7982120284625318,0.0632650948291591,0.3975118415448452,0.134299645,0.448029687,0.0
0.3487386820306587,0.6928614342502925,0.5014235418696456,0.9157019891061656,0.5718371823707544,0.967923026832408,0.7847159399790762,0.5709940761050127,0.6000476416208648,0.289565711,0.435857711,0.0
0.2867474090331365,0.2924575205364359,0.3461838824050544,0.0541795329597966,0.5615555706107314,0.204486591878481,0.9566149138245476,0.6204053561947162,0.5873846160519781,0.131601641,0.327021741,0.461538462
0.6064923847222926,0.5203322060674161,0.6278250488859043,0.5599301006024251,0.4616930940847285,0.5680071751831787,0.7041456074117747,0.6395880903356126,0.4930643853714569,0.266168912,0.475098886,0.433333333
0.5676388833862436,0.1344073471413379,0.5956117592104158,0.6953704672066795,0.8110106493218271,0.8852610233464205,0.498950659392677,0.8346155522040548,0.2376780092655062,0.090568942,0.556171384,0.6
0.7274699071464948,0.6216706612191176,0.123688516867924,0.8430362990017671,0.8928975284239277,0.1540261033099674,0.9856784300913952,0.1662606755426369,0.5497093524115538,0.265317727,0.324030493,0.367741935
0.5955069386360384,0.3317516782574224,0.1852479897503308,0.3735640986406346,0.4280315368909743,0.9346809108062104,0.841613667927317,0.9897396592109085,0.0716164662068231,0.122396355,0.547709486,0.18
0.1009025681805337,0.8952209392307151,0.4864386801408809,0.6625902612638849,0.6253672087839756,0.2504235430367019,0.276032319762874,0.0229048524389997,0.4599748947597233,0.26354147,0.144333338,0.45
0.5997127249907701,0.8798457311984131,0.5159264131141844,0.0092081841445905,0.3859982260905126,0.3586449972130366,0.2558893172855204,0.508192912556778,0.907903944166741,0.459877853,0.418094273,0.571428571
0.2365109654433427,0.1261027984517163,0.5304764426200176,0.6195383361006717,0.1097442635261373,0.2024410301504117,0.6949552332378489,0.2182222816470771,0.7903160634392744,0.138806933,0.19727102,0.590769231
0.9354265373167768,0.1824905484082616,0.9499133966177612,0.2339296557130449,0.8633877485961721,0.2871695772332355,0.3095655038830899,0.1980569935158088,0.7699076712588137,0.098778794,0.375351789,0.276923077
0.3372133390234805,0.2051871898092416,0.6631805740936622,0.5057478062835922,0.0325386678244219,0.4589693031650257,0.4415008798269442,0.8818023800520848,0.2074257944244296,0.09328608,0.27299503,0.4
0.1731213774212371,0.5689889744704626,0.1730038791315888,0.5170630429555074,0.6814049936070208,0.0792387451338891,0.3988628835588743,0.4026895437570069,0.04780398737321,0.090680411,0.090257584,0.912
0.243521351785395,0.1678428404064145,0.5288576325773375,0.2547589092123574,0.551621742535475,0.8256106108205123,0.9211974674845655,0.0077595527644087,0.2864283767245157,0.123746471,0.401131998,0.4
0.9643989301845532,0.5266660084734311,0.2405931953520143,0.9568412766277492,0.6404274816720831,0.6067673057579323,0.1834568426207565,0.9860884822082698,0.3742022430650035,0.14347738,0.646022183,0.0
0.6997196003846248,0.891941361490437,0.1938387840318853,0.7747409131124188,0.4032654246326984,0.8926814315172419,0.4442790462725294,0.1665262301441697,0.5950726196847644,0.194936325,0.428162695,0.0
0.1040006098574387,0.0519919213413956,0.3766802030834165,0.1006914322505703,0.496497121485325,0.0893947984884637,0.7916173240744401,0.7311246474163746,0.3488448818534959,0.090533286,0.035799663,0.05106383
0.271686706627505,0.484721874452954,0.5018984544798429,0.4614217235018349,0.8646050378651474,0.8734770810375205,0.50715709178473,0.6138591231071715,0.3937503106612414,0.227145061,0.480964153,0.514285714
0.952769162199547,0.6095985647159101,0.0635240259883255,0.4446638492833085,0.7636623091946053,0.8339459128434973,0.2937671523775812,0.759674705485123,0.6849747080834226,0.210701189,0.493347551,0.545454545
0.7225284981042298,0.2361131638648826,0.5141115126008646,0.8942684174171097,0.6762854356596086,0.2112566380307974,0.6737637379864926,0.5132476472887062,0.1990445339953648,0.149400429,0.260303051,0.0
0.433867090244176,0.5081525399267875,0.8489180300231373,0.8421518098175098,0.4467543995162252,0.9748520212787702,0.7035797330308663,0.7134263362889268,0.997582962439434,0.255166031,0.450833375,0.350561798
0.9208497354495953,0.1468239479648022,0.061777682482156,0.6420235312009421,0.69335033455805,0.9899231690534358,0.9644852226487882,0.2182727827732826,0.7865255258586489,0.125516407,0.592248064,0.126315789
0.504140837812804,0.3562766289419106,0.1844601442649823,0.9402801292049842,0.3076374753634919,0.6617549134309398,0.2899750865436906,0.2835227801759116,0.2532253267815311,0.156636775,0.388467826,0.675
0.8031724182716248,0.3698139741282105,0.6847822210369088,0.4896674529220753,0.3260226185717796,0.029773467042509,0.7114865410463819,0.1387587651737043,0.7845194022257382,0.226125687,0.128890333,0.16744186
0.035399191970236,0.5627948822400727,0.0137458970615915,0.1826719656290159,0.6368765416079667,0.3471089418376434,0.1202523139176872,0.0021985619049232,0.929182253389688,0.214446634,0.084799043,0.0
0.5698013250903334,0.5897803229724461,0.3842938357917046,0.6465404789467653,0.2295890722258704,0.3514289239902728,0.965757539544334,0.3248861661239753,0.6099341807667461,0.351082349,0.390485891,0.205714286
0.8352571380134725,0.2906791115747996,0.3461361626931023,0.6158399232723845,0.513356690633878,0.2753265568758937,0.204421620809743,0.9423745089291744,0.9212559018529056,0.119585485,0.377276298,0.266666667
0.2156192936913948,0.8581284271700738,0.0329476959094684,0.6687592984850171,0.7368178272405557,0.2168495349700547,0.9993005524537522,0.2199200103112334,0.8398344379259643,0.526594176,0.221477205,0.572307692
0.5702485255600499,0.2297531469284173,0.5751071254417958,0.1650959006832981,0.8351255675496587,0.5703400821108621,0.6379115031715232,0.2872349308145629,0.6564524365805933,0.149154855,0.425211379,0.042857143
0.5399835848169897,0.3400169956618427,0.3492527856189102,0.6728538574768603,0.2871514664557686,0.3786979186872812,0.1328376716779639,0.4989660087505614,0.6717216985491813,0.133523205,0.346419298,0.685714286
0.2362627037618463,0.8705036688334566,0.311364887612261,0.7235323843190992,0.5642667096034772,0.5324699106818355,0.5842260327024145,0.4675281018896682,0.5906319210738854,0.562329099,0.32571653,0.08
0.1200859253800228,0.3982737643013201,0.7496079010245819,0.0396252383971398,0.156225479004471,0.2128144369042613,0.9402444746862848,0.2505393842219071,0.9583828076051362,0.274369132,0.124414988,0.116129032
0.7186106551880032,0.0593966664232229,0.0478036466983912,0.9937090216885848,0.6672792979849755,0.1910137250669719,0.1625395243196722,0.6086426114822409,0.6236615359401662,0.054722791,0.267041174,0.4
0.4892250683352545,0.8619957810188749,0.8849949291866452,0.3400124235982937,0.6624311613031758,0.938919426603871,0.2894961209414327,0.3762015981874929,0.1846335961287535,0.309006497,0.482717676,0.64137931
0.385153194182716,0.986376494742076,0.0276328381581824,0.3701433624969409,0.9909237916293768,0.5963504357568122,0.620224296980497,0.4541496129008939,0.2211522508873483,0.480705753,0.365262209,0.057142857
0.4569058613026725,0.1420826321900717,0.7724956785702697,0.3812071285946264,0.320578613308106,0.365853528356202,0.3464481067536709,0.0782844107653834,0.8587521472606331,0.073618989,0.400664629,0.472727273
0.388153506835735,0.6169378812214593,0.9823698297744003,0.4833697166725197,0.0643601460332375,0.5069989656902505,0.643011929798911,0.314545197966991,0.8882127081435381,0.329550021,0.357915743,0.222222222
0.7730064773280166,0.9429020003380498,0.5126534555559357,0.0349542101936573,0.4177830588477073,0.098898415799747,0.3868152699005973,0.8887903392064238,0.5860381217561172,0.206385628,0.185278846,0.0
0.4626510436542973,0.0819385740751464,0.6106093835923186,0.3294845531551016,0.1087080055728838,0.8206245311609103,0.0065324192801164,0.8540889402197506,0.7761285109258341,0.071646645,0.684015799,0.266666667
0.211602878472746,0.735685388573916,0.8229898504811339,0.6979588045909483,0.7589119246748146,0.2581162333994965,0.6556856860870643,0.4088444626287479,0.4478323410206563,0.418844043,0.151099451,0.164705882
0.9806569968705964,0.0755439476639255,0.396358939602643,0.242431892617537,0.3208591232311422,0.2665294008822424,0.1757751470046242,0.8985312881054724,0.0755605914275288,0.058820771,0.373201881,0.442105263
0.4437585595285873,0.7656028439219806,0.2471788805468577,0.5054651070900872,0.0910615239599994,0.369640197357143,0.5426003331243425,0.6883165526250314,0.5872891842116656,0.338257421,0.399443015,0.65915493
0.7270330320237967,0.6133949787234643,0.3278921063700554,0.9391481918260424,0.2192349000972473,0.2033706859119082,0.3327106026947751,0.0033229986638387,0.6458281031031313,0.218536023,0.458080746,0.423529412
0.5367994474338733,0.9483796977267724,0.3355681070081818,0.0971638019510192,0.3644095531409783,0.0909849557328945,0.6180804431104528,0.6111739970757805,0.458461612783864,0.681826304,0.257929208,0.592
0.0946096155601392,0.1258679923284397,0.5360061804578384,0.5176717350095027,0.9137995261346368,0.2355570253410966,0.1006131175087695,0.8101350227649639,0.1516695268380813,0.066712436,0.154159418,0.6
0.4105514145649142,0.9942719171842186,0.4970011289075079,0.0405455053607936,0.1058654377080556,0.7362245288853874,0.6385194207420658,0.5815163597152682,0.6838753358108952,0.721664504,0.3466043,0.0
0.4571726980863048,0.9052056415349092,0.8953719569076558,0.9955101953387948,0.0576571905170568,0.0737816553567238,0.3053096980412791,0.5580819877383014,0.2074770636879791,0.331148066,0.16415586,0.430769231
0.2806256421863727,0.9739391397038252,0.965390450237532,0.1641978799751229,0.6392296476940637,0.5012624680948886,0.3013580047794331,0.044764507384527,0.3615022994416181,0.360333819,0.42375356,0.45
0.4540754793502021,0.0178934227679208,0.7401079539390338,0.5373504327409717,0.505984789715128,0.8446261753831963,0.168309020943127,0.3193061384895359,0.4292349953567946,0.062178729,0.483785172,0.685714286
0.6688463000010069,0.4120995919366547,0.0723732017219045,0.1969244773424798,0.1059117601971703,0.1662671602273668,0.0061507358752372,0.6356154945934052,0.3643248057572131,0.109906441,0.37833917,0.48
0.1734729792452986,0.8799219656860672,0.8778021128089323,0.912140748176132,0.5192476347188385,0.3326067483683782,0.7593111597295378,0.3159556619856045,0.4144578602771219,0.458642715,0.160245995,0.0
0.1746767708445558,0.4244628491687531,0.6756402796593659,0.0654257353427241,0.818426732471252,0.0386545993772752,0.6810281992833032,0.9408850646916188,0.7584822405495462,0.217105316,0.052675622,0.135849057
0.828932278885803,0.9793008313374926,0.9799253330489132,0.4168720788607305,0.5366198632822072,0.3653881684782829,0.0921422178972495,0.0584599471571489,0.0273940551334272,0.252505469,0.144656814,0.6
0.1516271153383191,0.6449302143294822,0.3881050340050306,0.8489474888555139,0.2685413103280533,0.9750670777835012,0.5743631406161689,0.5598580184794167,0.0918264767363029,0.329619028,0.349753226,0.442105263
0.930337695375123,0.7758654791161159,0.0246380973408065,0.2562913777318865,0.2670554543927171,0.0646976144616059,0.8355244393834019,0.447558706848742,0.7883848130072508,0.396421615,0.240732633,0.369230769
0.154340300748038,0.8677279897775413,0.4158628458779358,0.7812306587876886,0.1990632703271587,0.6916775356819539,0.9317159707867446,0.3137910775452007,0.8297329017913939,0.590745356,0.321701462,0.432
0.6340633479905686,0.8970397151976581,0.7276086074893243,0.62779763289284,0.9975950337677332,0.7842273453091199,0.8912519436230383,0.1279423889802726,0.4419209257146025,0.61226793,0.394882438,0.425806452
0.594011678990466,0.0764151287441533,0.4576070842521189,0.6558656313413206,0.060470642907532,0.9633615294716787,0.628970600369806,0.5124959457537617,0.1647674083509195,0.095639461,0.529830863,0.405
0.785055915308316,0.7366508900206988,0.749720306717315,0.4160308807514641,0.9666284597474516,0.4708369662695265,0.8573066748912622,0.1916202647146349,0.5846182952137569,0.464512831,0.373571154,0.046153846
0.6900743399571858,0.6991337605418173,0.6027592704726327,0.5904984140431463,0.5043492747063776,0.0407828113313297,0.1212782260206299,0.1046604334584655,0.0244727803333424,0.149242701,0.093096043,0.327272727
0.6730006280014342,0.3337980480806498,0.0913216416760469,0.4866677010937708,0.2945523719958903,0.0252765799745046,0.8010019437974168,0.0447670116525615,0.7591679206062594,0.219565686,0.089090981,0.0
0.3830126361216915,0.4891453819893117,0.660332874125276,0.9559450587707642,0.0594229133535718,0.3798842470465867,0.1058239842936015,0.0809602122351778,0.6840070897415145,0.113599876,0.371832807,0.56
0.3712800585486641,0.7446943856183397,0.9261118971492188,0.188999510095255,0.072518896441717,0.5484756153099876,0.964621624024946,0.1349638607966296,0.5811869221170637,0.42506424,0.493921561,0.572093023
0.930176268955792,0.0203330476584306,0.1584317516309697,0.674980345915203,0.0353598774627722,0.6650445572173754,0.1983475925703002,0.5076783800964174,0.909636833901114,0.06442504,0.704950393,0.3
0.6070191370582989,0.0302211967632201,0.4280339603139107,0.3448650587905096,0.2586321255810394,0.2566332856127372,0.0227528823888405,0.8903100333395125,0.2164690117849679,0.052275699,0.318043147,0.553846154
0.9322259798810972,0.8422678414909538,0.0850018589671943,0.1699927910192177,0.0853555117605242,0.95302343957021,0.842383199264996,0.1812776120911836,0.7990317656688823,0.412006325,0.534508742,0.027906977
0.1198347338816235,0.1548788788248157,0.0921475932195172,0.601624670766316,0.2914372939647758,0.3228844700387746,0.5760475123516893,0.902158888398535,0.3391118852308599,0.105780498,0.315868757,0.659340659
0.895045423299079,0.4558778248501629,0.7609523223751207,0.7959427335856504,0.6785460214503156,0.590799451152588,0.1600412063782263,0.7667231142855885,0.9932180116276316,0.168949059,0.326733843,0.36
0.9191746875595064,0.5136477121772852,0.3071642358497668,0.5507194170787002,0.3635724750867545,0.4114656361766041,0.5936433229363555,0.6026036955835536,0.7482505945311805,0.246713544,0.495248321,0.463636364
0.4653200142847007,0.050578497912298,0.8624184737378985,0.283598017759899,0.5616818529594688,0.5364307076032044,0.9642950235721384,0.4377370929476027,0.2649151124820319,0.102162834,0.523514476,0.72
0.6778990160135633,0.5329856464526957,0.617148271217651,0.8813645152592275,0.8815352450365479,0.2032458907415075,0.5388930872890698,0.5906156462150622,0.2568320133354841,0.229770523,0.341596901,0.383333333
0.6282223551673034,0.5260292814568616,0.9774428398939252,0.0465158443022262,0.7111930843489449,0.518251710734274,0.4903958565894949,0.0262011224850413,0.2490215830325283,0.202715557,0.534187584,0.662068966
0.6743026192813293,0.3741842565007309,0.2590836766443926,0.1579664722524529,0.8387036326186166,0.8053904423103827,0.8836850871365359,0.3377064854660587,0.3794660145601695,0.192401861,0.408412941,0.372413793
0.3964422686072421,0.3548507128953173,0.3122327681524052,0.9459440397768942,0.0064435973190249,0.9306523794326692,0.8311496707192417,0.8266099286234033,0.5906320558846295,0.249378145,0.391916256,0.0
0.3156900197708282,0.8485556725859965,0.423063986922373,0.4415994389519616,0.7101005889453494,0.9978308951731508,0.7743649143403384,0.1531479732204178,0.6490737043385378,0.424241045,0.551807831,0.243478261
0.652045440923902,0.7553429532097834,0.6597519506923887,0.5413809599956712,0.4900822786272124,0.5194342774029412,0.102092853420699,0.6531839516410866,0.4213429924407214,0.204465808,0.49025851,0.225
0.7566561055971432,0.8744025106145756,0.3923286613645439,0.4376277009026317,0.5003179805608541,0.0191923990840979,0.9077475533306812,0.3043168489904212,0.8345118014604095,0.67860858,0.15246327,0.729113924
0.3442606281418909,0.1522009150612285,0.0677090811818198,0.3265911430211939,0.3355737177422421,0.0454089493261441,0.5611270052563717,0.5566731618508922,0.8851074724307497,0.12624139,0.094872671,0.196363636
0.0418603931243308,0.6100674527770785,0.871461804954481,0.523985400868095,0.978076722763188,0.1872577984549859,0.9927508505881278,0.9152822641096086,0.573991514070515,0.278523854,0.112041674,0.069230769
0.7523732856889338,0.9663590118466516,0.4468375300895114,0.9895197270960752,0.4918294361309272,0.9164853319137116,0.9806477065026704,0.4890046210197654,0.350095917169627,0.528709203,0.560004701,0.055813953
0.7357474953166155,0.578695958572113,0.3971086164860454,0.4299787352285977,0.3757891655956082,0.0272937803895645,0.1036682766870068,0.1333525289758659,0.5659208389297619,0.208965948,0.074230248,0.55
0.1387175535415392,0.4589719952704728,0.4363743939138375,0.2219247824698048,0.2179773502350556,0.7496911111464084,0.4983620696753211,0.155529862344902,0.1326606909585853,0.176047755,0.169127432,0.0
0.9021922531666484,0.4528173055862423,0.8546787287451381,0.5092222555865642,0.7173748003951349,0.8321337357998044,0.7084988085376708,0.3487962176997873,0.4577934090706429,0.255379112,0.51132847,0.345
0.0808472757401461,0.0179786454383488,0.4426457858694702,0.8805742781399594,0.242182160656276,0.3685541284128476,0.4275107606720145,0.3468300514922366,0.1128629396429979,0.053699385,0.175485747,0.0
0.1273059123904936,0.9595439442743088,0.6720175218239388,0.4892517554818487,0.7903965789724906,0.172300231155257,0.9119074075612004,0.660654335990357,0.9252509740317976,0.673783777,0.103619903,0.0
0.7460629940611468,0.862583276498998,0.964739584079617,0.6961782465026604,0.2882438563377568,0.4419435889834496,0.499496587850559,0.5611587011748564,0.041626671217511,0.238953003,0.401825587,0.694736842
0.6405307740323363,0.1817630936181474,0.7657842308450394,0.0290794606967051,0.334815172420271,0.3780600705315775,0.1538297378337765,0.0205208278769105,0.4931236579287023,0.060933593,0.527960516,0.4
0.0252217459226661,0.9313954057125484,0.0083239878250078,0.5666828290971893,0.2500742564630812,0.152320891904383,0.4850197195893398,0.8143457935841159,0.4864167749929197,0.322651879,0.031559447,0.0
0.1140694305530082,0.164140723672127,0.6544057776951308,0.5989737104146309,0.146302025144845,0.6634481865312368,0.7696717542653357,0.5898498417932938,0.4209840860984101,0.137626063,0.241013662,0.213333333
0.967738728739306,0.5761350880868868,0.7983192936665405,0.854548478254248,0.0564010379232888,0.4332047661028242,0.715440523523411,0.3374867912936301,0.6228256034230725,0.288675423,0.535309221,0.0
0.9781046122107492,0.3515814220732371,0.2977450217779528,0.5369812912797974,0.8898424574844812,0.8656558990833413,0.4630819524230138,0.2983211459296213,0.5538041425717573,0.114145949,0.556068705,0.455172414
0.7957835314492784,0.6591832517137761,0.7237323331112473,0.9280773688538896,0.081056277919054,0.5089776054913965,0.0280678654874213,0.6674999089074699,0.038118141228172,0.218808989,0.405208569,0.75
0.9814738561148963,0.155591930932224,0.9605339238251182,0.2233258704571469,0.9859539745151298,0.950397620330407,0.1347938214301001,0.7482095387218719,0.3613871608447427,0.069290755,0.432540305,0.577777778
0.2805780363589009,0.9737550578170506,0.3763095698842201,0.3063479858718029,0.8581466985488209,0.7797145617552965,0.9506481363104198,0.2613681759214838,0.0607760023795331,0.490502228,0.488445933,0.506666667
0.4383331694988398,0.0418664586561079,0.7944566155738624,0.635301729749089,0.8432905417146495,0.7513561844971853,0.618122090105889,0.8385328459852653,0.8263341195232351,0.111214643,0.568254646,0.505263158
0.9267138378891314,0.9331777311748014,0.2389025446484247,0.1648630628130993,0.9609587431431558,0.0275056081652957,0.255992663510422,0.5880227296841757,0.7872547577860903,0.428817495,0.091598257,0.1
0.9826895031680528,0.3858521167314472,0.7841728336105274,0.7066160179341817,0.0153170521361171,0.8103445912956705,0.8976477371150933,0.4412272731547415,0.4305801509686681,0.261059215,0.566880333,0.0
0.4512747565904221,0.2924177947466497,0.1663896885568805,0.472431687248495,0.8387242166125188,0.2902727764751863,0.4971774466488384,0.1188740137265732,0.4964262953944088,0.089889415,0.32546893,0.15
0.4201238538812786,0.5814761424605963,0.9702777828777646,0.7677896148429623,0.0832790642699131,0.4662831534736334,0.4066343743462105,0.8972504070904905,0.857113338655372,0.181112838,0.423629504,0.218181818
0.934008637695672,0.6023005450957888,0.3160473208146853,0.9453920567101268,0.3865627005665264,0.6617827207729068,0.058352538101599,0.8370695268255843,0.2005543063112166,0.144149061,0.333652701,0.141176471
0.0230269312580457,0.637848209979796,0.6388335032810395,0.1176165740552918,0.9780015345859496,0.9813272792683916,0.3707062936427627,0.8828810282653677,0.4222219909633862,0.167233108,0.227900067,0.2
0.513039742980492,0.464299856586065,0.7716411122834848,0.7549548504048085,0.0161944948139891,0.7736865721329967,0.2336965332092506,0.1158640396024436,0.6387891636732528,0.165455772,0.509955145,0.0
0.8092547082556945,0.6195412437439745,0.82640706508829,0.4152109378682531,0.0191217313706913,0.236899525137641,0.6269165209705672,0.3593851600157544,0.2538031525553077,0.275953935,0.30152782,0.070588235
0.6019033130478417,0.6087631966793056,0.7858038873167199,0.6044067650617511,0.666327644403357,0.6658113109968273,0.3823818032470909,0.7578142887702092,0.4302983931450885,0.183580141,0.541261991,0.0
0.5458868922482879,0.5017058806616703,0.8863596233885144,0.4771004145780864,0.1553708033277099,0.8659632065751768,0.5548123874408811,0.9439725610254786,0.3510851009585091,0.290781283,0.485001903,0.380487805
0.675427991835954,0.5094507741591972,0.1718806020136343,0.934815715593737,0.6046058088651138,0.1706317348629742,0.6172635893003177,0.3726853781984447,0.0685931476544096,0.197542711,0.250765947,0.611538462
0.1844403504381748,0.8879441451621202,0.8990661056717382,0.8400056234574714,0.976505740268332,0.4382278334627076,0.8491912282645185,0.2153316151109292,0.7502571702928457,0.687827299,0.267984895,0.56
0.976464404996908,0.1972185985631348,0.785054651660523,0.2209494511299122,0.0702966615788747,0.0416577875715379,0.1214790197184995,0.8558157661548181,0.029870182290364,0.089056136,0.131180983,0.784615385
0.0395556921715739,0.0361576154196241,0.1185317827274107,0.2125443459813674,0.8871056254919716,0.0882594122396918,0.7770248310855641,0.215974863053861,0.7585926080514616,0.100752364,0.046790064,0.496551724
0.5690136010066715,0.8819221410316327,0.83905365712488,0.0747143717770206,0.02491807940027,0.676387212719726,0.1806473580158313,0.3578881080003827,0.882308949466253,0.452495529,0.518123888,0.15
0.8050149728691423,0.4984967924112172,0.2669691550956657,0.1713796814819348,0.60965635816187,0.1842995891557673,0.9821210238833372,0.8144627519102722,0.0798261789057293,0.240133963,0.365664521,0.790588235
0.2283788615765618,0.6167566333495326,0.5714413350294669,0.987386999763411,0.8774619104588015,0.1978454662882326,0.7619615283450502,0.8458970925824527,0.17030521408438,0.253881551,0.054530505,0.05
0.2377197046348244,0.4956622335015554,0.1347474221003782,0.3429993588667668,0.1328616469609035,0.9026912983017014,0.5265740792532662,0.2596922934125222,0.3967318313750066,0.176356966,0.446428038,0.0
0.8667987208774554,0.3409417465098928,0.7273763357335319,0.188485875928638,0.2249787177466264,0.044336632182084,0.2124126088425441,0.4548340821063242,0.815488157937728,0.134138638,0.224629817,0.377142857
0.1864516673097767,0.305430859685309,0.6354113234872008,0.5152500854364443,0.8658100049386439,0.7936353060100519,0.7619378306121407,0.8878272215922515,0.2619995612038215,0.164559013,0.423565944,0.32
0.2545212471338985,0.1945851847977137,0.388320564084302,0.3316851331166988,0.6847904800705358,0.3875966873972849,0.6063208812173664,0.4789891866047008,0.1077143805258238,0.124727377,0.308582669,0.223255814
0.4498720443320831,0.814954161964083,0.3360760199113992,0.0763636748279232,0.1751610468346272,0.8176277642904098,0.5498479002747654,0.5556556415120653,0.8180459035871951,0.464720338,0.497275132,0.509090909
0.7600164200459419,0.2281197759155374,0.8317223648850547,0.8271311585693779,0.6212524757563681,0.2533269554246865,0.0314370347804969,0.1319573352685114,0.93134512925046,0.07566321,0.343787757,0.0
0.5116609445425262,0.1886903580045982,0.3742829986871089,0.9380690485435972,0.4205263643275218,0.3264082193808466,0.5532356578084509,0.1638210335261948,0.8703569823042003,0.120920208,0.417462759,0.486075949
0.8973471061082037,0.7737005961918113,0.6896557965087035,0.154169141482002,0.5747947258767371,0.7843545532540656,0.2410219512014703,0.7462060330432839,0.8709368599559905,0.283849862,0.658997914,0.631578947
0.8932769695457535,0.7782403354989533,0.7187420282964325,0.1619866918803328,0.8593427620771766,0.6854281178255902,0.2976537347373328,0.5619276378220993,0.7762177641083196,0.365291918,0.37154522,0.0
0.5111824277434949,0.3561593843201082,0.3134930986927713,0.6448379022507401,0.1735112023112487,0.0973046386902958,0.3193928085700359,0.405845851240817,0.902573560653166,0.13224639,0.084877004,0.0
0.3702362977169018,0.5555792019437619,0.207991471215855,0.0382151295429762,0.4003022089792918,0.3748038110697186,0.5962059180208009,0.7574661637600679,0.4103179559457326,0.228430726,0.403842716,0.434782609
0.4072715965847701,0.6655099368542922,0.974115968591487,0.2582318388010401,0.0553783918945384,0.392153707893389,0.8688335153465169,0.405259954723687,0.990038153744472,0.441318756,0.436779675,0.588461538
0.8278301217908505,0.4888775041600424,0.7813773441588232,0.6964161503733481,0.3357253099952977,0.1958038454995044,0.1364046102198174,0.3494189404825555,0.5483456544415538,0.130889903,0.316857894,0.553846154
0.9386613275239624,0.8948354880920278,0.9007378607901716,0.9428449333555652,0.959761789769333,0.0003512580545167,0.8967455651106158,0.7884295787986593,0.0546770620449038,0.546698308,0.023745254,0.220408163
0.8373646711503022,0.1578143243543924,0.7655298522923503,0.9447942320457844,0.3078591396304031,0.093078321973432,0.0024648192734306,0.3734412712126772,0.5833536350865789,0.071673944,0.24223421,0.72
0.80145348682565,0.3978281866931008,0.311087116164793,0.9741719988177384,0.4333140377479167,0.123343585786863,0.8954152055774142,0.9650790911282268,0.2568041779329943,0.173891698,0.362994083,0.585365854
0.4848385342480271,0.6410135073586212,0.9686724633806686,0.2537347593857268,0.0455028555280467,0.3455000351048363,0.8800573834245332,0.8766244030827928,0.5320809884267136,0.335520342,0.332908248,0.14
0.404948759489505,0.3973036042104022,0.2447049986591906,0.2347720672671497,0.6867801760638278,0.6998479726984951,0.6600336888153359,0.1957336524261131,0.6253651541350904,0.144547999,0.417492625,0.0
0.9704604822946508,0.2709048442310092,0.1184573906776763,0.859877816819111,0.3867742004445081,0.451631439245488,0.6622313744456296,0.0073907145983217,0.91806331993872,0.15948434,0.508339176,0.362264151
0.3566843709301973,0.0746504988257347,0.2647499868903582,0.821297580553473,0.9404161860371216,0.5683257781839931,0.514742285685563,0.6010544521400953,0.0713292197632453,0.089301755,0.349234937,0.07826087
0.4363486554283043,0.9170630359746498,0.2546653357270712,0.5916245396414043,0.9771408190771752,0.8978756473130258,0.9284106748111086,0.3961268594197015,0.5382413178915232,0.532713879,0.50562302,0.0
0.4030382492517941,0.5547561724424837,0.2813981427186429,0.8106183349142901,0.9491700551569248,0.3350265760831451,0.4047015948853516,0.8811325502800906,0.09006790740424,0.104022028,0.359111923,0.705882353
0.4883407395587196,0.1306141640039947,0.7074508340965285,0.7860260076759935,0.9871153657808044,0.1583331795128911,0.7569517326186139,0.2196482103329343,0.0201367296717631,0.133228147,0.161422526,0.636363636
0.1104288332809557,0.7528835062665485,0.66646813529913,0.5193866158364485,0.6462877691885546,0.2070938830754133,0.3680095932647554,0.8254830084234183,0.8152541618176035,0.277232726,0.141079552,0.564705882
0.9254884130061056,0.3409335500975129,0.2192533792802199,0.6643874128408211,0.4280543118905392,0.3532658743577946,0.472373645456997,0.3903613748344254,0.7907132758617252,0.112268017,0.186634814,0.703448276
0.7955183404270026,0.85449231989524,0.2762356965841811,0.4431674028396051,0.9365292024623424,0.1161650993560221,0.0040167142684932,0.603454055940052,0.3791183709866268,0.237401522,0.232683607,0.428571429
0.8687518501889213,0.1279438836642866,0.1039375487621386,0.1645092595262492,0.5700654206163495,0.9410639835242754,0.1156828209719611,0.9163050541338976,0.9539496495941172,0.103808588,0.679096046,0.0
0.8718428901408033,0.4114526729555574,0.8134277658194391,0.390199222410683,0.0359723696586575,0.2773374402738107,0.2719728756264988,0.721981457823125,0.5934204827185191,0.131128982,0.457082305,0.126315789
0.9474487399531624,0.5809881482670891,0.6784039875006908,0.0066931450640704,0.3580486880424195,0.0299683939836187,0.9376811752881138,0.5439478029473733,0.7659328609446151,0.354520472,0.082496609,0.034285714
0.6722942365056171,0.7346070394144311,0.8388508004129728,0.6618878523145822,0.5507003544609147,0.9351378695568684,0.2160546164750931,0.5658531896873321,0.8455854356474003,0.14268011,0.606828266,0.0
0.5826270426490043,0.5318959069330327,0.3892990655057887,0.1714827511650976,0.3315876296448158,0.9668059426070268,0.9655870956276044,0.3494119335760037,0.4477474016731719,0.229030956,0.579197865,0.0
0.0846150776511631,0.7345976133257314,0.5561637484236771,0.0350644598299858,0.454097121211055,0.2185645844052782,0.6097979419382019,0.1641480157569779,0.7251967171240313,0.364466109,0.185255406,0.259090909
0.9713704281059752,0.2600009990514583,0.1348757858343653,0.5053168503879099,0.268971178183082,0.6440145137978217,0.8407926856665825,0.2417242654202795,0.4930100257813476,0.15613963,0.60677721,0.377777778
0.2111264893167627,0.201034589457602,0.4438614783536665,0.0033588220951041,0.1944844477584874,0.689820856464325,0.9954543397504144,0.3489031231030894,0.3027572914602755,0.154346383,0.249778732,0.293877551
0.7397286491450824,0.042548020148539,0.6381075916173156,0.0965748630248145,0.2578473442380723,0.3162222874825532,0.8874637017363971,0.3431059169758121,0.9101229409872108,0.100792134,0.349317551,0.516666667
0.2095650017503382,0.4336385253606872,0.3082698096732863,0.9470091619971124,0.329077194643624,0.7427848237293219,0.9048478568467784,0.2713698354360159,0.977414895020385,0.191637832,0.310292704,0.0
0.6865256694149771,0.7387766476447666,0.6860379644233423,0.3737637219177533,0.6977323244749887,0.6096668237266174,0.4828865080846852,0.5800547115962341,0.0240519117795988,0.285503968,0.28022734,0.15
0.6988316235793087,0.6185346654180298,0.3759290115030896,0.2199068998757691,0.1905670479135903,0.4481809532837182,0.6064393203869862,0.4915894612908353,0.5507547120655566,0.399490001,0.550681794,0.530769231
0.8895719686739235,0.293550140301561,0.4302952645624454,0.2785616884452633,0.7589394605164498,0.3937445365294296,0.6979161736142463,0.350435570066316,0.1430947407262131,0.124199594,0.450966528,0.495238095
0.2833710689354595,0.443641843329262,0.2013797765751658,0.4625079844660271,0.7786415104616679,0.6851396359114081,0.0264162342049172,0.8239814699923044,0.425965033223577,0.145955266,0.564876957,0.72
0.0068625450490028,0.3887126824149365,0.5450762664641623,0.3547254129560133,0.3960632052580239,0.6189171278031412,0.1223504560750127,0.1663568188556426,0.2317089269775483,0.12833271,0.122595005,0.092307692
0.4935938885209363,0.6395404838269891,0.3308813517211295,0.8209228713908396,0.9025063191925108,0.0264547821768252,0.7659741348977643,0.3086975600279585,0.8865524063192074,0.306659483,0.108961823,0.693103448
0.0164181028155948,0.0751918588545993,0.976649006173686,0.1079596145808213,0.894600752172961,0.9032181349437404,0.1859315525561502,0.1231959794014483,0.1817935888544802,0.05411017,0.135400704,0.3
0.3092272875901104,0.4722685588706673,0.77583553407669,0.8065259721229397,0.0797827018803095,0.6322031799967138,0.3180683144164767,0.2168948511129674,0.3470130738520841,0.159158271,0.436991157,0.0
0.4247960934506438,0.5561024869104456,0.6948194511814612,0.4198946636712956,0.3094232105038156,0.0398628940335754,0.4089251677259233,0.9055161702362644,0.978225367651582,0.2694627,0.016512151,0.15
0.5124055783430945,0.9633023599634476,0.1053299430085521,0.3394978199649628,0.0564000241640443,0.4366164134758796,0.5191289538410985,0.4906954479299636,0.0986507722544721,0.537538147,0.493667459,0.6
0.9035639163319188,0.5226455436624049,0.3987072717748299,0.6806969673497395,0.7467708628416587,0.2646389528610475,0.9883658583531736,0.3662704932092758,0.2859467517384931,0.21249503,0.307423742,0.044444444
0.8905457438663601,0.8577469736659904,0.3990616993261334,0.1885594276271442,0.9062214239974246,0.7546374998046625,0.5612029996895718,0.7127542951640736,0.0302670834359204,0.624548544,0.469142369,0.35
0.994542055244151,0.5866297047013201,0.1797754033578804,0.0550168893788144,0.001932542499021,0.0275340830802314,0.5052190154809411,0.6185169381051893,0.2042756812150045,0.220591078,0.149704062,0.286956522
0.0369100499135878,0.561697809015073,0.5456841130534644,0.2777951336490812,0.9639918957265116,0.0553634968138336,0.6526922863032132,0.2263475102442333,0.4649827052541504,0.251106215,0.047579842,0.623529412
0.2537083995240707,0.6784150740393673,0.1738981112746367,0.2520015062948552,0.4526530344454466,0.0082630234863377,0.7188278946466683,0.3813579718428983,0.3807037881771909,0.311787567,0.058451652,0.671641791
0.8558116069243237,0.0689190274330266,0.9444726619385736,0.7521080508880471,0.2632300090412514,0.017414263041613,0.2855467176772216,0.6664039710710012,0.6127412933156872,0.099101782,0.050330348,0.2
0.6452389598755064,0.8260751664992123,0.3034269113677147,0.2399604404307828,0.2780307967677945,0.0489050897277558,0.7137881508520286,0.2014763992925227,0.4429701251290142,0.530638568,0.19384508,0.742105263
0.6082402397073023,0.9301416819386702,0.1125414319182801,0.6367365619109923,0.4225906973083977,0.1770985944557673,0.816292527501841,0.7178391442547094,0.9012725525795494,0.568653686,0.26829148,0.06
0.7613775394812902,0.5583962835453815,0.9864633613958544,0.1246518022043547,0.4425912511340902,0.1774797307894752,0.8242645354252451,0.036855362593295,0.6960587776026319,0.413228799,0.415742833,0.701538462
0.7251572493403944,0.0121898062763878,0.6428261911860707,0.253236724614943,0.7984869355295705,0.7070099133934988,0.3020262324833203,0.0539545827478719,0.2405754369320059,0.054475311,0.551341176,0.45
0.4991116183474974,0.9526115450112208,0.4011706177407165,0.0804082674850172,0.846864947721287,0.8110734159370103,0.5914058825735072,0.6169436702560995,0.9634585116332688,0.727256754,0.456007694,0.58
0.1716172514565436,0.4320055051775128,0.3222543675470513,0.1064516345040564,0.9942608991054545,0.8087030970447376,0.7091661031567821,0.1576160855624272,0.2872080076455002,0.1843633,0.406540803,0.363636364
0.3176068283135427,0.0058406423098188,0.287560700974373,0.7331603257642585,0.4716511631654942,0.5028727343840631,0.7027893279880861,0.5329337842911491,0.9897832353955208,0.09634223,0.290058672,0.0
0.1042589028329593,0.4182837914471713,0.2231013988805514,0.0735388898223163,0.0868872272805494,0.627743502752317,0.4930471368442761,0.0540989631090919,0.0507244250832531,0.133947007,0.33385052,0.327272727
0.0014291031490482,0.4729261612801551,0.6305492808821644,0.5898115117315342,0.6482308434779875,0.2744491894540932,0.2164177506470075,0.5100001196377629,0.5489078261802727,0.150727011,0.096602093,0.3
0.5119977527749906,0.7113956126621442,0.8244970666974646,0.3988144970266808,0.4167799412045223,0.646645697949566,0.4740972875898686,0.2356088564277123,0.6711475453048047,0.232677541,0.497836281,0.133333333
0.266235823615084,0.4211978915208095,0.164213943335317,0.3670030549782284,0.2638840410863883,0.0221069261537233,0.4765249169860617,0.9798956996015574,0.9033950489319592,0.152632792,0.095375843,0.821052632
0.8296470306480003,0.7646681684390008,0.8084212870918035,0.8606143414298024,0.1935164965300451,0.486604721792117,0.6327602524861791,0.7238339606155172,0.4149767492926698,0.418046385,0.520960904,0.3375
0.9408096862686072,0.2105209763229176,0.8661320343949817,0.1299383207396218,0.5841883106800152,0.7222305388286341,0.8367139352580232,0.4611846621764067,0.2367549513281268,0.144312918,0.623409579,0.688888889
0.2379326218995496,0.7791873438266923,0.1698299117778486,0.0147105218533142,0.8313653059471725,0.9691070782922472,0.7319613771333972,0.8965882709956097,0.3774874447062749,0.438976108,0.504742261,0.533333333
0.8687920686951642,0.8538087165402929,0.8810722324923997,0.3263005326919801,0.4991134992839441,0.0600345072630256,0.5913755820566101,0.4462591003286504,0.529485585653396,0.493720853,0.260269472,0.576
0.1583403276698707,0.8370271611973102,0.3392782474463006,0.2367058686414658,0.8536408854855518,0.5806455884345849,0.8117961828946042,0.2051379199197797,0.6336062260479255,0.585075169,0.352885718,0.048
0.2881451321259259,0.4707414110995649,0.2880259132148488,0.4293632315491034,0.7562189402506374,0.2082875066998599,0.7790847477915842,0.1668000177180062,0.5718992480698558,0.25409804,0.233024772,0.627692308
0.5039710204160858,0.7242034906767935,0.7704020859150493,0.8933722262026424,0.3665075251899871,0.8345484922827832,0.1133967498405368,0.8048924125848921,0.827577115570678,0.200788937,0.544896151,0.0
0.6570649243150216,0.8898107283721074,0.2764250992655533,0.67199104208564,0.6100585564101494,0.7419374582909157,0.248598301446034,0.4403338002056666,0.0499980403548442,0.324846267,0.436001163,0.08
0.1346244589952984,0.2818543268158283,0.2471020216992574,0.1213989740380797,0.7406321048563147,0.1113373309057588,0.2030901809088923,0.378224144382034,0.0246907344533418,0.077874087,0.053068149,0.0
0.7293576545263983,0.5279307925768753,0.4199521043111546,0.0702850430525684,0.1748976017460277,0.5124415373668799,0.7677670269617158,0.5499127478421784,0.156352996621328,0.230439407,0.445041581,0.426666667
0.0132924675143875,0.7960155026651573,0.1040437292795531,0.3484436030589631,0.3908748236396897,0.120089442228123,0.7860885456520676,0.6020374212388142,0.8013979183197506,0.429384581,0.085168195,0.6
0.8090496867545273,0.8800024741272061,0.1411840930564313,0.4232191861232548,0.1417950645147374,0.8662996971583893,0.8710537749416487,0.0809638887644551,0.7363412120840406,0.61542147,0.652585099,0.0
0.5643348328169615,0.7186753413386922,0.8216920832910304,0.6018236194189207,0.7911932659173674,0.676381575496438,0.0258442389144952,0.9932705906071474,0.1898661768756508,0.378972957,0.0,0.3
0.2389437710176178,0.0886869720588756,0.4311630800989223,0.8528598396118935,0.4490511171526548,0.7607359386583213,0.9536871186694128,0.6789082337121074,0.8754439500848511,0.068444783,0.340818171,0.0
0.3753780832814297,0.7338276906415881,0.6464467044027806,0.5892572655186306,0.5289362830130203,0.0618469619681175,0.364062895271468,0.7119896825915737,0.2389255248579529,0.215085919,0.085307502,0.0
0.846371474266793,0.5024918043632298,0.7751393072330028,0.7382584988906533,0.9403897104052994,0.1847311326862982,0.9255655057444698,0.5811696697346864,0.9514370414722354,0.378151622,0.374012123,0.233333333
0.3458789868807824,0.992466326446294,0.0034637131136904,0.3213681538201743,0.5409681525622781,0.0449788448307962,0.172605532823835,0.758101326534057,0.7569113229405846,0.446243285,0.129483195,0.67826087
0.6913710563995813,0.1679570437126831,0.7643868184373681,0.115526753440447,0.2520411102838141,0.4604282255926716,0.2384622017020412,0.1299845015803897,0.0108475358346032,0.093010389,0.287030557,0.685714286
0.8849456594013176,0.8742662670867883,0.0987199138143269,0.8405383228223888,0.1671768546978908,0.4055132468411557,0.0291562257200224,0.1315379743820182,0.2112666967465597,0.350085213,0.395687721,0.36
0.1475042154599976,0.7793258960259727,0.5128398819493819,0.3173111036808831,0.0904293523937094,0.8989543012548974,0.2191639267908781,0.9888381126040195,0.570087340676302,0.377065674,0.250953328,0.266666667
0.3774700189185869,0.840244949265678,0.2439055556073971,0.0975865454426773,0.0955417835549734,0.6657201620362588,0.43809169826952,0.7256885316678401,0.8557262728409635,0.339200012,0.4244166,0.631578947
0.906801701087344,0.5663300758965942,0.3661528441064293,0.2861626602828943,0.39271846275203,0.4990028637675283,0.1585238876308068,0.0810317870919842,0.1045220025924996,0.15697555,0.587624387,0.32
0.1994724490284555,0.6935501897691426,0.3960828113452933,0.4752374301808444,0.5012897115367614,0.8803029946582249,0.2058222131346855,0.3848522163194389,0.0805346323823138,0.221587516,0.507250937,0.309677419
0.5028152548302178,0.2059327894651283,0.8175642155176988,0.2643627851273259,0.9478419005654248,0.5273674729115625,0.5096631592626378,0.3392241480412687,0.480217956311033,0.151512953,0.400246002,0.514285714
0.4088536115989074,0.5401709160237678,0.5168875516686943,0.9169507616307682,0.666664206706586,0.9094462561628902,0.758551317531909,0.9060466525955144,0.8706412151692065,0.35205525,0.540640217,0.063157895
0.7322033481023098,0.3468977229530722,0.1461927074202661,0.4445598523821575,0.3465642771287234,0.193042259323051,0.9155684494015386,0.2603238296930724,0.7629641427206695,0.20575741,0.326649464,0.616666667
0.4564459121002452,0.4863097052265166,0.1969588830047941,0.4697581144040033,0.7923222671915405,0.5826338201385902,0.8948628294051703,0.9616553967083208,0.0321968531701613,0.247337854,0.259257167,0.352941176
0.5161955156808498,0.5394143177070473,0.8311000665321329,0.2147376210388946,0.6393265527287122,0.1270026655146373,0.2450336188122772,0.0821200830498254,0.6558058689261054,0.197044416,0.272040534,0.635294118
0.4312263171163225,0.8798871820905783,0.7313363116232097,0.560772087014856,0.6675370561676989,0.594999222525494,0.5614382650138157,0.9845575568756616,0.2400391470324413,0.482163149,0.470656526,0.293333333
0.6289195423619164,0.1530689651282958,0.7818650404363282,0.0842080682882093,0.9381207755132028,0.1750776657124669,0.9330250131327776,0.269410753155123,0.0738152092787151,0.166525254,0.284089029,0.73125
0.1209337051707573,0.8120323595098032,0.2541132278151087,0.5208851922046538,0.3608879915405033,0.0290399198153588,0.1697734765610761,0.5601854197097043,0.1786000432637717,0.245994616,0.063922233,0.705882353
0.6536936266944767,0.5467140404632982,0.3572082793632782,0.3746802286970265,0.1113999952011437,0.9749774917515704,0.7921427417306655,0.7028204191167554,0.0866978128473702,0.300990547,0.570342345,0.141176471
0.3167825486566712,0.1789907002229087,0.4194019187716071,0.2388607036783565,0.8873797164822399,0.1510833817782138,0.6109422888564026,0.4172985691843928,0.6521508771922134,0.130694257,0.207548788,0.405194805
0.8480943153947434,0.7884103883179326,0.5628065085893703,0.781663425846952,0.0726838376437459,0.7577497394771531,0.3666752959136278,0.3540177969199273,0.1482501789616948,0.3039216,0.473616772,0.0
0.7178433926091567,0.5194401512169833,0.269833111111475,0.0895257181704118,0.2100299012478867,0.2137303573624343,0.8491881275504888,0.5595072866091578,0.4171775714027318,0.264054785,0.363510286,0.583333333
0.8251383157409687,0.3788740867579678,0.9694369595647664,0.7745702736885888,0.3983982298073115,0.4224397347467736,0.083965224083671,0.6937847004051089,0.2601339711805045,0.145794026,0.369621164,0.313043478
0.89258395224699,0.8255485278650726,0.5147840420165151,0.9315425213572132,0.1789396497461955,0.5106986563096634,0.4909672203268262,0.6169807117381583,0.7766310857853336,0.28157784,0.62280601,0.0
0.9688516316996022,0.1496028073291981,0.3957643467894414,0.6664642134789831,0.1022368699528624,0.0471927240771831,0.1034343880072188,0.7219835543454133,0.0209170650203408,0.066253357,0.138642491,0.834782609
0.3749905250844949,0.9509191010312052,0.5321946617067839,0.1787328161335586,0.3696163752527039,0.8205050451596615,0.8142928290290617,0.4625653934358403,0.2473242489184712,0.590114664,0.488260964,0.232258065
0.1093012912344969,0.5919183769274996,0.8867674187936857,0.7388631724198994,0.5176036158366245,0.809151608320255,0.130253700688925,0.422374528678814,0.7552727440010751,0.196582335,0.1599543,0.4
0.5554930573167699,0.8589400361951999,0.4081057951817296,0.3466027449997182,0.1213291630341825,0.847146183495512,0.2423177547727578,0.6767698600942595,0.8353866392056345,0.338493141,0.507926752,0.171428571
0.2845882970286763,0.0481288061966966,0.9827062587124344,0.4761086013544836,0.7815999234791184,0.7319381953144047,0.0279202514979123,0.0497585372715281,0.2520209517829184,0.097757042,0.247302347,0.0
0.5328316091566043,0.5730674143918871,0.5816911186472384,0.6193627835768343,0.9392785417886642,0.7696143578996703,0.9933055636176576,0.3836747001954144,0.0889489719955806,0.268929829,0.520321295,0.73125
0.934556418836597,0.4808417271215266,0.0194527044053439,0.548914911189618,0.6751433464163917,0.6380407589613514,0.033680315905378,0.0258255205531477,0.8134311226254337,0.145932479,0.467351517,0.252631579
0.3426250637137626,0.5500175099921789,0.7262847871261552,0.4902012156958498,0.1385600588537515,0.7248309215863131,0.1145946980394171,0.0238341374808133,0.2203637496829193,0.159172003,0.407536819,0.72
0.6592138953705313,0.9000665116662855,0.3705050503166825,0.7236317843137583,0.5223395658032669,0.6070975995328871,0.8041588438038755,0.3223125735447497,0.1372234075784151,0.447807891,0.437685077,0.48
0.6704323623426228,0.9966069529528075,0.4771303695975908,0.4276702187635702,0.3859321274321843,0.2370596916936246,0.2761446523066612,0.9595954627630476,0.6170539289740216,0.568202884,0.232765276,0.0
0.7430084586306576,0.3743465928349199,0.5565811929178542,0.5203042708197098,0.2560403977692133,0.3522640907239115,0.9983125785444492,0.2852182023012602,0.995686005124079,0.194596617,0.393459228,0.534653465
0.2515835767925721,0.8286480254088733,0.9021170919200272,0.5808119105670285,0.0993533524918603,0.1461225217403106,0.3320016633064684,0.1094730542169175,0.5176206510519933,0.360696083,0.235022913,0.675
0.930716287956518,0.3858544573607316,0.732932167560163,0.2574719367738031,0.3821151562303265,0.7051064944517017,0.1079371344881419,0.2960298572096583,0.7611244694564061,0.128758586,0.558270969,0.705882353
0.1184890036953242,0.8426970183543191,0.768397933174824,0.0169139629977289,0.2636430400038497,0.988811776153099,0.0439170142599772,0.4741077993806805,0.7652497129726974,0.32020957,0.29506192,0.564705882
0.810672951673164,0.2820600886471972,0.03613984735475,0.2776368047198889,0.9059549984158104,0.4457863059290791,0.6950567719071488,0.9096935103804836,0.686642061722145,0.165351313,0.502314218,0.413793103
0.3037832848564821,0.4065143357388489,0.4155424031498177,0.7977757013564103,0.8453421708970161,0.2845167518585126,0.1851821526533741,0.5999924086255481,0.307246887169588,0.157554908,0.301139858,0.646153846
0.3326979815777515,0.6362500814277168,0.7051821999751263,0.4474624318259312,0.558653417131247,0.6711622517907686,0.4847353297270009,0.6005693819770054,0.6624883836215099,0.182475822,0.433585286,0.635294118
0.4212816039612909,0.4251141833926835,0.6497130265009257,0.314961035818365,0.2618603024525181,0.8504126343574937,0.2779488934268811,0.3912918598953929,0.0776749231093602,0.154006919,0.185180966,0.533333333
0.3139499121642212,0.8264372829830731,0.5024463947483612,0.4007825309723185,0.074350641289264,0.0868629320651493,0.0226047069574848,0.6755571544397124,0.7238430787225941,0.29207308,0.10397604,0.24
0.5068569684741342,0.8895229699769838,0.0231934370798071,0.7911760530960908,0.3696777353937018,0.6001316221992378,0.0476257018010459,0.9414931415321108,0.6795126937110121,0.402736291,0.447793438,0.109090909
0.2503294253984158,0.4286420007009623,0.5510146932956184,0.7604796648648741,0.4027231795679079,0.9643020749277376,0.7676091266552338,0.416273771547118,0.5643661871431713,0.193238086,0.447029497,0.4
0.7087957841048558,0.3349497312142375,0.0412563126577544,0.9507553140763584,0.917546733692917,0.4995606021780693,0.950024372071222,0.5712349895153227,0.4646316938797592,0.230328136,0.426533344,0.356756757
0.7844993434498114,0.3937103377469821,0.890264535606799,0.4236769852300295,0.2407451832710705,0.4972830237234679,0.2466031513223688,0.0527155672557714,0.2597231715418335,0.126489699,0.328305136,0.12
0.345419343756556,0.4111115700359373,0.3018087110544084,0.8358118079665784,0.2343528542120827,0.6205014664022832,0.1849268959651133,0.2602769708310571,0.5901073453602075,0.17219943,0.392327142,0.564705882
0.2315170578065569,0.8056142572811645,0.4283966864081052,0.0261831985907637,0.0671404969293361,0.8078969351374828,0.8305193663140832,0.7909401160567542,0.8311202793529647,0.445143447,0.503792377,0.24
0.1416042693795497,0.1692793570340364,0.7199874087391789,0.5824608881009481,0.536548355691245,0.5600134225503561,0.4162406825521755,0.1194516062151634,0.8316879482518461,0.083044369,0.266086351,0.15
0.7435749487709259,0.5383749973111839,0.2763660978097142,0.3318928549593446,0.0787553432438209,0.8121006663421584,0.3924226166925522,0.2966339487891555,0.8801195419083521,0.168966459,0.487675676,0.48
0.2872398922397786,0.0395431279214594,0.9247425972738664,0.4591392430397935,0.0646535537625165,0.3611494710432937,0.6346875091138228,0.7243510490118537,0.8597775053263375,0.111214382,0.262429168,0.0
0.5490312021627305,0.6590318211615739,0.8872322185679756,0.5284084243754638,0.3754666779710768,0.4625011745652774,0.7238279117771668,0.4083034870795711,0.7268810817206995,0.385441102,0.410498149,0.117073171
0.0271105629743094,0.3188183554728806,0.4086747673503499,0.2504774370707332,0.8696909398554448,0.3977199132534879,0.9736844236485228,0.2934706932673728,0.5597326517872152,0.165966265,0.144557694,0.468965517
0.5631180486291905,0.4626140729054163,0.0701416120944444,0.6552963356425301,0.6083630865524291,0.2661371772293324,0.4836941296005694,0.9574672396595753,0.4010334364657892,0.172528032,0.370126214,0.48
0.085082833717249,0.6246945177309751,0.3379539166508264,0.3662683342890043,0.7668156526416611,0.6372042425071905,0.5710425309076985,0.7311371036941304,0.7989316460916137,0.299745086,0.246742309,0.072
0.7997768846525356,0.1835305316291143,0.13265169433519,0.512029656935394,0.5461339163083853,0.6165420127891851,0.7685825034700883,0.2996206054100753,0.4321477944257954,0.115127816,0.436241273,0.66
0.0346358523940616,0.9571236611729224,0.0419003007613351,0.3052804535554441,0.1480865939434834,0.5121578855930323,0.3325192607389249,0.4414568659450487,0.3257948725256251,0.356923039,0.246553779,0.662068966
0.6366187985380563,0.5483861649480636,0.3715184109086938,0.8028118767514331,0.0346619207609534,0.2439544411390666,0.4655337979824874,0.5321742573800938,0.7604289597243689,0.197260795,0.32231664,0.171428571
0.6623518964286488,0.207001709324658,0.2361627358722342,0.6150747263744846,0.2644845048989589,0.6423743413900929,0.5942917731861719,0.283354492868458,0.5378939788370929,0.139228348,0.37562548,0.408
0.917779969638015,0.4268408837247381,0.5341803723963718,0.3525388829118386,0.2692942404011664,0.2779062530568903,0.0450423387488573,0.2483843384240927,0.7004547665118068,0.132181063,0.582283955,0.327272727
0.9148353636886666,0.3324909473763916,0.370184926439139,0.3890144452497142,0.7030397698153816,0.0067039081440688,0.5170332636909744,0.4873075616081129,0.3242078740714922,0.164056422,0.08706399,0.163636364
0.3834733820212473,0.970735558596898,0.8026346848938831,0.043450210908273,0.7227612244354069,0.1969511301020772,0.3871356203948393,0.2359127940198094,0.2101180571178049,0.243272873,0.314094217,0.36
0.2968326734957138,0.7304418357512676,0.1329375564434304,0.1501716728507329,0.7916792601389546,0.9978099761616114,0.0056106533301497,0.7144703709003618,0.0311356736951126,0.171359152,0.330096724,0.0
0.9906705289359468,0.8212722561414313,0.0645261939942638,0.9714432671722798,0.5505867051628689,0.1496531577870032,0.4059513483134701,0.4789428078488057,0.2637477731234011,0.299378837,0.315495656,0.0
0.0022582446857213,0.7709241202652152,0.9121517582597344,0.9609837742915064,0.841200438005307,0.2754813129272411,0.6412351925307205,0.2618020964637229,0.235595856821366,0.600962257,0.13345292,0.620689655
0.018112962651071,0.6928549584197813,0.2377481202844372,0.7309279472736325,0.6632219111862053,0.073466756751806,0.025860994719997,0.4054192932647377,0.9871919058727456,0.247857932,0.041207867,0.48
0.9319012943542764,0.5361168370492757,0.2408167426707903,0.6805206946116243,0.912601195084416,0.1225197010165445,0.4667829415888798,0.2001878332061047,0.0069196016046403,0.143154572,0.177807433,0.171428571
0.6358686947785192,0.5178027913078934,0.3964892966059917,0.3882368100591299,0.2891774132496616,0.9365557848861772,0.2285577780523369,0.3734563241241838,0.1586572605655468,0.145330133,0.416596526,0.24
0.7475782459125676,0.4165214461282006,0.453366119985228,0.9847850702318824,0.212060051327688,0.3165195030618245,0.2071775404743416,0.2414017856043983,0.9356225539325602,0.148155896,0.379995679,0.0
0.4717996785109005,0.8195001102988323,0.3283230083334132,0.5624220304032029,0.0690180826654656,0.3549518613868393,0.518860143391607,0.5154650219242226,0.9555446564573004,0.615160724,0.384721241,0.557142857
0.7130476020775485,0.6373896590124631,0.6814358652922076,0.4074776116458406,0.7033546259921595,0.0992192243718006,0.0099050603828915,0.296807028495036,0.0058672043466782,0.194046078,0.206877312,0.6
0.7313359206200853,0.7825600377076912,0.5419949596937512,0.8357758559363595,0.5390671268547278,0.799877700877509,0.4271162741387767,0.0761974197640719,0.8554849540667069,0.413825203,0.673594581,0.0
0.5802269610778367,0.8991799370062317,0.729429475868546,0.1655589208304533,0.6149173365303965,0.2886732257711827,0.1253240169607343,0.7911984480777835,0.010469933841276,0.450300736,0.258840611,0.2
0.4962207680164823,0.8823567652225545,0.7040660765192149,0.2821470967498252,0.4487857137266334,0.0029292615213005,0.2171407870440318,0.949125710280132,0.9525360652828186,0.302024929,0.103040596,0.568421053
0.5327274821401004,0.7212363757334754,0.7097828474419869,0.0541305312968493,0.7113665406217028,0.6715600581493989,0.5205871752860345,0.1476798961465385,0.3538454960987204,0.347956938,0.513059587,0.031578947
0.8221784476977544,0.5187613410173717,0.0685103833682343,0.458122189484246,0.005240487960014,0.2331792333318821,0.657078656823434,0.6908396520638456,0.3824068282400177,0.244645387,0.377003437,0.556521739
0.2051025680731205,0.7395485719126489,0.8432697393899099,0.3258969415898045,0.5079989017531684,0.498811041401116,0.3989453756882077,0.6273297237098466,0.8834043946818476,0.214934934,0.312730241,0.436363636
0.912696449912179,0.3513869867938919,0.1930438921575791,0.1770497097697856,0.5440087671917425,0.7480388879896716,0.1512380957158585,0.1576509859430904,0.9788748277908584,0.118020275,0.736652599,0.218181818
0.3253187485526856,0.4297932200915433,0.5885000399144599,0.4534945824909611,0.948033783020621,0.837589953331669,0.2044327640563263,0.9488564080018216,0.0593902782574931,0.112684337,0.401435939,0.54
0.7959458042325216,0.0130628330529727,0.0204407726405855,0.6769989794472098,0.2415695829927412,0.5626859098099279,0.9658009547459137,0.7754952850084024,0.3859048769821603,0.105180642,0.445293681,0.535714286
0.0550352156832369,0.7649390645553247,0.6981663496325025,0.1048482134216288,0.2874615754477525,0.1033196672416552,0.8225806124603502,0.6262388341056849,0.3378727894899853,0.403913441,0.060429216,0.290322581
0.6204790328897656,0.8221543906413541,0.0515064759758433,0.3417552593009237,0.3178191953116016,0.7878516285858151,0.3036140776321269,0.265132644089316,0.7623046617288637,0.370807506,0.534107819,0.738461538
0.669542635035329,0.0395449020460388,0.4442154637022386,0.0775749529977637,0.0279342962649059,0.7004056160506394,0.8285006446478903,0.3230592301410044,0.6308498758818435,0.108842864,0.544241629,0.387096774
0.658511475886604,0.336375553339219,0.1516031404652463,0.1687243821524193,0.4875147556458697,0.2756137223404293,0.2405276891501867,0.5287936679725344,0.128794118113962,0.12112612,0.304478838,0.469565217
0.3547381991689967,0.5847607092930861,0.7781150761160738,0.8661077120101227,0.5873729583299154,0.5079838188939733,0.5224681280289248,0.9367079657784254,0.2735837752249213,0.2985344,0.304299255,0.505263158
0.5015397272807509,0.3203057205227023,0.5336156540199489,0.13945994323019,0.3034021185916746,0.2207910559092093,0.87458721583612,0.9821455382063567,0.0389805470145259,0.165036942,0.276929636,0.737349398
0.076105657651024,0.571015322462623,0.0769968296322827,0.4577878194302311,0.901938344991333,0.0871177061977409,0.4524558702662569,0.6496862880569515,0.3256708793583278,0.203084246,0.114873047,0.757894737
0.5274419075944233,0.1505721574519211,0.0951805937615911,0.6555469454485372,0.7610081641034618,0.5783189269725993,0.9188336095652344,0.3222208653723354,0.4852984883438881,0.147550885,0.435322331,0.044444444
0.858594685507495,0.5349716869077203,0.523070079224111,0.060765154522401,0.0335897951275948,0.5934085547001224,0.6623705004916864,0.5718979239072198,0.1795077321521216,0.312748298,0.470619177,0.366666667
0.0822234720214887,0.6321859344519362,0.3539510414857247,0.7883117469414151,0.1278313835259944,0.7865181182645897,0.5923133114277391,0.2487370509844836,0.8428640243417863,0.334134015,0.244684361,0.381818182
0.8892666567043397,0.787239043966205,0.0270238238334873,0.2234631700852971,0.788600190884982,0.9134064016983152,0.9606617035834318,0.5785076307347677,0.9948247650028248,0.489806721,0.627115989,0.166666667
0.819691157031295,0.4375682881217665,0.954007303472886,0.241536572333599,0.9524215113154304,0.5500140047810458,0.3125341992168222,0.7627798109257181,0.2297936911574195,0.181440752,0.544306035,0.109090909
0.3216795026235609,0.2773546348609709,0.3991744432364853,0.4564253315904432,0.9402818669646056,0.7843557942211247,0.3919563564243489,0.9860684483813116,0.1041393807507307,0.105815462,0.5689977,0.469565217
0.5071224900855306,0.1339521248570867,0.4958327058229848,0.991513843323494,0.5380060382866473,0.0652153116912441,0.2972234621528195,0.903354549919542,0.2627411237856127,0.064569285,0.17670683,0.545454545
0.9701631174918384,0.0090025541111538,0.4037264692273103,0.533523085173857,0.2030825319163579,0.6246139173396549,0.7215902616105885,0.8055518598624044,0.2200841564986484,0.08167399,0.563291307,0.0
0.1848460213648963,0.1390845547490852,0.8141196767036492,0.9076489140815358,0.5062513748216917,0.8381262878267448,0.9506877684618116,0.8372175041217883,0.9370759166708718,0.156415898,0.492248178,0.369230769
0.6735240788818695,0.334208321144119,0.8423421380827868,0.3582454100672252,0.4380795254726111,0.3723390179040784,0.7615003829547419,0.9487818792566132,0.6250341985474297,0.202092724,0.444613592,0.458823529
0.7278499941322439,0.8659607556426314,0.3480127953169852,0.9321301928523368,0.7525224233189827,0.8772971216710225,0.1565889473856544,0.8251741039447478,0.3420166157082361,0.282823088,0.259954178,0.3
0.6142088630169832,0.7804497679811702,0.2139936689256019,0.7171436051313731,0.7060135064373912,0.6432854931139073,0.4170167602157862,0.2205711442461677,0.8686848467206534,0.298235815,0.366622617,0.378947368
0.907879107823736,0.0291382451423823,0.5159653034634203,0.3158823416489091,0.103818687904141,0.397355353235438,0.5330715431869256,0.3405574077058069,0.489197465168238,0.09650594,0.446659895,0.279069767
0.4542793187609553,0.9656535024658572,0.1150282200951612,0.6406160214538432,0.1876632522082409,0.2448050565057399,0.7295158063996118,0.6834325673004972,0.3901621498507375,0.509969851,0.198118591,0.0
0.7665140025722886,0.2113750558244154,0.4578372428448151,0.3052528687711701,0.179698766264912,0.1408848041907672,0.0988009914195102,0.7781917005835085,0.7201177400127464,0.093016457,0.38151439,0.685714286
0.2788862833647223,0.017696107073337,0.1377776308769589,0.2053100118555739,0.0704079181432008,0.0011346358027439,0.5597154623736476,0.5980649991854446,0.1712458281885179,0.084643418,0.045146701,0.631578947
0.4552047503764568,0.3293951607434681,0.892627926815114,0.3652563694624253,0.8857343816791481,0.8930592049898782,0.4150988733102765,0.9651800532540428,0.3396707510555671,0.124390622,0.503246696,0.56
0.6829950108619882,0.8094960743437238,0.4963905959767078,0.782018695140717,0.7790511209064305,0.7108382810985966,0.7980140903078832,0.8323671709699058,0.938839951108798,0.502757897,0.528286016,0.369230769
0.8485945236669123,0.5148058492673492,0.9025874219140136,0.0450709620545602,0.1706475353354286,0.9426031686784286,0.5039893139907701,0.9529934083200264,0.1838232224615646,0.235187053,0.550234679,0.635294118
0.365602137963306,0.4211318678652779,0.9213406510553324,0.087856625634887,0.8482625036084698,0.9313425732585006,0.5679678598493394,0.5834652222528082,0.1312023133258005,0.198012088,0.521733803,0.447457627
0.6334672559150716,0.3604655497709911,0.6512871393204468,0.4777571408041867,0.5354738733439475,0.0285740708565329,0.2584714384033661,0.2052573879399767,0.8631905822478526,0.123906374,0.094343498,0.0
0.0959330956413143,0.145979228707849,0.5016339694573264,0.0161312193149929,0.2492570346289336,0.3658057999198851,0.2797527847277605,0.8566114714843553,0.1661501058012577,0.0744168,0.292449365,0.642857143
0.7193860490886829,0.7468290878247318,0.8205907910022463,0.2489209546162444,0.0821965126556377,0.4459503971254266,0.7767721713142304,0.4099684491316274,0.9172568502512972,0.555675372,0.535737575,0.357894737
0.0481081670487997,0.2922619499473119,0.0816667244854474,0.0750700814822722,0.9941103989429309,0.2032139386888505,0.4708021575569788,0.9530234423879632,0.0527541143235097,0.102246337,0.071643521,0.32
0.4974192403490364,0.4889690426536175,0.8842066942392761,0.3202531144304504,0.7114131706744478,0.0324502387351784,0.4659394378634497,0.1152156848180016,0.3333391783000704,0.166542544,0.193758354,0.576
0.1992732938298406,0.2830209790171126,0.3020613236633463,0.4602544935804481,0.401979441432878,0.0151211205866822,0.5324945421756967,0.7688079306960712,0.5026576619154575,0.179749923,0.036623153,0.430188679
0.4310628831469952,0.6132609535932888,0.5224792774789743,0.9749777180287048,0.5579454108727362,0.6765146928548821,0.0032097774070253,0.91228921003731,0.0805526338778335,0.08708278,0.0,0.0
0.5604116270419074,0.5887428407090185,0.2298725639293167,0.2436264774906938,0.0745710539315185,0.5724730373270457,0.70072500668635,0.8706955736562644,0.7571380414464253,0.238933031,0.507597525,0.35
0.7122369791365837,0.9010870981606854,0.3131533127211595,0.6354229271010244,0.5409577204265852,0.7745358049460476,0.8573738446531195,0.1510809187012209,0.1977427523588429,0.560708613,0.474714975,0.206896552
0.3944026248413254,0.007689708342361,0.071801794368102,0.0880820983102542,0.8419397788598112,0.5536810000421685,0.5121676124508995,0.3250664329369095,0.8907576492191397,0.101790648,0.424472559,0.1125
0.1402382609990863,0.0956474602454908,0.2003101743379547,0.6317539784404289,0.0264224632514278,0.136636649247854,0.3692502809590152,0.1001994766041004,0.5580761185572414,0.057044375,0.128518792,0.12
0.3925303277557008,0.0334224327509983,0.539897457569563,0.2972462485632789,0.7847589128640154,0.8045561693897246,0.0351472307020853,0.7823817034571654,0.4553892114698949,0.062371696,0.441699617,0.381818182
0.7279645400956001,0.3716612231096179,0.6722904791731855,0.1993130428739961,0.7919502877362088,0.5606367283160741,0.6836472721652729,0.8772076569638081,0.4243302583902293,0.205468372,0.524835314,0.537931034
0.908893343333658,0.168814313269532,0.5148271864155998,0.9203243745001584,0.7389871826074169,0.7992038246154914,0.0913424127715556,0.3968777947252381,0.4142122210405258,0.07722067,0.554823064,0.72
0.7076265536329044,0.536076265993594,0.2218101136384455,0.586952627388784,0.0134455287953071,0.6638342889615104,0.7224516512310155,0.7936562781129117,0.7017239125256276,0.264361738,0.649348216,0.0
0.323856816382271,0.1067115211383958,0.0074110285465084,0.2511803664446858,0.9935473128957444,0.9096170125465506,0.3937738442374556,0.6119184348354947,0.6592603454508582,0.081020227,0.511226995,0.327272727
0.1271826173375639,0.0784290076619563,0.0458644762666434,0.5273460536891099,0.4226269121163111,0.6672062037626845,0.2433040450720183,0.9899390882201992,0.7064362914656505,0.078228176,0.365187619,0.3
0.6479078303467529,0.583409589938938,0.9981053458928322,0.915386979876026,0.5719002800915747,0.8983741713425424,0.2545053169153192,0.0449903104794058,0.5929647778696282,0.161298655,0.571214559,0.327272727
0.0571091560996976,0.7640104251398121,0.0525896529472893,0.6069033540425423,0.8170615131847927,0.2602000052819661,0.2221823691072307,0.4438039281904243,0.399232361978927,0.140604019,0.088291099,0.0
0.6148590483465066,0.3700356866187083,0.4596247587297781,0.008230501829711,0.7679457147721601,0.9697291259877866,0.8115444420204789,0.4076331977878453,0.9673558162381658,0.205903506,0.621538412,0.64109589
0.163628621367059,0.4013721383355992,0.7265903981710221,0.884155663311663,0.7344974847219099,0.1315896941009946,0.6406346481230025,0.8373570804122741,0.5892674847932698,0.2024891,0.134782427,0.340298507
0.0713357223647712,0.9339408708293234,0.6438121761243423,0.416297087889659,0.705578824852157,0.778136810066164,0.3823206697095934,0.94807428725023,0.3073472900840684,0.338794789,0.536793693,0.64
0.6881414780646679,0.5830240475252039,0.3447463536638001,0.3248905926966304,0.4630887481731189,0.1469430054147975,0.845732732609834,0.418676370791336,0.8711300509537754,0.332700699,0.2354941,0.564705882
0.1495316520820757,0.7910967232420614,0.9609052766107772,0.1583236650084383,0.3790249286913549,0.5662545519274328,0.2568612087486542,0.3954252555951569,0.6947438477403991,0.361222389,0.29441282,0.72
0.7153370476482633,0.8125830946979676,0.6044801648272927,0.5759042965071943,0.4371459736125623,0.2033002421632362,0.7931812593057708,0.1968661629066616,0.6528912972718468,0.394226356,0.398457367,0.4
0.0665656688771164,0.9366331631152636,0.1410020357200975,0.0519342376885664,0.1316226717893454,0.4970359704960617,0.119402007238702,0.1033143834876132,0.942219874504048,0.425860451,0.275004023,0.184615385
0.213231222505541,0.444017229128384,0.0420980987363214,0.083402699130048,0.0573621228032675,0.6452947200314191,0.7378807090401672,0.3959750545702214,0.73279864650277,0.236278551,0.322515549,0.124137931
0.528724067687439,0.5737800273449182,0.8217616699857649,0.3482193886060573,0.1829300479690752,0.494381879483288,0.905197152829916,0.3169744795974778,0.6967647495070727,0.357377872,0.426164623,0.657534247
0.8121132921299352,0.1316428059585264,0.5470005071034959,0.2219319643583146,0.4107150532733611,0.2690581559190256,0.1418559526270876,0.4426231684129535,0.3247478343375461,0.067592064,0.654145151,0.0
0.3380549912907061,0.0736673848870018,0.5105359450704962,0.3659081395373994,0.2129398871102499,0.3945932166628618,0.3580740564770543,0.3686098669153616,0.4801359785861774,0.057211874,0.37542954,0.0
0.5166178756619758,0.2981200582363437,0.8173590397876372,0.1714366589809176,0.255688733413641,0.4167947325780456,0.8949477863969043,0.0543663313023938,0.5034089171459162,0.188410275,0.387409034,0.46
0.3151555303206613,0.1192280686852328,0.798902722017994,0.3775167500338512,0.668244211590425,0.9304238774416634,0.0408502514765943,0.7836461042614966,0.4756102756501382,0.074423112,0.284357066,0.0
0.1907539964249327,0.9580731195305242,0.9131729638606328,0.5186637744113008,0.0066353013194661,0.429330342116571,0.3326187699320284,0.1161416648282461,0.390802174851338,0.439962014,0.218206863,0.4
0.4239382846994811,0.1817208029896081,0.4373928714541779,0.492091640628317,0.1804898137951663,0.7613498841551136,0.2758952264152772,0.5192689194720111,0.4883954682167489,0.088119951,0.377399588,0.133333333
0.1391843112658881,0.8102528057083618,0.5038728769120919,0.4276315631047171,0.3163178262940419,0.1434101554262193,0.8588075104909108,0.075763033625775,0.7109778760793829,0.461801414,0.100935735,0.0
0.362917398949286,0.3893440316794084,0.3063924049684893,0.635665812097204,0.565297570773079,0.4617035622295764,0.6573333803630946,0.5706748963076779,0.6834663106254673,0.242334291,0.330415637,0.32195122
0.4640847656573348,0.5818597586864969,0.5168470228664942,0.5970345726659196,0.1452683180213001,0.8862752148013641,0.0020997734470594,0.9106734039788938,0.494608387617672,0.215967925,0.465122932,0.311111111
0.7094784113708164,0.6784275495236339,0.973010485359744,0.2010461707088419,0.0683741215738477,0.8754781247788579,0.1618842519461136,0.2080146471606657,0.6828782265210135,0.251739376,0.531743948,0.0
0.1160047023300433,0.4177432083848986,0.435850839590066,0.1308244769280389,0.2942072290240101,0.102309981687047,0.7709785307717308,0.3304515354371413,0.477586788417217,0.240474551,0.148017808,0.607594937
0.441127475839866,0.3341395179625418,0.0430701436526659,0.4376061264561638,0.785627638558336,0.2988961776066137,0.576595409542275,0.6892218800302825,0.9382883362151738,0.206810564,0.392471234,0.572307692
0.1728333270350888,0.0105009070466159,0.208073677518957,0.4447378523476853,0.9043834206702428,0.6125323581910156,0.7320495175860038,0.33412318292759,0.5678383525419367,0.081186908,0.217373652,0.063157895
0.5094906657311712,0.2980459996871336,0.314095588288661,0.5621308065672527,0.5152595649373426,0.9996118235984548,0.9259584522997968,0.5227775719171691,0.6374458574039591,0.172941344,0.64551456,0.0
0.5936895854627272,0.2259873446796938,0.0672272326918386,0.5562572288926,0.0434292976922341,0.6654482617231764,0.4784196025413172,0.6025750436302627,0.6624227079780125,0.08632575,0.497131609,0.48
0.3036067287060858,0.5497778379222262,0.9668420732251624,0.9717347325586654,0.770592138020688,0.243052278223298,0.5675367385989541,0.6438697667469917,0.8186134411433995,0.363330707,0.330379383,0.593684211
0.1303377872199512,0.3608818540768138,0.3872086008840836,0.4522303846811909,0.3421859033618232,0.1365626746354035,0.3105781191456477,0.2539085549034361,0.387015295972985,0.165685301,0.248023616,0.886956522
0.101336098883596,0.6381141611238739,0.2500052392059779,0.6765718564376929,0.7342726978223193,0.1397375500992261,0.8588209792002587,0.1043417914899649,0.8526380062769755,0.338266655,0.114865762,0.457142857
0.7791910596795517,0.2407208279387441,0.2248849971710298,0.9595538700203944,0.6981614875118842,0.2303375517027088,0.5568971782468572,0.4191793139925941,0.3574225240224692,0.161370208,0.388995577,0.381818182
0.0699703721715234,0.0706502767607458,0.7019033188530389,0.7948604014527999,0.3998187162622493,0.1971241261006704,0.4001024232279302,6.0680553550351846e-05,0.0774222648604153,0.079874856,0.043656752,0.0
0.654485106833302,0.8448275580744508,0.6092681555529441,0.8005112795336472,0.4204688807747057,0.3862698672649871,0.4728325741573903,0.2147774382979594,0.3042434592041587,0.270337193,0.510809371,0.327272727
0.8743480347478594,0.5397182091262601,0.0118967213300814,0.3468423523269454,0.945848263437954,0.2290744953010041,0.4622393905209522,0.9483565621583268,0.574310680713787,0.173955378,0.418444053,0.6
0.4173589276101269,0.7776150190191794,0.2803385546643906,0.7712840109966047,0.3564765813848486,0.2807166692057142,0.7517386744321352,0.7525431448261707,0.5702438675500557,0.396184806,0.37954631,0.4
0.8877335966353734,0.5388809250464466,0.7732332766442812,0.433650158888991,0.4889033722399479,0.7940893634630753,0.8395278130932774,0.4707317497790181,0.7728481424982415,0.305365528,0.582334452,0.252631579
0.6737773891187336,0.2250623987201189,0.5029456039040614,0.1437468748646074,0.8673764773582877,0.5980289037505625,0.2839503920452761,0.981916630929486,0.687381600282184,0.130106591,0.484076278,0.092307692
0.0511466021380998,0.2839915005059148,0.1128747398842591,0.354923612477424,0.9939196735022928,0.2858826051189646,0.5254679047178005,0.2749114230452459,0.6980410451356782,0.137986806,0.129722581,0.0
0.6629601246573973,0.7703923772525116,0.7090687302564128,0.989345672863541,0.0137865298726456,0.2933834458470774,0.8959322730092456,0.1635155547033849,0.775109869304539,0.4273636,0.476804434,0.43125
0.5291288878407031,0.9697938111591198,0.4076694916710607,0.2842699062571718,0.8543441928413451,0.2160130470179244,0.9865091372953088,0.7245576788234985,0.8201286325536806,0.51725601,0.288050765,0.171428571
0.1179577789368144,0.3638816727508992,0.9563570069095771,0.4524857999086096,0.0865206016399421,0.7692293222582971,0.7839179852337703,0.4570403829665792,0.7939454052059384,0.173353837,0.306648004,0.015
0.7835446243454871,0.1756715006296526,0.2106608197527937,0.3711159935783958,0.6611743329088416,0.3468850163256295,0.0847881275695766,0.9677233231203,0.5920965237782222,0.09945888,0.645087063,0.821052632
0.8454764506995063,0.6672319999437565,0.716817466037001,0.8909961683599611,0.2729571362278126,0.8252550477414721,0.7935762127322463,0.9119710388452296,0.3135059813026488,0.355098572,0.58525525,0.327272727
0.122747830588955,0.6732114858582,0.474645424281285,0.2305065663861708,0.077543837275095,0.597826181943611,0.7462925431967461,0.0566158480857724,0.5218279359063221,0.370456825,0.37944103,0.245454545
0.775602581131117,0.8469765372296404,0.8202308640406362,0.1377173097508602,0.972034950058482,0.7535225103830753,0.5817580313445371,0.7643183068198275,0.6615137272573977,0.60403043,0.503038882,0.55890411
0.7913133381722366,0.6140354067715832,0.3367024321210892,0.1429027624518378,0.2639425942241112,0.7804486535529176,0.2496210175226858,0.0658161258246236,0.4523715795746371,0.156736388,0.512379388,0.3
0.3945114025681518,0.704927383670392,0.8683829414725036,0.4779522043836034,0.0815626485635225,0.7794834386992353,0.3762211647160749,0.1558816811005333,0.849752788265009,0.271993475,0.256006254,0.24
0.5061309748184776,0.0003324008059958,0.0374253050106577,0.1459352755651464,0.6922672316467513,0.1173477127290655,0.3503089463751718,0.8367477655594975,0.2005674960226324,0.040530105,0.327260345,0.36
0.1808326684408547,0.3888530201482382,0.6029448291170949,0.6673345503605367,0.9133311887578704,0.8891155188801964,0.6605022288262178,0.4834781387043296,0.6277830791918141,0.253537211,0.471663753,0.392727273
0.8640081430235745,0.385946834943928,0.95786929697762,0.1686193397366364,0.6652829790551245,0.5906246849717899,0.1807369784121888,0.1098587159124061,0.1256142478279353,0.136598569,0.677723505,0.3
0.1618173376430198,0.4146124375216483,0.1588285147688446,0.8914457863733403,0.4403344012869017,0.3027899500532366,0.9803299407471536,0.9270175535434942,0.6312620717211642,0.197468824,0.230666891,0.109090909
0.0036869897332476,0.6603030766683927,0.2659246252891425,0.1214078895061928,0.5015540626377649,0.309811200050478,0.8772883037570308,0.4267982037417906,0.3607886585802802,0.312157309,0.177429402,0.592771084
0.7934503382305684,0.7344284475317383,0.8510488295464067,0.0958558157892277,0.3522562149347561,0.1093843633991535,0.7820916800515822,0.7838211172788654,0.0522415839645166,0.28822935,0.177808208,0.175609756
0.6827746326020085,0.174222219256824,0.3627889356315654,0.3271080189558469,0.7576267183634952,0.3919074548065763,0.832416041947114,0.0460002139442392,0.1366387801222321,0.121478392,0.403321221,0.484210526
0.1216861116121851,0.7132123125166958,0.0458207138099452,0.3098929688102835,0.8985085070176793,0.9385999356137908,0.5199289271242294,0.7593328638668259,0.8878563037821318,0.481828057,0.421953373,0.514285714
0.2715991405799084,0.596061934946161,0.2178764510863334,0.993226756838318,0.2914780280181844,0.2193895565384289,0.6207667902045888,0.3928575881822722,0.4842614634149162,0.269658361,0.259554861,0.608450704
0.8079421844135136,0.5743732692832485,0.6765144199138358,0.128739702410699,0.1412826455823291,0.1328796204683153,0.905348989344918,0.5231507323191337,0.6342578265672126,0.318213824,0.272487134,0.375
0.6951447025963751,0.2272209389218776,0.6212112606792426,0.8985677420788625,0.9077588286593724,0.0159866682428977,0.5961874366491603,0.4355379502581208,0.3249167693811878,0.14335279,0.097503389,0.334883721
0.992338548037446,0.9012106410223556,0.2548298893551296,0.3402989399257017,0.9945703935657584,0.2687483113569128,0.7175458404157927,0.9757335852329556,0.0498344146517757,0.445475816,0.389807571,0.405882353
0.1672776313368257,0.1132422565336263,0.4288112157986342,0.690688448132149,0.9469598216592784,0.681950416761109,0.1366497603918104,0.4546968283029213,0.0597007790449605,0.060170497,0.216042466,0.12
0.9436462061110236,0.7717821995511124,0.621868609696276,0.5549430043236201,0.5575237768418491,0.7841510571483103,0.4927079621670375,0.2431828718191471,0.8662892422319209,0.307781946,0.785972877,0.0
0.5287234721996644,0.8757911179681167,0.307706317134469,0.0672587838123105,0.5874778734424858,0.6991294895934826,0.1976487641116643,0.0895452934190758,0.6605588046534392,0.290540106,0.502839445,0.15
0.3334705061188692,0.0784088738235062,0.6894479000904797,0.2450610437028222,0.6744046596626151,0.5241208399802946,0.6456836161915123,0.6894220769264358,0.8587129089888362,0.136095007,0.294744666,0.530769231
0.3316418238388183,0.4802400685046265,0.5121410963492118,0.7025628973988254,0.0091723367704221,0.3715029651411121,0.7632493916925511,0.5741754139717081,0.2363889964736785,0.211020051,0.4166433,0.507692308
0.6916146184254406,0.2677442718473533,0.6664515968846528,0.8564485078489319,0.5394904867209267,0.1272769896965795,0.2579126117021459,0.3631741910295901,0.0867033211824253,0.104421142,0.234408991,0.06
0.056921811138293,0.6190323660670075,0.6522521852793068,0.2333995562325558,0.855724987517341,0.4546701869994173,0.2968696791745135,0.3075928669772823,0.3266609868354273,0.179996147,0.144401527,0.257142857
0.8161889627151635,0.606914460956047,0.8778075863810705,0.4506811567379989,0.7406121194102543,0.200365082819485,0.0395018696033881,0.0881655212175448,0.3106379571424293,0.167977669,0.33049127,0.365217391
0.3464423062987575,0.674598817810492,0.3850798182744612,0.8536668298435476,0.9579186690057624,0.7084607362157952,0.9202979078811356,0.924323736623627,0.0015338281094766,0.334233726,0.297571087,0.36
0.107766898241126,0.8619474914499606,0.4854681765564848,0.4453802532514173,0.5591775042884773,0.7843820518442592,0.2387030866696994,0.9706233462049512,0.3500018561811783,0.365871122,0.395307223,0.32
0.0221190625534403,0.7780539213066948,0.7572433425628756,0.8739141338646417,0.73461293381061,0.2017397214025854,0.8638238020270577,0.0761259719566751,0.4008745322447812,0.422691828,0.052504094,0.0
0.4681487882728863,0.0407384455459005,0.305895599531462,0.5664542636755798,0.5112896684521139,0.6127289329424431,0.8127750041973499,0.4061148168871915,0.906171018484322,0.096264553,0.47334773,0.195
0.2895981233604575,0.9857599617617292,0.0629439433765615,0.2346148232822296,0.3091624716013124,0.3205423937838051,0.8528154855517075,0.6806024425323913,0.8554085551472701,0.554646682,0.311613562,0.518918919
0.9461088886200734,0.9035019912404036,0.5852712462787428,0.5062374676087011,0.2585878814811325,0.883296110308886,0.0343188237973672,0.1165752856482877,0.3047948996331769,0.323915983,0.611782891,0.66
0.1726169485066805,0.109829205321967,0.3538762536843196,0.5657347364767294,0.2833407196618395,0.6109535734747286,0.743836174576011,0.2250674221404593,0.6163978896597051,0.106542585,0.356080647,0.3
0.6831483668174024,0.2297138182826248,0.8082682366015566,0.6656590417406861,0.1235299135664969,0.5407759988851945,0.1619938644006492,0.2761291350144822,0.4919966734138054,0.096227262,0.42480814,0.0
0.9968205505932202,0.9010083739430748,0.7343618884259147,0.7167425322431308,0.7024086773578759,0.1015875672454714,0.2136101599753656,0.6890424699022187,0.8705493352795628,0.35506704,0.208323376,0.085714286
0.4864043600502301,0.8673199611400152,0.1310748269503697,0.3097457490567115,0.2163667968854955,0.5411891615187077,0.2796335427530789,0.1360219755918978,0.0217509346773483,0.370579553,0.179834364,0.685714286
0.9821988197786656,0.2257012432359919,0.6055468966944557,0.2827518061862931,0.003635322602729,0.4361919345798405,0.6873766399755129,0.8791006832123088,0.6953521191458075,0.163451765,0.503856504,0.070588235
0.2942581844052261,0.4064921731558019,0.7368892431120259,0.2518518212711147,0.5815195518924055,0.0048210924408444,0.776921488351711,0.9133891269293916,0.301456629598296,0.222140491,0.056614531,0.685714286
0.5983262790099797,0.600413140786358,0.3903625421274087,0.0879514860102423,0.6319007409469659,0.5854593401693049,0.7549956270307416,0.3615718010081898,0.42712794194451,0.276227089,0.422782442,0.709859155
0.1267466711148767,0.3407382248453671,0.3164331437211467,0.9014219096865526,0.2429298906272926,0.6245751775427522,0.3516870280122943,0.8505278709303488,0.7177813044040144,0.145973276,0.315867111,0.15
0.1262671247390401,0.2222102291262941,0.2138711860199892,0.2916616646951598,0.8834739854364576,0.9630941003239948,0.6478547468033851,0.987644030077936,0.5106935462312198,0.115250487,0.44972249,0.306382979
0.2994295518704568,0.723272257095322,0.4800535798559266,0.0032786279584532,0.2626513795194789,0.5900853170134395,0.701827482661837,0.8301545025553886,0.9935692667322104,0.502517548,0.340814434,0.0
0.4813192918935565,0.9666677332607824,0.3556191035414021,0.961724784026247,0.723742670623757,0.9401310018390844,0.3936370311236085,0.5573055079279524,0.6345038982921404,0.371799188,0.556812206,0.0
0.4947195590445319,0.9072273269718564,0.689645341259439,0.07479650420633,0.3430473336163996,0.5379030230368914,0.7358801174772428,0.2108211820218529,0.282771985165904,0.564303719,0.450441966,0.565714286
0.3419084621362568,0.2381169416833214,0.9629329072304466,0.6121114338481399,0.162735510712669,0.6102474674472748,0.3200170688793824,0.7843310183487974,0.3491513064313014,0.097530239,0.455166155,0.436363636
0.6513078148826742,0.2855362171714344,0.150578012399999,0.2007179107529851,0.8117989573677453,0.5771653106951845,0.1202500398175983,0.0484922351825772,0.5372414296653901,0.098649912,0.419561355,0.126315789
0.7390664076191266,0.1362015364868747,0.6460385839365811,0.5958378552027337,0.3585770332769021,0.168649295474475,0.011099519365582,0.5513410651392903,0.2731377377402044,0.092446173,0.177356108,0.266666667
0.5310512357116636,0.5547359370528727,0.5861743165160629,0.8023741321268514,0.7005122484325682,0.2411955847719857,0.7522570423671106,0.2649204571014927,0.493362211784853,0.284568614,0.273040515,0.591549296
0.3206513887840214,0.0094584778724788,0.8246230959893895,0.5724437864400828,0.1718585205245536,0.7678244757003411,0.3391721844745982,0.9345689736286364,0.8873230897546212,0.050762371,0.5252253,0.24
0.4491175553318549,0.7052707983358498,0.5682195152975145,0.8250609173087511,0.1833667595748588,0.0807371212553885,0.7105274818510634,0.3215795076061332,0.7287528699721979,0.40433395,0.139847149,0.268656716
0.9520196098969512,0.6105079471911686,0.4623968173030994,0.214212345376048,0.1159704473239978,0.0545371915355411,0.8248215075275248,0.1402284567602448,0.2721439749666767,0.282194929,0.267703335,0.683544304
0.5735959906712694,0.3640243542652635,0.8555750074433209,0.9444849150421356,0.2028883437956838,0.3976695220186296,0.1135214706236539,0.123643810020816,0.3601142410039987,0.140742578,0.339893819,0.092307692
0.7661376426799293,0.3197500653913293,0.9636510946368996,0.2727158113971858,0.5955668534196542,0.7482341741086379,0.5521990816324966,0.5678202493958832,0.208940496761408,0.179994337,0.490242771,0.4
0.3764836313936209,0.0419512921212957,0.4035283401867116,0.4035129392004747,0.9379733108361,0.8326786190617708,0.3997420830252122,0.7857818442360449,0.0600209299708748,0.061988905,0.319503305,0.0
0.6991420127700854,0.8813612277420643,0.4592562373354805,0.1465812443627409,0.7508414191475024,0.7090991733204753,0.3612905723202172,0.9607530954283728,0.5718147197625358,0.399948376,0.484059698,0.072727273
0.51540844245714,0.2744494126802205,0.1404313487913848,0.3790356484918482,0.6919495079205964,0.2135713852308381,0.3718060539939827,0.2339116499149787,0.6982694914355185,0.127345005,0.264781849,0.24
0.3851647551088847,0.8699783128194996,0.6814043656904195,0.0622587536484119,0.9809394769595728,0.1314453576358306,0.1922348936462644,0.1403182006030598,0.9531211694235638,0.357209109,0.27090832,0.646153846
0.747384120597905,0.0763447969266521,0.3273675824100589,0.649806804023396,0.913040700611405,0.8835306834055651,0.2888239790752874,0.4959902158475552,0.0209553453992729,0.0684926,0.31967398,0.171428571
0.6624212611473915,0.1797292770623805,0.1015952520164453,0.7869499683367094,0.3041627348122528,0.0002178372305466,0.6496724685651364,0.7689332702717465,0.5797612969813536,0.122006022,0.034477334,0.0
0.2560986851218394,0.3980591218549885,0.3013304085282311,0.3588574138239518,0.387668322325431,0.8978730574096746,0.742495038311734,0.1043093567391386,0.9501395118156502,0.183771302,0.501604847,0.498701299
0.8931868693962725,0.0264785742763924,0.3508859058225876,0.3162154665868946,0.5850527882217098,0.2631829533237643,0.4161892888153188,0.1310362937952798,0.0743931485535857,0.044368667,0.327488571,0.36
0.161579040574288,0.8339653013793578,0.5389475570089358,0.9584102206167984,0.3585513391637472,0.1355071251682791,0.2621183483341995,0.9482592317350144,0.5013377494605283,0.328026703,0.067634768,0.0
0.0027397296931627,0.2560993797753965,0.9539488082764148,0.4042187748909783,0.6622665579364599,0.0002843110438807,0.0557493576536951,0.2137322375648848,0.8394610023628586,0.103080639,0.017295825,0.685714286
0.5620028984524381,0.3172374080956361,0.9159705766551004,0.2401701267851893,0.6869432282423446,0.9826656213168196,0.0828081479242245,0.18443000491628,0.9931254684761252,0.114715499,0.627185922,0.755555556
0.9721524024441992,0.950296969740895,0.0385143047657399,0.9940276837723784,0.4044385477892094,0.5366690829048538,0.4720364697472572,0.0062532445349073,0.124585654653569,0.290886594,0.330540545,0.0
0.2302237069010643,0.6345521907805824,0.989270736396944,0.7287525078429774,0.4940724777305728,0.9447705174543072,0.7058857251791861,0.8335950649675571,0.2688276683530307,0.355310327,0.419443459,0.342857143
0.8045970349767919,0.9409549833093184,0.4340524134446701,0.4379800908881638,0.2836362838647684,0.5933855417718523,0.4671432445484977,0.7430274321625614,0.6897743684887437,0.438222416,0.63060582,0.428571429
0.2379366146547349,0.9635641600603398,0.1249278647727476,0.251479338702083,0.3743342100242531,0.2074215683937146,0.2568289103694695,0.7572490834258503,0.4874813668308818,0.361692452,0.207726544,0.266666667
0.9483752570365646,0.2175142103455903,0.7823609079603803,0.5193378381228488,0.336740084784511,0.2654421658503649,0.8875132075504165,0.2966825978474188,0.8777100525547518,0.14313967,0.447972031,0.668181818
0.7736502818675854,0.0247211969852433,0.2254459173487001,0.7665552539507063,0.3506979819356043,0.5945589272141453,0.0368796064025963,0.5035881578046122,0.6658548665084474,0.071859117,0.425091066,0.576
0.380397226460502,0.4096910527369986,0.95788363444706,0.3372094946138312,0.7147429024002466,0.2989331573839693,0.0412918495490278,0.1747677335357865,0.6794012517152144,0.146426049,0.433262242,0.635294118
0.7765148954432128,0.0312151791580294,0.1347739307142885,0.3051136676002256,0.652332452913193,0.1433092881694075,0.2568021144389576,0.7451998361489576,0.7289200838784403,0.078139932,0.24335823,0.56
0.3468531171405181,0.5821619771266917,0.6936735412711846,0.8473227696776113,0.3224618450789225,0.6801555255621363,0.0511419281772026,0.0284084111783579,0.8269832662327562,0.253673999,0.414705051,0.1
0.8550903982668678,0.5941337723830498,0.969805136978826,0.748378500084442,0.6617082692785672,0.685282042378614,0.0715270536847415,0.1637279995494375,0.3718907397908386,0.281642159,0.361446221,0.0
0.7690799395877067,0.489487695224493,0.5016795869205767,0.8147770730339212,0.8393382859246596,0.1248284140858427,0.1489804126543191,0.0527260640125455,0.1459898793310777,0.155841443,0.328672557,0.444444444
0.8459558852573205,0.6501820042634747,0.0948728107473879,0.99028178586103,0.1971454516779046,0.4880421769203694,0.7466700413382896,0.9552923949503624,0.7129347845011086,0.29034424,0.366961486,0.0
0.7875619360076906,0.4185626467069131,0.517771281968535,0.8648334853769961,0.0387379036621293,0.4155919187222396,0.8755005524478104,0.0737022496535757,0.8253855981065504,0.223011595,0.572104616,0.15483871
0.6416051352832336,0.4699132500249993,0.4029243387311411,0.1786442764320528,0.7120879667777007,0.6137298256536208,0.9062213984703924,0.509729347695112,0.0873717993051589,0.193322137,0.469951574,0.613953488
0.6428538730723694,0.7121426544412122,0.4274041405087299,0.593752419696999,0.9472530291357312,0.9302032407082363,0.7677603960703451,0.2013546501205531,0.6644741907284547,0.409075961,0.531531919,0.470588235
0.430954798667607,0.1821749214299877,0.6975176714726541,0.6912277267257251,0.9160400684845632,0.4232668193710287,0.809171135615832,0.0869981211782987,0.6778345804131489,0.146382399,0.359078551,0.054545455
0.6406458192961989,0.7322858506412746,0.4481944368576795,0.6236915661125603,0.3284891564406396,0.5626612413745584,0.7613871987656572,0.3970937273535172,0.6484338912430028,0.319161644,0.533006457,0.0
0.5911589056792632,0.1180394904516832,0.2793075507623956,0.2431976059526089,0.2798660009197001,0.9011206117840356,0.7051873646491859,0.7412311441657936,0.5397182606761004,0.109384658,0.631505573,0.486486486
0.6508860902820831,0.0308416318896274,0.6701878988311433,0.1254744513465364,0.7677429513015013,0.4636921053285316,0.3018472389863659,0.9331894362831714,0.6165952314925203,0.095714125,0.601198419,0.36
0.0826625022498034,0.1251861596395882,0.6529250555579674,0.2011614421819246,0.8622460434556416,0.2514521156440661,0.3835416105615991,0.8904093120572412,0.0938328906745251,0.065266907,0.064669137,0.266666667
0.200728942562031,0.6163559706835945,0.8508919475370401,0.5491954278672881,0.2799525686820397,0.4540040481505518,0.6673247989246702,0.8965850207313921,0.7045264971661578,0.30946628,0.267461145,0.0
0.1260771818494025,0.9807546967920314,0.0198493536860704,0.5313260888238479,0.2062355532671119,0.057037961219526,0.4433115911213703,0.9860338012352116,0.6040532284321307,0.299401991,0.053727217,0.2
0.1607683698768824,0.9275921303560096,0.0188078393756696,0.3183851429101696,0.8051010687919803,0.4707617863949795,0.6840209459642304,0.5662161706381301,0.7609487883109743,0.624860093,0.245035263,0.0
0.957828279864294,0.7122727347111302,0.0075564448625564,0.5693712961095835,0.8243569975706846,0.8340208257065239,0.5675612360498284,0.1945103316371774,0.9059370965716692,0.31795647,0.568454383,0.0
0.8573395171480046,0.9847336974825632,0.0610945418715447,0.7728524003717653,0.6234617576814677,0.2195962046251939,0.7454671055221402,0.3881276391093062,0.6645181266936,0.546732932,0.369062739,0.435164835
0.0488974899221593,0.6520955965530453,0.95133850716592,0.1715919354838186,0.3770206538345999,0.8854254292905316,0.4620509785459035,0.8405404597424411,0.0426083529618525,0.187347993,0.396124326,0.654545455
0.537715299985884,0.3144692785875894,0.720296581763139,0.033428993761305,0.7048224160750128,0.6279983836558078,0.2126797382086455,0.1838107867464078,0.5202075770692567,0.119545866,0.48746714,0.381818182
0.6749855456924041,0.5917007881507005,0.9696315243570668,0.2170722937457831,0.7873805655571812,0.0011429437103176,0.3059385329420088,0.2553719885082285,0.7471699202594126,0.21985649,0.062655052,0.733333333
0.6276444828566216,0.5006859145359929,0.7736354549794268,0.3503836884764703,0.2690226085879188,0.0458218454343033,0.093465602370436,0.1757474556465527,0.329882821980374,0.199470559,0.170376685,0.576
0.4445857799566889,0.1139500936109528,0.6338184329728332,0.8287028304931171,0.8200142163964451,0.94638882327169,0.9107150167155088,0.8690402938296634,0.1231934477872085,0.124669389,0.322259896,0.0
0.6910636034903231,0.3166529488315469,0.2967015331557848,0.1330732891834297,0.2161007966339255,0.3679715581191078,0.8125814653129985,0.1951366213743618,0.6092897813925789,0.177324392,0.429891181,0.097297297
0.910136361631502,0.7541251077011406,0.1687608638978613,0.4203589190231653,0.0314950097989586,0.6272672761139333,0.4024162587520262,0.6516109880674826,0.5469218398753339,0.248104954,0.565923091,0.54
0.1066294597586978,0.2453145082624417,0.3999844000659565,0.0455295660804319,0.692224130003166,0.9613777262861312,0.3546626244375802,0.0231467109391495,0.1535251607816359,0.101642796,0.373954899,0.044444444
0.865972212442131,0.8445280903170762,0.323134367809775,0.0073943713226958,0.7339008709708197,0.4371207943647323,0.8515833919344136,0.5337356758193063,0.4081130958248105,0.550911758,0.43291411,0.0
0.0864283600172104,0.8636364159335195,0.3533245832453509,0.9669195822390648,0.7876458405596746,0.2751292768313796,0.5973482882808806,0.4413793664502367,0.8995878707989775,0.488637732,0.245859166,0.425316456
0.4455269354748217,0.6537886263083912,0.1465187936642996,0.5448435455927468,0.7400029415338472,0.8670503967513246,0.9943284210686256,0.8127120716752759,0.0424550448544064,0.284172743,0.475886238,0.315789474
0.7829201045973679,0.3929301500443274,0.3732591203116627,0.3942604958404213,0.7886916182331474,0.9447892882399266,0.5605782968668921,0.904088235649482,0.1174032907717039,0.166712588,0.497256887,0.3
0.3755582030298331,0.1407297292443787,0.6115050879746557,0.5432086527160725,0.6359039176743588,0.1898441498656087,0.2911408363520569,0.2955390626868331,0.8701672952797156,0.113826333,0.261904815,0.888888889
0.6015329774077656,0.5590496573820011,0.9894995698459836,0.8434214559198709,0.5354926398408721,0.4370924859248219,0.333498230671264,0.8535075807255564,0.2370735125433207,0.178265174,0.485198244,0.553846154
0.4032124619520055,0.2219335354139204,0.4348162931124607,0.0140690272200486,0.5574183286836109,0.0285225385079116,0.5861617075138545,0.7209158847437838,0.2213266733806008,0.145500741,0.101136042,0.689361702
0.4485397034543389,0.6189340151818034,0.7935491041582893,0.9302767366829204,0.0255922011758601,0.5092407052504011,0.8853639080686809,0.3621855892061688,0.2955113569494766,0.295831221,0.360636932,0.0
0.5878200898469484,0.5465052581640483,0.1467996181050426,0.1822781496976389,0.8028129112571315,0.2665468681148291,0.5037864556765949,0.7262459802881487,0.5073004097146386,0.324920166,0.359414613,0.356756757
0.5759796124222728,0.3469359837995617,0.6405273342962025,0.1360166900799854,0.5209257460584645,0.983564269487668,0.1121840447290597,0.2734503359285959,0.4721351787361852,0.140583885,0.560945501,0.0
0.8824141556214214,0.9826491309271128,0.1072532746015445,0.4577454474584991,0.1032440946061284,0.7883121784030978,0.0051686048869911,0.4670928590375531,0.4762118680591081,0.485532934,0.496575081,0.218181818
0.9623743419763324,0.005703214499513,0.7123061135002963,0.1974114601599614,0.0776825714907409,0.0021078300826073,0.7823732392006326,0.5392508629859635,0.2150462622193211,0.075500465,0.105587601,0.583486239
0.6183944449416198,0.1384257520447339,0.7261315608829422,0.5555599738066979,0.0033293312556368,0.546353833137827,0.5702171416298901,0.2362070603641518,0.9228844248546164,0.109776849,0.473795494,0.075
0.5180641234198463,0.0953677469666478,0.031719442099297,0.4882851185550958,0.074843004595222,0.8638615613001706,0.5273694389828235,0.683536809488557,0.2475085080035904,0.096724248,0.52663058,0.204878049
0.9879908702632314,0.1386790456867042,0.0693837743568754,0.0268169798805424,0.3618797836486913,0.736457292531889,0.1556540057760767,0.6388924995432251,0.7065231561559958,0.083377005,0.618580705,0.15
0.7649948252513122,0.5862752893090717,0.1460186589048382,0.8046040594558251,0.6409911769807513,0.7391427588734012,0.622512017651432,0.4321186117398436,0.8047488741675219,0.351308715,0.522611013,0.0
0.3570246089524171,0.8674514589639557,0.0137900828911637,0.2020485229485004,0.3793953848681747,0.7767515032642103,0.0318688842865818,0.040411745677612,0.5718088576931301,0.219756662,0.393789056,0.0
0.935700730894562,0.7835564174916516,0.0704895952770282,0.1644741496006616,0.7074912800804798,0.6210142141332352,0.9330267540030832,0.7396690744983866,0.2820282356708343,0.410773211,0.490981176,0.681081081
0.6659028596935536,0.5563881804572097,0.5099895037549897,0.1138733923975584,0.4184534352160388,0.0647617833893078,0.3650279208038662,0.5562009800301547,0.8133214949394032,0.13674376,0.295323731,0.66
0.8240465946379106,0.296230144786098,0.6817315874545302,0.0047163135084533,0.1052643472242964,0.8987904706839099,0.4888882027312732,0.9050930920588848,0.4374244564771241,0.076266866,0.520448085,0.72
0.9350255389993476,0.3907214300986961,0.0124275937041262,0.611299269480438,0.6256439308567668,0.3766027151508908,0.2057890188358747,0.5375498203373772,0.1184831536816402,0.104770758,0.461948847,0.034285714
0.1453384289651085,0.007546242591065,0.1465653926707105,0.2971761055923551,0.0229717699911577,0.9799583742027628,0.2570996455412125,0.0340221588193324,0.5109450797702306,0.058697774,0.18465326,0.0
0.6224925896214333,0.491655946769331,0.4357535104236535,0.9486468489500436,0.4966514440925541,0.3354601570736439,0.3998662602248166,0.7883531005993537,0.706579386814909,0.135169024,0.417570634,0.24
0.7652179101538975,0.6659958364319277,0.8833682464112436,0.6063866521815637,0.6958260793695731,0.4559561135367418,0.8334037604543811,0.0398081588869966,0.8955810400637704,0.384476735,0.488116118,0.141176471
0.9949377447844469,0.0780979494944781,0.1376637711102247,0.5322431882505427,0.2137147140497893,0.2533827513899762,0.3526096968252089,0.0782961963288606,0.2752459414282923,0.041338783,0.272972904,0.378947368
0.340416395444577,0.9240266284301564,0.3628034884141555,0.0971543073526602,0.6929958691136053,0.1061578794516108,0.1983656508367456,0.870706534845083,0.6042557551623425,0.308177243,0.118090716,0.0
0.3377491611443932,0.1581406778151762,0.4343232343542975,0.5967885396494422,0.749681820198405,0.2911362750734992,0.57610529672989,0.1374957640940785,0.903299667703408,0.182833937,0.364061523,0.552
0.7977586208163298,0.0890667468867738,0.1485933361240513,0.7824277660080279,0.4597636358125645,0.8797652458465595,0.3924573166453976,0.1103529735574185,0.2508667348987097,0.045908686,0.608290071,0.24
0.6222170736534021,0.276634146644049,0.9354312861245484,0.8269314178968026,0.4066164058134872,0.2834680291251322,0.7764833532448547,0.2760780030686434,0.2526507158095441,0.144062612,0.337052188,0.24
0.7599674587532426,0.7347558076168198,0.0209333017906858,0.9277033818113758,0.958859594888785,0.708497125699289,0.0056253696201143,0.916325204323144,0.110423956826444,0.195426518,0.430921056,0.0
0.6465885760063443,0.8968212065958059,0.3028327894496477,0.3736753104973471,0.385062037366134,0.0956037412389445,0.0955212214115208,0.7365132484349514,0.916698312448198,0.31563905,0.265941208,0.18
0.9104124492674336,0.1736159907021853,0.3735550699178613,0.1836124024856674,0.0919335986293157,0.7393439746806734,0.2979707586458258,0.2103209791897383,0.0228654772886293,0.089365628,0.485762396,0.685714286
0.0774510672132066,0.4071177350996223,0.1834261764486926,0.2888621399693698,0.1293192005382332,0.4593641141840893,0.7589006231934424,0.3062419741298698,0.3599260471939521,0.182359562,0.299252998,0.647368421
0.7035784271744231,0.1297868093012406,0.6570844435383864,0.8038547085729165,0.4777754075903124,0.1350033168683218,0.506227922996988,0.4872254002735571,0.3742639528445663,0.109521698,0.336657876,0.3
0.7856420265740353,0.2384514915296712,0.5223059805675327,0.2656502405198042,0.0929271095348451,0.1452462255591878,0.3074351681100663,0.8172224671890547,0.0609506998280181,0.069850554,0.229709574,0.369230769
0.1125226789610579,0.9434822350834564,0.1323565231972586,0.6182166135433538,0.4052042969462792,0.2907431598521637,0.4600687987481562,0.0854873745703402,0.5146276077131636,0.22824847,0.063307517,0.0
0.0510600649833902,0.971155883304063,0.9552626090316728,0.0466450642408249,0.4062082071198118,0.5043811582136992,0.6660839502607753,0.6215442744429556,0.810921455633084,0.604287489,0.163474717,0.0
0.8392628630450943,0.628468421093402,0.5141781765228274,0.3594823317854139,0.5941223408719772,0.5381716338657233,0.2046205961549976,0.6526389007206966,0.0020256126948835,0.292490119,0.228044618,0.266666667
0.5832314958831072,0.6274280307048477,0.8629739312014946,0.0355958163067228,0.0258113771595839,0.6708859782625423,0.7386371518089649,0.7011501205982433,0.3202773864096678,0.295110264,0.590597152,0.694736842
0.6555528029091494,0.3992919914953577,0.9748638477960088,0.0779710399800641,0.4683554853478902,0.8742284271207899,0.686578531902298,0.2004120109125404,0.1817971625932762,0.140018759,0.43488088,0.048
0.1132517010714061,0.5773545115857605,0.5864909421433051,0.482799675541837,0.9625917888109212,0.5910277821495321,0.5627445009011122,0.6737820064681462,0.1041921539759457,0.239342194,0.272399793,0.075
0.5646383876300718,0.123928925538768,0.2491854338852395,0.6048599928305556,0.2635322298899125,0.2902422414498704,0.5777965974460852,0.6415282962439217,0.500950337562753,0.127644836,0.328523558,0.376470588
0.974996507458692,0.9501002510742964,0.4212230487307118,0.1652813820884786,0.3945295842051196,0.0163074319632229,0.5006816598550141,0.2809347965456394,0.7111682134148928,0.597367817,0.108910748,0.404651163
0.367904226075659,0.2180367785373664,0.6698743903501647,0.268038778829254,0.573143960577409,0.265101482837661,0.7538063245962296,0.3525166091505993,0.600584629629717,0.097424872,0.188384401,0.0
0.4479378609771322,0.5512342496191329,0.2300617089334704,0.5156931084570666,0.570900131074748,0.874708462105235,0.8598106768723424,0.9720196847193604,0.2882061523590895,0.290125714,0.465435552,0.385714286
0.0296438592081511,0.07142796085704,0.6623881145825502,0.5384168879357133,0.0547012934865582,0.2964381738437351,0.767437029067248,0.6365586343586527,0.4280035844169845,0.118411602,0.18137245,0.251162791
0.2487673393711174,0.7206652955541014,0.5131506554371522,0.4417932950415373,0.8587403379863506,0.6096396610465207,0.2459425229850312,0.3951882935140102,0.6794595121392406,0.262986778,0.447481048,0.6
0.1393269574202664,0.6536928156007148,0.7651493008795679,0.8530924704149497,0.6593226129836448,0.3461401785619415,0.8410639262053015,0.206420737841512,0.6953197794470132,0.408126513,0.257157426,0.46
0.3510885405016272,0.45212102290335,0.2521035547103692,0.4607756384734883,0.733700227326596,0.0001675796756607,0.3474371479799675,0.1305366009362094,0.6064419970030015,0.119073317,0.020913741,0.0
0.917963210897878,0.1713099744907947,0.1749879636801841,0.018122992207642,0.8166122609751402,0.8264121967196233,0.1972666959347024,0.7886087848811336,0.3744956492978307,0.084030223,0.564243994,0.276923077
0.2976768859933411,0.7388169828404454,0.1114771155456446,0.3099982357084814,0.6368336347519545,0.908171286561523,0.9050849167394937,0.1219598178794763,0.4663920353633439,0.381655949,0.352746623,0.06
0.9930254299766188,0.0029200976088913,0.6122208953379916,0.0663477183133512,0.5212291983790046,0.508962898986122,0.427080192266973,0.5288281942344972,0.2448447605609581,0.060557997,0.482903877,0.285714286
0.487942602404093,0.8424345097021082,0.7712887651863448,0.2408579958492318,0.1124545064584315,0.5095633362892031,0.2481872734341967,0.3688701724313311,0.9191573287972542,0.313817006,0.251833034,0.48
0.1275672764097858,0.1009090606044817,0.1253917398563258,0.1902938816569238,0.9124576923787064,0.6408475473221058,0.79049600172781,0.6535802039072777,0.6350116414004755,0.096398227,0.287742309,0.0
0.3172240040917703,0.027566115919954,0.2935384414504403,0.5635668307458603,0.8922162424014842,0.7543636200614852,0.2287527952382814,0.7441547241889491,0.5029209210941802,0.081698626,0.525302932,0.6
0.7147125888792173,0.1464754976920468,0.4900921704072992,0.1485273575247288,0.0565488289199402,0.0979601032327057,0.5897759073244437,0.9910625175951362,0.7792755012281098,0.126062867,0.327172115,0.352941176
0.9684034251501524,0.0159280925259313,0.848811768825734,0.5994267654560844,0.5401677785705589,0.0602669399054699,0.8040532153648033,0.5068362770194934,0.144175864149649,0.093455911,0.236266926,0.444444444
0.6872649935852968,0.4284774292176846,0.3852877008713536,0.1134205254645018,0.8523636641344432,0.5526016544539422,0.0462971909351355,0.7212340263895416,0.1081166259913191,0.093129854,0.685964693,0.8
0.1000085543450892,0.2857447706652518,0.5099243886176863,0.7820803343835444,0.1126394526571251,0.8846779141845166,0.108405063356061,0.5136492659067823,0.6697205775060435,0.127014973,0.32671902,0.0
0.1078779849084886,0.0648027172578766,0.9990784412307492,0.1825413590265787,0.2198584021591622,0.0919643445153959,0.1325434312750161,0.5471518403845782,0.8660586953390105,0.078437698,0.098645472,0.272727273
0.3903010859762423,0.4279699888601892,0.2218767598831468,0.0788780822123729,0.5036469098011573,0.2152353546840606,0.3452720426039514,0.8326121676765936,0.8731591789777244,0.091360127,0.301887872,0.514285714
0.9806314020296044,0.8410230954761827,0.3632721100684507,0.0533707882613621,0.7649531597956599,0.2261580130049426,0.2614143693657276,0.9705011635588308,0.6111756171278171,0.272912386,0.38361005,0.494117647
0.686454178995745,0.2338865306129763,0.4618143395775843,0.8344849383640559,0.8197478318080383,0.0666808086341704,0.1803527603726652,0.2555315849086396,0.5706782676453046,0.053556856,0.13361309,0.08
0.6471672189826548,0.9911405821389164,0.5276801525744858,0.2456988469744149,0.535140511193863,0.7777937946245539,0.5446252056786287,0.238539216569966,0.7701594881915979,0.93977373,0.488132455,0.270967742
0.243826644196954,0.0612914821390068,0.5554293616017131,0.820219537285333,0.5640275971617329,0.9407756542357136,0.7357693824877823,0.4957882375429041,0.9717189821612272,0.112607544,0.49683337,0.531958763
0.0468917304991324,0.9438232177625322,0.4869468782528894,0.7283160060272035,0.8496237786165323,0.3099550403149309,0.4059579886180023,0.3658268033948868,0.1736382001250942,0.291848475,0.130237079,0.6
0.874351374882784,0.0596576652134848,0.3954956348587669,0.1275375005510179,0.6748773251615224,0.968182640633916,0.4833580430969412,0.2248118601236785,0.318864808829827,0.053941728,0.543179948,0.171428571
0.5244216249190242,0.9452722451487536,0.3266540781832526,0.8754090305387572,0.1937406708515573,0.3686224879640373,0.1783480337798056,0.9884070690426684,0.4384039031340138,0.324449831,0.274205866,0.171428571
0.4785450377232764,0.6145897610306607,0.9470536018842306,0.8212980854504,0.690287571862273,0.8522321897539509,0.1943749395961532,0.5708151005091104,0.3236289842268232,0.179826252,0.308986206,0.0
0.7859469775971907,0.5500172951292461,0.0580645527779847,0.2119595224640718,0.3314122716133842,0.871861469568485,0.9675748980222242,0.9710689938196146,0.5457725940396473,0.250074355,0.576934144,0.063157895
0.9099870607407664,0.6038453262250909,0.0420258361804936,0.3947572463113195,0.6811381006512873,0.2902198495842331,0.5877233925867097,0.6806800611395352,0.0019227049152904,0.245892844,0.274253906,0.04137931
0.1765356488972215,0.103629788996803,0.8036462813088959,0.7375134180568641,0.3675067328123249,0.9728675219272128,0.5402033217152984,0.884472218615102,0.7453405860446894,0.140078525,0.434278478,0.044444444
0.2750914992864665,0.4265276878545017,0.7454199061100186,0.1494831277328414,0.1472101009796085,0.7473761984083218,0.3197067266703854,0.0926527436039856,0.2169501566672838,0.120957383,0.471439589,0.510638298
0.1132757221762279,0.9653429340557702,0.8825171557667784,0.9562252355559592,0.1068912800224889,0.4031886847771184,0.7776406050805461,0.3091712443438987,0.1093239544825848,0.532833843,0.249385032,0.616513761
0.9748861082193871,0.477901138691868,0.8524166552619384,0.0453302686096791,0.3757156477403968,0.1581414409046035,0.0389249950439587,0.718783449812861,0.8613267777372751,0.220331351,0.315049951,0.4
0.0926391421252698,0.7533596557067891,0.5726626559590321,0.4310925901798426,0.5940470819985194,0.0226569264172995,0.741603512794534,0.209027713543888,0.9068617528040456,0.452768765,0.038376139,0.586363636
0.4219500447092031,0.407944142214419,0.0009740298969015,0.0774538454562521,0.5609904889412567,0.1058593191907457,0.3165533593529038,0.0226617930206802,0.2059626390193227,0.144720516,0.325781069,0.757894737
0.3282338302568945,0.2640738714613965,0.0080773492299097,0.155288732576351,0.283655734435172,0.5778239471470753,0.4287545730124336,0.8821101905210259,0.4804830213817715,0.070497923,0.387350786,0.3
0.0855496801185365,0.1013076674648678,0.3637145922903078,0.986646714109815,0.6059334390967652,0.5554362885211975,0.6702580590323208,0.2330022133058652,0.0516941342248001,0.111662082,0.207280793,0.664615385
0.4210706307858003,0.7899812310072138,0.534119949917098,0.987863120140838,0.4322048438993777,0.8391648241109957,0.3835242183330327,0.6532288409165783,0.913186274076922,0.503347316,0.599841448,0.24
0.4532319377396619,0.0541476741525178,0.1485033576278532,0.7316740551637531,0.9209889505478512,0.5621558819669494,0.5452553018562447,0.4580570475476749,0.3121356723700481,0.0712343,0.371896903,0.148314607
0.9659500215461388,0.8059239432817322,0.9399814543345608,0.8055352821316182,0.2321796552745901,0.1549899489686635,0.1390576151283261,0.8285237338753464,0.3621328199585564,0.358538471,0.22298284,0.0
0.6110270093444741,0.801343781384287,0.6284277903931644,0.161464148414331,0.3131221891612704,0.0073494404171515,0.9508196540978954,0.4354840496970897,0.4299485382197289,0.455423606,0.077904929,0.420779221
0.7406888771196684,0.8130731165158285,0.1267410543798899,0.8446227992376975,0.0492263974629314,0.5564574727470507,0.8720253451218714,0.7744985274607095,0.1987623964009397,0.398893991,0.399373074,0.568421053
0.2249212822556756,0.1418577800864663,0.5995596554956089,0.1231218856399202,0.77644780157179,0.4914961072730376,0.2204742537258924,0.9229472115404024,0.9128418246112194,0.104500755,0.337874208,0.6
0.0760096276847117,0.6886767593135236,0.302146319484274,0.00224997805311,0.748587796287808,0.6421493235024497,0.3900939321015768,0.9707125706806587,0.732565353397821,0.227607069,0.328413828,0.0
0.0970440571405991,0.1748386975372057,0.8994775258562744,0.846145750163284,0.206073970223488,0.5265601550871317,0.404500726717323,0.5406326783136325,0.2674556040903035,0.060908719,0.288437004,0.0
0.6317541451360036,0.8799491276309466,0.5357936811062005,0.4992894776586022,0.1463060131438542,0.5187146901310453,0.2879900260373839,0.6167073006346552,0.4760911184531796,0.417527379,0.204269021,0.0
0.5665991755406894,0.5668732546430119,0.7927622817723325,0.0304968174411954,0.4148189130657324,0.3353846016637344,0.518624484329366,0.3864329687127338,0.5235933096631803,0.404656807,0.298863811,0.4
0.708741107781699,0.6913936936542547,0.3278172910142989,0.8721800265047743,0.3607251217925469,0.5436805926739573,0.8245408931594352,0.8339864869655658,0.5741692825148506,0.429445045,0.402269194,0.124137931
0.333962920618512,0.035649144758165,0.2603867021051483,0.9317063470926822,0.3728676339886155,0.4099194404911046,0.8096373244423456,0.6493183867956335,0.1790924998468694,0.092024987,0.392361892,0.485393258
0.0493578437385628,0.9769701676587136,0.2155532097145537,0.3709584185111678,0.6717261993331448,0.7901230512545656,0.9094692454916674,0.2394679673303421,0.3221956919957561,0.622208691,0.218674541,0.057142857
0.8953937829931974,0.7379908141732678,0.1393292538082278,0.4266603049726598,0.1240213366236455,0.5573083061276133,0.6067654632508145,0.7084702110023746,0.5219175282603479,0.306238631,0.572882626,0.133333333
0.1079367379434781,0.2835052410934584,0.8696268911235487,0.6886069413241394,0.7144699054545872,0.707067034748374,0.9580827765149932,0.8142099767864088,0.9059576535146112,0.203243113,0.332583616,0.204255319
0.2414641456879422,0.7001352365994113,0.3524417223608185,0.4479578148455355,0.9950759380387164,0.0132243185631321,0.3577253515412573,0.5860447342829397,0.3916902932592794,0.271908579,0.022533619,0.085714286
0.8849914135543344,0.9241980450650404,0.2119898239717031,0.3148401293710148,0.3075655914201423,0.3703615274855124,0.26550516328114,0.2060109269349482,0.0649273293167964,0.320287085,0.463791074,0.171428571
0.6145130769922456,0.443106622693905,0.9439307688642852,0.8753136468695022,0.1512981983620596,0.2557732647146939,0.7615700573329395,0.7706760665070704,0.6509784160572439,0.248049169,0.231102193,0.0
0.0197201552689434,0.0503196653513086,0.3932038211327272,0.4086478872820647,0.626855060802316,0.4128825426463006,0.2136537190154342,0.9799200407445277,0.2349966136302766,0.050361965,0.154103547,0.085714286
0.056752633306176,0.2676039478918975,0.4339286445700325,0.0382524063985615,0.1372976119605927,0.642449577892769,0.772372051749698,0.2745972362624534,0.1350584498310587,0.15887835,0.199325884,0.1
0.2027337121418554,0.2578360373836388,0.731469766224111,0.8048259390730569,0.2206230818321517,0.3770498217203933,0.5813986752441223,0.6599666703983753,0.9988031672490836,0.194944018,0.408311981,0.092307692
0.084679408948921,0.715596285217838,0.7730702245873228,0.6335014507575167,0.9638422248407568,0.1842578423958365,0.5109527726847771,0.9816188694271633,0.3695552552397173,0.36983452,0.16047812,0.6
0.6118743680418235,0.3992089855131975,0.9923917799362868,0.6038861161777486,0.7721824040532721,0.1376112614614616,0.1311439807075755,0.6379413038875041,0.136935360670845,0.102458363,0.181373293,0.514285714
0.0644542608897987,0.5086457554324001,0.7929912503856115,0.4255585100669674,0.8508798088596737,0.9692302013907038,0.2409269008609831,0.4397437734951994,0.4191492450625822,0.181117121,0.251982131,0.0
0.207706190293654,0.6617844156892128,0.0710178633559263,0.9043179178249904,0.7105401344538147,0.8651279190616451,0.1205797587506579,0.5313782714814651,0.0374598342087771,0.244546527,0.35068873,0.628571429
0.5620824879894567,0.0423485673570911,0.4200909726229681,0.3222370102954355,0.8522539884816777,0.5764937139515177,0.2795408574088781,0.9525042901243528,0.0848340434649629,0.054483754,0.480929153,0.489795918
0.7443236447207552,0.9370491122263565,0.600954650305864,0.1948197278413157,0.4565315498720352,0.993745143143044,0.8847726910388496,0.2088443612941738,0.2226672479575473,0.616043366,0.524547454,0.40754717
0.3286897451197528,0.653187296850248,0.8340018719907485,0.3973420714411318,0.5895128611084414,0.8917442462158466,0.2178256431973949,0.5590283509416317,0.3079623835846686,0.278334562,0.141340468,0.0
0.243931269662923,0.0285118314521258,0.889971607177262,0.8335244599213409,0.0569948866043252,0.3194023910332454,0.3583775102590767,0.4027739764344128,0.0159928821348221,0.048289305,0.205384822,0.3
0.7291176820208245,0.1524385676769543,0.518532898131774,0.1477184288675679,0.3410365891204725,0.1591091307609851,0.3693398194808865,0.177707727386685,0.6298659562714468,0.08086218,0.399164144,0.423529412
0.695751373523199,0.9377736245290936,0.1890096504791429,0.3168776278070832,0.0423744135518382,0.7957177954689988,0.6681613460798156,0.9325785214105408,0.4768944918236876,0.676586717,0.531869562,0.677419355
0.9659116008330004,0.4101330453467741,0.0976607325697451,0.0737964007347991,0.5446262474151894,0.8615582351698018,0.8217437470258478,0.7328215088447857,0.3280625768668013,0.159994764,0.652082749,0.035294118
0.1824907566303849,0.8889464949033432,0.3930663806627313,0.0219841093424341,0.0820016000509428,0.3402610510755869,0.4062827520360356,0.4071959524638111,0.660409561407363,0.278877877,0.136448294,0.0
0.1129535092748467,0.991466705769521,0.0725663866573513,0.5666633746944879,0.6088431407969705,0.7013856418470767,0.0597448804394611,0.3947750615909139,0.8790641617752539,0.434595186,0.195185407,0.0
0.2423990608004219,0.8615013489817934,0.191330561638095,0.2954525876478516,0.8481889920982586,0.8676505578633505,0.2672675708206686,0.8722891617210223,0.2536100504789201,0.252516753,0.487019657,0.369230769
0.6497712667961979,0.0403097798887898,0.7472171827816939,0.56666377994963,0.8053848383499556,0.5351995084008643,0.2793353004379882,0.3891541725324883,0.7719306733484449,0.067503132,0.48241949,0.8
0.9712155580818326,0.4250757818058738,0.739744350279494,0.1992323772624361,0.1446693049353732,0.323377948779794,0.6028693328890188,0.1388737120130623,0.4577218325146432,0.235474305,0.42076371,0.035294118
0.881870024604284,0.3672919603838384,0.8021047633685312,0.7654135410235006,0.4454277540526395,0.1238323567699811,0.52273809284203,0.0936561808179675,0.0375810727224606,0.179967185,0.286385736,0.508474576
0.892697982210075,0.9275936922020191,0.2282192264057467,0.4973497127379536,0.9199150149680512,0.8753350563637219,0.3845921856192277,0.2227633920625984,0.8444905782975373,0.357990167,0.525624311,0.327272727
0.928984573798817,0.3879802587328017,0.7992320735430544,0.4977900767147509,0.3047208239218142,0.204694548760939,0.6574859655762062,0.6824365889328886,0.3867075854933665,0.223531761,0.378589147,0.072727273
0.8613550363876727,0.9006189563298833,0.3902649601643629,0.661438079405665,0.8154349069117627,0.1146820479876156,0.8716722980853822,0.1326333404792898,0.1608621569243612,0.500330331,0.17208026,0.077419355
0.6218712954777472,0.0557650429081666,0.9221070644338422,0.6669688381135086,0.1328788607847906,0.5804393168407201,0.2511946270852488,0.9794003052963816,0.5626766605515219,0.06447576,0.391278096,0.0
0.1783712382995784,0.152020926501791,0.503709608811271,0.1303982578110131,0.1274732136359473,0.0885179725179611,0.0188577423858485,0.5318962254607625,0.6948673516330223,0.099093503,0.147741771,0.68
0.7060663255194981,0.2590335656149457,0.9815678199629126,0.119284029049001,0.6090972652631116,0.0596868793082177,0.394197017093041,0.8473535154642277,0.5862328148575513,0.105604222,0.164854285,0.0
0.1253427842179122,0.6208816533085346,0.6690298174403483,0.2725799974744913,0.967804976617261,0.6878576161308538,0.195262549233336,0.1573114244064714,0.659515499525917,0.193610301,0.382767845,0.631578947
0.2654569799719898,0.6503647760373733,0.5931347830647117,0.771407336162717,0.9339404647072403,0.2109726031259801,0.9970513764279026,0.8214237863620203,0.1227394371964506,0.306123379,0.250477149,0.571428571
0.5912260685838183,0.7356216473292322,0.0963146546864398,0.3943449491474083,0.2036666778151612,0.9605207186677208,0.1075841450793202,0.8481643132323006,0.7702030669107995,0.333914477,0.55320281,0.266666667
0.8525636788195449,0.0778932595677334,0.0466619492379519,0.1873582849793346,0.211136001060916,0.2521778712862556,0.6329057540958575,0.1807578275419368,0.822084275747734,0.085529064,0.330021953,0.070588235
0.1485949348301393,0.1874316473166754,0.4566855539590898,0.1157535491763106,0.7950044042024709,0.5468424994690088,0.8947740963228653,0.0962917691394136,0.8928985737609355,0.143532349,0.256695882,0.0
0.5678488783083228,0.3738623097695271,0.4892091769711273,0.1306796802538472,0.2910167598685316,0.105987958598001,0.8969553882678768,0.1166768607932328,0.4294027399553238,0.155220794,0.162387886,0.017142857
0.9558633501446568,0.7502184846975553,0.0550794398167969,0.8458775654537818,0.200701633777762,0.0508044966650882,0.556191233866182,0.7899383101788567,0.9364996303264752,0.331072359,0.166404899,0.03
0.2871853649619997,0.4387393480140055,0.0655966766851176,0.6902416997226678,0.2109729616883807,0.9294415530306288,0.8473066041636472,0.2944213776284905,0.7008818649339098,0.240814834,0.51024163,0.0
0.1570006114858604,0.2083044185073328,0.8339145870863145,0.741619101802573,0.8550665667190713,0.982439234760596,0.8252012814837201,0.1997728730603111,0.1221548889413826,0.119963949,0.419888957,0.332307692
0.1899642497137842,0.7754482523317765,0.3506341324661427,0.4723325620478114,0.9800480323316036,0.7823040663869942,0.8744004173247883,0.3518722025733466,0.6406278531808448,0.55053381,0.359860049,0.458181818
0.0515650009004877,0.1079416318397539,0.8912235263601462,0.1062136228466783,0.2885755671339722,0.2665747443378244,0.8428499478497039,0.2275963921725967,0.6614560546490647,0.126564315,0.170791668,0.6
0.1149899429491314,0.9872483201074956,0.5542651905079387,0.8465422684886109,0.5358382149900696,0.7536341489985312,0.5157527788010724,0.9920918292630628,0.8124378133001241,0.71649559,0.373552924,0.272
0.2609707726810272,0.2601769347717593,0.3955208577482892,0.1973763513963304,0.4344919971520378,0.1657155632312983,0.4324296921450565,0.2745982991583637,0.961022693651862,0.109666161,0.229332407,0.641860465
0.58145823220608,0.8066834870868481,0.5472736338536962,0.2976850485531642,0.4797150330898332,0.6871656892533883,0.4420469400754,0.8477007702958501,0.1741098129382006,0.207836628,0.36164823,0.3
0.0607322934648628,0.1081197498518828,0.1436063590595893,0.8567312669039749,0.1018282276023685,0.8949578374933485,0.0764495429769995,0.4955913533779902,0.8179848016040285,0.083889856,0.273543317,0.0
0.9862739988727144,0.8385776211845438,0.4829744736388467,0.1942714735963944,0.217213855036895,0.3355667005354493,0.837313501918169,0.951306559186192,0.923350410616081,0.595947198,0.469705272,0.321428571
0.8642451595277152,0.019046667411822,0.8986327662288532,0.5331444332359363,0.020267619775272,0.3078951541606327,0.5153421941356885,0.6418568501732124,0.9363276919252864,0.1080999,0.465311434,0.258461538
0.4704750393630745,0.5484845003683596,0.0734290405101879,0.2263809036026463,0.0705128456270679,0.2811674906226075,0.0158420978658067,0.5440466885664472,0.2961944692679961,0.192706434,0.315602216,0.257142857
0.769503331335224,0.3081921431701812,0.6490093876199557,0.050773543413509,0.5282368214112835,0.345686731222517,0.0731725006737693,0.8801385894660658,0.8633826548733916,0.088721228,0.611223099,0.442105263
0.8386860918161128,0.2907436485576932,0.8379235951977078,0.5568758227762977,0.260763849660043,0.3530289638906179,0.6658979335205127,0.1247956253344139,0.0529623817296984,0.170136755,0.353830976,0.832941176
0.4307272280396066,0.1276454093958352,0.7171356025789428,0.7395362084305799,0.5069238890313366,0.2906278176810417,0.056930632935448,0.31685077620985,0.0639882128926699,0.060625638,0.206939604,0.2
0.5456187275492381,0.0586076551307537,0.4771178368261676,0.33411975905836,0.5727694508724466,0.5097315516214274,0.2071325505269247,0.7687690437888341,0.2065463950415393,0.07469689,0.377277738,0.133333333
0.0713871249257664,0.4169618162305992,0.5854235562698336,0.1853069808214151,0.7761737291813239,0.8698760235088432,0.1108181535518658,0.5071384899331628,0.6195925257736763,0.108562557,0.424222982,0.568421053
0.8119185538589159,0.9239409632083988,0.691193541638585,0.7149271935746826,0.617840629016308,0.7552108108104036,0.8203708324259548,0.2825412388780186,0.633942078666767,0.632506592,0.552803481,0.061538462
0.04246568928899,0.7194577510259668,0.2255175219662217,0.7089072768363635,0.7427526934299512,0.2381751903543332,0.5512700737845095,0.1287752142207302,0.6799005801635094,0.356958749,0.072216734,0.0
0.7929185117647864,0.3197452988651789,0.5279780238742497,0.644055983594261,0.7398116632297052,0.1818007385002692,0.9213963149750578,0.3068465794481788,0.5103748612128144,0.185643603,0.345815572,0.628571429
0.789881218147877,0.441673904860865,0.5846343713291228,0.0567817946701625,0.8287618500297558,0.2788161737460689,0.0973765846417621,0.2190171352120578,0.1853876349407802,0.078036703,0.549098983,0.525
0.0722383530989665,0.0827866390991431,0.9370001477915,0.9053420520206704,0.3622461563499652,0.0711016350073905,0.4845236872364316,0.0489016474757444,0.4440370810394928,0.080441394,0.018756601,0.0
0.487013987657278,0.3400081881294153,0.1183239581314591,0.0991426724734816,0.2242228166475783,0.7887066263768208,0.1018293972601591,0.0255860971002304,0.152222741412493,0.085647991,0.509643171,0.545454545
0.6683369906807778,0.5103274938795164,0.8347182703531388,0.769758101556394,0.9520530295831524,0.4051598198585179,0.034394465881492,0.9999341043598056,0.4585688107492272,0.186170036,0.480043458,0.646153846
0.7198805739228552,0.3563026556805356,0.5171215351553599,0.5582805579163327,0.777443649224532,0.4800541830851658,0.8526756000947643,0.7686552066241092,0.0068586469771841,0.162315082,0.261995437,0.038709677
0.8411559679361981,0.9998236396390922,0.2940878617487434,0.94567657280268,0.2352861038767922,0.0395831926578683,0.3772957758053491,0.9333739715399816,0.1422336945085381,0.360547397,0.082231336,0.16
0.941883172934222,0.2867633473136091,0.4441459801929982,0.8689425527029901,0.1842945984905808,0.9316783604622992,0.5813063755379163,0.699147928790724,0.7855263216900238,0.128425081,0.581043432,0.102857143
0.428174142883407,0.9241835499789486,0.6469344020455788,0.2844498451352439,0.8850418849119264,0.3115506297758923,0.5661338126976949,0.8413045586679843,0.0815650433610636,0.49048765,0.317144461,0.571428571
0.0825335307970484,0.2455223468171166,0.0336728647392723,0.2526708049875,0.65034220533199,0.9393210523387888,0.9261643925437816,0.4782690200746406,0.6650141424085753,0.131074535,0.384266737,0.354098361
0.3876200858499521,0.8828385503515992,0.4117662520505323,0.8854924220767861,0.7550356177472326,0.3281570681193668,0.320084188456943,0.450081930316021,0.2715181022792013,0.395597001,0.295840609,0.266666667
0.1306699977296967,0.2914269930202019,0.6147761197161087,0.0467755574412925,0.0906987744351107,0.4736866220242191,0.6227788646327154,0.0908094435949515,0.1515727793855276,0.120181366,0.291483873,0.44
0.1725424555850645,0.6994883935209067,0.3744829215264292,0.4841668315209804,0.1522180284405397,0.756853431789834,0.0406571162279357,0.1561229283505304,0.5290603535279622,0.293428934,0.330991608,0.0
0.3628219262278335,0.6604847770896602,0.8901634491388312,0.4130373473173471,0.917081185004864,0.8147665509554386,0.1866055620462912,0.32123211426635,0.9601122464919064,0.246428617,0.318724728,0.3
0.5540228287031793,0.876016186410026,0.1394056313973832,0.1501621990765194,0.6736369545950202,0.6457561543864011,0.3063002380862822,0.4052738870634532,0.3588423319131134,0.389727052,0.224639864,0.133333333
0.4660157705978621,0.3381956582420028,0.424891047520351,0.1694624394924646,0.3909533322625379,0.7470126155552061,0.6238020723018941,0.9187352588774644,0.023196372830169,0.197519638,0.28371122,0.35
0.1053524261817431,0.8315705143480708,0.5735523141815309,0.859890603729905,0.8768919413095877,0.2211011500500426,0.203071277522246,0.828160974193321,0.8065413843785179,0.378401321,0.179557725,0.436363636
0.284562848012354,0.1073474588588867,0.0305042659032183,0.5215987396785168,0.7523010799730752,0.2146218439818138,0.5130017538848008,0.7849005096290346,0.1954104086287592,0.088382199,0.195074457,0.284745763
0.3096329094884624,0.5607398988247757,0.0218101801664351,0.0897522865153042,0.2890985234490476,0.1547459236352112,0.2214487144309529,0.6128454535881784,0.2385291523758922,0.128334651,0.120876966,0.675
0.7830013791464064,0.0060644260699566,0.3215843499570614,0.2732173427859596,0.9577649968782336,0.6618553163587173,0.4573140749513775,0.7003876982867256,0.9323849959650236,0.060669891,0.549459909,0.442105263
0.5832091661625489,0.0488233893136309,0.0129231275837115,0.1186277736311272,0.5890784889532615,0.1305217437866441,0.1478653317782524,0.4885347850369942,0.2525822856953412,0.053851181,0.209943276,0.635294118
0.0065781248830405,0.1685658535894836,0.9617661772721202,0.1771681404779019,0.716590424247905,0.8988723515823147,0.810693673583642,0.6349254606825507,0.7454026783637893,0.13537797,0.356332676,0.494117647
0.5964288524189469,0.297698165801303,0.891684626515102,0.5509991561288485,0.901872368410342,0.4556941839280577,0.942355205983064,0.0227561855023664,0.1061666297967512,0.157179215,0.401914572,0.377142857
0.7686883112133364,0.6435366292239524,0.4429017333447963,0.9326603235225464,0.9943289129046252,0.5505282054784917,0.2182254875608467,0.0236254444664802,0.0558043280237167,0.175456198,0.409418737,0.658064516
0.8457590384159285,0.9219057770551244,0.0578083149608295,0.9187252136312104,0.0645272188871231,0.9189207817011806,0.1049508854573445,0.9660057767021336,0.3526977118830633,0.299727198,0.572575767,0.553846154
0.2792836341316771,0.4685959238860419,0.1767571673530639,0.8139151402961731,0.452581544709363,0.313028822958626,0.7993679015611238,0.8366904853892252,0.712159483253178,0.202595781,0.26625206,0.103448276
0.3770283641572939,0.5011423595757092,0.4151409167334853,0.3733563995528913,0.2913457582565685,0.7459688153963425,0.5130842950099193,0.8945010193882341,0.958505211705798,0.304888618,0.498900844,0.549152542
0.553803917780177,0.2262912548927831,0.4946734631738729,0.0259455382354708,0.1122708635809374,0.35357420650951,0.1810629525543231,0.4415151975419509,0.0532109359173618,0.083635103,0.281901788,0.7
0.7519025429211234,0.8576958628211115,0.5993858410273444,0.5088473261621191,0.7987791567308784,0.5105283257702599,0.8407370680962389,0.5352468373434105,0.8149789946016207,0.491445166,0.504911329,0.304761905
0.6448700840682021,0.5581314063172954,0.931353294527952,0.869648975690656,0.8457600274794188,0.5588093429391875,0.0228288046583515,0.2521563283980087,0.2082642841943249,0.14412655,0.389820598,0.1
0.6555390744890119,0.2496525597223001,0.7725980861238843,0.7801700651835947,0.8426123380075364,0.8270991150720071,0.7662354615535942,0.0295996586628238,0.1494853787623296,0.11900798,0.489820978,0.2
0.9811481925954946,0.1123398967805018,0.1576498556148269,0.5338055711327855,0.2655231707167576,0.1498587299839081,0.955763999944749,0.9599332914802678,0.5953999065955482,0.120189962,0.426571566,0.54084507
0.6578790661100207,0.3975838196854142,0.5929446310927068,0.0635129420893595,0.9699951646848628,0.9589950324237256,0.1729958983776426,0.6941335728452557,0.020084522179807,0.140997057,0.381331493,0.514285714
0.5167538020900441,0.4102572116154648,0.1505542801360888,0.3663025824741346,0.6782305927826521,0.2351877390648664,0.997178972842692,0.4925167699359747,0.9168303139952096,0.237284256,0.262755206,0.032432432
0.1909438324002512,0.990925523367164,0.8618985206062963,0.2849660865206634,0.4806455814819825,0.390174281747213,0.2374880289598007,0.5632744448036651,0.047806348428309,0.477233805,0.233183849,0.48
0.2442941784787844,0.3761154749760186,0.1801089209673969,0.3049574412869935,0.2761027511132979,0.3503949880102452,0.9321280457146512,0.3591789715504373,0.3166689404890528,0.157984664,0.319105436,0.52987013
0.7419678837477598,0.0635980551638195,0.5694163656571508,0.0606314420106154,0.2066678981265791,0.5352313897462552,0.5565252293082755,0.1902648857711717,0.6032150464305622,0.122495789,0.547230559,0.526027397
0.4749462050604681,0.9298457833470146,0.5583536057998177,0.5072488342067972,0.5561458844244559,0.3834013501728779,0.9979983891623984,0.1635376304993165,0.7777578970551411,0.632534654,0.506696757,0.252631579
0.6773106858808041,0.6482444274151138,0.7215003858776127,0.2723747015826459,0.6631005185096073,0.5257255851374898,0.1940818458877378,0.5551442916669229,0.9773171938240812,0.285563911,0.547896988,0.742857143
0.7672750914654326,0.3500126733646952,0.8923625145226606,0.3905381431996443,0.9699120197045792,0.067987415474523,0.3371479394581432,0.1745730288357839,0.4532871896085607,0.090380997,0.225888382,0.32
0.864801817104524,0.3506470778457159,0.2505210767228308,0.0207185049026981,0.8645644975457619,0.4089388402069908,0.6884108017581942,0.9053706961223736,0.1234803195648291,0.153718114,0.452752866,0.54084507
0.3599376343479652,0.6053293296336342,0.1136603704034688,0.4129454306252674,0.6781696472121685,0.0743900809716119,0.5855512307011597,0.0516352376096597,0.6511618792367568,0.279901615,0.15061598,0.25
0.4824957374450007,0.5275818872535329,0.49464786068035,0.8773194960446737,0.184378213290893,0.3281091122761986,0.5050407455925571,0.94217053669376,0.7747458613129141,0.258967429,0.373702542,0.227848101
0.4457976920152403,0.3076216760246831,0.705262410994159,0.4732441694491951,0.6708640359559858,0.3571604946258364,0.424331111424737,0.738840178538917,0.3952872103404915,0.124651115,0.325970355,0.528
0.4951638943603023,0.0807785422985433,0.5465361521028023,0.3859736886369972,0.3090764859496523,0.2398143055152167,0.1544418231371074,0.3720543875631057,0.3124228789929477,0.06433531,0.137907582,0.15
0.0115714202777253,0.281222043366115,0.4115011203064923,0.5343684008494847,0.5806985644822344,0.2578822481439141,0.2073419526333849,0.2757188416278937,0.1658463683759515,0.102055947,0.121796457,0.409090909
0.474536679719196,0.1117146761493493,0.716835104042945,0.1413388815929869,0.3998128282182454,0.1916632804591411,0.0341687017650924,0.1270811577720747,0.7729290488804225,0.081096481,0.195927193,0.2
0.7134007453288196,0.938974683442063,0.6626763295463657,0.166459974930647,0.9504300229840732,0.1909235844342454,0.4078968480205618,0.5924187991548224,0.7253637277260905,0.205264578,0.308253577,0.133333333
0.5461493957802804,0.1351841702642158,0.8978366085255352,0.1624761233606566,0.7441934211381399,0.6744208764716704,0.6366555588900528,0.6037080617944215,0.4202080904926782,0.106010653,0.470844278,0.04
0.1132303500336278,0.0609772071469163,0.952934807649788,0.6405922293299731,0.7012102591902155,0.1139561787640207,0.9576176207893566,0.8433989949130609,0.1715311798645429,0.084932709,0.114043103,0.194594595
0.8854271114039287,0.9993488229618204,0.2573424197628307,0.2717995401848287,0.2736407230439082,0.1045624972233342,0.9231263707611964,0.5520698871837975,0.4201257796308854,0.518994413,0.191167346,0.0
0.2989181311345735,0.4586102824371985,0.1218724616951907,0.4995980481311212,0.8768691199423886,0.5702897385786483,0.4239684499092768,0.2547383072753987,0.8358518104960542,0.136988205,0.293439188,0.709090909
0.8919308945051009,0.6744074921048459,0.2893409546921885,0.45325815651588,0.3697773221963919,0.2949663722738322,0.314100940297266,0.0737814305725647,0.8804825024492389,0.24690449,0.423720456,0.3
0.7222498224286017,0.7580211155409058,0.5339847494307306,0.4779849453066502,0.4803455991372671,0.3731501296557435,0.8678643123325495,0.4913034149881857,0.5228948982897293,0.447972449,0.409296153,0.614285714
0.0533119194541231,0.1855548300760406,0.7287011414388216,0.1937653057506314,0.8750647731576054,0.3162662960513556,0.9961877292922936,0.4617729714763864,0.9501288155222494,0.152715246,0.150656228,0.042857143
0.7649498674445122,0.3537637732636489,0.6119590645811873,0.3455492264474151,0.655023803177492,0.0388062906921977,0.546517340306834,0.4681422133804452,0.1761053798239205,0.206797155,0.118509873,0.421052632
0.6928756402678735,0.3099418395712798,0.1041035363835329,0.0804363032145675,0.4175840995003649,0.0050282649544569,0.9679077156982244,0.1876973423131346,0.0605499700755127,0.143199699,0.102221833,0.75
0.5943480998973734,0.0956907361627026,0.3658446628076872,0.7473621283717747,0.1034706059723252,0.7055750475067104,0.9332122173299562,0.056240270275247,0.0866064649125296,0.086412448,0.436402565,0.0
0.2556783359219557,0.3086486567199753,0.4704820442121709,0.7212949117509487,0.6870575683331647,0.8983581277063809,0.7687992642535298,0.7941296120577123,0.871255282936389,0.234574911,0.470473186,0.206896552
0.3377690307007646,0.8354938234823576,0.822148145739681,0.8989036625250013,0.4335674213057485,0.4737812135003861,0.3774470212237736,0.2501008503842216,0.0547110618535666,0.300906022,0.368567374,0.588679245
0.029869632099754,0.9147692010813064,0.1098790723575139,0.4086239602463657,0.7311329403666714,0.3404649472121396,0.9148806361675614,0.0393670759155104,0.9144361358371064,0.528334529,0.11892836,0.251612903
0.9220728068075332,0.9852066463846662,0.904241347522232,0.8499683814976587,0.5754017179630206,0.0443391215573486,0.327829849482508,0.7837034011273604,0.1092699020120837,0.287718385,0.236359097,0.6
0.4607212981884375,0.58875007688322,0.7725899853285467,0.7117606116915789,0.1748801366332035,0.2432968264094606,0.7101662642643776,0.9882752427993096,0.3247484259864073,0.24110059,0.359988708,0.4875
0.868396984471639,0.8737378187927607,0.8127472783266624,0.5164991286618503,0.9311444200912166,0.2993753284668632,0.900859304021252,0.3712506917648132,0.6598623631477163,0.547347962,0.343952128,0.0
0.0442496025840037,0.6155940203699993,0.4617272888428957,0.6572649958437307,0.4439873976171639,0.0210474477126318,0.2186009403091083,0.3317280120865042,0.738620565236837,0.250366525,0.02098569,0.6
0.0965197978746505,0.0860189854832207,0.2595592484539255,0.1164015029671239,0.2606831597971329,0.4410610251475757,0.4518465641193572,0.1185848622272296,0.8756912351175248,0.082566555,0.215169943,0.461538462
0.895101479925312,0.7897242712645104,0.57106364552133,0.4975734004985397,0.7755763233756608,0.1293230220735419,0.7120705439916264,0.5879366015586714,0.2749664725328792,0.531541664,0.296449757,0.685714286
0.0069940727000575,0.3896420903090454,0.656411869847422,0.5322732440088821,0.5138477179418749,0.5714191897582511,0.1489489499754831,0.7543603946484401,0.8724934569739651,0.129742217,0.14658744,0.0
0.4641267913691471,0.478296004643047,0.760741908546817,0.2288218288386642,0.2222144443485991,0.2027125374470499,0.7596889533225586,0.3224962506587713,0.8066873152763648,0.267661864,0.242219858,0.447457627
0.162903816507859,0.3050336548628098,0.3683532692304946,0.2003863954566965,0.0509844421548295,0.0862508493035592,0.6365521097366881,0.8524149640257643,0.942786527884488,0.135640038,0.077180045,0.0
0.1677345516723644,0.5492843969184505,0.9121137408007776,0.4935468640798167,0.9104494946701353,0.8831910920767967,0.160442173308017,0.4512790299658347,0.0238705232282697,0.163238672,0.285742335,0.0
0.9035536122882164,0.5126632328301993,0.1249414361510403,0.5840356086847343,0.0765406390787515,0.4632508588088456,0.9661260320998318,0.2724325754425587,0.0022222093757197,0.191528884,0.349923227,0.697297297
0.4405104588118523,0.8232685491618212,0.5461287366752478,0.7440460215386014,0.8427008384872562,0.9770391798124868,0.6612071094783072,0.1204478519382137,0.3988607222279733,0.469706193,0.516987058,0.157894737
0.3791252657922633,0.66470651493247,0.0673501171687056,0.1546216671547496,0.6296392913585018,0.6063394620955724,0.9861339163024252,0.3272363810623551,0.2172692710791522,0.301718002,0.429708693,0.339622642
0.7178027300435388,0.52827594303137,0.9046798071873108,0.0669721308314983,0.962323905326961,0.778657562852041,0.7105900227803625,0.9216450161059856,0.3724965321093261,0.315541427,0.461676958,0.4
0.2439106450593506,0.6138235223925249,0.8962280338173106,0.9501191157210824,0.0806676244453126,0.1151369766214677,0.7974975066877034,0.8205816369617349,0.694326013528653,0.363266208,0.182144183,0.460273973
0.8018046379950565,0.1876010736835613,0.2599980217714852,0.4870705034206423,0.8192524754115208,0.6719301855215654,0.2759883609472221,0.9271905325080264,0.79165785033474,0.102560205,0.716195323,0.0
0.469070636886569,0.4268727445036703,0.574817145160827,0.6269949060817714,0.4961153710344949,0.0516179677698029,0.3190447992415751,0.8275826484330641,0.1160656969667245,0.135891299,0.055147005,0.0
0.7317974162292373,0.0525083570809034,0.5390928586632611,0.9592444410209406,0.9949891446732309,0.5748233258451543,0.468110834168976,0.0888901174571853,0.5315862165538213,0.071963848,0.386277556,0.423529412
0.6024288232562478,0.4019548228438959,0.3843194263931576,0.5073624291954045,0.4232250793743377,0.0099982223328731,0.4979669956679891,0.0783692685633915,0.3388416023871177,0.107287177,0.096002972,0.141176471
0.6790747273955479,0.2334420914420321,0.9730520746484376,0.5192109273397666,0.4308482941391052,0.3346393635362841,0.3164729518947387,0.3828589001258686,0.744283475136644,0.122053264,0.516818098,0.692307692
0.667164084462855,0.191732755152129,0.9947769577802492,0.4824620253061622,0.7616834836638049,0.9807285060406736,0.2236054690225378,0.1881677804240866,0.8170226539019663,0.119869293,0.439325365,0.631578947
0.7069578630029442,0.2552102658128791,0.2941839551939827,0.4055487063223998,0.8907197337085102,0.4583293460521478,0.0834688966469493,0.5147734002808158,0.1383478195308854,0.110780195,0.283321377,0.0
0.850252198705162,0.0205027992293705,0.0184692226406704,0.5147401799902644,0.3101397939009903,0.6255685524468328,0.9080897257357384,0.9124337938517028,0.6331890567217431,0.103682342,0.570278575,0.6
0.9586226556686906,0.957897761431325,0.8937845507749509,0.6344878390761154,0.8632235858966987,0.1204698584708243,0.2786812705841273,0.3030192193946502,0.2133838705762744,0.195920076,0.267914842,0.369230769
0.216267162086936,0.5863337442895064,0.8248250555705658,0.4018334484959864,0.8773026300118788,0.1175836103419672,0.3952256220346223,0.701099996934545,0.1389298174240045,0.188969835,0.153105843,0.54
0.9076347704435588,0.7302547527490759,0.8716043482898439,0.7327247035674438,0.8334703369080787,0.5792328982061168,0.6494619015667655,0.9161794869594716,0.2573276217564688,0.471550365,0.467317027,0.0
0.5489549459555915,0.1966603171378367,0.3029489350789127,0.5371540423948624,0.5270492580789287,0.0043123009319134,0.967072945739147,0.5205691888592998,0.046106477662232,0.095352617,0.034818196,0.034285714
0.5210626239854743,0.1055633847405934,0.9723340447184292,0.8325096509665424,0.5140862499741564,0.790244580983659,0.4987144958316927,0.2977536394431541,0.9284711601672888,0.059344373,0.454154676,0.0
0.7705468464726335,0.4245788829711409,0.9070168477970002,0.9045137104882868,0.5247896415060229,0.5051397499914023,0.9382242605998012,0.3580729082458891,0.9640677367509032,0.303167829,0.410495096,0.476190476
0.3063555924717658,0.6018629304007579,0.6305684278877108,0.3432595624620619,0.3277271210487004,0.5960883194605996,0.8853007708427167,0.1897496606826721,0.6693990501899525,0.400976211,0.278837857,0.0
0.5373222942404033,0.8590722640922834,0.3964921116229392,0.5194875005058617,0.9305904472306666,0.6931353202496373,0.2408076222650454,0.5156774733911274,0.0194963289929804,0.41507559,0.258940491,0.0
0.9630143086726808,0.6335092100280046,0.9299787476524096,0.5540629773649925,0.6386800711761388,0.7313800432842775,0.0081086418749427,0.958626548065131,0.2393632033032747,0.196483714,0.532932042,0.553846154
0.3431837951235851,0.155441656460441,0.01892428734421,0.5459211858501244,0.1012448042177573,0.8163269374907072,0.2123558222982008,0.530629777776992,0.7915111680387754,0.105188932,0.475030947,0.3
0.8889574182379906,0.896763065207952,0.1770903961938474,0.9382498437618202,0.7245514667881121,0.7614034218346513,0.6367604859589467,0.5882687120503599,0.574696534288012,0.516662981,0.482702028,0.055813953
0.8852595631625104,0.2535073080329784,0.802947332851296,0.3252239678689933,0.790984612001897,0.3336796726984224,0.4851553609985954,0.9015381711115236,0.8170242443057546,0.107980584,0.397999981,0.0
0.0352530022777909,9.2006356803509e-05,0.5422869194742308,0.2337843535980982,0.618819805311089,0.3795082305013981,0.171120461442353,0.2561438924584703,0.2046036324278504,0.049311112,0.146315704,0.553846154
0.868435128716857,0.1645951511017817,0.4424535179512556,0.1335439209747593,0.6035164745391084,0.9277069111993782,0.9379710600457202,0.6767443096918764,0.3886161766503153,0.127317347,0.62683922,0.044444444
0.3066177628814679,0.1694563468494488,0.9636837243522456,0.8275453479321404,0.0605012237464164,0.7040627125454233,0.252758413021439,0.8132288012624068,0.2924183340348536,0.074475402,0.557956017,0.24
0.0305004108892192,0.6338374896517048,0.960791148050374,0.75510075368301,0.6153280188085878,0.6767492064890078,0.1342572792030764,0.3285269774828845,0.4084716325370479,0.232640775,0.202667474,0.0
0.7173056755199014,0.1996959731912867,0.2025579701868914,0.7538734513456022,0.6584295687065849,0.2892446414493489,0.8155721770048656,0.7222468584019909,0.5787805070992458,0.117365757,0.265200091,0.0
0.7173570292877702,0.6783873732653158,0.579752670286546,0.2241912402781483,0.7750262366700451,0.5796702809155067,0.9311212446437688,0.7149494083479985,0.5386139069857899,0.299244166,0.487563937,0.25
0.2934888781928271,0.2703271760584386,0.4582361541986042,0.8947147408566556,0.1192545897764348,0.7759000545024469,0.2066203912250747,0.3546070023135521,0.545628543948219,0.140127537,0.352971814,0.0
0.635792459635015,0.72222177448356,0.9055359299865176,0.9347657162620296,0.4936920616499981,0.083401502857454,0.331040121865452,0.854992697015542,0.5378857919550041,0.24831215,0.305936549,0.381818182
0.2924100984174558,0.5910072432716372,0.0111947160685189,0.3792355608597739,0.3988263953951976,0.6935615014765897,0.9537916857074366,0.139655035630947,0.527787550224825,0.346452836,0.417849764,0.052173913
0.7496177546199168,0.920047448548152,0.1720673569891351,0.7581484565733608,0.6815554627631082,0.2155317454412145,0.5389055547320074,0.1711555158479712,0.9755743724134532,0.508204003,0.304875882,0.260869565
0.0532244116239116,0.2010070892168867,0.0900600482581061,0.7895204445454902,0.9180249363138802,0.6798487713599958,0.2668826335719244,0.2060205744607927,0.8038664568052174,0.08153963,0.326494616,0.0
0.9383902152105056,0.2697608097458308,0.0049031393947169,0.1662623620754691,0.3083799028846864,0.3546616344163451,0.7055374634623933,0.827035225672317,0.7648064944644727,0.119372041,0.449266331,0.328571429
0.5864948506542529,0.8201175496904369,0.9102508139107456,0.2436898070564588,0.0185556634363748,0.768417615425787,0.7884285841883649,0.6251181166839682,0.3084015211472223,0.5273124,0.499196616,0.47027027
0.995246660853799,0.8194395928042235,0.6015226430506073,0.8861515212351568,0.3140625967775315,0.4886666569672458,0.1255387774259658,0.0096631268670485,0.4177453999983663,0.231952288,0.507480385,0.365217391
0.6981903221951578,0.0138325103115726,0.0844221941385574,0.6469618139960203,0.3520227495924355,0.7825716561177516,0.1860186660815838,0.7012335497177348,0.909925016376706,0.055510185,0.200341282,0.0
0.4346085817651219,0.1323707406249231,0.4598137170790861,0.9033394139672912,0.837919718317174,0.5115136032496759,0.564083523556922,0.67870157922236,0.6586906877281541,0.120588636,0.467128935,0.436363636
0.0983897266586107,0.1210792126865858,0.081238814317809,0.1838079260402642,0.0084766596493938,0.9817475937781568,0.5407574830677023,0.4599417960302557,0.4202860351488521,0.115999916,0.414882629,0.514285714
0.7518040450077053,0.3489123120613832,0.2368527731727134,0.3672958890805929,0.7907570285850348,0.5016746856389485,0.426276235832716,0.1364293436362467,0.3641626625806426,0.120560555,0.453625332,0.0
0.9711343612616864,0.0914436428901186,0.3020547858648837,0.7844940975128796,0.0469621931016428,0.0280728054264064,0.0115449562240723,0.9249524657288666,0.969393656633837,0.067067633,0.234770198,0.542857143
0.6547607226788188,0.5818448101777711,0.4925092059248078,0.93538096397717,0.3698000902572494,0.5330396438642176,0.4042110961383619,0.3512528377172889,0.3164973646694143,0.205398211,0.46062393,0.0
0.1741053393708954,0.38824458222392,0.4497840412502185,0.8331427741530222,0.6365195210342397,0.239716693593163,0.2921645197059995,0.7454043000997443,0.8985367230562739,0.137732706,0.288291032,0.52
0.5264567963750246,0.7662438547316951,0.5970702303670138,0.7094678508505735,0.3820856426019463,0.5217791160121341,0.2349491748252469,0.9288184227192496,0.4586607431574032,0.339277624,0.442802901,0.2
0.5491167401904019,0.9565958646378848,0.1816721935445711,0.7830527736212752,0.5659660066256895,0.5029831453093999,0.9837256741156556,0.3436910925929395,0.6004943880326138,0.531952427,0.341855341,0.186666667
0.9530939412612992,0.0734065632905857,0.0045510623825041,0.8429224179745002,0.1830261841742186,0.1710432914294896,0.1983272333665345,0.3834427945263919,0.9147014743156388,0.058598975,0.527681182,0.8
0.5542502578597289,0.1525787259799027,0.8824726782800163,0.8870772600398377,0.9904704235719176,0.1551517436255444,0.9574500392095318,0.8780224593102954,0.015501560181129,0.098578013,0.27892124,0.75
0.5136799623674266,0.069937866929687,0.0639675973710975,0.8672389397188888,0.9363976670578972,0.4931709744463991,0.2925286512239744,0.2834788311602463,0.5903056182868495,0.063943778,0.30636148,0.315789474
0.7226686464346278,0.6641740912716521,0.7217043760169569,0.4799820610830601,0.79475582276808,0.4656015080797671,0.8698789297781178,0.8888149026565775,0.3082647526424038,0.326577057,0.479630889,0.516666667
0.0112221054345608,0.8703335561083205,0.1186359681426626,0.325825603197031,0.6265289806240006,0.7798609651914259,0.3526008764980122,0.3007957996100971,0.4414651158537503,0.065528685,0.214413079,0.0
0.921134638807915,0.0744983150316105,0.5001617455484543,0.9969284979260798,0.7238604175720679,0.4138353054676796,0.790967569205333,0.4401452290754352,0.6947538236155651,0.102481902,0.558926236,0.498876404
0.8724584398271126,0.4686626715121597,0.3220592751096751,0.8462583781560417,0.6482055093038117,0.9656683456206454,0.3552912874709266,0.8362457186070601,0.0420271872697191,0.110008249,0.640900727,0.635294118
0.3026951248231341,0.8459623401180648,0.8141815602286371,0.8535965264308133,0.8689590085111409,0.3513807718905273,0.9430789540731628,0.8801602390277169,0.9520081132544056,0.508380145,0.28665744,0.025
0.2520442382490613,0.5686822132286276,0.5092148277501475,0.793593557804154,0.4742366654806096,0.9851064639472455,0.1470282426076965,0.6202930335003415,0.1033028474853428,0.222122879,0.390257898,0.171428571
0.3013087380379599,0.5828664209249801,0.0999279064933256,0.1715202562978308,0.5056183390221836,0.9344895059448723,0.5146586732590626,0.937729589904522,0.7741233137059806,0.314706248,0.60185864,0.0
0.8865771362046513,0.0914495144220638,0.1120697409068106,0.3978332409987649,0.7590835536108977,0.7744565522445875,0.4935534987309097,0.6909227103403722,0.4326922154967133,0.077152037,0.494289688,0.472727273
0.7798721015357268,0.8725368468758878,0.1606010898143912,0.0016361785065993,0.4020320745074396,0.4762698153794432,0.408594515110497,0.9135265269481608,0.239524175561238,0.249413378,0.466584466,0.471428571
0.7144021477923379,0.3744143533098527,0.8889097366416244,0.4272787336326593,0.8805974778065851,0.668513848211792,0.9965111428844636,0.5574527445474777,0.5719622423356895,0.188862746,0.440160051,0.0
0.8581545982431122,0.3803245183649262,0.6907851736755757,0.7303645182244952,0.2530299521560462,0.1722742822603885,0.0347816360651153,0.94319551267259,0.4855997853532153,0.127800234,0.402602655,0.628571429
0.7171147291240259,0.6845846385674546,0.6741748473501883,0.4002292415585329,0.2531354050418682,0.2284780926805909,0.1636780402823294,0.6231394882337814,0.0514773406456967,0.273662484,0.420562011,0.692307692
0.2085578602557158,0.8741535236158723,0.8182449526531186,0.134326407208815,0.4134493023617879,0.8623672559224507,0.4900317374308446,0.5983656562633436,0.6837220520183881,0.369983912,0.36739588,0.444444444
0.1458541106867245,0.2203941635546048,0.9634296330247976,0.0675507403221069,0.8550151644498378,0.4798639409329842,0.1304228673216856,0.6133280574335156,0.1527662522132841,0.093950756,0.4242265,0.72
0.4411201122005956,0.685803263039632,0.9031628696741753,0.5795758249073252,0.5737698272915803,0.2774119015726604,0.1023432854872805,0.9892911577247362,0.489831813564711,0.197621883,0.322941847,0.568421053
0.3538966282337675,0.4614706677233634,0.7857507132839484,0.029769059891757,0.6228982913672712,0.794890372231562,0.9681805306398122,0.9457651857408048,0.0677072140026263,0.182093383,0.423299761,0.032432432
0.0488530393955567,0.6018101315251065,0.4315811627192356,0.7642263902365654,0.8945011409213074,0.8912050660726772,0.4548790575009123,0.8950338149666305,0.326330725302143,0.16663404,0.336098932,0.0
0.1581061196815371,0.3716435853930305,0.2194114844692785,0.2922782044102819,0.9068839832892412,0.7503829319110937,0.5762561028776391,0.6124171441764868,0.3224027416599538,0.196565846,0.358508762,0.314285714
0.0820892209807959,0.8347425688010786,0.5826946355667462,0.9064052082661208,0.3330817551989354,0.5546484119966474,0.7871338453007449,0.5930856803609333,0.4852358180666415,0.456075625,0.157367659,0.0
0.3110503220398287,0.7889210317735983,0.6396452524887086,0.0325513439124642,0.2225384862271096,0.6952001029179804,0.1320845636941371,0.8483421620797548,0.1330218975449587,0.299891039,0.399189923,0.24
0.4673319711207737,0.5591010559489271,0.6410990973184622,0.9560442838951492,0.3917316038696634,0.8616934108740972,0.917311973656938,0.2841828464200747,0.9813577982134472,0.32442423,0.493141035,0.0
0.3044104417877173,0.0543044692962082,0.0056553570348489,0.0531855781974356,0.3316843788389425,0.6894859801080074,0.294932027762508,0.5955749988710973,0.6477537111965181,0.06379963,0.593905539,0.133333333
0.6796186902142782,0.2545439240608721,0.0285020311092394,0.4470005699982246,0.2956140381755243,0.0978240773405532,0.7313591064114278,0.6302368997711473,0.4867018114790626,0.162268271,0.164253806,0.044444444
0.2190268656153077,0.0933730929972556,0.3584274942176965,0.7394434188244465,0.516314232159742,0.3685134921892991,0.9254741206477382,0.8095073339533069,0.2151910936781478,0.115212186,0.274920323,0.263414634
0.9888355727680552,0.0047489036311539,0.7936025935696667,0.405212987810516,0.3369479138606372,0.5191990101553133,0.8707927257728958,0.6542955597338334,0.2766998698002665,0.128671466,0.634106189,0.133333333
0.2372442434109296,0.6109741561423038,0.2706908372404814,0.3422338190642456,0.3210760735884218,0.433380394796745,0.093505991675251,0.993297540246344,0.5543550902930459,0.158247846,0.248099167,0.0
0.2307636169193347,0.1149249848213502,0.2548687917511922,0.6432700615518331,0.0356531514068503,0.1663876936148447,0.284318290049517,0.4788483350965403,0.2436313699940115,0.088555813,0.227477583,0.3
0.6231972955332364,0.4905719243227591,0.7947821123672775,0.349509566369893,0.7325579218179785,0.806464244567381,0.7692282167814085,0.8936286414790722,0.4425766268772285,0.258747126,0.530963201,0.45
0.1453753520803468,0.6199753870782714,0.7189020509824587,0.0039573788520349,0.7988012859588746,0.3425090735960112,0.031884600427737,0.395640164956105,0.8895591420866372,0.230499876,0.234457788,0.436363636
0.0178013483920433,0.3851030269696012,0.1104227409715593,0.8724159868068974,0.668762343366706,0.1039189624070452,0.3895524590817447,0.3950131765130308,0.7874614770390157,0.122848278,0.050628807,0.0
0.0967187846265659,0.0044487931711408,0.933037722626668,0.4303700994557805,0.2722830646546249,0.918036143322503,0.8556776540753065,0.0114521084895762,0.2062993111703387,0.11208831,0.311946908,0.3
0.3971467785971589,0.6946720820285008,0.3671538414223542,0.0539731034643428,0.0367611314480496,0.2949200052726128,0.2064362999584097,0.3835378291387501,0.7836082002390229,0.279025559,0.458785916,0.733333333
0.3854532026160671,0.1778456620009089,0.3109788139148941,0.9940298869369506,0.8100029683944803,0.5236165067483619,0.6289616598812616,0.4619676217180209,0.6252953739133466,0.11989305,0.52012077,0.392307692
0.8826797558321534,0.1858877090991866,0.4418209226739721,0.0857887403879976,0.5984815305949679,0.2020205060779443,0.4363609837296675,0.0029201669829335,0.7753372497378395,0.068824031,0.418911313,0.64
0.4579556378758426,0.6296081713509482,0.8224503577256583,0.0125552885241272,0.924668449415048,0.8546242274222127,0.2434129836710293,0.99135705815898,0.6888291250652838,0.213769472,0.449140493,0.109090909
0.954156880659059,0.582186531722743,0.1486494679107719,0.4661275474867274,0.8877480742961527,0.6519986322366487,0.8710050180142369,0.6300862786371962,0.7410834571684798,0.312777699,0.434114026,0.3
0.3163769209964064,0.1893430924971755,0.3667769217619673,0.0589494955138278,0.7862875620502858,0.308931594322216,0.5535456852173786,0.9295960128508008,0.0063527315757178,0.125741566,0.239199563,0.488888889
0.0480805530506035,0.9701559774262314,0.3070946941555447,0.5290673823278506,0.4065478074997475,0.1010715710436234,0.059497501484245,0.5539442167439381,0.5272995409900181,0.304953286,0.043194918,0.0
0.2119567849665903,0.928486456623135,0.4746745879192592,0.9082245566585988,0.9898983987512244,0.2464686608056137,0.4134466351428162,0.9186544937615154,0.4568826561234403,0.345786952,0.040660368,0.171428571
0.4481002364949545,0.6332732009607436,0.4170021541004231,0.4480682097383744,0.2226337396274028,0.5105253628288223,0.6671931032401188,0.2311981281549648,0.6716968201029517,0.331209471,0.417351826,0.567567568
0.9779405148492564,0.6457295157725168,0.9192884221245824,0.4990492278727122,0.5556861905668725,0.2015785990636481,0.97103995268708,0.3799878648058614,0.2115278002726253,0.443073023,0.360884091,0.575
0.2054652212933443,0.5156009799066633,0.4489076618886671,0.9888304460151514,0.6628241084969225,0.763616420725526,0.6237874551304766,0.1160659324139832,0.3739975452169554,0.19505261,0.384358137,0.033333333
0.1810210328053758,0.6023300949314565,0.124224107463819,0.0837438664972555,0.0366350272984008,0.6343418111713117,0.0421528902681891,0.8148438344521347,0.9981204819701868,0.215275833,0.330980711,0.3
0.3425213374107489,0.2826081862405392,0.2794049805809504,0.8013600890857834,0.1610419447394194,0.6364272791882812,0.3288366683040628,0.575118554073479,0.5398012268637086,0.109960013,0.148600343,0.0
0.4593832064614018,0.33875735573148,0.0140926429596888,0.1268986559744948,0.3627789799434489,0.3217155282794346,0.1156366129864387,0.2440161080294142,0.8518805338890503,0.113395172,0.288555986,0.32
0.6820177174389612,0.6066137396237404,0.1555158257744348,0.9914765177676396,0.8676184727933174,0.400352014639146,0.7105012196675033,0.280536697085555,0.6559337140608607,0.301078397,0.331755515,0.0
0.3879483070640847,0.2184080434407749,0.7495204325181736,0.7273639774707136,0.2671805184463799,0.934999589933933,0.5253937215709084,0.6650503902429026,0.0006954242470432,0.159806273,0.404957557,0.0
0.4949251701086682,0.6920253409423073,0.713271342199316,0.8662631312032498,0.9800562290549444,0.0442516418016847,0.0414998679488256,0.3077558963038352,0.023093938592647,0.204424693,0.008705938,0.0
0.9571255098439094,0.3917815840265302,0.0814258912197057,0.2763622582135643,0.5553499063283762,0.1554362746641397,0.7884323472219787,0.396017365029401,0.4601871345226515,0.192682956,0.344324977,0.56
0.7737033607887216,0.3555585713015566,0.2619880248115573,0.0479389188638129,0.092811873362717,0.0797399436641678,0.3500815775478847,0.3180275903646186,0.0380283697377596,0.10718732,0.196848598,0.6
0.3121359147707432,0.3962558037888658,0.9214044967062194,0.4133351149264709,0.9757502866994572,0.6586337583152228,0.7992600437321845,0.5827036117926702,0.8870424168096627,0.255851646,0.335808603,0.0
0.5278134723620794,0.073554431124124,0.1905366199236545,0.9107327448634296,0.8594488573904909,0.6003338811063573,0.7200570730964803,0.0144299743448433,0.5176791365506674,0.092927134,0.437778813,0.0
0.9366290460896392,0.4885352270364727,0.158017682444051,0.7833173838360058,0.1846507621156704,0.2584227144867297,0.9630379746657908,0.4126059718230691,0.3762049211916566,0.208964005,0.392605423,0.312
0.0268479298828887,0.7678301848841039,0.2868119808994332,0.1075718925173606,0.2004710935983655,0.0365533417574802,0.1335980830643967,0.2157180603173076,0.3555720627330634,0.298774362,0.024033546,0.533333333
0.4718826431670694,0.0710958003954919,0.8315392980761099,0.4485477127598825,0.2448346245277198,0.0892734081564637,0.0699668360936037,0.8312167812726011,0.304541706948442,0.025741712,0.105421106,0.0
0.3227107133500936,0.1717184517136442,0.6113336649722797,0.1082317472834712,0.3906193710968636,0.8495192392457189,0.1729403151440112,0.4761123865979396,0.631163793583484,0.082958248,0.498033462,0.432
0.6401033836460915,0.0906988242915449,0.0056337572017578,0.3659416769925159,0.2939311926645422,0.6528166569050537,0.79166161191178,0.719366035642567,0.1992533807140892,0.092728467,0.493317662,0.53164557
0.8981075967321395,0.0867027974561536,0.9061139155915944,0.9592684406160784,0.7854438309807236,0.0460023216455643,0.310538537964607,0.6776359309406556,0.3564973838881876,0.073116841,0.168205429,0.0
0.5651878709575705,0.2619259601725068,0.2337626893481194,0.3369114237152976,0.6654058730894395,0.508513441888755,0.4604760680570863,0.0590851644855635,0.1333495971959327,0.114792283,0.45398048,0.514285714
0.1034694963852755,0.9290377655786372,0.952562664416048,0.7560477664617637,0.5452471913692292,0.8743502496946989,0.4872750659889354,0.2638510753501704,0.5389926401305121,0.411826605,0.404388474,0.2
0.0005345563008795,0.1495210988874422,0.8892248677184214,0.5107683929000436,0.1778219147034434,0.2741909770013561,0.250104017980331,0.037105359846595,0.0547575220281616,0.048770133,0.131514392,0.642857143
0.8062363254342871,0.5661241228347617,0.0631640081534948,0.949952808248771,0.6888225933326129,0.5006647063040084,0.2753478945683273,0.7691595045304498,0.9188125659408564,0.208970942,0.0,0.0
0.3516512528463087,0.4288067638435251,0.0427479915122408,0.1131430445473895,0.1307343901235086,0.4355322166185834,0.5822509751758393,0.378594210194014,0.552864466240822,0.251822741,0.292624017,0.490909091
0.2340939779855694,0.5606899979667431,0.2133374002958531,0.795970273970369,0.3210314908015518,0.6662294768673759,0.7584420302478663,0.0155922544661128,0.2293607013950105,0.302940775,0.450941369,0.2
0.1218405428783047,0.4262530243986133,0.3381937885118428,0.3576083254535532,0.5944056824973362,0.988126289519289,0.3138390502133141,0.8274701861666738,0.5468729362715231,0.184744308,0.409685784,0.72
0.0249650389568315,0.6065011298553539,0.4154831885879775,0.4971803286612248,0.5451229478488403,0.8515781716513614,0.9346800316009154,0.3245481688112125,0.1857511167088178,0.301635242,0.236733119,0.0
0.5404976497790002,0.7651635198349459,0.4696837867331256,0.1482220686280206,0.425136940888394,0.3392548090440315,0.4226464133650981,0.8661503291826564,0.9834164690897992,0.284334745,0.500356365,0.171428571
0.355662305340482,0.8840523995468574,0.7551055086433011,0.4196649017043213,0.6504084055494023,0.1659999155382866,0.9619641185962576,0.9967456125533076,0.5157925783291244,0.488393099,0.244090726,0.352
0.957191689428424,0.7166775943565715,0.3879284484700085,0.5254779917641174,0.0631983447708446,0.5876690976095007,0.9558793738889404,0.4443060874478411,0.9664920937219574,0.420391426,0.49262255,0.0
0.2907417257082282,0.1364071453393688,0.4071204204372817,0.2095919802427837,0.7460574923011989,0.5288560451566664,0.966360269678396,0.5404801024251759,0.1609821227598523,0.152467153,0.420734423,0.6
0.7590666545152233,0.3383848661731824,0.4822660279796349,0.1788845282101762,0.5482048239405526,0.9975316587141682,0.7512232221477494,0.678835813911828,0.4683880206508894,0.191815543,0.605595795,0.32
0.2079796018933649,0.6793386102731015,0.5035271352830462,0.7774841107924487,0.6617501629205346,0.597865700208959,0.1217129643684306,0.1882722318634578,0.1039919217764466,0.17037628,0.209656814,0.48
0.8781462875099739,0.6060202126820089,0.8515563720676216,0.9716965991999752,0.5158980129617169,0.6332646630513634,0.6894626159895019,0.2186436636307149,0.5239799680983173,0.294731479,0.486195649,0.054545455
0.6828266370318109,0.885792414695286,0.4502656986917678,0.61266852034319,0.9326763827752156,0.7741869713684322,0.2261850201996417,0.2715363115135752,0.2204321344003973,0.32965569,0.620486216,0.12
0.7147001342245665,0.8731158508299269,0.1307582913440995,0.908329857768909,0.8721145446714279,0.1932797642523074,0.778309269084829,0.4292211948332272,0.9233544548179046,0.46975527,0.347819432,0.093506494
0.3656690453133655,0.1785650378301319,0.624635783761949,0.9767358665047624,0.1888953737431195,0.84817304909487,0.0926610357565873,0.5991682571641698,0.2052128142895845,0.108347564,0.473528903,0.694736842
0.8167584758874951,0.4956456187319998,0.8626578850906215,0.2212026612224872,0.6476745732777125,0.9833278370724736,0.8850955064300313,0.2561521823050799,0.4883903319227235,0.309702051,0.546845333,0.266666667
0.6703418484185961,0.135510536634185,0.1898870622963592,0.637697989787231,0.0804255229551388,0.8029237352986829,0.7080621404404484,0.0886925533077767,0.1651793193651858,0.122272168,0.56798697,0.455172414
0.1445956863126802,0.862890006168079,0.498383907109044,0.373055268757407,0.6814541617302623,0.3548030221290674,0.1968185165448313,0.6641349975759869,0.1800686957870961,0.318224865,0.316727482,0.378947368
0.833377647356148,0.020463038180157,0.1306693801667282,0.6126148966344921,0.38289206533794,0.7730368518445677,0.9912184094491194,0.7788983877429955,0.6476248227979355,0.089618801,0.486999381,0.075
0.8071369186974918,0.0352318892879739,0.072358277086392,0.7575900031228537,0.2070929265880117,0.9370939888042285,0.6192821312908247,0.1031003437595489,0.9125217653251996,0.091326297,0.535276221,0.381818182
0.4423675831410766,0.9855092822686164,0.538400039287163,0.9593891398405584,0.3090977919454973,0.8809568057555736,0.6444175982075863,0.6306833086628681,0.2530904395095288,0.509831355,0.435209312,0.0
0.2736924976290517,0.1591841531698846,0.3517375061559979,0.0171476223045317,0.135820794550988,0.7828336431721535,0.8188528174044002,0.5836552170063434,0.2383522975740938,0.113028559,0.540885682,0.592941176
0.7933022046832672,0.113110528888967,0.6440998798322931,0.7218531694529812,0.1482453143425589,0.2517714669686591,0.6711767623951376,0.7656846828695548,0.2840121608436529,0.121067065,0.211606894,0.0
0.7244624613441968,0.6882736755102582,0.0994577398558685,0.804371037422837,0.0165888471341356,0.7785567534282336,0.3337202646325431,0.1834828357598249,0.3348568635080888,0.123083599,0.527276843,0.0
0.9467616087071,0.0461823200449126,0.1948276732152675,0.6116064800781581,0.4166912617095065,0.0200843839306191,0.3365319548949496,0.3021717537530929,0.6744427103557739,0.065050444,0.186270692,0.466666667
0.0504461144357281,0.8421209942792018,0.322003701212687,0.0384363138476069,0.0953030379671376,0.2921998502266641,0.376623195806924,0.9955002931895248,0.232426058717212,0.382338756,0.124571983,0.4
0.2638147322346231,0.5326762958286866,0.0737296513178629,0.3300360338688122,0.0280421267438162,0.86963059418652,0.9442226084274198,0.9763711556824376,0.1804767426289601,0.236937347,0.253443594,0.063157895
0.5624868200893072,0.7526631658744924,0.0808356166233468,0.1061844295698932,0.5128290653252647,0.0435690020297044,0.5997111015647592,0.6630498529517198,0.8693291284446574,0.485556412,0.183524294,0.636363636
0.9714135396836302,0.2690027540112608,0.2321620075989657,0.7808459157268213,0.5329626648052566,0.0783568474122072,0.3306722435791608,0.1533705193212325,0.3656532268782766,0.091387926,0.140494118,0.0
0.6675658033720633,0.5085580184181835,0.0698651083676764,0.3997632934386902,0.143599997824063,0.4467593471147274,0.92300679848809,0.716408051290562,0.9564287560485936,0.225069681,0.568263068,0.559223301
0.0605615559917563,0.6934780265308398,0.9505084891617444,0.989714501550761,0.6910128693625337,0.3863535909694341,0.170269442886957,0.5106349059572504,0.0407566354656263,0.202377241,0.209646694,0.461538462
0.7024247456731216,0.7996434884692092,0.0954839711151465,0.3067799018442045,0.5950582338552356,0.118963244519282,0.7365971765759849,0.2449509449187901,0.7433735560079661,0.493232938,0.163408192,0.0
0.531933909917707,0.4122147553520117,0.8625378402222381,0.1221050715310404,0.4507937562764668,0.7016294032327433,0.3424230370626372,0.133644802924586,0.7557925531140974,0.161757023,0.48682501,0.3
0.3451827284649434,0.3942006485144327,0.9935208680872704,0.344015763196391,0.7619337815861558,0.7889302052519507,0.4252007165313387,0.3764599861989656,0.7898707988703774,0.182144628,0.403166942,0.0
0.7660994416742473,0.4070744040730463,0.5359608007661911,0.449864004341142,0.6053427844199523,0.6989564627831033,0.6741733151530854,0.682638735920856,0.0063069612580024,0.180958728,0.488816326,0.1125
0.6266647967172118,0.2300895858488441,0.4263053423804085,0.3533184525077844,0.5827331721952441,0.9310170658476644,0.6844957593099797,0.9598836986637213,0.9830734710256944,0.150039432,0.573918228,0.464516129
0.7365852854314485,0.7222539158695366,0.7811726363853311,0.6933305902085053,0.6689750335848152,0.2729015702836393,0.6888299528631292,0.888932943502283,0.9591124604168322,0.552828496,0.377784375,0.5
0.5584352668707621,0.1390483693609375,0.0402776076776676,0.5500379165782943,0.1127312538981426,0.1003993526735934,0.9601284586647726,0.3425938794290775,0.1780391853007911,0.090924908,0.178078713,0.24
0.8061890365788424,0.3376982089128022,0.36871503124737,0.4140978590670237,0.0283933988291771,0.3534208153998178,0.9321660229963198,0.0399294829775218,0.7572693000640264,0.256581424,0.474818473,0.545454545
0.9685971182001298,0.790847763751384,0.5834551897311623,0.6376586175927477,0.2758518417090921,0.3372864162404704,0.0547250602815143,0.2074485286061702,0.0418269177177079,0.220859691,0.378523601,0.352941176
0.178017138279915,0.5224807021696787,0.4255522486629706,0.8931821042694255,0.8252738397129579,0.627952197048957,0.8380667088787422,0.1156287171740346,0.4851660236175859,0.251330176,0.343344417,0.373333333
0.0398984469672972,0.3185217759160483,0.1424542634584341,0.8645050829761356,0.6299676428824262,0.8243670369038245,0.0751780371390959,0.4487972544724763,0.4771915464128825,0.095394623,0.353465469,0.514285714
0.004860934260687,0.2107559805769199,0.6740029764262242,0.4585570888288143,0.1166582274419134,0.5386784709827349,0.7871514232747316,0.0971590941854013,0.7069594346048595,0.124545315,0.161180781,0.128571429
0.9038270448764868,0.5296370796622981,0.229315574970337,0.6453052160962863,0.4945324331014964,0.4767528657992307,0.7958992640693956,0.8096066141373771,0.2412157974378217,0.243873896,0.333126771,0.125
0.126431194906485,0.7886409707178935,0.1345926484346463,0.2746322418320219,0.0457931487439823,0.8442417224726291,0.5458636307180533,0.9748494198078672,0.3511004716800305,0.304852242,0.271888067,0.04137931
0.3686078301987733,0.5704361296681534,0.3005220419746757,0.0890502559104295,0.3729096878070245,0.2916415315372176,0.6171736645578312,0.9600378974587054,0.4909470097489318,0.271785398,0.313200606,0.109090909
0.1597153952896535,0.865149796464209,0.6357787039445453,0.0325258573476612,0.3317020280440044,0.6622258464427626,0.2527054236446372,0.689680774503488,0.1359950501992243,0.300308201,0.235621766,0.3
0.1410788166764951,0.1456447834716719,0.4874157878101901,0.4560527285682315,0.9205210975730774,0.3952335827839339,0.3751959653578045,0.4145952109107506,0.4854933187059712,0.097932639,0.245176843,0.509090909
0.5008181091415115,0.6115560155970344,0.8353591226244818,0.6751061922914015,0.6459451650491771,0.8340411330928533,0.2237608797871706,0.014631781966597,0.7832530835560857,0.272056566,0.403413578,0.0
0.7108262277167352,0.7179786856994568,0.5298750981613926,0.1585961753649826,0.3949063543917902,0.5036716364399697,0.9374513177550882,0.9373202461891662,0.7351791505314202,0.413617301,0.497279335,0.276923077
0.3902035990968654,0.9254319326852,0.6382854687408229,0.9923467338801756,0.6155651905371506,0.8593300912491464,0.619348392342829,0.1229333306888638,0.3985063278450261,0.568835714,0.547774087,0.0
0.8632235561880106,0.8356187408745229,0.7661926119536101,0.4915520458801253,0.4077550416800969,0.6567989877503306,0.2700119218882731,0.0585914898736958,0.2786386037261603,0.347241325,0.529197675,0.4
0.7381136949004697,0.8686384375230961,0.8984172345249416,0.0064393516324905,0.4361002642949149,0.0975416497916628,0.5605447574554765,0.5042426963764214,0.1123598240243343,0.607344313,0.29444718,0.790909091
0.303805773331257,0.9298586342003756,0.732233824693633,0.6274410955996091,0.6886857420264989,0.7058731365156177,0.5870961614183028,0.5168968975665384,0.8106811238320505,0.694943358,0.413142284,0.244897959
0.9020572903577752,0.0333211688427205,0.6737740657933695,0.8366462381350307,0.6865570558180044,0.7297819871295388,0.1785775579483675,0.4997877553820914,0.485581764528189,0.0622741,0.426248548,0.0
0.9257993664791212,0.7073128487695826,0.3916127925779823,0.395807098749568,0.795283325753671,0.9769741987878396,0.9820267294146076,0.8268491820231043,0.3849140262609101,0.379157879,0.533798288,0.085714286
0.8678355402290815,0.6415237017724809,0.2032572674916364,0.0958740796422253,0.4300103855804438,0.3115250191722262,0.7840411858560626,0.9963294258215156,0.5141984092556656,0.296273364,0.484519704,0.501265823
0.5716736486932269,0.4119559053601976,0.6332829678650449,0.8048882933617687,0.3120816287760712,0.571758712487013,0.3160288878333711,0.7461972712184498,0.2804329562083919,0.107054469,0.429172536,0.72
0.094369758709516,0.9592683895562888,0.6756860285700167,0.4111941022762555,0.6941136248796977,0.7083793786878685,0.1015783190290426,0.0981709999335949,0.0999940886042491,0.332184564,0.269430121,0.141176471
0.3295319728529133,0.7757099761231359,0.028656347363493,0.1721286643621459,0.5130113673166714,0.5058294813405277,0.138328407296794,0.93547827704804,0.8260946197467189,0.2931084,0.374547111,0.0
0.7849084989604871,0.2241963313581648,0.8420478966586239,0.0380640396239873,0.0856577480854693,0.9344403333955378,0.7868277055088164,0.8779877980340433,0.7103486433126877,0.160876279,0.557769982,0.526027397
0.7835476833199768,0.9158491209494872,0.2834482197807857,0.1627157141468759,0.3589778780243764,0.826513821400841,0.8208526301096022,0.0356831648158219,0.4430968148981087,0.553404335,0.515681978,0.207692308
0.2033344354638248,0.9532947421023352,0.3442862386488824,0.5549052907579021,0.6433291031851328,0.8709413406902458,0.935597673287432,0.6234093750341536,0.7444978424615328,0.604888663,0.492999397,0.501492537
0.0615504458413571,0.2130228356722566,0.9165370929132364,0.6121969838272504,0.1837323054228481,0.6493057239039652,0.3584098095411547,0.7464863333140772,0.7632923027159569,0.136140907,0.332600661,0.52
0.2353818130541592,0.7483724468788268,0.293383104476246,0.0870135660492018,0.799356295026916,0.4718115968099965,0.8115554433347617,0.0418941817657806,0.1167135728914093,0.307002191,0.293230582,0.153191489
0.9399816234595962,0.7719324742945483,0.031770320149335,0.8896842914844655,0.6321993301661447,0.9482328491137192,0.3932760148510922,0.7099648383225624,0.7120481666896717,0.267717001,0.615755087,0.085714286
0.7256444115667697,0.3248787054663744,0.937316877174326,0.7401122194586904,0.845542089128152,0.2439039274339905,0.2848800805818831,0.7174647347418264,0.550693661124837,0.153320582,0.25254757,0.171428571
0.8972063486660788,0.4138829936799572,0.8310027488507947,0.3123973853449902,0.8543958240544226,0.9014410258972256,0.3986033166581024,0.0439560810362579,0.1309187787469515,0.126915688,0.609250311,0.0
0.6073064677362786,0.2954850935111147,0.7391117054202477,0.5989113456048883,0.0116025644846786,0.8444190335800136,0.9671773540376704,0.3768901991025849,0.745319072900933,0.188111026,0.494587609,0.0
0.2340385145668988,0.5209935588824024,0.1444154484664117,0.8274839737977102,0.4653071607887676,0.5188091306881207,0.4126925871756153,0.4451710708743448,0.6160573910652791,0.20302529,0.245394067,0.45
0.8753333414917037,0.4944646039314115,0.1062848077596341,0.6508645155980893,0.052851388978107,0.1270523551013039,0.1560893618119611,0.4024745314917277,0.5336610321067389,0.1490269,0.280976931,0.757894737
0.9622646414907804,0.0977141231833966,0.0737711901551376,0.6559863800369925,0.7801992797959262,0.1811401966241624,0.4838859277220596,0.6359277810081747,0.5061414046067951,0.071157115,0.465821947,0.469565217
0.479270432391651,0.0369575033977972,0.6104267452260135,0.8279566073457896,0.4638359916253763,0.6212985790075246,0.4302905094979578,0.1419057001090096,0.0708565645434019,0.047731881,0.341569825,0.0
0.8367135240133178,0.2112834210013056,0.162779897164353,0.9603285801473642,0.3835331477913039,0.2447003969263729,0.0677764368009535,0.1388331347139102,0.6457074887797035,0.053314227,0.379845647,0.0
0.7291970736547242,0.0293993547781595,0.1777855100697434,0.5026677618837253,0.2314797579472124,0.4026705433237558,0.3535000078442974,0.2238483743383857,0.1783574450069431,0.053780917,0.472162673,0.0
0.9365148493940432,0.7529142032643475,0.1117449180340077,0.2869054736601406,0.6673793564522443,0.8239743908328911,0.2812280148803087,0.3462985599479413,0.0840061317621073,0.260866725,0.521179801,0.0
0.9637161030136128,0.788891999729862,0.4737342662222306,0.2605611054843416,0.5513718364509327,0.2617514754485149,0.3875979896790974,0.8332810374912946,0.2754048268650819,0.281284131,0.348218405,0.36
0.7921239930816764,0.0141984179814849,0.7401097572204768,0.2011308770032135,0.0776673328544642,0.0170505595844041,0.453674004736919,0.4106325937136769,0.5673730055878816,0.054973195,0.120746771,0.56
0.1277632549056315,0.091862983875788,0.9549645984460384,0.9599566481634136,0.6551608912505106,0.8451414518860103,0.3518462698018444,0.4690844884810294,0.572935352920496,0.067878187,0.479525632,0.514285714
0.410429776011513,0.8548068263582895,0.1684960764947766,0.7768678502191775,0.3277362303966509,0.5390425831343423,0.2763837613472069,0.293231175291912,0.569349221384239,0.211139305,0.352022952,0.428571429
0.637040171232066,0.3411831654031406,0.2923328347102679,0.6453931621210978,0.4228337781802559,0.4769482823451648,0.211031631191204,0.5888380359187426,0.8510123725228529,0.10273709,0.381793235,0.177777778
0.4957370621547088,0.4949888532885341,0.7381824410709883,0.1081581525216002,0.1862145878160949,0.1312730555997447,0.8087407689521945,0.2491585129284874,0.8211551290503313,0.283722442,0.246595752,0.748051948
0.0209315257276688,0.7194343266914414,0.3789200394650112,0.0326776905130395,0.5191120862309767,0.7671808756805787,0.4855678309890607,0.7685758467302872,0.5704108639268366,0.216481866,0.179487592,0.0
0.1446141811971879,0.1288647529859036,0.5038434317141871,0.3901391045426171,0.2676762681082074,0.8277350928767983,0.6610371513477588,0.663577172098494,0.5053448346814787,0.171064225,0.34125289,0.06
0.7586863468832546,0.7261760126035715,0.1980664815900303,0.31352974307921,0.2369081613274857,0.8083044842336043,0.7263753968107599,0.2401679708391277,0.6898028347464876,0.428594123,0.61891283,0.035294118
0.676082630241636,0.8500934701216664,0.7101967848751953,0.613689283611885,0.8238293714925531,0.8210554770354843,0.98822336021617,0.4440427425542828,0.2371601668225674,0.472233241,0.434829624,0.092307692
0.7730432636221336,0.456754244487163,0.4991970744733542,0.1811477405037481,0.1532289982191041,0.5834118670019667,0.8085288950307304,0.728717475031276,0.2409157623762753,0.184258614,0.482873846,0.064864865
0.898145551370467,0.8919913417261133,0.172286176110979,0.806458405523498,0.9344436920051732,0.5149056584209966,0.0138970864299501,0.0356102951541134,0.426250371483396,0.317847053,0.480934535,0.266666667
0.5626355984517454,0.7180990958792762,0.3520765725919133,0.829695602397449,0.1976946788432373,0.5303327448557675,0.6093060667785465,0.5264921108731272,0.8324946750434954,0.409277859,0.447961077,0.2
0.6078045718437496,0.850698158600092,0.6132317671554592,0.1488288983387156,0.4955027249216067,0.2930817945429885,0.8628278126018285,0.9710814000627428,0.0525971884383525,0.397498407,0.334149817,0.378947368
0.9273833533480906,0.9652515157149156,0.4218362262911402,0.8780676844744908,0.7143200374149608,0.7309097918053311,0.6850441003280997,0.824081529953423,0.8390062436226182,0.646256372,0.456854807,0.070588235
0.8141567014497431,0.8979371934909256,0.0424893340367464,0.303110291508192,0.7152756732925937,0.8466866830428278,0.7417472597979649,0.7478719274342166,0.4275994379995627,0.452340648,0.443091614,0.438095238
0.3410497829003669,0.2799564615812157,0.9352647640137884,0.9088657120057811,0.3801567931311226,0.9715145869153196,0.2511345043043191,0.0559767001649553,0.5497833118311483,0.116489296,0.449793943,0.0
0.6559859315885452,0.4189016150224596,0.8072374928158469,0.5312026134304334,0.1686754290516808,0.1496275052076626,0.1799347084773801,0.9466869879560984,0.8717006803986092,0.184531624,0.309790132,0.514285714
0.1202238534226223,0.2488110194879196,0.4806208200448363,0.7776873592285869,0.8605522764611595,0.2331043706668993,0.9331096554149793,0.8241845372823343,0.0836902006138741,0.156217494,0.171934913,0.617647059
0.6349417144250313,0.0847713541748712,0.1037083489969906,0.8617525930278098,0.2416166659908967,0.4161067035386343,0.6730490925481102,0.4968493033297687,0.3059557967061187,0.109728191,0.475998564,0.382978723
0.3545010859209977,0.0297204056516487,0.0067606214501555,0.2713844694529109,0.2174458305783846,0.5900741219952165,0.7020382272314905,0.4640881156608457,0.1853114293354882,0.074554744,0.418760174,0.51147541
0.739339539043351,0.342728588170841,0.8417891497552156,0.0956506161611869,0.3867328266187013,0.1312322893271696,0.2413439601978585,0.5868589414848739,0.6729371975449285,0.16091682,0.197873986,0.0
0.9919901986568904,0.3375805567085853,0.5035434175798336,0.3303768664671597,0.9995481941386358,0.6481893100585586,0.1995398733928226,0.9596813396575824,0.0364880313184053,0.118308377,0.200081713,0.75
0.6158411481104226,0.3783839014973218,0.6206862802384652,0.2355206191563706,0.4048879820072352,0.2020798011917265,0.2080618630784626,0.8419535672203026,0.8120182743468536,0.152627731,0.370113762,0.2
0.534388862034047,0.4060114635476386,0.8266316388425957,0.826540130034901,0.3100010420850182,0.7726799628237117,0.129060113292123,0.6500379621349367,0.0119042058092154,0.124991409,0.328993819,0.738461538
0.8287692137564939,0.1788187736297429,0.381790339212415,0.4427155654480497,0.6477409792438362,0.7300963703574943,0.7067247028804087,0.7320387125566772,0.3147674459184456,0.109888375,0.554655766,0.48
0.7449970102779985,0.1276452757834492,0.1601972639565205,0.9697719389459348,0.4346690222580351,0.4162270109815719,0.1983758809593019,0.3280247591634261,0.8061924051197277,0.081343655,0.445055104,0.36
0.2758337967218555,0.1587121626437052,0.6469218222202593,0.4805499026463371,0.1040234309293346,0.7230109222186177,0.5672664741904598,0.0504515587415012,0.2971115012386194,0.128100076,0.375025941,0.0
0.9347858265907536,0.3127022238960179,0.1297447487994419,0.5334053800459667,0.339070671074865,0.5419786428350459,0.0094642867410773,0.2563037443640616,0.760133759465869,0.063330542,0.430007575,0.4
0.2466747268082448,0.2462705445106314,0.0186167622012209,0.6611192206983798,0.340995311409466,0.0908372745953943,0.0218457885475819,0.98620691275803,0.5961914558162535,0.090543303,0.133082396,0.352941176
0.2032002549161655,0.0935454375727579,0.3948208788061506,0.9446506040159732,0.3317428196768898,0.5295245153703494,0.4829702611467618,0.8993879628852299,0.6170659816505162,0.078667656,0.227845049,0.075
0.474759749113301,0.1614679793716974,0.1240781039539109,0.7649895139787409,0.3946410437165275,0.0790643715950971,0.7297962606928384,0.816051820649234,0.7749489235105484,0.098327595,0.100865706,0.0
0.0029983457247826,0.8165233684431147,0.7526880564027214,0.1119520245961636,0.2251298999690234,0.8182059213790958,0.0112909180344924,0.105931483843476,0.6615744294319466,0.304507526,0.446806397,0.675
0.0221076939799373,0.4671705452527873,0.132978290457139,0.7177336525859817,0.1886760289142934,0.841613490863891,0.9036253940069772,0.0970725603775054,0.2938633042268348,0.186162346,0.332268578,0.171428571
0.8326097698710576,0.763905064544301,0.0298665655643346,0.6436396449147104,0.1952777806742218,0.615560986837891,0.8387043260942926,0.1154011295776976,0.3500312411637213,0.433805648,0.527900206,0.102857143
0.740415817965346,0.9248956457525808,0.6271035095855368,0.7319555043952048,0.9625182446855596,0.9186398504706352,0.554717760617902,0.3144413135650322,0.696877082657751,0.783482043,0.510083592,0.436363636
0.6730713887536675,0.0569254997286191,0.6828399549486627,0.1759976806856322,0.7915844378648309,0.4656797213439707,0.8531849075385148,0.8375130610251573,0.9906379675633838,0.118326759,0.457630073,0.346153846
0.7318875014208707,0.0499342667418456,0.4652086382982935,0.1278564278309774,0.4003946560417001,0.2957584536154043,0.7979380222473919,0.7150860035074879,0.3385380235008308,0.090465619,0.397101133,0.304
0.3274147692373353,0.8295843295431236,0.4605289097447748,0.6903012929588652,0.4615209268208701,0.6512854074287249,0.5075560809326044,0.2024140005322683,0.2165591128435443,0.574770362,0.430513125,0.259459459
0.76294114716066,0.7601053539327329,0.6013399997210755,0.939363826150145,0.6041794407908118,0.9076452169792476,0.5311073252172718,0.2949512150163125,0.8857692653054524,0.526056437,0.601403223,0.128571429
0.6839250144909208,0.52808333987439,0.4752593737453926,0.7598852863028853,0.2312257023818117,0.5926780165286278,0.0216773101033751,0.5016783480626923,0.4507280137974355,0.141335126,0.474620011,0.533333333
0.4495173888915234,0.1666058122980561,0.0244391351617263,0.5162067478105307,0.6916583737076704,0.5250093450296978,0.9975004853412568,0.385259896425292,0.4565140742922893,0.10316064,0.399428324,0.127272727
0.8237631589257797,0.0578649721458001,0.5008358134489357,0.9461184870927276,0.0072866692369686,0.5581025634105955,0.6450435319078822,0.8312024209655848,0.3392226495892668,0.126992225,0.533248935,0.126315789
0.0407858008149019,0.7618673673634946,0.3234124676092521,0.1003164980508827,0.0767562391848735,0.388827308318994,0.7983934317603931,0.9686855354773748,0.8042507923529574,0.356019204,0.168913686,0.235294118
0.2651269749489255,0.9073162195091634,0.8981565149226036,0.4111560130128321,0.1960593096385164,0.7271399039331897,0.3943997127699981,0.5641510323958364,0.8758742084223233,0.507882982,0.448820239,0.0
0.6874559936274239,0.7588234369803273,0.1979107578444831,0.932788046927824,0.7259648206043494,0.1828231202921768,0.3763826184735203,0.5216611772319902,0.1729747850773924,0.143674688,0.310857731,0.133333333
0.0255581106577861,0.0069373895395125,0.4079009916394231,0.4843335893240451,0.7565583826134689,0.6281791416403564,0.1336785526717622,0.9300546244296992,0.4623009050643023,0.046566325,0.171004623,0.4
0.021268436382192,0.6167089192670491,0.370692580348498,0.8109232616750168,0.8745525265177405,0.956808971489599,0.1881613610634779,0.2872649525003617,0.6413140538152275,0.210716027,0.211804901,0.1
0.363988809068413,0.5417326681100033,0.4557791453198359,0.5230521615393882,0.6944845466799199,0.0011819589196313,0.7324205947764983,0.344717279855753,0.0993273493212215,0.2165125,0.041401166,0.588888889
0.6682404409644139,0.6150300834912272,0.863962622639001,0.4309484824205373,0.5693406359131777,0.9790789515746344,0.394934832821309,0.982235702900142,0.0419921520646234,0.19332151,0.66480183,0.0
0.0253576306333811,0.4615140393688834,0.6742662402424656,0.9030545806609778,0.9725659668995884,0.4524504479693285,0.669519648086577,0.9913589155683364,0.9169768754566392,0.239435082,0.220717429,0.442105263
0.682949750360078,0.5198396136079536,0.3283120721460528,0.5262431850356336,0.4897349218986009,0.4435622638925892,0.8151415401040448,0.391210446300876,0.5487627114536106,0.237758618,0.566202368,0.624657534
0.9831070305549188,0.1316376153512284,0.0286411176797941,0.8545315602824807,0.2939731924164342,0.9435196748608088,0.9956330350645556,0.4261029742101417,0.1062475782725723,0.086911117,0.572470065,0.085714286
0.7439485226497934,0.8221349423446068,0.9840233155774756,0.3860085795924844,0.5814873624867858,0.3561901080934954,0.5118419891467014,0.2487140466634295,0.8414357138705273,0.660651266,0.37436074,0.717525773
0.011850781301339,0.7154460585513525,0.1123374157995138,0.1688056651232741,0.8785768078412454,0.0819939573150289,0.955648825203049,0.8134899547405329,0.5067559532306691,0.3610451,0.066604473,0.558139535
0.8074055588364364,0.0559785527921943,0.4790997180628846,0.3470167575414892,0.3967778137452757,0.8411186399410181,0.05910925084116,0.3961459048012737,0.4492912280972619,0.091852467,0.588266409,0.0
0.9917278969790174,0.2113838004375099,0.8821121592124909,0.1120459026966281,0.2086731248378768,0.7364271583503689,0.227709007154116,0.6599809725011656,0.8967215185447036,0.113091504,0.653720969,0.4875
0.3304726590750133,0.665994446220069,0.8520807890886956,0.0451285660997327,0.2708185900831485,0.1588829407184161,0.682362276860042,0.4507250303360262,0.3505236633553785,0.328758773,0.144291615,0.0
0.4360115442112312,0.2511998944693681,0.2940822121862773,0.7189610575255887,0.9705380196721736,0.1523972190295052,0.857484193819223,0.8970523936271139,0.599880577809434,0.156263243,0.227224193,0.153846154
0.7887620977965633,0.1262483209155604,0.3501582511794813,0.3750797614700722,0.2147279813937261,0.8254650586597335,0.4471048606651746,0.80196694304368,0.7281361154439008,0.091953313,0.710027376,0.48
0.0186544217664529,0.904958594166912,0.6766696765430323,0.33957704177793,0.3176093913880372,0.8047508394374021,0.0064170639425032,0.4173160352326546,0.1510006959195605,0.411969963,0.186554783,0.3
0.2959256932890465,0.3232199718432176,0.2922219284815787,0.5035657182219253,0.3587215684314518,0.1642222841729199,0.9176079771634532,0.4760766962284464,0.3423543577478795,0.180055028,0.217215171,0.163636364
0.5395529916438218,0.0237584684408022,0.6163527980051368,0.1957410406144498,0.730329024250821,0.2397732894760273,0.923994730622838,0.2367813727258086,0.9601728258116672,0.091915227,0.259378367,0.139534884
0.561661887160237,0.5205941054693453,0.5423081886895803,0.6948649158825364,0.327303082924139,0.9978383822962096,0.9217817978498598,0.9749756067021008,0.1139034541642916,0.227606885,0.523133318,0.0
0.4866272669660513,0.8628935458801196,0.3975414559815566,0.2639331420449518,0.9498032468548746,0.5113994390334112,0.3668969088626265,0.6887543861779112,0.3229929855104229,0.291786412,0.508350742,0.494117647
0.6672529650340782,0.9459433575102651,0.3003960508559418,0.9323064484479548,0.8846290331648411,0.8994466960916337,0.9151421180179966,0.6763211099050684,0.13220007797785,0.508358773,0.633273084,0.0
0.1879561210085664,0.03545879910516,0.960209509293416,0.8113465416199357,0.5139993208059747,0.799486878971699,0.7279740054653645,0.1022226063297718,0.6338045470430823,0.111020989,0.472227339,0.408510638
0.1955804774867965,0.3577391776673106,0.615365337037545,0.1372849813193787,0.575753616341586,0.687945514703932,0.5510286970864484,0.6297989886177648,0.1363796592210244,0.192122779,0.379737644,0.375
0.8546051092703532,0.6393559607527379,0.4012448822481557,0.833241586592586,0.8810594251369781,0.6203124779262853,0.3392297709211387,0.7124740541505917,0.983450499236702,0.206089968,0.407687659,0.16
0.0480308157293585,0.5268309247537826,0.3951548428394067,0.7719087685390917,0.0292665027016176,0.5058174111098308,0.9199671465655788,0.6995903947047951,0.7991470376793413,0.295090098,0.301063894,0.725274725
0.9473131104150576,0.5480912256216227,0.6979700214157825,0.912460110898601,0.6012362439392912,0.2691735073527804,0.3330449344670371,0.1552034849939331,0.4596476560919936,0.160395611,0.483377537,0.64
0.0179061308762046,0.3924571992257336,0.8560351265569295,0.1136159280100935,0.9575565288199483,0.9337402592907208,0.812770057869926,0.8303926213361799,0.2640324765349636,0.163953174,0.393924882,0.470886076
0.3933236686054411,0.4923501717441155,0.2416144681143183,0.272264865729218,0.2401632726173574,0.9497962051334796,0.1764087801841792,0.2660407332076763,0.6057535203924767,0.136924839,0.494083909,0.0
0.3605368462442151,0.642273855720501,0.2992555377643578,0.6056762612653367,0.0206932400827631,0.748209404905067,0.3166879214734243,0.9575009321904172,0.351734371352015,0.230443558,0.35161265,0.070588235
0.5157442738980251,0.9970970927624524,0.5275943004457244,0.5424837198860268,0.422633668737685,0.8520436032141373,0.595809128867767,0.5226846936781704,0.4228783672055611,0.566300473,0.502907206,0.325714286
0.9781025017516932,0.4730817514189274,0.0076317762885871,0.5290645806696185,0.7073414922699794,0.5321219704305731,0.7789764144164624,0.0022074037347011,0.8394353880786279,0.247353543,0.46246644,0.0
0.4107094039162563,0.260747450898269,0.7378654602133644,0.442059511782092,0.8554311565927727,0.7033354852496292,0.7454947686616984,0.194474374265498,0.4031412214697623,0.121942948,0.338035498,0.0
0.0406343625918927,0.8379474203058033,0.8383086957594031,0.1310146061294248,0.5439021827281871,0.988778126917654,0.1698207173973343,0.1669307298887697,0.1984100357301578,0.3868955,0.328285112,0.24
0.4205537893142099,0.9804772601727748,0.8235102916891123,0.3802370366549862,0.7826841063331048,0.2570848140138129,0.3979105706178076,0.3783213982871478,0.6453985775575659,0.540828515,0.28111758,0.685714286
0.1780207772172516,0.0004286226817731,0.6545307002452301,0.2286859771973884,0.8210002717653979,0.958428284596372,0.5363029088535926,0.0266169964981172,0.9261795535729516,0.08706061,0.482320025,0.075
0.5986996080925077,0.905893945971477,0.9510545721729312,0.4457226024858453,0.9119616443871252,0.3355880979839986,0.4683348513717337,0.8721297099191069,0.7399497150797304,0.385016981,0.435638391,0.733333333
0.5507369525582391,0.0256702330997692,0.3527254966737767,0.7328656954933526,0.5957853474410164,0.1458885631950187,0.60958692517994,0.9849628678934104,0.8522804618022669,0.113446487,0.32132607,0.465671642
0.920391398136537,0.4581028705545289,0.9976112106375116,0.4669379169164815,0.8560919372917845,0.271181594520669,0.5964620295556621,0.1021465460902135,0.844380028837393,0.260722794,0.21876762,0.0
0.438939849117775,0.756875429539894,0.558734185784873,0.9008317168402128,0.0889348803005263,0.4518469361218459,0.7522590442471494,0.2344204918901713,0.5846253317173925,0.424483257,0.321493455,0.0
0.3805289275614568,0.5167552824504731,0.5539465804681882,0.6605398249898473,0.2132343009001437,0.4231733914721951,0.1408572081468321,0.9514904060609338,0.0729672444959438,0.165680536,0.265344116,0.0
0.4507125320396768,0.2560709979194429,0.0984884038536634,0.356753950282767,0.8792883515084879,0.8463165432384395,0.3737278515296597,0.3479243049346936,0.8785017544211406,0.094297253,0.544229689,0.654545455
0.6819241548035962,0.9705608384014895,0.313102602899718,0.0594221239389908,0.2176832015656847,0.7459918993866739,0.1507713567447655,0.0556386739644587,0.055114265617672,0.311608835,0.283958751,0.64
0.3471511165257893,0.2448841522096544,0.5066566870801461,0.7387269462843543,0.8124348042038854,0.3806522621956203,0.7440812807098105,0.6320012894271867,0.3395729156888987,0.138335075,0.388374198,0.568421053
0.7919300064500339,0.6702474177755509,0.2096877255067331,0.5960397999894311,0.6678824897709706,0.6233610669845155,0.0435185574876,0.9135958632067668,0.9529626111157998,0.299795806,0.517224836,0.461538462
0.7009846868939257,0.3458183502689759,0.370978027113379,0.3787478883069034,0.6775243445686362,0.3354087848293756,0.0057505723204186,0.4448917900280211,0.6732733379605392,0.10558942,0.410870893,0.6
0.6319451703227198,0.0267564268814708,0.0357267731682054,0.1712325392872984,0.0681238520816371,0.3647595949990484,0.3642393227069952,0.969348559538773,0.8794238660211915,0.054369682,0.386028323,0.12
0.1109777601326063,0.1934034183687558,0.2584684442071678,0.8766025731459169,0.4937244588201732,0.8045780161034043,0.7510134927890386,0.3669503321002619,0.4952338642681937,0.17227568,0.389959837,0.563265306
0.7377854298302987,0.7140783410982874,0.9878520733084756,0.2813069532318972,0.5972521283585509,0.8129305855050372,0.9748107937880652,0.5875129763061516,0.1210997259432574,0.331286375,0.510186681,0.282352941
0.2891185096870575,0.4508176736473159,0.6276949605725692,0.7241287382047046,0.0562509998517855,0.3578709314912,0.1427726467396889,0.3349062151929766,0.6895475555391716,0.146860059,0.365808639,0.0
0.2945403956754893,0.384716321104941,0.4230766266967631,0.3145459402176265,0.1400386049154217,0.9338907557853112,0.2570432375667402,0.8872306222907161,0.9284678182209936,0.102081151,0.569147051,0.25
0.7903094695559684,0.5442366598778909,0.1911654129456886,0.3114261351940682,0.2141673494379129,0.8735771302491212,0.4125126594663439,0.6738973025721071,0.338242270587327,0.20055237,0.471965199,0.12
0.145846224442543,0.4891634733357809,0.1652784407644241,0.8750063321134218,0.5812289893841909,0.0720617820804662,0.9232968029781154,0.1538798836912006,0.8205778219783761,0.198115312,0.077281652,0.242696629
0.3416632136827192,0.971817836740745,0.0875785182138945,0.0150829294471183,0.394864461242535,0.4042310021495532,0.4580583535131111,0.2191493460743798,0.1618337666650021,0.339725066,0.311863686,0.757894737
0.0383091485973459,0.1933726544933118,0.9812785794868324,0.8486706321500895,0.9448839261141688,0.4448415680910714,0.3994623443284,0.3896225313421024,0.495133696925403,0.136154117,0.303498323,0.24
0.2105594076812352,0.1286748430528814,0.1198020129058665,0.3432098915250041,0.551708838912935,0.303149490729208,0.2410082615929331,0.9075350289110784,0.4169643888224683,0.032601263,0.238854526,0.553846154
0.3850416989792872,0.8086270914524771,0.163080815572977,0.6095794875612609,0.6006953614966042,0.7531747724303617,0.7199724151444012,0.9353118937508096,0.037149942942238,0.430857991,0.430287333,0.638961039
0.6016143285780361,0.1373381272306626,0.5503829605090751,0.941013735098201,0.1016301014710391,0.3006241953296346,0.9117448267217492,0.6697524909577551,0.121523442392385,0.084133817,0.432640276,0.490909091
0.4271665291801835,0.264368321522632,0.986961746645396,0.4563418955477473,0.2720776074329719,0.6700710334955999,0.9352976775789336,0.1076521936014291,0.9298793625549466,0.172176586,0.416704646,0.0
0.7888318232492102,0.3976467857095409,0.0972223069279736,0.2813059921047938,0.7625824647820848,0.5176792446776264,0.5469368509523377,0.7743941560048803,0.4898819714176819,0.180811433,0.456875969,0.092307692
0.5406709193381561,0.1976552692763307,0.9480476525175792,0.9891442870722632,0.2532515812621635,0.5929950770692985,0.8129838433077745,0.3455636392884132,0.2302016882675923,0.16604592,0.429026047,0.501265823
0.3782089833471328,0.9781247152656932,0.9440077083442824,0.1689362947743949,0.2623292084101191,0.8651406405416345,0.45123163492325,0.923344918297074,0.9368801591896414,0.450866253,0.38015817,0.32
0.7199009015104039,0.2961903801359786,0.1556898193312388,0.18774961760304,0.831633297541166,0.2118218705742495,0.4212840515090713,0.4500443146897822,0.1690583257688116,0.103610691,0.410265046,0.763636364
0.0308589342891809,0.0013648582201232,0.8271983977616337,0.2327703258881341,0.1559080653763688,0.8717794042755989,0.6320433579080483,0.9382998520469008,0.103287519832655,0.06545314,0.27333053,0.036363636
0.567873262684413,0.3386222228747076,0.9007788959768124,0.7110494218434544,0.6012224998130726,0.663378121423446,0.1708874675183462,0.8964095194244636,0.967145994565216,0.13994035,0.447539583,0.038709677
0.0130429470579057,0.2883082113354749,0.6094857381369359,0.1407567328400818,0.0137550368578391,0.5349817844016435,0.7279779648530511,0.3503523581652161,0.9735822725425998,0.165375537,0.168282987,0.490140845
0.0809969970679258,0.8192896900917849,0.3342370698673972,0.1277066100922945,0.5787011404998764,0.683353792325617,0.972040660427426,0.3989182843420346,0.758951056676952,0.576260175,0.197732981,0.463636364
0.7418589107653926,0.6531975997310284,0.4537688567527063,0.9512933441354952,0.8326217808921521,0.0342812733476783,0.8900840292056289,0.2299511364870717,0.5261143878625094,0.366019396,0.063039365,0.27
0.3094058808234575,0.1252236948777447,0.5530004290929157,0.8469607909926347,0.9240120783715036,0.9110141595909718,0.1745661666037272,0.2420458685235723,0.5550257090145522,0.095737346,0.498746491,0.0
0.569251281749853,0.0118034778754034,0.2308280587837691,0.0935569053840371,0.9107288998553452,0.3134198815864654,0.8251222576985668,0.9880282405333916,0.5714186360070349,0.09407392,0.378335569,0.416666667
0.3875923694316646,0.6432462375060185,0.7804594487889598,0.3909281587367629,0.8422050513346832,0.0723764227899691,0.3924548210791803,0.0354059034467383,0.85045795490696,0.285417026,0.105733339,0.36
0.3907015332886817,0.328468946761512,0.3805601898200629,0.0819203340736883,0.9163257139003372,0.2838325003153804,0.0567245345588528,0.6058096084477813,0.6567731180759642,0.136672637,0.355601438,0.631578947
0.6610433127977506,0.0652936676040302,0.3502179531966508,0.3456624407973863,0.3356791557898975,0.4827658956532455,0.0425961230445417,0.965749007332682,0.1816417908285587,0.064518057,0.215620096,0.0
0.0012090711126162,0.1363015789521683,0.94686909328432,0.1251986509449857,0.9979010265297764,0.6241477388210444,0.466439425061024,0.1081367168387107,0.0880655853806707,0.08782686,0.213104136,0.133333333
0.6165128481907325,0.8515812252862517,0.3684777883927347,0.3370847063447409,0.0833449432323562,0.4701923653407917,0.5056954580158255,0.8594739057281178,0.4727019388377189,0.646260868,0.445462492,0.6
0.416859870866188,0.0478229568999784,0.4504439041817155,0.2692479136222425,0.0424398441351832,0.3463119741470444,0.9665216696229662,0.8881657771906243,0.1153291414692367,0.074386932,0.400774023,0.648648649
0.9627742970932086,0.5771280927061295,0.0987415936233744,0.961494458391132,0.7358719866283775,0.7840080793429441,0.3786568128138499,0.6881485326138473,0.1673655966332551,0.164366956,0.494872824,0.666666667
0.3544227236651285,0.4258569155601449,0.8489867232309417,0.1932079920697539,0.3449620259979309,0.1087174195809889,0.960023117276668,0.0210547979926022,0.7766266401954595,0.24534209,0.250324192,0.569230769
0.7857377328035612,0.7132702217720454,0.8592694290368452,0.2025820498285077,0.5686456456719603,0.7734887699348338,0.1316880990704161,0.277114703685457,0.855844747819187,0.203132587,0.575361687,0.0
0.9804949609772574,0.1017180624533237,0.7461305382151435,0.6917333731160425,0.501581013950429,0.5260858471266494,0.1335873541978,0.2913483982523183,0.0485830403058041,0.063141771,0.277567993,0.711111111
0.7398277879557513,0.115832729209412,0.4028534294039027,0.5017205211338804,0.8423602200456313,0.9574723192608338,0.0971900786242084,0.0595517614923105,0.8700635783733102,0.108698342,0.652329782,0.3
0.2153320009571711,0.6788427732987117,0.5822275076913046,0.1038758177357008,0.3073292161487814,0.4834101790737621,0.2769348895172946,0.3408874511709646,0.5149399668640418,0.216315236,0.354688512,0.8
0.2325915099398613,0.8420064602731729,0.8412829151537291,0.926952711604741,0.9082145694135856,0.4914713423597441,0.3391681467391341,0.5474539816480093,0.6466273814443765,0.224730754,0.360806529,0.64
0.8221478702817362,0.4929778687676034,0.2487536597806123,0.225038282529988,0.5337822846281316,0.1398717253462849,0.8003084928986651,0.3684769217353947,0.7655485005431073,0.340824603,0.288002865,0.632727273
0.8581993471526265,0.584348874963426,0.3475619892054802,0.5244101175669295,0.3881750217608772,0.792779329232629,0.1844362088516311,0.6052337654434301,0.1087442047122538,0.133512453,0.40788525,0.3
0.1951703499409749,0.8912323063449016,0.970794750648682,0.6184650107548071,0.8714422593121492,0.1965149618706463,0.7227792470765426,0.8050208549133868,0.2045892722276081,0.481858769,0.299223944,0.409090909
0.3813342653709815,0.8554111118213413,0.6551557642262628,0.4584235832779786,0.5531297756706536,0.8340144216427909,0.1795745619086676,0.5707444511859165,0.7161230765880163,0.263471854,0.517820064,0.0
0.197832971575947,0.4644566012857664,0.9748451019516992,0.3508665603925175,0.8000326436583542,0.8332392133246226,0.1216078766707429,0.6844476864442309,0.5450023440676007,0.16466454,0.371969143,0.141176471
0.4144011806273652,0.8893498727310716,0.0710236773999692,0.0832643290035146,0.0565843261284738,0.6623324528484107,0.1864433379056523,0.9619864423164732,0.9046233128453116,0.37145928,0.349608715,0.218181818
0.0984729212524859,0.1838667615527336,0.0654257291598029,0.5520542814062805,0.8917071805763483,0.038066608014748,0.2163479845230576,0.2949199449478735,0.5496954246081192,0.079119532,0.057534919,0.621428571
0.6590120560711418,0.2573232457607287,0.3308031985800894,0.5289029981505884,0.2388692674074329,0.0407455502781518,0.278627557698525,0.8443184051869738,0.0957044169240803,0.088544438,0.184838346,0.6
0.949120558640412,0.5853621364891732,0.4148715357850158,0.6522221464893703,0.6161603875898329,0.3458358868477552,0.5724233928354038,0.6171162622192343,0.2946048664618181,0.274709875,0.414951767,0.323809524
0.1230928170781853,0.8037606905539288,0.963914867489468,0.1889100726110074,0.9110748922061944,0.3344696705871922,0.0753537928813811,0.7229889072700657,0.1401135340566037,0.315363777,0.273928164,0.834782609
0.6488772769706482,0.770910014802,0.4934911571199035,0.5798627353376204,0.0838989387929908,0.6698974194772332,0.9970100703497966,0.374343274224966,0.1314848615993256,0.466569304,0.491941611,0.553846154
0.7467178492227425,0.335358792465305,0.0459246736008976,0.5063576345150276,0.7385189509429274,0.7044759879772147,0.8735667431114793,0.7378178045016611,0.0265045045875139,0.127245253,0.404260857,0.583783784
0.1849937444691743,0.4238276900848524,0.8098294217517338,0.7351911989610427,0.5577755444131934,0.0990397437547901,0.4708727661373447,0.3784860483035811,0.3718027396992636,0.1517197,0.136888074,0.092307692
0.8328116514296948,0.605568075429765,0.1620372170107377,0.97015319684517,0.0176220877559726,0.5971698937131928,0.9308985381396764,0.604800774012958,0.9965928423568036,0.350573441,0.458676902,0.193548387
0.4886822273350063,0.1681294390838809,0.3448545295325216,0.7990800092062805,0.9024331785425244,0.9178570987058448,0.2040905357835765,0.2325817627078692,0.6904933400328287,0.100206811,0.709289446,0.218181818
0.0296885319090954,0.4403716727135106,0.9053812639447472,0.649820051819955,0.204188884432683,0.8331719153717352,0.8291801467986863,0.1291414911790405,0.7594399691405154,0.228122382,0.26688641,0.447761194
0.9875569145654678,0.6834717106286994,0.7003393244066952,0.3050450166762756,0.1111197226447729,0.0491278608200805,0.1639617164758503,0.6586817878627542,0.2616786276680071,0.322426716,0.253477036,0.886956522
0.74670486574041,0.9106352080898062,0.1583161936357865,0.6735448176263871,0.9341989644943596,0.3060583561261469,0.6438237304487413,0.8210459285021552,0.1020454648621678,0.539795592,0.431288534,0.419047619
0.270962709585219,0.977569807204777,0.8386218268110315,0.3014375303414729,0.4375203136617388,0.4889350958651901,0.775730041474171,0.559149026912656,0.0402387641801074,0.590379826,0.282923467,0.567272727
0.8421144780863089,0.723180013874309,0.5884335414394851,0.4481357174331971,0.1103249417473947,0.5530311533828285,0.0446537882705454,0.1040854666577152,0.5436180760179741,0.27120802,0.498986205,0.4
0.4248336433781505,0.6062402305822286,0.9271218268073989,0.2594068128774034,0.4655305190234093,0.533047479340547,0.6561112767679982,0.8465817279061638,0.0649459481568218,0.342068661,0.25808768,0.291891892
0.7018224615635723,0.4933952426976021,0.8213934669256312,0.8013498737143295,0.0905436756538911,0.0251282586135934,0.3079902808801015,0.3348555479599937,0.6715614307806662,0.137172456,0.063522172,0.0
0.0109522353278801,0.0225598253964913,0.1477261491548169,0.4318848872518422,0.3555928296147291,0.4016093478212623,0.286209315043558,0.1957946110293758,0.7783888279782698,0.037081183,0.076257314,0.0
0.0614115157765791,0.0736063652136971,0.5517816984925686,0.4618569446469068,0.2705180823446372,0.5701976684104242,0.5387399188305043,0.7700929061295898,0.6354706269879007,0.137038823,0.255122295,0.128571429
0.5199074309430155,0.92296290490609,0.017175766319925,0.5072049940415345,0.3149906551579827,0.8642541237890645,0.2127504299088281,0.3291404328644516,0.8367790595300364,0.363086752,0.32728384,0.3
0.2902684775777567,0.0536040184604938,0.423239589191324,0.4556681924715746,0.6016874772932655,0.3973802335210574,0.0450799251685828,0.506261327787443,0.3178555621121961,0.081383684,0.132070573,0.0
0.3939199619677936,0.8392401220927774,0.2960337499558436,0.4927063039305208,0.7204843332140148,0.0209966446679028,0.5864292383431402,0.1478153777693944,0.2900944330089626,0.425215115,0.119478703,0.612765957
0.3249523194331851,0.9858112653163724,0.6460755164371008,0.5636861027811203,0.2625901355912706,0.6799735447807226,0.9650971949544784,0.622500520926327,0.141388510568352,0.628768613,0.389998601,0.569230769
0.2307895590313909,0.5355846605243046,0.1166675492808497,0.2006300025972094,0.4142643226237379,0.9534614444146658,0.5783842446856555,0.1995893117962872,0.6158831786861612,0.265162306,0.426943805,0.26440678
0.5450022272934626,0.6551998042726062,0.5006396398044249,0.3464289411333812,0.2601451786978931,0.7743768734074598,0.175325941424199,0.6618268780258715,0.5088669771591351,0.211813,0.566849574,0.514285714
0.0572736015959405,0.3579634239865688,0.3794676055839298,0.9180709862655958,0.0233468082834801,0.0208072594448821,0.6197956898776529,0.8688580432676366,0.9950200043652536,0.244850409,0.010458859,0.0
0.3768014724657814,0.918829573515938,0.5063101737001839,0.0487256332750064,0.8910029055721977,0.6866929793261515,0.915231829468034,0.2085142648162454,0.8808983710490305,0.627658095,0.47018897,0.6625
0.0513614505946444,0.4686221812755835,0.83194141039623,0.2886673223934319,0.3287015916202835,0.1016721930240176,0.7079864818549484,0.3448280766421231,0.0401729530332015,0.238648437,0.089330769,0.806722689
0.6535127517632883,0.5641672336329723,0.584809484702392,0.3125626516621479,0.5393847632707965,0.6406878081474077,0.2675459637997111,0.86833407234497,0.0540948181977523,0.171373065,0.431504276,0.288
0.409106341948999,0.6145663680186035,0.5899090997614128,0.2751395018916397,0.1577498141108179,0.4156043659180338,0.8810812413800245,0.240895823889039,0.1967224160030718,0.24726617,0.442382621,0.463366337
0.7140314439831337,0.3657416921891745,0.0833446691374333,0.8999853850912651,0.8008678084013481,0.903473782771292,0.0774747043880118,0.516836632478167,0.6430151125196905,0.115185798,0.613111826,0.0
0.7043042771720339,0.9746788031286244,0.7427646636211622,0.4123725670493858,0.6225149312022947,0.1825119642407603,0.083512004399587,0.6548626341522169,0.0052272307948185,0.385828664,0.398181628,0.6
0.0205265170361955,0.935758047343269,0.7420360120324125,0.9377218520578426,0.6745028396152969,0.7163663607289869,0.4114103672403849,0.7976560116248502,0.589938132779392,0.273233064,0.274120158,0.260869565
0.1759071996284671,0.0949359203681169,0.7273973228009404,0.2016959721832476,0.5893100534972201,0.9780452332455064,0.4118982398216034,0.8334477267389531,0.2154644827317088,0.058052229,0.30630548,0.782608696
0.7113533462615658,0.1906743413935663,0.7391878375809895,0.4173253715031643,0.9997556691305298,0.404502294987626,0.2772566872407547,0.7213719303482627,0.8021115029682481,0.123620671,0.459344482,0.72
0.4363120913462889,0.8998656335351265,0.476651413068956,0.4400157858447217,0.1247046733915201,0.814381362351184,0.3468942347773593,0.0228024744601205,0.4736671920919933,0.349830489,0.549756651,0.4
0.9103866069459337,0.335873995044292,0.5435830651058419,0.0616998745060525,0.4725964737781108,0.42228355903073,0.5245416906121335,0.1117469454312355,0.4278578774280376,0.180978683,0.522897809,0.386440678
0.9238446438375332,0.7525238304680983,0.1087863168090323,0.213959894460028,0.2697387113336505,0.0736586929337729,0.30286044874314,0.8510092540682285,0.4611022831434477,0.249721263,0.473354718,0.78
0.5777344785517955,0.6919310537615916,0.0377160070483815,0.3774961692452726,0.0816369499346456,0.8695821571377778,0.7469506190304182,0.8964703107467286,0.8238052932376675,0.342858973,0.557090778,0.038709677
0.9279786472724258,0.6391520349790414,0.5879853120178073,0.895430107450778,0.5991727093650255,0.2249525428686745,0.0448902060210635,0.5658850792276079,0.7289382430090372,0.233289451,0.311560884,0.628571429
0.7325206516532377,0.694827257448713,0.4111988121236145,0.2088813465163802,0.479881665094834,0.4309666642138324,0.6688734861889823,0.5654592574603375,0.67644325052936,0.374897956,0.470370579,0.519402985
0.9054485873147312,0.8963714839477067,0.6003553748430468,0.7140498412838437,0.9298526610512476,0.3520359841940397,0.3631942949400029,0.7169429933336718,0.8175730601074159,0.289473674,0.235835571,0.0
0.517995048329139,0.8941840869782963,0.48788209143209,0.1134972254596666,0.2736052561832439,0.7360798374560552,0.4981797353577301,0.7924206863160586,0.6658940749213259,0.461981499,0.598484871,0.15
0.2425550630744113,0.173568971888583,0.852628276807072,0.0466053684143792,0.7483147516345315,0.4773957105514572,0.6367600016947395,0.991528218601859,0.0981125860225234,0.117466761,0.357654931,0.472727273
0.869221910719429,0.2166100551903075,0.2906393008298278,0.953447058435954,0.6285870108119964,0.5182397248198175,0.3993533964058967,0.9280352346019556,0.5398954702386871,0.069502007,0.566469143,0.075
0.3711434001151996,0.013085025250314,0.2616053931968799,0.626696905857615,0.4805585125197285,0.8468225962685503,0.0372912004885302,0.9601712728003858,0.1524788234537925,0.054114547,0.488817426,0.0
0.4906992077604984,0.4006171505732655,0.7001025964728913,0.9870454934397784,0.1458248372946462,0.8005376363872643,0.6716765748054848,0.4979547566110872,0.3377633990251165,0.154153282,0.432476434,0.0
0.7503114450764662,0.2400141420053592,0.4366968583511261,0.184511509286473,0.8740095310769211,0.2576448218100009,0.1341039644233822,0.38667372798181,0.5152051641234481,0.110355015,0.484613399,0.735483871
0.4526172994817313,0.761158895649354,0.5746492000028429,0.6434056505013095,0.4558447025649507,0.7730469337287647,0.7896828853315253,0.1232799397495102,0.310499523999582,0.335067676,0.502777007,0.544
0.5351018204802237,0.2753094171424031,0.5314180730724329,0.4634467932169454,0.4039662929610835,0.5581512280750853,0.6494901716845812,0.6944290647317363,0.608337752777078,0.147368934,0.554993,0.518181818
0.981827778767668,0.993531973638288,0.5164879520265612,0.7887410571719872,0.7934693929947655,0.4626821574820849,0.5064785670844322,0.3458071615070776,0.5179658621063681,0.557201244,0.376217239,0.034285714
0.8494329428384118,0.4896622567901153,0.6471237797148764,0.3986840648881622,0.5282100103184131,0.4224123918238722,0.5607664331734754,0.0160284818811463,0.8429621075283044,0.238033959,0.574926422,0.512359551
0.5570339602976607,0.90101115888885,0.7469594246655084,0.7665717794828927,0.9499490928580464,0.4030898196298672,0.8120381118481289,0.052904367759415,0.0942570630327297,0.592966289,0.332921895,0.579310345
0.0276829908869492,0.3586901409427785,0.0572308306973766,0.3695023942475884,0.0124632560524554,0.9023733429828802,0.6834914946250206,0.0867324403324354,0.6550671559532001,0.128522201,0.34737682,0.3
0.1076776386039752,0.5358291380454835,0.841915605943563,0.3753803117662564,0.8943832521468094,0.2237701676567631,0.2052005423486386,0.5978155911079784,0.8077458610673167,0.225129564,0.158208916,0.327272727
0.6157581788797587,0.8172196528411506,0.6407229695991968,0.1360722023359285,0.9421628906170324,0.0679602292738533,0.8027747725875122,0.541224521787593,0.1085233634235193,0.479994433,0.126261798,0.406779661
0.0879642527252072,0.359740260160436,0.1684943464172069,0.1626235317672655,0.4276533904421812,0.4213475828060168,0.1901255926186933,0.4586174090181495,0.9987767200504224,0.115085108,0.171533558,0.2
0.8649778294065001,0.8769485299828977,0.3338917349610615,0.8009550663155897,0.5955546892523257,0.1177869861854986,0.0404935818865014,0.3149682732335848,0.3431070127058029,0.274738697,0.252390429,0.514285714
0.1496917647349724,0.2796648881237606,0.5469886821059927,0.2879692986855595,0.9968741344478648,0.4535153955696627,0.297530154765011,0.2767430949839636,0.6631708781013018,0.11489683,0.247470587,0.3
0.7963969650576103,0.428054268862553,0.4017135139547357,0.7043121165480217,0.7961722912364848,0.613447812183485,0.2921446774459575,0.943966275300528,0.9841825729927433,0.171200921,0.530875504,0.0
0.312835923055747,0.3813664634534202,0.8091349735776246,0.6801845177820458,0.6338827311272441,0.8772998198640023,0.0779195705024875,0.8129118323247143,0.922714536670152,0.12288263,0.425443211,0.218181818
0.826003348465629,0.0922072251920875,0.7017179521873076,0.5066585739584422,0.8819514029840327,0.9101873047589925,0.7676896255506622,0.0412508488619266,0.5624931401576279,0.134442595,0.667680748,0.0
0.2215963755583632,0.8624520122253291,0.3923128739538626,0.5668224031488773,0.0743416008722612,0.5408646491935185,0.5510430834698554,0.7500658150069685,0.5967507231830785,0.537685051,0.403457401,0.748051948
0.0971571468744989,0.0418325176903249,0.6289007661541716,0.3986381489840935,0.351655336023052,0.7035915232323072,0.2910691208853437,0.3886529209062906,0.5919118728343761,0.074803006,0.364690235,0.378947368
0.2442602795677939,0.2907276143197035,0.380022665897609,0.698892591160079,0.202909422196582,0.2494863954357745,0.0529669430523093,0.443241469486518,0.0398814984942419,0.105801743,0.374945055,0.886956522
0.6956936700544897,0.1324141349035015,0.9800302380767116,0.1787063007590652,0.1100257018286575,0.7591574501814171,0.2723780048941514,0.3947282107616997,0.1241333120699872,0.056470953,0.583352987,0.847058824
0.8208429194748672,0.971786970770732,0.1808695400146065,0.1872598376719904,0.8614265320320625,0.9695526404352092,0.1132890825831213,0.8732307779788895,0.0799424523938487,0.412543144,0.599842636,0.857142857
0.1132020844408528,0.0519852820795976,0.7274149506717748,0.3036620933499985,0.973440396867616,0.5631156465359171,0.1658256056686844,0.1394559393826044,0.1265117586988567,0.052510737,0.370539916,0.495652174
0.9139879749461358,0.1108513747496272,0.9608976458701788,0.7884681088003647,0.6520171374607917,0.988489156896072,0.578242613091787,0.1613810302193843,0.9435133267679668,0.150662147,0.57469548,0.0
0.4321797003046009,0.7361311226552948,0.5699503902844496,0.2430694483104805,0.8077898332891871,0.2373588597185136,0.147139033281299,0.3857206431886628,0.0493069879748498,0.188790971,0.228198764,0.0
0.4206410455034221,0.1817168574635691,0.0175319611255703,0.4900188832993505,0.8886582048588602,0.6421353890822808,0.0718435538767279,0.9962910039221984,0.8424327383920575,0.109074677,0.141526554,0.0
0.054046904320273,0.016677612598471,0.6134240676691513,0.3951018015265227,0.7321521027642056,0.6689696649621043,0.254911905262181,0.4861890801598292,0.2302376487143669,0.069620896,0.299101904,0.45
0.5535783457468433,0.8846905289523149,0.7874425690922662,0.7744820267225975,0.2077484909172452,0.3599879108242925,0.6732023466783124,0.3468877254978144,0.7118127158720037,0.805606671,0.369490673,0.743661972
0.4057551046669576,0.1054081684411591,0.0628200971330539,0.7960679861040372,0.4634417146680646,0.3248637823533744,0.2834611179307794,0.3557307858187178,0.845296872913009,0.066149297,0.369404825,0.490909091
0.4221719063593105,0.5052844400661812,0.955369498516176,0.584302613172944,0.384329926526049,0.148648835995683,0.562457651084926,0.372989880185288,0.7133745164892266,0.256656569,0.161630682,0.333333333
0.6994007797006864,0.5814927151929559,0.6852588952849259,0.9626207908088752,0.3501512026626214,0.9919168819599828,0.2401202970561897,0.6635294242644916,0.0088003407111587,0.0,1.0,0.0
0.1373127261508633,0.7128608414531827,0.8147472469542724,0.0003532628070591,0.2293992027996244,0.280867892215516,0.452030120217561,0.3958185252198728,0.8734838873031562,0.066543285,0.189734327,0.685714286
0.6250358853867226,0.4301399540006482,0.6214419874619913,0.2220256647461587,0.688262810831395,0.3461609777806959,0.2499092182223177,0.7348752183452663,0.1533517298060449,0.167023187,0.45635709,0.533333333
0.1564851212514474,0.2681632492787845,0.0074903130191389,0.5844586947805177,0.2787771113621404,0.8441232955072484,0.5483110385833959,0.6603437835751711,0.0180353141395359,0.144115112,0.277766644,0.109090909
0.2455842222026126,0.5604697445967348,0.9245923284232996,0.817570733177506,0.8934105416061983,0.772070219664549,0.941541932244364,0.3087724809395969,0.3476487389494008,0.325639755,0.384347825,0.12
0.349412547238304,0.7912412153956984,0.2321793357391975,0.6853187522012566,0.4274300290622662,0.6870844553952495,0.957912530887238,0.5360567210366004,0.6736243649159311,0.452542383,0.412465235,0.144
0.2725300900960652,0.6652339900128884,0.0312504712522704,0.475226750214774,0.3665571176773969,0.7124179358622919,0.1337374968471576,0.0458186478429328,0.3968797267473246,0.172875467,0.28434087,0.0
0.1343830002904754,0.0617219127833472,0.8968010571706919,0.3656733392227898,0.8546936519882451,0.615878749088972,0.656913891713542,0.1155223870065733,0.8060329109287925,0.108087422,0.429460134,0.064864865
0.4577460256881642,0.0638553797283599,0.9233495029078777,0.9020957567183722,0.8896417994901801,0.3367806323971279,0.1194356400468068,0.9971842387137148,0.8323648204381916,0.068971477,0.283802109,0.0
0.598237586695916,0.5553999548142396,0.2051574289510916,0.3689769597551504,0.654508815252651,0.37233317537438,0.4447143459553517,0.2842329899742081,0.4052972901414028,0.191371495,0.46778421,0.646153846
0.1766181382323662,0.6944689387866811,0.1049484527588604,0.0949615355420573,0.6563042597769191,0.9312945010275504,0.469176547986266,0.0178513849945348,0.2827459661718313,0.1538176,0.467718381,0.369230769
0.1415185611890287,0.2787663077335633,0.5478532879659382,0.8057187016748009,0.5726141022813254,0.7963291548083672,0.4696224212785361,0.0330582662830226,0.7037559976193472,0.046793518,0.334180034,0.266666667
0.9715186896038122,0.982770454821558,0.3739726981926164,0.2374900225101532,0.1549015517695643,0.4562911947455108,0.1921270214368491,0.5201576699664576,0.64081255185529,0.27491222,0.608915517,0.68
0.1218312846861194,0.6825542585474078,0.9424746511984536,0.0363052416319429,0.6660594354888727,0.3937285094126629,0.7541760591036257,0.8803059414392002,0.8637173623001989,0.449031843,0.297984399,0.145454545
0.6269088406191847,0.4221903641463896,0.250878231149508,0.876771707822631,0.5160759924152799,0.6493252225237426,0.9559083229293224,0.30918779267607,0.9553720164935198,0.235606879,0.527900123,0.305454545
0.6478138993077204,0.9420043401126396,0.4542300044624578,0.7434317972232538,0.0509384884330383,0.1879028653593477,0.2773759564390893,0.4437999210733686,0.7767164073227635,0.395565362,0.286268779,0.705882353
0.3177055163701514,0.4147847281081658,0.3830219743778024,0.9163100224987512,0.6466488652778586,0.4350155361550909,0.4648133687808135,0.3024761241357697,0.4533690142666915,0.154231124,0.481993893,0.505263158
0.1996108281715405,0.9615727279232178,0.2253092793431896,0.9427987853782074,0.0681037996917135,0.1803137270536733,0.0431074114008812,0.1962494709996864,0.974103400720715,0.351726979,0.148412303,0.333333333
0.6625791321974707,0.5118877499974317,0.1973176143992993,0.786033270324967,0.3168010875667673,0.4375464314817183,0.2535221089720934,0.3855394411844146,0.8866025891329656,0.187896884,0.494575251,0.12
0.7921287971643635,0.9843343605327628,0.726226733466834,0.4421378364579333,0.8570889611216832,0.8256570569073306,0.6207890980146936,0.193145598566644,0.4970017401710676,0.581188457,0.550393766,0.266666667
0.4408417969836207,0.9317270238802516,0.2505715152545086,0.7656366895161246,0.5930969954880165,0.5049833482837891,0.0114069660679729,0.0582886042335809,0.9919172064368708,0.397645433,0.527214507,0.276923077
0.1359646569536386,0.6812251324065779,0.5176378531759472,0.2828182429404069,0.1951820844562082,0.1925339174374213,0.7989987387576757,0.1267388373216224,0.3319371918046857,0.317007743,0.227494609,0.48
0.8888919173399021,0.7008380792250776,0.4121947346251342,0.6564075309890178,0.5025461669861692,0.7647616894332142,0.0665630343808939,0.5112919275892065,0.0517562394232686,0.266519085,0.245789727,0.631578947
0.0077894005372399,0.980690129237847,0.6435606906228788,0.9310874032802678,0.3212875660961005,0.95046176923544,0.2781309343742992,0.466069950807733,0.0460107167969325,0.465420613,0.341822083,0.533333333
0.999555472026537,0.7971565272096051,0.5538167606735427,0.7778174637266894,0.6956758146050555,0.3204987829526706,0.0404510682408372,0.0947316464040508,0.482811488665961,0.262909858,0.277794323,0.276923077
0.3749432925604391,0.014827025951557,0.2065048343267803,0.7790231458522804,0.3990803614246677,0.1400442018957491,0.7644602939528533,0.690598834758961,0.679080675899076,0.089651663,0.203462127,0.388235294
0.7896048823006804,0.5079868925892083,0.5098921168609234,0.2647455998927007,0.6854645412759266,0.8214137271532158,0.4116581009075751,0.8732286327677734,0.812687998046057,0.142890246,0.449707439,0.06
0.6657674529092968,0.4118959468405613,0.5444543201252194,0.5458130457212355,0.0436063776123191,0.0031957230702075,0.1608180959659989,0.8659660737155389,0.2988707139700737,0.148833188,0.05993719,0.4
0.4540337137928798,0.3870418100750384,0.9099433668207978,0.877359666872949,0.4018349398371345,0.2894839290724891,0.6264862946110847,0.7852164342801284,0.0433456432655149,0.173529697,0.282651522,0.21
0.1940096796072519,0.7940987785965172,0.0391213800626718,0.420436316883226,0.5474039405227471,0.9568245213839318,0.3608591972478725,0.1455130410375255,0.5290244984414383,0.240325134,0.465969231,0.0
0.8763507413678944,0.0253487106151735,0.9392426383558076,0.5474459300796531,0.9581552470152408,0.4895725157263833,0.238271254572819,0.799772647778177,0.0400646424365618,0.069823282,0.49486526,0.0
0.3528632308359124,0.4456869324161391,0.1645508195356518,0.7806823099072143,0.2522253546676437,0.7497719110432083,0.0001504384103866,0.099413352439021,0.6452667018275599,0.13215965,0.374259552,0.0
0.2017083951545382,0.8485671036459944,0.9129945631691072,0.3282405290922365,0.3521173690962523,0.0750155508212565,0.6477616293742593,0.8259630714611711,0.124452592401604,0.467219977,0.138271327,0.6
0.9956137154950732,0.2066638403715437,0.1734285209462522,0.3718807899015883,0.6982102201757364,0.7189464418491769,0.5643748449890538,0.2283977653657939,0.7348181730776863,0.114739145,0.484555678,0.25
0.1803505131461829,0.9375296305574012,0.3534278380026749,0.1576392255679105,0.2823288183403331,0.1371079457223016,0.4966875438870867,0.0785416531355921,0.098584088989248,0.331203967,0.101239049,0.564705882
0.2732136180303322,0.6878618401257807,0.2189834170518994,0.9016468279822206,0.7258897489324212,0.6309187990331726,0.9271494115093892,0.9356202445914156,0.6920595485345341,0.397239259,0.422114518,0.425
0.5205826347888007,0.9672338053172936,0.039228092462343,0.0424218981735051,0.771163058674597,0.8013080193768596,0.920638254760754,0.6758540800104877,0.70649165226981,0.577002395,0.551969706,0.116129032
0.2395114788982362,0.834462250881366,0.1207735266858118,0.5779236819046939,0.5604085074244791,0.1652172040059238,0.8009627159908793,0.9011759135438444,0.3560688749647912,0.49461591,0.153788784,0.272727273
0.3305324208340487,0.5798109304933954,0.3500255744353534,0.9001511652553431,0.8455625149996899,0.1595421770678037,0.6176278666856696,0.3470186962526195,0.0109138765038147,0.328679892,0.117527833,0.56
0.4207338093882669,0.4124425039666775,0.5091380234521099,0.2667245204553005,0.5343900049027522,0.4197530459042996,0.0021288923993971,0.6932016166042947,0.893390780943768,0.143777826,0.262650501,0.514285714
0.6378732976196668,0.6840122367134094,0.9439881502427956,0.0810010102347623,0.7586244569494656,0.954087121891494,0.7760590396550974,0.644821964804399,0.6118208055315618,0.420835261,0.579215681,0.366666667
0.1224274971959604,0.036636234804846,0.8368503881676838,0.1213482760667632,0.0174355837237838,0.6889000169164988,0.8070465147895574,0.2144995791863477,0.3636265055169488,0.117107317,0.270220918,0.085714286
0.4189395297062112,0.6324747561553867,0.342957317575892,0.3562829111247396,0.9342111516429832,0.9851122656048064,0.3723007225765563,0.9031784779990504,0.1478383165248874,0.204452922,0.520474863,0.3
0.2232655045045551,0.0835578020699051,0.9744119075962848,0.3223359815937699,0.1721863028261787,0.6855728723929444,0.6228493608733948,0.0029934818510306,0.3949460507943847,0.101349936,0.3450145,0.186666667
0.4669721445084296,0.1008050240047866,0.3578876824797498,0.7517946789386798,0.2611801026177662,0.1436327300437806,0.7325113839758216,0.8460967027187971,0.3545964254563192,0.084756035,0.304268058,0.592405063
0.328030884601224,0.3360340874126734,0.8304350745956505,0.4306214431195283,0.5769866959056156,0.9141173967179947,0.4079234201352683,0.9224788264146448,0.6702460125569858,0.107867894,0.417262543,0.5
0.9089149904956016,0.1561152463927139,0.957104491237894,0.3838772912744543,0.9708263308524664,0.4307938952137925,0.9803074675467854,0.1926512071175999,0.7621587540986505,0.151419715,0.510947602,0.0
0.1361464638796311,0.6405127808500265,0.4935087042939061,0.9435669127699488,0.3388464703833309,0.4190082486523551,0.5492382438473983,0.4648082214564186,0.6488646755755186,0.402200963,0.198528355,0.04
0.8089298808701147,0.2330841682329687,0.5947714193769426,0.8205648074353891,0.0551741599303952,0.0339070607781284,0.0599475425149913,0.2923138803567012,0.049153525889875,0.08749132,0.14074655,0.654545455
0.0203908373320765,0.4185807304598287,0.5027583283639825,0.9645291687213744,0.1586469850880584,0.7666722696185442,0.100976343545863,0.7712047056166575,0.7081234335539506,0.11833481,0.270358922,0.0
0.8812462050173651,0.3306438888296827,0.9281620244935652,0.536977875010349,0.0501368796299598,0.2025766435441186,0.9007979089422984,0.0220250131565749,0.9970509541457552,0.176658341,0.268997512,0.0
0.5652067861796461,0.6100250468407831,0.0241995550693139,0.7880940089665269,0.2483419740054243,0.1233641237137653,0.0226210184147167,0.1717005971864937,0.7311935376452852,0.197052169,0.179339767,0.24
0.3478417419168389,0.0516206212428195,0.6480818509346795,0.8248050913648126,0.9255227166177458,0.1465923337595324,0.8475103260704433,0.1171397242098436,0.3643866951245683,0.107668163,0.166663586,0.105263158
0.8430790532519317,0.6076704456234582,0.4971306270009491,0.7258447744126654,0.2222865811538446,0.284174743395008,0.3822899564585517,0.5324787098222713,0.2864632683937553,0.18596224,0.395573495,0.48
0.8345652182544683,0.1202389517783604,0.7321797537193886,0.3718893175021079,0.0072104807398629,0.5187894255095686,0.9201721703733696,0.737232935841646,0.9346247874797587,0.122935946,0.436038257,0.0
0.1760775056245125,0.0014436504573125,0.1941689532592806,0.0637612205921549,0.2002436118905707,0.1247103650821915,0.4543948348728448,0.4648029155465185,0.1028571943592083,0.058025026,0.156569183,0.66
0.5860549915109321,0.1762711064248873,0.2153300768152387,0.3585807623873334,0.0964771782132901,0.5266545938601337,0.2605858443610169,0.3351543423994693,0.3887303291080055,0.078464062,0.40937693,0.18
0.0525547476948364,0.0499032948519656,0.4606208568178671,0.8755001988135199,0.3022922044547262,0.4565024142964131,0.0248164923780401,0.9572170063119024,0.4760772141752776,0.048651439,0.246860743,0.12
0.7579334122293024,0.3266794068286165,0.5104324952948159,0.8805434456051963,0.5137977468601876,0.0852951750954685,0.4115891282832323,0.8966068648685971,0.0677946118918595,0.098583582,0.203949369,0.821052632
0.8117138594778345,0.2883838548987255,0.7105695546540475,0.7198424382792026,0.4697332621059568,0.4184857431827324,0.5086734175503667,0.2417160787623237,0.9383302705819768,0.216280358,0.527948129,0.3
0.0346555669199855,0.9208563014255704,0.8536381207768969,0.1662715987465096,0.6760365243280898,0.8896866758282803,0.6132238210745693,0.9614114327607964,0.2487930401273754,0.490521098,0.262839349,0.252631579
0.1428400495519765,0.9513476310677668,0.2470348801224747,0.3473922860895506,0.4705957768464199,0.1496214019522843,0.8978952547355148,0.2684438183303079,0.7155588579777045,0.550368979,0.172656681,0.675
0.995968847939966,0.6460072687613402,0.2538000506092996,0.5842575157195805,0.7793531283910751,0.5987334172972858,0.4621870800552086,0.5694334914077194,0.2368772656970118,0.197092581,0.545206793,0.4
0.0298289778389447,0.7435668449633988,0.2759333640013393,0.2147300563801479,0.6565699673286174,0.5670084211610642,0.1358745502440856,0.5750779250031129,0.4628276580313484,0.268898152,0.245795081,0.085714286
0.8847385953922113,0.2551248889452411,0.2098534283539584,0.0766289335116764,0.3992399044127517,0.8594220408900751,0.8709309518102405,0.0430946897681154,0.2116442010620124,0.126668489,0.528994959,0.523636364
0.2110236167165058,0.1753127955727762,0.1494185155686005,0.6461695751308356,0.0998591466892823,0.3999624187632263,0.5580128929648973,0.4004176682581069,0.8135281101212487,0.121429591,0.254106619,0.063157895
0.0182801939400305,0.8495325063257942,0.1689017708445725,0.0909874215563412,0.6540940335395515,0.6073969226730218,0.8213582264900677,0.2443155287435027,0.8827806907739247,0.593591259,0.140714445,0.088888889
0.5359792781284844,0.9652679999834792,0.0818426077012092,0.2159799234008622,0.1049608143385705,0.914873830572389,0.599520042848481,0.1106755789232918,0.1865408387395747,0.540606451,0.505202339,0.508474576
0.8940341744666392,0.8703582244624127,0.754590271840992,0.1210607320716107,0.7417389082642416,0.4154569737908146,0.314436099273771,0.4109825973437838,0.1116279174010553,0.270966622,0.586025481,0.0
0.7808574580571163,0.089936233915237,0.5066565172878842,0.5602417411954835,0.424454757168811,0.8695959504743188,0.0454107597796075,0.7910939491836887,0.8700279416107016,0.062045722,0.369641429,0.36
0.1636906994359933,0.1177851362902587,0.2850019966029606,0.091645780885211,0.3807122677158884,0.7425936012303188,0.1809225948735077,0.6307854449011929,0.1338224633560615,0.073840061,0.528362576,0.0
0.0994598386562969,0.893266542975836,0.6250296530101299,0.269142737446292,0.0274774796808374,0.0429745384238841,0.996359210447763,0.8677550696897206,0.0227678746857517,0.477439595,0.022217984,0.32195122
0.3704326157754107,0.5439357429994329,0.1019347073817981,0.3773275909037462,0.8942507177218735,0.0688916728834211,0.4883776371957421,0.7812834625209929,0.8636114452136072,0.209045636,0.168980982,0.4
0.2805013798701152,0.5616992654893158,0.057271128534445,0.9062256704791702,0.8346277077053327,0.1517741737718644,0.0266993922134936,0.8172378647402357,0.7379901750438013,0.119184416,0.225796394,0.24
0.4746042127967612,0.9674204720964026,0.2281770186912612,0.7355014769772226,0.6083956789722033,0.1113414661755088,0.5387109982285857,0.1473453274070267,0.7974402250055382,0.547306612,0.240250832,0.125
0.6799501774868567,0.1272785792234637,0.5319059527409387,0.3129523019312145,0.6571618165346258,0.1206339461157554,0.722553508257098,0.5510441180236576,0.0122586733241095,0.104705269,0.24170639,0.69
0.6171031372407202,0.3884649217792743,0.3790051233444219,0.8618716713416387,0.6398040798774117,0.1075297289801269,0.3514379925899726,0.6800644906068605,0.6467772767682707,0.154692105,0.106175554,0.675
0.6295679953636797,0.7456150404564197,0.1525280116057918,0.7632731184209384,0.3405790926332031,0.3171841654128734,0.4684258340962841,0.631407762460447,0.5530351853884676,0.223213598,0.259928139,0.0
0.9870524791182408,0.8284453269439421,0.6221212229663605,0.9822574522821717,0.3268158576187169,0.5119282030132092,0.7106030613984612,0.5316208394238645,0.3547878273092714,0.431970349,0.523544406,0.327272727
0.6127365337054099,0.0056626486850717,0.0552424380568657,0.6876432276010063,0.1596366575674199,0.4445334606504368,0.9969690072506956,0.2339071080214552,0.7619981217812606,0.100981208,0.369845567,0.485106383
0.7210217131860098,0.805756206849491,0.088777422148085,0.4141778492801531,0.8668854936886061,0.6807843841658703,0.5279416214915003,0.9957983617273388,0.015864433708671,0.426473577,0.198461812,0.638709677
0.7813306382797948,0.2241860551945663,0.4612402917973162,0.2230973173375401,0.695714086462795,0.5501377817069587,0.625826238712446,0.2967820025910542,0.2401941777106375,0.144823239,0.291369363,0.126315789
0.7239421677144522,0.1961913712769429,0.8213666405052666,0.3879329460478223,0.6562821981142959,0.598537781028619,0.981781813725877,0.8825138532875687,0.8435418158096496,0.166893365,0.434013101,0.16
0.5159320242097324,0.0051960761268776,0.1642502943163846,0.9845514346136274,0.2658636121229506,0.2980178888679886,0.995945387458004,0.8552673785781105,0.3271049562145497,0.086342164,0.282022581,0.0
0.8567836321589664,0.5258831878556411,0.8069866193875237,0.8349591811736609,0.1375248569521487,0.1781509817642824,0.418505180759694,0.1964208396857594,0.4167409756048074,0.164276094,0.438151206,0.276923077
0.5482030441386933,0.9976901710436952,0.8214348043279475,0.4417309819790572,0.5190761983117157,0.7276978002128905,0.3227073016829485,0.9078003523429246,0.5262755641203632,0.516059633,0.50298826,0.285714286
0.2005417181470741,0.7674968795236418,0.0856900182993525,0.7842045906581953,0.9146877875434694,0.6344954085766864,0.9532130235956175,0.6808798086124902,0.4412995410887572,0.386075996,0.333314555,0.21
0.3674773238658564,0.2777459491581403,0.7402415211731008,0.5999241655216158,0.6835783463834902,0.153672073437293,0.3686291101760651,0.3035758959513067,0.3535327134780908,0.083295523,0.08027365,0.225
0.0311648582015453,0.9915135509291332,0.8020670517995319,0.3019573698269951,0.8235977326093851,0.3999234954908129,0.3380623810345522,0.0694698594297662,0.9518985548300358,0.511678095,0.166571967,0.466666667
0.1949021426094246,0.4813215531443316,0.1412589888305577,0.5170458440952088,0.2286906740948895,0.8835899833719061,0.7680240133679682,0.7842901143542992,0.669787792986773,0.250481951,0.465898076,0.410958904
0.2291794940870855,0.7107881260558299,0.3682289776221502,0.6969768121141595,0.3364547656654657,0.5249348532714047,0.9063636875813132,0.2651256643386646,0.594047001423621,0.375899521,0.373495946,0.55
0.0949591293829613,0.2642314938072877,0.095741858445207,0.3207253902932632,0.0677844712036577,0.5677726387774416,0.6046999812933272,0.7439193759747592,0.4634690947516952,0.142167575,0.250185751,0.126315789
0.7330210244793602,0.4864304393516547,0.2159653081848197,0.3098503210028335,0.0118098974166642,0.3183557816008557,0.7599897605399132,0.2054261529169671,0.4211561648353985,0.195396364,0.522033889,0.669473684
0.5917177012665294,0.4804943245662598,0.7948841004718366,0.561234859341925,0.1834375778473745,0.9630807584823065,0.642291134163592,0.1553671109711273,0.5617105515277563,0.242333784,0.47943376,0.264
0.7120136614152694,0.6230883434812162,0.3923061666755884,0.2836019437740752,0.6767556154828482,0.0878587040965005,0.5114052146684263,0.8369136211818273,0.4992163506366455,0.290131286,0.220973683,0.392727273
0.0294840834477422,0.0573204319213236,0.8589430959052918,0.3133544347163928,0.6930062248508587,0.2137199152527862,0.867489636050507,0.9489599377107266,0.7964722596533964,0.114189052,0.15938623,0.490140845
0.7503931993541348,0.4659957016265942,0.8501765222583815,0.3747402826906514,0.8548079458667287,0.9095370390337464,0.2440558487260377,0.2732949502655978,0.674021187708428,0.160619269,0.526552812,0.428571429
0.3585156649731095,0.6897479888692394,0.524828954449658,0.0126264661527583,0.8517151406783328,0.217406902586541,0.8381422396517493,0.8469877283926808,0.3698847692594904,0.297083112,0.377750293,0.514285714
0.2862658334147852,0.1872772802579551,0.1695107528881396,0.2901142708498445,0.173999082403362,0.8444977470556222,0.3017103393329042,0.9644678697243144,0.2276006916250302,0.042650553,0.362390391,0.461538462
0.0119579235873756,0.7838846834544051,0.0115319523378264,0.5722672695000075,0.7680885532186513,0.3867023111270784,0.3240947154860601,0.9309704364183238,0.4669730011010257,0.313956433,0.229745465,0.369230769
0.3938260958223184,0.1947375429966661,0.3209573611028506,0.2444790699618263,0.9890206853599994,0.5847587546532121,0.4198510305218692,0.8892046950919288,0.2951966506453217,0.099152118,0.269776975,0.428571429
0.9154966962018604,0.1655675942133792,0.2344720067742273,0.857007990180356,0.8811423778670799,0.086292431421169,0.6770665473170288,0.0440033789245333,0.0129569754988311,0.109345938,0.203322736,0.04137931
0.6830783817417841,0.4982200992144292,0.8143383432171053,0.928525548395872,0.7368815977922969,0.6023050835726081,0.0885407971768664,0.7836335976770028,0.7485275495368724,0.162097006,0.502858438,0.1125
0.7675204909408408,0.3688029330000115,0.9086869283367832,0.1747577018247692,0.4968245919537023,0.2088298056439098,0.1462226620418947,0.5469527685021177,0.7202324054740666,0.163927352,0.473972811,0.8
0.1281453493968312,0.8596596031203027,0.2303914928825567,0.9114620389917902,4.656796826518761e-05,0.2983904013735249,0.529650156336568,0.3078286266783818,0.8018742839998894,0.673878663,0.191301194,0.24
0.5641251634752301,0.677698506588026,0.1218713429040952,0.5777619465234447,0.283698877264086,0.4156854854987372,0.8088044660820588,0.9942939456260278,0.5291261755576869,0.391335469,0.403759599,0.306976744
0.5330963875473465,0.0082021230832922,0.1677681803171552,0.5213528631574178,0.6777944435016687,0.8729995485459232,0.7299825534424277,0.6409908772460583,0.7118925828963965,0.114855286,0.545992948,0.65915493
0.6642241511058268,0.3857551197169475,0.1335380736318836,0.6211508262914871,0.1442633066259941,0.2334188563016132,0.5897426915610735,0.2538468709469187,0.072278073780585,0.171011747,0.320346147,0.3
0.0599452733772777,0.3610343742703334,0.2598023899905737,0.5831957487711865,0.0804823943199535,0.4909357262461581,0.52349335933839,0.3627514227517079,0.0345282521434722,0.13047378,0.202741045,0.0
0.1560596198088413,0.5321706689163584,0.4873682713666518,0.5937809771702284,0.7185966298975017,0.8620178076912909,0.902712940808988,0.1176955976593719,0.3593979286767631,0.267082406,0.408236305,0.510638298
0.6400415384081661,0.5587043069146108,0.5801596085651413,0.8816322223224451,0.3341872995035182,0.7781272362707288,0.736730543657367,0.1983176829342035,0.7252230183923749,0.235179642,0.572433131,0.044444444
0.2401114621042849,0.4073677035953363,0.6309392224613505,0.8888711431014015,0.0703323950905199,0.6240377520241629,0.9629512196179724,0.8778394961410912,0.1687079415797426,0.159440153,0.400694001,0.235514019
0.9000438247988577,0.836610700688424,0.6341770850738659,0.3087897463160428,0.4764110653130876,0.9792678896625177,0.6191430637982999,0.8335546248238956,0.1649813438726568,0.496143993,0.527762815,0.692307692
0.1824032477896529,0.143090171292639,0.2298544411763176,0.8790330975328349,0.5950116942803638,0.9942713169776848,0.5363526690298036,0.9482384815122676,0.0901509954437066,0.077027948,0.443088554,0.324705882
0.1716825620004928,0.4286775770420514,0.0472060458847507,0.297778289395249,0.9837864730565664,0.285414010095999,0.1279290967188001,0.3055631232337591,0.5476652453132113,0.125585201,0.191812801,0.6
0.2545237618109407,0.3679092631973882,0.5664457471760193,0.2924019260793722,0.5664331351641102,0.3772319750526515,0.5373458896829898,0.8507853005286115,0.1422965907100879,0.169741455,0.407148281,0.72
0.5940101286812942,0.7183589613979993,0.3109387311714812,0.6355076153009506,0.8562936298183742,0.5768979265843888,0.2334169369439848,0.3219222171186143,0.8668395687590777,0.16609484,0.343582979,0.0
0.0877275997047601,0.85949597968013,0.2636445243166948,0.1469831445957956,0.2521426588586382,0.3166032982542829,0.888866115522725,0.3629611928171243,0.3131702227792159,0.448567184,0.291163893,0.657534247
0.9790979502286477,0.2715708124068633,0.2950040722755035,0.6515973640639207,0.0147248381741249,0.4610671910048718,0.0003473671700449,0.9192284727337304,0.1935760734032511,0.050715159,0.6803519,0.24
0.0990793819602515,0.551635456992212,0.496646565367442,0.6755060781977588,0.6803097092542884,0.2195887039493655,0.1174666785744296,0.4670277450795569,0.709831530267792,0.186901283,0.131174092,0.0
0.0319039469126822,0.6426109136176618,0.8306958585792441,0.8338368573492025,0.102739929658068,0.8517060960107993,0.4899352031600915,0.7787485093565037,0.4197196580050839,0.204522612,0.282855897,0.0
0.2548759377443715,0.3155090447206655,0.2001827052674568,0.3489133724711266,0.9024823761357224,0.8023189263536348,0.9772131147024674,0.582400531381699,0.0801602493866067,0.177011043,0.286889008,0.0
0.968931765329053,0.1336268664254417,0.1011840046209592,0.0514319329504833,0.7687149555374564,0.3050629898193457,0.7570484947666254,0.9075425745584034,0.5786415674887987,0.10691718,0.401345697,0.030769231
0.9960726035953482,0.6790161536945812,0.6951652783991175,0.8305815557739988,0.8749223791418934,0.9626820751036396,0.7433998202903215,0.4438650214681624,0.1511531073338765,0.309875476,0.560465181,0.482926829
0.0203011882142587,0.8646050945707838,0.1312662990160505,0.9516082257020324,0.7643149213741891,0.9358007716159732,0.6613027673364418,0.0897941208056077,0.0559434774612253,0.441101162,0.262659255,0.471428571
0.2252646811242069,0.5349248447159489,0.4026928891123609,0.5651346219835088,0.8940292509595624,0.7474499474550277,0.7249457056251257,0.1035442393419634,0.404394261472102,0.251831855,0.435536824,0.489795918
0.2250478525402792,0.9672678029467502,0.0354809074537623,0.753305331099049,0.085130232170309,0.9182941798866264,0.7015728293738412,0.4891826727723689,0.3489803341671899,0.620874527,0.413146781,0.0
0.0254756111205587,0.4836652457199232,0.2922582302039126,0.3545268720024115,0.9050944435849578,0.8967761114729441,0.2194196836617533,0.991681331445914,0.554708343308877,0.155446432,0.147587548,0.0
0.6192495576545725,0.0359389258406416,0.1020984516791054,0.4046735699866789,0.1650768052463375,0.3747101441432698,0.7863775879238976,0.2929419135239628,0.7883818582847781,0.102844374,0.418260856,0.284745763
0.6009342791031712,0.7720509791485021,0.602040012685758,0.3430639761603541,0.5220498661122756,0.3821846999760285,0.0052099546668054,0.3263963487759831,0.365379398377754,0.302103867,0.379964924,0.6
0.9018770808493576,0.7101175955798171,0.7304727881789362,0.8076305086367734,0.765498264389326,0.3646578129105366,0.9807265484683372,0.2924218777630533,0.1654883616582932,0.340145798,0.426734329,0.035294118
0.1262633549146073,0.1072735874589305,0.497662284112373,0.8021094739760463,0.6425994773881696,0.3545632200793219,0.7610668527650434,0.9704758893369708,0.6048714036721337,0.111443672,0.148100872,0.063157895
0.9436210358654524,0.11362601497484,0.0993398556734572,0.987521805238894,0.1770154399809533,0.4096584371323144,0.7418384826460819,0.5715591153275688,0.5384307628747322,0.105616904,0.443684078,0.346153846
0.6488514570042072,0.0440814244096104,0.974288416026774,0.6042084730264236,0.3507280632118082,0.3980615566479941,0.2238824076489138,0.2068768732574237,0.5181641114326976,0.057679728,0.429212658,0.0
0.8587487155857211,0.4908655143828303,0.2904613716324117,0.2596272822577876,0.7841427404966824,0.4818834569308873,0.2762529436914592,0.9877703400758002,0.3822810973227968,0.124074249,0.645871457,0.646153846
0.972985149833406,0.5322757544881893,0.8117501100164162,0.9751300684763844,0.1303016910658782,0.1337394201313804,0.3430701259402553,0.4514719998263304,0.8464842837294664,0.19801404,0.355132232,0.622222222
0.9142697671945432,0.4420188048509619,0.5536757492626071,0.6137191174521018,0.6708533440185921,0.012186711755973,0.0505400899904792,0.5321654139257413,0.9304236936540892,0.173222719,0.147246956,0.576
0.2223346300980657,0.0081556590472556,0.311579697497243,0.6585448398822913,0.2547147081648832,0.6433297734351837,0.4293892652744273,0.5539399332345817,0.4569352868393226,0.069021476,0.254590925,0.48
0.1862512012535194,0.0138710483045523,0.4998160612237229,0.7443983602843484,0.0626631602519646,0.877003980348213,0.8207319688262872,0.8845741956628835,0.7143248623825889,0.083081218,0.390847364,0.04137931
0.5302019043108218,0.8901153666930309,0.2856798680207024,0.8804310728454401,0.9306370466237754,0.0671152890103587,0.8314961691366024,0.6526358268297145,0.9901504460401064,0.478353274,0.156547344,0.226666667
0.1893347981574812,0.5046923318451062,0.1127644263582579,0.8756254858363156,0.5252024306085166,0.6018230160970864,0.2318467052319562,0.8944384306871889,0.689498916080435,0.190113572,0.055460858,0.0
0.4067411720491979,0.1721401210087874,0.2589761704996158,0.0684188037417384,0.4212378758148815,0.7797900953698215,0.564925696762951,0.843443170285139,0.6265961999198411,0.112303974,0.411985339,0.027906977
0.2104528793696202,0.3318927404437347,0.7993588714137371,0.8279703975017406,0.0504176204339104,0.7743240160925214,0.0070708686977234,0.0396393850179015,0.980729792446682,0.128302731,0.372037823,0.0
0.2306695217663269,0.9211298673550824,0.8113944162911112,0.7565980675009571,0.878519260738428,0.3143208054692522,0.8011895514638883,0.2260247963186659,0.8832449726467642,0.771959677,0.268195138,0.707368421
0.4981292214439405,0.8922274171198219,0.9786100335056443,0.9274845300470888,0.1536721660040376,0.5558101411279112,0.9192995148262616,0.0866208687355213,0.0587362719347411,0.515293034,0.431666851,0.576
0.4001347726292354,0.7402972837886246,0.4138005837808317,0.9693026842515882,0.500926461175149,0.7403285253734415,0.532036255283394,0.4550632487386146,0.1892984091182852,0.324115208,0.303067636,0.0
0.7938027405839932,0.0218640018952693,0.4473387341539774,0.5974109259800844,0.5773177883590046,0.7309564118971479,0.844612828565583,0.7472097038099302,0.4714925120711229,0.100008364,0.609946664,0.0
0.7210816069862351,0.6756501519722706,0.294373349123372,0.0612285059583751,0.1665973857625881,0.8923127720766814,0.5723773153322741,0.3203298343746085,0.5695829291329277,0.333362958,0.48321673,0.678688525
0.5442119523936811,0.6717166058455949,0.973080817210953,0.5737887864431536,0.2931319384574129,0.0676593760873064,0.3033547070253238,0.2569130145221804,0.617498433272484,0.299582112,0.139959281,0.0
0.3168669272115204,0.6967176663715487,0.5303866079428908,0.3843343206812282,0.2872081783731837,0.4768873337800441,0.2131241100255714,0.6584397063999275,0.7756604595671307,0.24589049,0.224584967,0.0
0.3646327668987641,0.2506622079949345,0.6118513526033355,0.0735531416960723,0.33363763067964,0.1709048436672871,0.4827573149616305,0.7259266365111439,0.0839152125975799,0.095572436,0.247230841,0.08
0.660883415757206,0.8052157190570592,0.7364238014883085,0.4434142744165785,0.2313775267130166,0.7540382994127832,0.7462004668877246,0.010479671616388,0.700886377503541,0.462178437,0.558095765,0.137704918
0.0052528952390294,0.8809735955489422,0.4925245708509106,0.0113843495838826,0.1042351087761989,0.2328358915152091,0.8483682440129271,0.9958136796827692,0.195929109542292,0.519024823,0.104896954,0.576623377
0.3190669345507977,0.052385999166611,0.5593220400117624,0.7783845829306183,0.3929390973203809,0.0711795116163032,0.7216522362403271,0.7923266934260218,0.8599633031787743,0.107774158,0.085972319,0.0
0.1075873844861509,0.9297877763695764,0.9121069926440222,0.0968123602829772,0.1708728502834294,0.8244010727159917,0.5133821601959427,0.9958599670163628,0.893871301815584,0.715141318,0.301798713,0.141176471
0.8508208670398054,0.1811891808932941,0.3712423700428559,0.2362492229886926,0.7678867403721198,0.7998143900559569,0.4611494098047634,0.6331791165880305,0.7916231134181323,0.0675131,0.635865903,0.1
0.33837100011398,0.328932355501369,0.8836759446122635,0.535433102944127,0.449910224143899,0.5955641671422197,0.7301523245305869,0.3607671810251497,0.8638771779732878,0.212219084,0.395983672,0.334883721
0.6796204734820179,0.6151696587752314,0.6952815203190071,0.593202071556082,0.8152218708078369,0.9078436433131464,0.8784805037150122,0.964749804118362,0.6493096211804592,0.365569138,0.494978744,0.393103448
0.4121772341085068,0.2496763010073011,0.0951618511800173,0.0876356039004545,0.4004514869367618,0.13815475760901,0.6494321841183877,0.971361134059656,0.0279972804071823,0.111721715,0.272274564,0.684563758
0.576584842059446,0.678915588414906,0.3792286048144817,0.5270918499730465,0.5974516854551343,0.6171622886593726,0.8130138392092804,0.8766076950766258,0.4262657821648498,0.319264524,0.491145826,0.4
0.5316634539701328,0.9515582034176958,0.6911103808344544,0.2771788607240082,0.0852937419293742,0.9097334268214868,0.5244000075991093,0.7807042041216191,0.3187693980998313,0.696801812,0.498238972,0.282352941
0.3742871623233795,0.0921928819258485,0.7754793523529985,0.1784638427499677,0.4520260241436342,0.6228055200479314,0.6348103036602296,0.6903443807915102,0.9391053292424454,0.136340464,0.400446072,0.052173913
0.1429354829414274,0.330829380028001,0.1124048858094,0.3170146678295614,0.330029635759021,0.4005203874931902,0.6280846613573969,0.340360746017084,0.2135377643789902,0.142592792,0.205797245,0.225882353
0.7756131384925179,0.6154671388288567,0.1820833191692408,0.8785143071411129,0.3067347196396085,0.9306013983698626,0.218724366166904,0.4019253949931822,0.6213131491028037,0.226611883,0.395046982,0.2
0.0657215301173591,0.3065167622641461,0.2413329215134213,0.6567712147124668,0.2238765017249729,0.340385033323934,0.93457443197985,0.6154456059252347,0.2641139735297239,0.127040816,0.233303934,0.416666667
0.2002194261916066,0.7540559767738182,0.8827815741868184,0.2544889285761692,0.2927963603173658,0.1835436258714186,0.4379230991448819,0.8072673643095098,0.7275457705199487,0.250565729,0.330043715,0.685714286
0.8063400500060791,0.1292808037886575,0.5499064186539687,0.5052221630921985,0.7400379350967601,0.7826578517483438,0.758923500505414,0.9766521702924924,0.8778401054540785,0.138427626,0.551788997,0.608
0.2697689576358794,0.4822547746796852,0.1005031181143673,0.0535068743974437,0.1891057448910232,0.7983702299677472,0.4695467424529109,0.6125382579934354,0.8020273052101732,0.203805174,0.342727592,0.3
0.5650352450024122,0.1734264289218937,0.6938388582873782,0.1865491899139716,0.3364417486643386,0.4990581128257422,0.9140120579574084,0.3131316720783742,0.2894256053790985,0.129393321,0.448983339,0.1125
0.4387323084976375,0.6697560085223516,0.5703887641715505,0.0402670571948967,0.921503363852295,0.2816062936203362,0.8233891639997636,0.7306549940155849,0.7409323962538518,0.416069025,0.403564371,0.491566265
0.3217117801215966,0.1021239926480236,0.9064849264911712,0.825831325345514,0.9599786008999333,0.7504586981627669,0.6251644035016589,0.3072833046036964,0.8556038360563207,0.153128644,0.460266826,0.434042553
0.0253554102447508,0.0440674541257595,0.4824754361595018,0.7134874822461582,0.3359416419730213,0.8020339661900052,0.8940281611336539,0.6344496152187463,0.6042964057320169,0.107167864,0.260104691,0.177777778
0.6060625659779791,0.7861631019202069,0.2608062845254311,0.1179955241239976,0.2680279189521161,0.8195754343769655,0.8020080951696994,0.9443126228958212,0.4707647076563941,0.407420468,0.494733343,0.203773585
0.2865893225309641,0.002614961076082,0.766532330896805,0.5724976373057545,0.5887336178019065,0.8061894199285949,0.8772324945833658,0.3792155581952467,0.9623347436057924,0.101603447,0.425152243,0.622222222
0.5336051125749948,0.0045773335616059,0.9436517615608758,0.3424236876823739,0.0885645552110557,0.480272306314482,0.7324389714425639,0.3116623633029233,0.5093046126327432,0.073915578,0.443396224,0.183333333
0.2721287113428877,0.2722999277108503,0.979940711776549,0.3022012829415276,0.1340030141281121,0.5838098604380639,0.8387807868997406,0.2639774567381142,0.0911663778487964,0.155908262,0.282413522,0.588235294
0.4623731253517327,0.5454085697257748,0.493532436866405,0.6481778176698743,0.2808239596466461,0.2584259086428384,0.5775814079379259,0.8003157121627461,0.6808152100426497,0.282197241,0.226058128,0.064864865
0.4390156766813577,0.2831544513401544,0.3363646156399521,0.7604221910211234,0.353868116678764,0.790969470811192,0.4174834681030662,0.3438239293821972,0.0203079387204704,0.096615012,0.450832177,0.620689655
0.1685999016812506,0.3878413475405111,0.8215792672317926,0.7156074570176871,0.7076527647013661,0.6160837217727116,0.6570088056150025,0.9456098684764632,0.8624672182862346,0.230406409,0.37418621,0.133333333
0.8103095322849921,0.6360654085585683,0.8804605448790814,0.1359930221834151,0.6495415442852004,0.8897277885742858,0.2165427940254619,0.9163657789925465,0.1172747713357325,0.228314067,0.4552863,0.388235294
0.9786540482049404,0.6864004448736021,0.8689888897069232,0.1214352033624355,0.3543622389847076,0.2828729233993435,0.6931751650438462,0.7712493437911666,0.7670698231091139,0.545228631,0.471184986,0.314285714
0.7705621363170231,0.7130937024752363,0.7636924874738554,0.0140744723774495,0.169276923305267,0.4289684663980583,0.1134226541731844,0.3192448778431105,0.2591963449575206,0.27137335,0.538449247,0.461538462
0.4885457369901411,0.2705215458586768,0.0849354260748552,0.3368165935246872,0.8542747845327796,0.0630589790754909,0.2103266950108302,0.6393400365893546,0.1136433038505336,0.084121213,0.173214004,0.694736842
0.3630768638216468,0.1870232794931685,0.7519965585365265,0.9237901965766216,0.4871888952432817,0.128579846113258,0.4190316365752503,0.0948863742732196,0.8211230769120871,0.103932859,0.217867494,0.0
0.1336004236482042,0.653524269955373,0.847268529043575,0.075459222405724,0.7418272060937053,0.9221802494454586,0.0979893559051972,0.1768298035053095,0.5778784534216967,0.190213111,0.490861899,0.646153846
0.6358927159536265,0.390909323447416,0.6790696156795343,0.2080528189301155,0.5954801226499309,0.0344696785133911,0.0301256283386807,0.1857071498085969,0.3840017168663816,0.135814003,0.124086675,0.08
0.4971822779779089,0.0261275596364513,0.4970146611091715,0.9703445243471492,0.1291234380192031,0.5773218974529323,0.5632369175864694,0.7749726966774314,0.4810405606405539,0.107400661,0.412969769,0.263414634
0.0552841320885078,0.3054261689118843,0.3971548325030164,0.1686443348863645,0.276288677426905,0.3697666607136914,0.0963111513929269,0.3769316517707611,0.5405012812494393,0.098303311,0.228611053,0.0
0.9613989871699402,0.2989228824439071,0.8134773194535467,0.8027644637892226,0.3928452866952795,0.6164048680058681,0.7431638088833303,0.0106349677312238,0.2132355194513806,0.163912847,0.592409775,0.0
0.030564940059795,0.9115608243404292,0.2152064480634887,0.9712806301805748,0.9607637605940617,0.9497070128138978,0.1134176227474929,0.4858397738730419,0.892810937247277,0.250284383,0.333043386,0.2
0.3832917052251239,0.8748430200513294,0.6558916489060678,0.109720861957141,0.262275715716636,0.5749213600950056,0.1563600314546122,0.1796423421427272,0.0689403552844274,0.321019155,0.510754401,0.5
0.6222963063798203,0.2792863269943179,0.7780178149828956,0.9425796812595778,0.4423226727819279,0.819333549777254,0.609830718081798,0.1972852420860827,0.1323784934368628,0.214412795,0.497697937,0.0
0.7226337383626597,0.2980756204577879,0.3840938769502535,0.913642269292384,0.3102227600551301,0.1731301689524078,0.7130276908723815,0.786067233313277,0.822197932323457,0.196579368,0.287420272,0.215384615
0.7525991379856742,0.7476011819513213,0.0374765731521817,0.6952733025179263,0.3180685070871336,0.8081045013574188,0.1968698046234585,0.1499894573963448,0.7547061813226148,0.186482106,0.491870037,0.24
0.9255892986605274,0.7809773880859385,0.8543790695780935,0.4782930965783021,0.2247683566891356,0.94718490425796,0.9831961712850634,0.9442537824197909,0.1159065564960563,0.46366242,0.580210592,0.377142857
0.9394152839167916,0.95861298276184,0.5158138577072745,0.1858513928855412,0.8929395411386492,0.5368734810910272,0.2579583209544512,0.6766636569072431,0.7321601699825604,0.26723301,0.567741487,0.4
0.3277170657953967,0.3373345875254494,0.2649019729417788,0.7382581180917601,0.6811854068404976,0.7997450165398722,0.5764235939970127,0.9771173670513978,0.9399483470784824,0.169954925,0.430749617,0.0
0.4966640266932656,0.7370819826408421,0.6719473906539376,0.3889628471780942,0.689076444097864,0.979201274808782,0.2279949709482177,0.7013499873915868,0.6142142267388905,0.323676736,0.542912553,0.757894737
0.593157178421285,0.8614915383125553,0.4936306484331098,0.0846981730049785,0.738002014268515,0.12087291958594,0.1550574835095528,0.4135578753444161,0.6551476103302912,0.320014051,0.238278004,0.742857143
0.7208214100697713,0.8797898442264813,0.3992710817519024,0.8722854049771798,0.0394072049643564,0.1426574527979763,0.2255036684205048,0.8975427056848646,0.1867841408979834,0.352656303,0.247405817,0.631578947
0.8697039219395096,0.3401560858420976,0.193798278459694,0.3802977696364695,0.4012713611791325,0.1338391542323947,0.9311699519981635,0.7456925306156772,0.0973621215280975,0.175571083,0.374012225,0.64
0.6655229837237391,0.2021384385311733,0.495515650656127,0.1682195890533478,0.5428467886842848,0.394521604946748,0.3603857622138617,0.5272768672746897,0.2036482828795857,0.079801794,0.371072532,0.730434783
0.2019499078152692,0.90780002470092,0.5873325166411779,0.8660793214665021,0.8824101382282928,0.3495168730458647,0.3131190585211346,0.0528266704047982,0.4469562682341947,0.31008339,0.309258093,0.1
0.4454753278239702,0.7055489036388047,0.0358758192726417,0.7087930035811638,0.8648971472002248,0.156128112684128,0.1077913027224506,0.099734928482548,0.3360120483681731,0.170989148,0.138823809,0.0
0.1581598979808126,0.2987443985058216,0.1001076235276621,0.8610104963549515,0.5438346549108467,0.3090202889959932,0.5287643741630893,0.1197427860055422,0.0114646675639613,0.141156504,0.183664265,0.75862069
0.8367388357967073,0.8905948143329748,0.8012269939990404,0.7309757794670209,0.7865201566015613,0.7322301265457275,0.507290960527869,0.7228640224822289,0.1541606661013695,0.538331892,0.499496917,0.16744186
0.1821419935897681,0.5821440424905512,0.5091246233252389,0.1977675078815034,0.6140896476673867,0.1873304452104955,0.3125231502991583,0.6882453143307572,0.7898514041368808,0.276730514,0.108067951,0.36
0.5262711787008328,0.8568906785631569,0.4260148287826787,0.1460797819407163,0.3843989854837766,0.7789160661722665,0.2501582027430657,0.4495463304848203,0.3269869882889596,0.395834473,0.475526707,0.514285714
0.8881358280548339,0.5410300799617009,0.4400346928545324,0.2143664700113704,0.983837424389096,0.1995100749091454,0.8309074520593248,0.5288830034730007,0.7152709873845712,0.272034179,0.314835008,0.204255319
0.3155135061802785,0.9396367744085756,0.2159980144749618,0.6914239290423935,0.2287245037450818,0.4858082922118208,0.1602389327984744,0.0914519865028892,0.4534357116684778,0.442392791,0.366164801,0.0
0.5142428601250437,0.2892065142858523,0.4012591463599279,0.2460321640042491,0.2017197426415371,0.7710604262536851,0.0283128488405486,0.6160910419513352,0.6484159453019955,0.090779739,0.406892792,0.0
0.2034149129002516,0.1691862813246213,0.6901662875603986,0.6783771020588242,0.0950911490259779,0.5678263892565865,0.6034526241776248,0.0761892357788249,0.027297685300709,0.154881068,0.211176564,0.0
0.1904422526141057,0.5316201737588448,0.4468614965931784,0.3206505416137368,0.902430617748769,0.0112126443689972,0.7628674314764402,0.9831038566891696,0.9223939993769072,0.267772365,0.039677092,0.412121212
0.3031871821451379,0.1272374524789318,0.098985319447134,0.0752635086561721,0.8314455493848143,0.6048209559317138,0.9208546499940902,0.5490689827323797,0.2959256091069594,0.091516561,0.452960274,0.425806452
0.4996197429818114,0.1350634586994318,0.0531176466703913,0.426932235031944,0.8450593406156673,0.5561082372374068,0.6985156035249434,0.3684401762378766,0.3905271056910085,0.121823923,0.418754116,0.665060241
0.6055489667632544,0.3211227339362549,0.081845353712659,0.1364133658121434,0.1307274356656322,0.1732597503011449,0.2608574321681604,0.2457325656763664,0.2082599400385245,0.105886756,0.24984638,0.3
0.7536835150164675,0.5558325562317245,0.5437953241359895,0.5640663949168525,0.7390628539926357,0.1998900956306561,0.2614223083650784,0.2494594610038285,0.4714504338059775,0.167164931,0.30111549,0.0
0.6367985701035129,0.261925466661605,0.1978211009152971,0.2858978301454483,0.9808182018409513,0.9243437251508876,0.2203892211254635,0.1256344159584815,0.2525354028353782,0.091115584,0.449812941,0.48
0.5433340231567737,0.0129998235155736,0.6185045355715458,0.0098097891299043,0.6092177373303902,0.8696033861527169,0.8094604876434882,0.241901894422111,0.4030882972243682,0.101487148,0.58063547,0.0
0.4731647612734436,0.8727197455930533,0.2769041036400151,0.1566669591805188,0.6364710991891581,0.6476177193350344,0.1331393757335577,0.904823241584688,0.4510457645300454,0.3113601,0.4174741,0.24
0.6348358226152505,0.9777742061081384,0.1745646124004563,0.8140454085629136,0.4786243031834158,0.2619680383374078,0.9030700409738116,0.2401482625587531,0.3777799942316929,0.560613208,0.402637712,0.466666667
0.1377645521189773,0.9502880567176306,0.8292680321219645,0.7455657162373526,0.4494334170447994,0.708499846027048,0.3885616465288867,0.9860392771937436,0.143954205551391,0.490387943,0.284063012,0.369230769
0.8554137898240981,0.5243933517097648,0.8280371962337875,0.9110024181378966,0.6646272932166082,0.6350703743821826,0.8676908203967445,0.143817275877484,0.660672007265781,0.29714046,0.343677546,0.0
0.9906671913591276,0.4349014853527709,0.710752020061303,0.3351698644009042,0.8773541191909032,0.6338671020704632,0.7521511919213704,0.7479441883519268,0.9495924054397342,0.329018554,0.574184255,0.0
0.0974056848386545,0.8499868376140356,0.1390405662663631,0.765845068807422,0.9253227054533092,0.7511541973296005,0.1185130831645426,0.7599361611928509,0.5311854768661732,0.287942752,0.353710353,0.092307692
0.5688033241261724,0.6741419165581127,0.704379099350703,0.4196171474115533,0.0758243411029661,0.8436938169254677,0.5965691758339027,0.7012271722440211,0.2505731283159927,0.345343197,0.450111273,0.458181818
0.3930134473054349,0.7452395809842706,0.078603937042663,0.2315097876125011,0.6361891901524291,0.138411138664262,0.5981108334035735,0.7711784586242302,0.1630355126763967,0.389880583,0.151251661,0.0
0.4536796693190693,0.3812795709790738,0.4706067589842879,0.1368193323948233,0.2385015986390842,0.3852681841021489,0.1714247310046851,0.8251280004718506,0.6617762500555239,0.116730402,0.491100878,0.109090909
0.7322373691108726,0.7671003061778695,0.197829928293589,0.8490298312669599,0.3420210398442529,0.7970107076664803,0.281390469791453,0.6192352043411051,0.2983098412036135,0.14929968,0.681734496,0.0
0.6220640975850928,0.7340954840171611,0.2275112547755456,0.3383769128345784,0.7250616006629006,0.2147578942051138,0.1570189699198728,0.0756026816990178,0.5091821729458899,0.269510249,0.405108398,0.626086957
0.1335976523869289,0.1466098927334694,0.5429729054447185,0.001443453587629,0.5365260701173798,0.7521946541713702,0.2300832377500422,0.4696627223334282,0.8853600622712746,0.047768319,0.496158003,0.4
0.3122587481944742,0.8976701028700496,0.9572284941636476,0.0201227913858971,0.6602828166483253,0.5457531541583305,0.4043382984846233,0.3801727604268575,0.1454445780117818,0.274725906,0.264313237,0.54
0.916056018541052,0.5223916133341232,0.7532936928701855,0.2855882114362981,0.7421209256213244,0.7688005810223726,0.4188023582330649,0.8812290936655851,0.7985838346837422,0.199275054,0.57251058,0.218181818
0.057392807317089,0.7524051277865278,0.9758272226036776,0.5992983948186156,0.4452770161525824,0.7941442721531159,0.5493415961800622,0.4161455055591758,0.6649148437133088,0.568986483,0.345019281,0.05
0.538513487125309,0.9062402310110876,0.8564828191135656,0.0531279793396386,0.6913943150637302,0.0941099451598955,0.3416152414746314,0.1811830055654526,0.8660113137882074,0.40933348,0.234785731,0.221052632
0.607337977133028,0.9255581379433492,0.4543390413451357,0.6789925020147479,0.8161682250266515,0.5010432733936907,0.8473555407093774,0.878516706068216,0.1607586149524098,0.447965043,0.426484796,0.171428571
0.5027099872161243,0.5044372289035195,0.2722831988286524,0.0177046085700877,0.2250705790460947,0.487945773745957,0.2443078557407751,0.5927105465525608,0.9128193325740284,0.207814314,0.327414167,0.12
0.0836941985240052,0.5788950628213627,0.6250981516544377,0.1342393764445599,0.5338695275202404,0.9679821285008312,0.6727820262282566,0.5009990407946328,0.1709116917349472,0.240311754,0.389228987,0.260869565
0.657466407093052,0.2614752571655235,0.0155687964052777,0.991509714660597,0.9885986534606376,0.4300549667780071,0.594564713713378,0.9497428873765668,0.9866728017647552,0.148473999,0.484321554,0.284745763
0.9039277664667534,0.6171314746159552,0.0968956182141546,0.6139756660536524,0.3850297936061594,0.5052477745761379,0.4113349904473669,0.0069643742165689,0.453307419719661,0.235556134,0.415979995,0.705882353
0.4809002319397862,0.3042509685201727,0.1592803516952626,0.6463965490102277,0.8156363724874586,0.0014414583235132,0.850786901900195,0.0456590494124475,0.4108324532506414,0.179234187,0.046450577,0.09
0.4664653115789101,0.9708432088486302,0.0711231666103,0.254730731792108,0.9828056435115652,0.009314619386995,0.704181066610888,0.2065930529294943,0.1427928030870865,0.579052883,0.094013971,0.72972973
0.9045940521984496,0.2374554028915559,0.9700906526915614,0.1910982369251522,0.8114450928588914,0.5083994963776115,0.5187148783212805,0.5833219965528735,0.7376230888426524,0.148510713,0.582901115,0.063157895
0.2936557437220364,0.4728369859181093,0.272667993328766,0.1468362421012395,0.1226255563399195,0.3715235000138799,0.87040257300442,0.3261054130906767,0.9166964497651866,0.261942599,0.288128237,0.699029126
0.513469605577745,0.2384669293918641,0.5385956017302685,0.8920188942038796,0.8994112781305468,0.871030845339451,0.8207603948690063,0.0787440554294686,0.8633161823109008,0.159918359,0.433481411,0.144
0.619540362350133,0.4371317777460023,0.5464113600902648,0.0952637833252528,0.7543517082362717,0.4313060709590564,0.0667124104831577,0.318314513303386,0.7946939229789817,0.140340256,0.335669048,0.3
0.9948840860477336,0.0861718797117356,0.7577890324263554,0.7047864935788699,0.7880822386814963,0.9716212772448533,0.9846496120555408,0.1791445082226437,0.1963205118802936,0.118765257,0.620517405,0.2625
0.251277970620309,0.5558418868494306,0.3172002644894285,0.4590709652269563,0.2969183449596189,0.6794072835593691,0.0486084200750847,0.2087432210007397,0.6643145833965644,0.177974497,0.352949652,0.4
0.5107429825169054,0.6657624466466596,0.6116608111713572,0.8850784712457058,0.153988431459755,0.8161826811812535,0.6867869041837883,0.5024048505852525,0.0473803885658518,0.338419856,0.494623129,0.516666667
0.0983325262218864,0.279253992605865,0.1034374064594927,0.7517821988148246,0.8993276775498706,0.1713831172803422,0.5097274557947068,0.8805876025094691,0.7228815648051454,0.182252256,0.092340022,0.190909091
0.4374537683720269,0.0267077110205168,0.8639473661638806,0.1359975848619039,0.1076325341244415,0.7064959374466215,0.2132572833380847,0.00304174364966,0.3326105524901509,0.066830684,0.423330172,0.742857143
0.9428983435573736,0.7844515674898623,0.7376704278573151,0.8491737966117004,0.0788937163625157,0.9487265307416004,0.5907573914856517,0.1784757925701612,0.4382454064302319,0.373152364,0.432009016,0.181132075
0.3624753781614188,0.0370115211179019,0.1673033035651659,0.2211552832322812,0.7731266412756205,0.3082448859569616,0.0595240296651878,0.6473720606816443,0.3690950848834233,0.06151417,0.310805751,0.211764706
0.663228443978279,0.4853760078920751,0.1168925628392429,0.9825921670503196,0.598036005092592,0.0103680025709693,0.9796908535598112,0.0806240208774592,0.4378447471231947,0.218285026,0.103902833,0.6
0.109355035578835,0.2041465381210917,0.5996894338664229,0.2529410293834367,0.7973697288588363,0.5127232959851616,0.7579099103471864,0.3967608204341566,0.3612210258139688,0.155478258,0.30027352,0.381818182
0.4527249220367204,0.9631063686498096,0.0747451733434967,0.6767215167035731,0.3200027955098452,0.3283206104822757,0.3644469884348322,0.0580661533081504,0.4268637425133762,0.432150847,0.273711509,0.2
0.1585987580183266,0.1312603232020982,0.342890239222266,0.7553845041082945,0.4903631050904062,0.72135820405063,0.0857101224094019,0.7298811845350489,0.9621268773351812,0.096618729,0.524621331,0.0
0.6228502309446485,0.4074101789822189,0.912039133372608,0.6686275045842806,0.0556823070584578,0.4024342147836367,0.3008069114670492,0.7242500711062988,0.3007856896940585,0.077861409,0.533785404,0.6
0.856655719697043,0.3804496964282651,0.9965537471126892,0.6098177905876863,0.6854432567609791,0.5656001520971509,0.4876491757119278,0.3345951602821093,0.7122159480328016,0.120449573,0.537562669,0.514285714
0.0903776213044162,0.942154364926512,0.8633477412603598,0.1380433624488674,0.5045603525417014,0.8789482735604004,0.8492247900603107,0.5757508592163608,0.2396553178185793,0.654819357,0.358025736,0.691764706
0.3355417544836588,0.2235731604079393,0.8761823448427966,0.602347443180593,0.0565890419954037,0.2512815704895139,0.2293282184738649,0.2062419872537035,0.8807851656287,0.094602308,0.290407378,0.0
0.6046124696772495,0.4954910773560925,0.3553397126693881,0.9582358507081687,0.54770698118985,0.9947012986173728,0.8099391307248929,0.3040979888456353,0.697931303428744,0.205538259,0.526065633,0.04137931
0.808598422164572,0.3101824697356633,0.3104015107246345,0.6567243780256207,0.2391786208067534,0.0442895667555095,0.3797519291962415,0.960541981065756,0.8309968879844537,0.108476653,0.116605736,0.0
0.432178254141464,0.8288829492968199,0.6237928108008228,0.5327631709446796,0.6303180405122587,0.21169932181079,0.824590679933653,0.5242705388851332,0.9777341766692864,0.452054741,0.21520812,0.0
0.0562873381876384,0.0438714618543069,0.9589484742802502,0.614390498293597,0.2707591855972419,0.2667204668998312,0.2052327451120497,0.7621463452602718,0.1055493556739801,0.058999597,0.162282487,0.336
0.5343279502198013,0.3924727939329309,0.4709948050467929,0.0391361315822678,0.0959226372697192,0.0253957536924566,0.9888585092934066,0.6375596301104651,0.7882297173755496,0.202048002,0.128221675,0.528813559
0.1753924157244947,0.6275965150192048,0.2010542650235862,0.8400823262315171,0.3193943535805388,0.1209911625136703,0.2668815224731352,0.8531898527784474,0.4928613611048092,0.187663201,0.179382987,0.505263158
0.5562030521674955,0.6504082515216627,0.3767600549444211,0.1139353028248596,0.0072265290500513,0.5240976687110451,0.7030441670273674,0.0241581213626435,0.1282565789300994,0.38405363,0.486505453,0.230769231
0.013799323396432,0.3467645661198648,0.1200063427710147,0.7179989409504998,0.3845472258811364,0.6870139288913963,0.5337131217897128,0.6415528304286089,0.5637788943403307,0.227385425,0.138227751,0.0
0.1310605104258034,0.8760846207628625,0.7684684376229839,0.9490663836332738,0.25597636595389,0.560902244333584,0.0177843394126048,0.1574569576533961,0.7816048344242106,0.280162697,0.019745925,0.0
0.2743832192090666,0.8448516593705899,0.0784412843424506,0.3891771483600378,0.8508967202296661,0.2809206315043615,0.6583767588043967,0.0260633408847019,0.3904207038246663,0.436872687,0.320926083,0.541935484
0.9825831204321508,0.3458322578835856,0.5887113923665772,0.6017685314671214,0.4268150729968886,0.1140567862326251,0.1956871766618571,0.2105787505116363,0.1485822454835283,0.113724365,0.14305548,0.0
0.9382296871135364,0.8851444097299181,0.221545406318612,0.4304340616745779,0.4623456092288398,0.2020936745548559,0.5523699821864095,0.69887537986833,0.2880824972922683,0.522093364,0.349372863,0.0
0.109586787178747,0.2696275628528549,0.541074674840753,0.3836362641964032,0.67070697346641,0.2375361307708562,0.6904429134711023,0.1569078478897387,0.2609618264021597,0.152639468,0.167481718,0.417391304
0.4723768068906694,0.8000179206281854,0.6537257912000356,0.6654363938951903,0.0192345418481427,0.790394476831342,0.9103712472605344,0.5829949539696475,0.1636606988210723,0.315797827,0.38594214,0.0
0.4860104099381753,0.8166131782520276,0.9976868565120944,0.6956243183004003,0.4079119440220776,0.6008323822001063,0.9651236994318546,0.7647934957969613,0.4092746715616505,0.429441542,0.428458226,0.353684211
0.3959448798342333,0.2721225859825572,0.1274955345022861,0.0966781263285266,0.2670252470921782,0.1565597535069887,0.8344909803723293,0.6352346965056259,0.4879130343922103,0.174177919,0.316469744,0.408
0.8615721969947436,0.4151879383348296,0.3750999839861438,0.2914343279789205,0.2988461362522125,0.6607352014506763,0.0834223068889136,0.0428067267472211,0.6446001667066424,0.120137792,0.523985266,0.0
0.8783576975785479,0.2713151862400359,0.1327700369651272,0.4831824352645658,0.6319035167781469,0.8979756733053703,0.3697303962230539,0.1458627688309443,0.2439137065168635,0.09798909,0.493466671,0.260869565
0.5085442410079194,0.8398737744761314,0.3946290065709845,0.5681011691734257,0.7076358079847728,0.8197477234224471,0.6858077336061432,0.3699032892338734,0.1077137378977313,0.383210169,0.541835528,0.157894737
0.8564704555242957,0.4442908059052918,0.8730716620229116,0.8682186668687281,0.946128393994024,0.8264474079942388,0.5040470123030354,0.8848638589709711,0.778788105833264,0.217503037,0.596189825,0.0
0.2221091196764824,0.6642936884884627,0.3816915907766901,0.1473697430514755,0.8905175627784742,0.9340233012243392,0.3632052397070009,0.8426033429052591,0.9702414124681732,0.244981225,0.381931368,0.469565217
0.936708428342642,0.1788871124055329,0.2165452821930529,0.5112930274770744,0.4988829915252488,0.0566636165295224,0.4719127850430176,0.1314279461321857,0.7200441312330004,0.096769871,0.177909536,0.0
0.7649090694952011,0.8649262359696894,0.99310808034651,0.3178332492813965,0.8743925662997784,0.8811962312191075,0.4135279038137411,0.6422340142375753,0.3593888172920414,0.434066341,0.660052869,0.635294118
0.3170985254569897,0.6858846239463577,0.5021569220028378,0.353098747053237,0.6725005792953849,0.5304696113765919,0.6404854540622802,0.2694718654364311,0.527106555873893,0.417163005,0.430472625,0.066666667
0.5140908898562851,0.5996218558972868,0.0556570135806704,0.4915048930892611,0.0574313368655212,0.0220637751514611,0.9844390021694528,0.9974780942287312,0.9743708857873074,0.368878898,0.072538008,0.153191489
0.8599296472923318,0.7454339471754942,0.3286185834743445,0.3366535787111878,0.5066671600733641,0.3366306803708518,0.4970895171945839,0.6925211091051972,0.5697540006304309,0.266654091,0.484385777,0.0
0.552834233692126,0.3503877382345047,0.2812856213758663,0.9161203127953796,0.1053948672131569,0.7134664223104377,0.9992837001432412,0.4369747805994906,0.7818294022790045,0.175846383,0.56952602,0.482352941
0.0361660577129671,0.9644666475617668,0.9841401288158824,0.7567875019093333,0.9080450858115204,0.3337103069630303,0.7775256436307368,0.696388967522975,0.3193626166743597,0.594503254,0.160757128,0.180821918
0.7511457702429769,0.329320073789044,0.283472576938401,0.4772905166957227,0.2385616034273815,0.6517405082499261,0.9502876002909644,0.9929645744518034,0.9564877048653148,0.168069159,0.640373996,0.483333333
0.5153061221804947,0.4033403951904408,0.5875323385442789,0.9784617426097904,0.7121138528927036,0.2873843563066425,0.9591598615680952,0.5032461218264486,0.8725578222587748,0.177740419,0.340428949,0.088888889
0.6328394517753989,0.1505984115362771,0.1709956989165948,0.2400990716450795,0.3835879920373293,0.9402303486223218,0.0828820921774549,0.6902556593649293,0.0214375879175684,0.072529361,0.252722369,0.2
0.2712372981177996,0.1979570187290604,0.2387534809386535,0.9952407754967264,0.3209716662632118,0.6225778322837481,0.087613687039785,0.247678988016502,0.178359209658692,0.066563069,0.374128982,0.553846154
0.0392132119890028,0.7343559466264391,0.3415283707909577,0.5048794611818367,0.1933401750377393,0.2890087363595051,0.8257215227570048,0.5246740185485013,0.5568021146338243,0.387359185,0.193891331,0.681081081
0.4746396799690295,0.7834039374421031,0.8224429805298026,0.9544294538519476,0.8002479058013082,0.0595505253489028,0.9550940848434906,0.5502478558128232,0.5255288271953097,0.46506989,0.199872267,0.6
0.941124172485176,0.6009627412370132,0.0940480661214036,0.7421525413550384,0.0756451987764103,0.0814713322755452,0.3270667485970917,0.9017787653509824,0.2059324494367626,0.146939113,0.174781426,0.15
0.8493936975324774,0.441054887913321,0.1814297183735617,0.8714585947232318,0.7617326923875714,0.6260703380834295,0.8971887969024059,0.8323328677949222,0.2047087377385226,0.200274529,0.462944973,0.377142857
0.5778449130829536,0.805314205572457,0.0018734576945764,0.0987643469566453,0.1768007444086324,0.3923067622396501,0.9652710043209576,0.9633022489674312,0.5755625139869313,0.378006811,0.429202046,0.413114754
0.7043209078792905,0.9473758942885986,0.6980429155162668,0.4593996723072758,0.7573826291871122,0.520820042551528,0.9505924932272446,0.9440016924014007,0.2847895630758564,0.693049992,0.483485052,0.0
0.4476889395383547,0.7323750254902298,0.5344749573883756,0.6363521068928281,0.0857567570768375,0.3576831031116461,0.8739981280727854,0.891825442962876,0.8848783094174617,0.614587653,0.509426522,0.25
0.0622740903581655,0.036613964834718,0.8226891389283917,0.1060725275326133,0.9474797425020338,0.7876599756739181,0.53410758012516,0.9100904364386844,0.3820724970243651,0.108218452,0.25761403,0.031578947
0.7348878008487579,0.5497838423784496,0.3170282068057852,0.4309815042837238,0.787464342250422,0.3480855139914867,0.9978106319566884,0.4014100255817547,0.3008725463257828,0.303115938,0.436846915,0.725925926
0.7337410990395271,0.3270149134075184,0.0898104262333987,0.8246695755400542,0.8402724983970975,0.5249286160628649,0.282212239583205,0.2776239341232743,0.0800113270397481,0.083730734,0.380276439,0.72
0.3043416201411835,0.79746966859239,0.8014843804443177,0.1093671552794455,0.7257397291421244,0.42272535131081,0.541026712824862,0.1393873591574955,0.5435007215207293,0.435828572,0.432122096,0.501492537
0.2288302955401122,0.4242828867534313,0.8045516368065608,0.5857833929266324,0.7099174067299091,0.2828815885393724,0.1978865482810456,0.6759512847534138,0.40898446515312,0.180153739,0.277572355,0.4
0.6999785250334225,0.9540369700446438,0.222288688919075,0.8727349711946817,0.7151298738621472,0.3687246551804908,0.2971510703108514,0.7401209488292495,0.1662056503220186,0.394576258,0.333532088,0.327272727
0.1924159769117615,0.4479582826346372,0.4653589882484589,0.7713270287972839,0.6174952164944497,0.811912926894689,0.8949288918566413,0.7975467938315987,0.0784532618150777,0.177478012,0.379583171,0.15
0.8285218701005852,0.04721646711754,0.9997664379573374,0.360088770299715,0.3080563176241921,0.2920457917678511,0.4476803372583293,0.1069035175664433,0.7033995294256871,0.05394596,0.441052618,0.56
0.2819154190592942,0.3852160214165279,0.435960337645188,0.0668789439491088,0.67333652948935,0.4128330309636961,0.8895893888620532,0.4452634324035427,0.1374658310831811,0.199614471,0.352306223,0.356756757
0.4450612026372245,0.6063138210942631,0.9441219509097312,0.0821502192066899,0.3344233794706749,0.9772958522995678,0.4294048580180077,0.5845795944650345,0.4582734846479607,0.182742576,0.504865959,0.461538462
0.3953096080425077,0.8351541247677773,0.7721479475818865,0.6633690118762555,0.533103582952272,0.98911531391495,0.9854454380151584,0.6874810931782297,0.2032488650468519,0.437192354,0.4912323,0.184615385
0.9780374374861746,0.0538811004268698,0.2820355433954726,0.2722324935107416,0.0396381774186753,0.0323715691432825,0.9598739152903124,0.7721219739525427,0.3334169823277011,0.097947148,0.185236532,0.432786885
0.0812263887473586,0.6377198327581274,0.4190630416885899,0.7116824614709316,0.363463447886438,0.4174411000968678,0.7362496247754691,0.7658344366870744,0.850965997856369,0.321291822,0.252475346,0.488135593
0.3548428801812542,0.4842285496940873,0.2532814978771402,0.024890120688518,0.577740009422056,0.8912247852501433,0.1715082859243922,0.3985198499348777,0.7362698237547276,0.170750717,0.506672488,0.694736842
0.9488217090336216,0.5718241366383078,0.2022969206396266,0.869187958105142,0.8920969964253139,0.856094653835375,0.6629404127394966,0.5122290685696873,0.261236888658779,0.296814091,0.553381385,0.206896552
0.4305550836067346,0.654646641305187,0.5891494643599591,0.1229859762376748,0.6544236173243219,0.0465273232512621,0.5065566067276378,0.6257701236936014,0.6361031782424678,0.358566372,0.188693769,0.48
0.1300095310448611,0.7902629669009588,0.6269936807586296,0.4368115618266203,0.4126629954408317,0.5238451446321384,0.999081159254703,0.5603911141486897,0.6066714258278735,0.515535492,0.319983643,0.618181818
0.7411132634256997,0.4995011162396812,0.3907370221409136,0.8861884044404361,0.2092252504539913,0.4990081990844855,0.3183068388458892,0.1311335076446477,0.146415851755569,0.164863467,0.490209343,0.662068966
0.2059333739198756,0.9416860164235316,0.6733478221913957,0.4182312260368839,0.0205507706082014,0.432714103250374,0.2658184791171206,0.652750271857704,0.173142350174737,0.269828,0.349282314,0.4
0.4270844354597735,0.1708188752870494,0.8084586745899826,0.7427732056525848,0.8446728088801086,0.2120394957829879,0.489643331686754,0.9189712702747492,0.3058927112493111,0.084763505,0.356517998,0.24
0.212488483170975,0.3985531827877611,0.9792351828692656,0.9212966125685852,0.663319225779806,0.116483304372948,0.800022938875747,0.6594818731797939,0.0129403838853418,0.198660869,0.100981858,0.364285714
0.5546804126267537,0.3470117572352629,0.8591890455764128,0.837030459336862,0.1803583364743155,0.5392997542679497,0.5965546471867512,0.4701771871116792,0.193370397255617,0.189981153,0.443399725,0.533333333
0.7111414549583804,0.0471688816076761,0.7985410110628195,0.7790129872960646,0.3594692432172506,0.9330518988353468,0.1774006486773407,0.7357944990778474,0.924199329295062,0.053922054,0.488112099,0.3
0.5658702364609713,0.9818214173398442,0.2546106836505434,0.3958652412337007,0.0558975226575196,0.822585717868013,0.5288362150131942,0.994152280972861,0.944637768865287,0.617405301,0.537534017,0.381818182
0.5356908970013055,0.8968268373021786,0.8413946423218834,0.8013873882338804,0.6535341324780991,0.8535238312067764,0.2030345421510885,0.9673518823192022,0.2109449645325652,0.451755127,0.493932649,0.464516129
0.2494819597385842,0.8798332294485126,0.9971955504520708,0.0209477727748015,0.562784859414366,0.8740661369479534,0.6918885976403839,0.988551972142482,0.42232456938704,0.784082929,0.387254051,0.492857143
0.6715734287744684,0.8500981220606197,0.353198722197744,0.9623165485606924,0.720797885338892,0.0916674943890357,0.1247959380533767,0.937819378190204,0.1049289042964606,0.302275481,0.161849603,0.821052632
0.3875131518271912,0.5552385523794618,0.7653351233375064,0.4183196679989888,0.9024612846695172,0.580463882965307,0.782013663293094,0.2386286002951628,0.0615601591255888,0.233595269,0.426895558,0.542857143
0.5996304159251992,0.46112278045377,0.9677054547178608,0.3650667674953808,0.4682233255616647,0.1867269147397385,0.3245356308793212,0.445184308197,0.6099396920535174,0.170830039,0.3003028,0.0
0.4179364205012831,0.7042598721241838,0.3858610490259926,0.7088774884636806,0.0297307637104977,0.3270048809796629,0.3503171901727993,0.4643021655523847,0.2005672933301888,0.150044557,0.342558698,0.0
0.4487922799882828,0.0485214939560759,0.1695218401113705,0.4143225288628779,0.6336920977722279,0.1580174876456436,0.6602039997962597,0.4536183412057633,0.1906593213969065,0.077429037,0.28516587,0.45
0.2219578722331068,0.4434599110937609,0.7564674269545939,0.5812585964562484,0.7382388392706315,0.9785041403694446,0.1139864901431538,0.7197140743638544,0.6204885489510028,0.080777504,0.29110245,0.0
0.2789417530263468,0.7655247872602245,0.1431690308713538,0.4779639974278553,0.4189247532267354,0.1459320191303033,0.6322982446263488,0.7215884196153075,0.7964409740140533,0.456839167,0.136428475,0.0
0.7065469570070579,0.3130100053378252,0.0134796594179704,0.2389039649866714,0.6207212688055879,0.3928460429594423,0.7143753830388395,0.3662345962707274,0.8059802653389565,0.184796753,0.426871894,0.771428571
0.0725535366853047,0.9277967146517694,0.2963855301670468,0.5434868243248149,0.1249055366212277,0.5158284554608077,0.0429813385147417,0.8020493441867313,0.8569178349894153,0.322774687,0.410940871,0.0
0.5696680176823528,0.1296829098625794,0.2826142091409376,0.96478981823583,0.5272559235294596,0.1382068279316244,0.9394845453254548,0.3079949366481739,0.003246608112616,0.09920049,0.219892875,0.78974359
0.0759027921687539,0.8294752091531525,0.3811041141329874,0.6649208688330749,0.2979964173380512,0.5746707066239353,0.692702342736696,0.8407742304115357,0.7799171375910255,0.49818337,0.364867182,0.571428571
0.7244774670032428,0.7793643578368397,0.9123756635038756,0.0304149786290809,0.9651373524065452,0.5024515842491856,0.5575515063726465,0.2079200712830259,0.8069504001279586,0.533473723,0.500564466,0.48
0.8129316876292566,0.9029405036947796,0.8986947547243591,0.1119420328302044,0.6408916994194344,0.4177806082559545,0.4399760260481636,0.0888937813060631,0.5262487085107922,0.370260797,0.423093005,0.635294118
0.0832671931547911,0.1377235255808253,0.4775383661171103,0.3761208944381328,0.6672591569651842,0.8354577280140463,0.0767184195884156,0.1841719263457476,0.612905876802556,0.088447069,0.349645492,0.0
0.1828998780984663,0.7773346364900787,0.1966616959276458,0.6178768404871201,0.4491526181338596,0.0521267846617483,0.1560911658414602,0.2562236120483918,0.5887579805054504,0.275431796,0.11674201,0.768
0.943537822990806,0.8403540571988626,0.2112805886593063,0.29143878715775,0.2128844232737295,0.5794748581608379,0.1126759811154338,0.2656917561613043,0.7010461851042763,0.352802182,0.471602535,0.662068966
0.0275915341468083,0.0693098742638105,0.3100490213452452,0.2587981139016349,0.0241265364249642,0.6028569327801745,0.2188763607033327,0.7104335835147233,0.9115412941674056,0.078817319,0.077950552,0.0
0.9705288154581386,0.6990121056332724,0.6053744857610609,0.5425091415925053,0.8136083678178,0.5266954161966517,0.0244812906692702,0.4657976373908267,0.2088956527380195,0.245251448,0.522234619,0.0
0.5611250120201178,0.4045633883484482,0.6637390307177079,0.7815791176948526,0.7238268784915385,0.9281485474278156,0.0351866350739598,0.7798313618139497,0.5897503093965242,0.227564604,0.429342658,0.171428571
0.6124504438844596,0.6835670666602798,0.9239921474097754,0.3410286903956687,0.7150612191088584,0.4241189257307417,0.449623657171476,0.9907251475428124,0.9660849338759546,0.33365159,0.45185903,0.4
0.4229172465612217,0.7515115239997984,0.3646597863170145,0.8182730717813353,0.389993393095031,0.4241906782515257,0.7412927331081895,0.7730858149000512,0.0089107494264911,0.399820118,0.309444836,0.367346939
0.4546748910990218,0.1497971349217155,0.1557499200277776,0.5253999964271666,0.2370691562913929,0.2998539103507434,0.4546727897858188,0.9283571712865129,0.9407343658909118,0.082335188,0.350313283,0.211764706
0.8943837209193934,0.4052270854821602,0.4932153297195729,0.2274115226056731,0.7852109776886349,0.5876814174536872,0.3123422101232859,0.3963417252788803,0.0119763408449055,0.109554663,0.167481204,0.2
0.263504865359806,0.5200130551032667,0.911726018757584,0.9719489222105486,0.8735087052268505,0.1479437361883673,0.2074116523674889,0.1371454533700046,0.3157808421618915,0.155357626,0.158897977,0.461538462
0.7828109957311422,0.8681215151964178,0.0105368760100461,0.7032623953304135,0.4817426881689405,0.1948331021220412,0.5344435010347972,0.2830044440331315,0.3982266567529354,0.514253236,0.303250477,0.417391304
0.5365302745508996,0.6724536361425624,0.6747195903379696,0.2121470441492119,0.6189676872088781,0.8803670556777844,0.9983232925385478,0.7102331345519909,0.068232824017166,0.326130881,0.397903283,0.690909091
0.2250568891801392,0.2175512173140937,0.3392450862546232,0.9215535777917186,0.8303267212820848,0.9586165751794712,0.6249957021531034,0.7367755964188475,0.4371576518081888,0.176653632,0.432864542,0.525
0.1196947821686648,0.8717831759930964,0.5711730787817945,0.2133591316966014,0.6725166970248778,0.473060042484031,0.2130934496358774,0.954067820311392,0.6717998169639385,0.382749947,0.237427261,0.0
0.3367354259648499,0.7152752007104749,0.1621017432788501,0.7602753224324666,0.6589744885213764,0.2196318456601554,0.6366526127540056,0.7910775922686285,0.2061227783302118,0.3214228,0.26298806,0.351724138
0.2444410969440946,0.687405055735689,0.6275730264201548,0.0559131377724845,0.7412591589731301,0.578317433083652,0.8920669982237523,0.4039624306534639,0.2653212072543333,0.321872629,0.377176283,0.573913043
0.6694891287826145,0.086064190167724,0.3689505880596957,0.2807628952339985,0.9354302737176048,0.6385562047639052,0.4081157948215058,0.6907749168482985,0.7269787215060252,0.067115595,0.555440762,0.6
0.4383643500497873,0.579672306523643,0.3132314536924206,0.0646216738687499,0.147884979076473,0.7608582152408506,0.8890020689351947,0.4451602640621436,0.3731772669277353,0.260223434,0.577181266,0.658823529
0.3928224526097889,0.7033908501569485,0.007331720101282,0.8838238332107774,0.7517194173965656,0.398082671181946,0.5065165365603015,0.2515071636333121,0.3147844787045359,0.433026323,0.25674285,0.0
0.3470568785522506,0.5416861711607824,0.774371876208727,0.9067310557878718,0.5289605458666633,0.9091556588715765,0.9775996709398154,0.9363711395303528,0.9001125767105373,0.250159325,0.540173905,0.1
0.4601840195840148,0.7479570329884613,0.1229295553938022,0.0792245659595032,0.8315125493021553,0.382329277948396,0.0336107895654426,0.2452121354827657,0.619532075653989,0.219960724,0.367095712,0.705882353
0.7296044877070905,0.6327645359375098,0.8490042289432326,0.1107486987542774,0.8693861482998512,0.9833989492081564,0.140411046470641,0.4680962926072118,0.8425374172670217,0.253652087,0.608946034,0.461538462
0.6411632218418649,0.7050250650176041,0.1833970762768437,0.1842144452635136,0.9049550417841302,0.4668116085660264,0.2643343073954862,0.4571738047053141,0.1196191768661792,0.199564341,0.510670857,0.542857143
0.9676074110309308,0.852519261806737,0.7042655545894975,0.817532580163931,0.2781771218073301,0.292906157056372,0.2570922437993231,0.2230266877186989,0.0789997247905476,0.277215788,0.390907294,0.48
0.9374325120987048,0.1001070112368205,0.5308400121092158,0.29824359603862,0.6372524761105339,0.1458360339045384,0.063004955126137,0.8739207588006207,0.5294316233088785,0.078382601,0.340696968,0.189473684
0.935469301121869,0.0761852444565661,0.8751274935181481,0.3479952260215605,0.3398701059699339,0.7116819825204094,0.905601160737494,0.6105052601140097,0.9773200468237068,0.11391694,0.614305697,0.35
0.4239500578562437,0.8907196564639778,0.1015274012235785,0.6121088966800065,0.3996594189140476,0.8834531226035074,0.835586610068251,0.2284980634835911,0.2524378129031693,0.477138477,0.400244141,0.475471698
0.2448150111954835,0.4702796777046177,0.4140531175604197,0.6910229006585716,0.3735995377201463,0.5052059690015995,0.7642666897265484,0.9983532980986268,0.2343642602119318,0.252891826,0.259723938,0.145454545
0.763734860346241,0.5714513930292923,0.0597474630778525,0.9090671534579234,0.2307648183280625,0.1949336944210281,0.0971159524262227,0.719394848435689,0.5614489032961564,0.148691534,0.389835018,0.32
0.7216239925437239,0.4853158355596337,0.337242160040921,0.3757326230617309,0.1011553296951516,0.3119330120154947,0.7765413869811739,0.3405434491922029,0.362921443040477,0.216040097,0.373048539,0.276923077
0.3106842259769897,0.6711627719217638,0.3879170031244729,0.3674396866541187,0.6221467183278719,0.0323657506947113,0.3612623371528543,0.6325141413882787,0.1816245104999808,0.120332107,0.110148152,0.78
0.1555082946653896,0.0135959932121845,0.8612627055370552,0.5739407940223173,0.0309635289900737,0.9036847771647124,0.9746354726675828,0.1250413552006608,0.180704628887464,0.090649133,0.401178126,0.048
0.2420473282738036,0.9891720287327872,0.0229879781865912,0.8638281109391763,0.8236429136379426,0.6586893456225725,0.1902437469368906,0.9745390525475344,0.4954268374538151,0.333664637,0.216336131,0.0
0.7968630175031344,0.6443448098191201,0.0564211904545122,0.0890697434334165,0.0810067180423012,0.2992445520132117,0.1445613671121958,0.0038152121503942,0.7462483779355404,0.12222596,0.387868566,0.48
0.6733032764267463,0.5976068024462821,0.1140513870915758,0.1412358840692962,0.2682645530013192,0.503502027805387,0.530063513721193,0.51262646472125,0.1764671127607716,0.266730174,0.428666397,0.376470588
0.8371374728900676,0.3479777093278492,0.908951534914697,0.1995855303478493,0.2826748006840606,0.921801470123536,0.7053070155301636,0.114023719032251,0.4520435684854194,0.145197581,0.613965356,0.0
0.0093039702088083,0.0333404670221307,0.0468617772263384,0.0858958668101584,0.5605479632093978,0.290014287291074,0.2047765076745993,0.2399364966241474,0.9776362919599668,0.035460626,0.107229468,0.654545455
0.5066773173532748,0.9867390977630132,0.6540189434102088,0.3744257939637495,0.2966500824426048,0.3608893303621665,0.8184387350484386,0.050965028811258,0.4475100232135089,0.655088393,0.421137242,0.457142857
0.0239229259625096,0.2706969678809275,0.337486092822656,0.6867405542414465,0.4320562630693523,0.1797387260930952,0.8816894339813972,0.1691762706224813,0.2441463022982308,0.151848059,0.122805847,0.288888889
0.9313359978391226,0.9848939584147886,0.4372991994870694,0.544592649182774,0.8347021027044045,0.8044068317444842,0.0141815554638592,0.5563671963593764,0.5541367475168107,0.344080486,0.485279137,0.461538462
0.0031366483057885,0.215685317038053,0.2717676702710757,0.5742811026690459,0.8751670548957948,0.7114404938123672,0.6095123798206018,0.8500843739658416,0.2573810236372618,0.134425853,0.260871441,0.475
0.6964076911866339,0.1688529782306174,0.8290386528886247,0.4996052289808296,0.8964584611356655,0.1090234393861927,0.0688647416698956,0.0481383529123116,0.50613026896936,0.048422931,0.353894265,0.342857143
0.2766771236655723,0.7211225449168083,0.383652684419523,0.1836357652924982,0.2318597609795234,0.680636601166328,0.4681688617649086,0.223772822559636,0.671356347377276,0.301953633,0.450287256,0.705882353
0.2836545481814985,0.3208399154615046,0.546235920545864,0.5203890703439178,0.8511046699950195,0.9043426982061508,0.9797577034212368,0.5914015222878976,0.2389670322350596,0.163275428,0.450925391,0.594059406
0.937681590740514,0.2142012790817846,0.6812168409737133,0.9019973830264072,0.7344240674775013,0.2809214614054901,0.7655868335583093,0.5472481996893395,0.1153743227173146,0.110665956,0.455248826,0.2
0.7166034978470948,0.4254268113596571,0.6563397923169186,0.6388922688739844,0.1564362193335025,0.3823197850541494,0.9838832095323264,0.6210832381826698,0.9879932860913808,0.205891065,0.428198544,0.094117647
0.7885925700955084,0.0797228931054881,0.2158291310567909,0.2744428248348334,0.8545155862123178,0.7989067447083665,0.0936783358541436,0.4158121998367082,0.3963668559699496,0.060867306,0.702407652,0.342857143
0.4658410441705354,0.7954045831840467,0.2650282821922749,0.8433893674223357,0.4347216618576444,0.1122129716715927,0.2641890375923731,0.4195246073318506,0.0723735367663365,0.251414894,0.239073403,0.525
0.5513781043753816,0.3483391285734543,0.206079782404478,0.5395711725930663,0.2593733019894378,0.8115825460989785,0.7856517649208263,0.426508716392824,0.1352743871209989,0.137993796,0.41651823,0.484210526
0.0281174109175945,0.2188523364961403,0.5490563040881296,0.3946988212986739,0.3722972702296605,0.2528340033000673,0.8008647600280406,0.7552231696699597,0.5532070420224438,0.149392759,0.087019307,0.0
0.6096035842648359,0.7774016152130647,0.346641102541857,0.5054419527368028,0.940493073141902,0.1295522885856754,0.9753258964566068,0.2881829771208332,0.1118345943951758,0.375918735,0.257925543,0.592405063
0.2804040505769847,0.1021600566552671,0.6315853573323374,0.1539970064974437,0.7352076642905077,0.0709849730420537,0.6818427833302037,0.5552661262390153,0.6743279434336595,0.125116927,0.172381225,0.625531915
0.7447076221033454,0.6313916318362742,0.881629547864339,0.0481341747284149,0.7587895585938218,0.6468728664794559,0.3589399839953815,0.6041504740447633,0.1784776306835011,0.212928545,0.618342144,0.488888889
0.6317481580791593,0.1812972400950658,0.1161463319034726,0.4302992859016455,0.0139904767785559,0.796641130145942,0.325660032514816,0.7007505820982071,0.8832392478576797,0.042442024,0.368667607,0.461538462
0.0128308401271751,0.9438257543742846,0.2592759310334521,0.5764803613154394,0.9518799116620944,0.7324309634181368,0.1221840095592803,0.6624576903435423,0.0290738167247961,0.30763437,0.042443985,0.646153846
0.200095729125552,0.4706608147010658,0.7932458730426541,0.9216768195388558,0.7289683948788293,0.6361332594846238,0.5148137465872152,0.6177841160007923,0.7145951585374296,0.300757598,0.371775599,0.066666667
0.5410399293472407,0.6397852175352946,0.2978916637625145,0.4074103393233858,0.3079311539014585,0.3458455920402389,0.8333660116446151,0.4873179098401828,0.0317972223293802,0.388871011,0.21404513,0.366666667
0.3288612474027547,0.6956826483775785,0.3766112577263297,0.4011653568723046,0.0528475821862328,0.1646573369112726,0.0609240916772682,0.999097718489276,0.3696784311653779,0.179299425,0.131499888,0.218181818
0.4801635425662244,0.7091661438031434,0.4206042861490376,0.7885373922347988,0.0504797839276524,0.6540534249419255,0.6893028118036886,0.6901717881957845,0.8256950548343338,0.410635218,0.462112779,0.0
0.048202203864751,0.8985018875148048,0.6797415731721627,0.2944306512252989,0.9452208740706854,0.7217814805067371,0.470329543875307,0.2999057327158629,0.7652240833673314,0.43659392,0.279902752,0.133333333
0.0298932489420626,0.8286713781040994,0.1579339077122952,0.0883244856947418,0.5758766069449792,0.664282908960338,0.2819619089919468,0.598674720480995,0.3824303745755172,0.297204989,0.297691416,0.257142857
0.6808711317471623,0.4516357296568559,0.2135697941211249,0.6153129149205678,0.4317412031955336,0.0713154138530947,0.0049259090672135,0.6562484849935526,0.1497138752824405,0.084609631,0.247280938,0.635294118
0.714490689538555,0.7020863170831222,0.9080978907766858,0.5723442318281826,0.7042245227395437,0.1302139036786405,0.9590989639460786,0.1412550487979001,0.2257773503291995,0.366557529,0.153207679,0.0
0.5571716058665096,0.0474390333295239,0.0892438363869355,0.1347193712416041,0.6525328186589296,0.1613263770241437,0.1682223295562754,0.6847648564644382,0.7939811331432217,0.06607658,0.370217421,0.694736842
0.5368360348403493,0.1133942732450785,0.816172104880041,0.7249206838523697,0.5650732388533947,0.3591388265716815,0.6456354333005562,0.3232660985483645,0.1016268372974799,0.124131512,0.252798443,0.266666667
0.2829265066593833,0.3404765718801534,0.3852851221642017,0.921589658080009,0.3189204480792076,0.2639637609736242,0.7908206413350123,0.6024112678920406,0.1543098824298799,0.133004592,0.326345187,0.415841584
0.9329228278403872,0.5777129562451084,0.0046712152555987,0.5778471077062097,0.6049110893077326,0.5376817101062088,0.7500239158655226,0.5887632329333802,0.967507240627864,0.292946704,0.455497754,0.45
0.3333552507362941,0.9519398629339828,0.1098879603296978,0.2452942849109185,0.3286801515859484,0.2916262094331359,0.6303268130111959,0.6828441033550824,0.4245708370492468,0.860897802,0.298484668,0.469565217
0.3042009539686838,0.3976167158796623,0.3759950626175689,0.2558169003594661,0.3353862588736801,0.6257233492939274,0.4323850167667503,0.8872369465373026,0.0084141436007821,0.122993498,0.288473417,0.3
0.3106778424170724,0.9223837942496758,0.1030570144642814,0.4446964438353263,0.2381304860300609,0.8254332180160346,0.2583349808577081,0.2444065239815298,0.2003657562367703,0.301788844,0.402193352,0.576
0.1958113099583378,0.7447280130774748,0.9462988132445844,0.4874775184376899,0.0230179437757521,0.6905528094418094,0.6466214820259548,0.0907020432540601,0.0092877682123745,0.329297737,0.296130128,0.581818182
0.5083441812470946,0.1993896511951055,0.6396354054731982,0.0394084526227127,0.7205156355602813,0.1233376735638227,0.9017457306855708,0.0634187082683128,0.6176668940982226,0.175097905,0.158588636,0.046153846
0.0004543502296177,0.7894219221114567,0.5592278542806828,0.8953041046433582,0.1705185949280832,0.497997931137829,0.0877009935551329,0.8597748139122703,0.4592169654903129,0.190272086,0.119116115,0.266666667
0.4949188510290975,0.0638442918567715,0.0692194095025351,0.8916087547670616,0.3615009004161114,0.58621407172981,0.7887549154238678,0.8952525695873637,0.2237238393041545,0.074982858,0.362412599,0.0
0.3787518884138305,0.167914060019521,0.951479601648415,0.0468282260436273,0.5055162313493162,0.7939444284559135,0.5265528837792612,0.5615082794311043,0.7657213579192076,0.118795112,0.334517641,0.0
0.9726114643568314,0.4814686177029913,0.8606515466273665,0.3118194464313648,0.0802113073170963,0.3908582346299388,0.1031134652024694,0.5048534300614246,0.4780087553888698,0.144809451,0.565146587,0.496551724
0.5277949286679235,0.796542044469259,0.8808142987749178,0.4094797858620186,0.690362444033815,0.7037982018985285,0.606066448693917,0.16938945497969,0.2840393100327066,0.415994073,0.537257208,0.141176471
0.5346647601763348,0.3596550326066953,0.5206130607587025,0.654183961271311,0.5644794384651268,0.7635657406037303,0.1230163780299919,0.0756659759761114,0.4489861689250346,0.151151808,0.623280533,0.266666667
0.1290337306288902,0.2952778961776903,0.8018641252000802,0.5311806523597516,0.4801622236078283,0.8317010936103837,0.6327569236268505,0.5998316776586368,0.6155303120849736,0.182517783,0.36150858,0.05
0.2133166438148792,0.0107326033007739,0.2991251458423365,0.984433390459026,0.2801287368019793,0.105774181326567,0.7537520851069647,0.1915670545723105,0.8439339467732976,0.101239033,0.066366413,0.0
0.451405232364619,0.3991336999474072,0.1274295293588523,0.4597934396194321,0.8624444103165295,0.5184650306734999,0.5511941319220152,0.8735056468942223,0.045593076901953,0.175264793,0.430550567,0.776470588
0.2531597604719162,0.5180785786049086,0.4261884591431113,0.0146375187694196,0.5602109874341644,0.0113066009924851,0.3330809706066789,0.1343179845899369,0.9878357713525536,0.180954616,0.024374101,0.0
0.5220664397226347,0.5113606150470881,0.9327083270842534,0.9304102638446085,0.7057176558857516,0.4340231578763794,0.5856787760840118,0.7426317542495445,0.5266735483638766,0.274273201,0.378522436,0.346666667
0.861246753244258,0.3089093776319409,0.7223016475215216,0.8202589273608405,0.7988030453268116,0.9571698322488748,0.4349289908671376,0.6761844369552923,0.4997934950555198,0.157157094,0.662538271,0.0
0.3499852746796305,0.7128376820577457,0.0358589243293683,0.7946176972777907,0.7642165114154529,0.4629714720863996,0.8862836187098518,0.762204638233811,0.2371934493161496,0.321612064,0.389497343,0.305084746
0.0506600761738892,0.2839821436729388,0.2571639058743913,0.6858873314027804,0.0169136725548428,0.2531998951042741,0.8856603136948772,0.5654672568767838,0.3099326198080988,0.160521213,0.160523352,0.323076923
0.3664927209909172,0.6647611990083747,0.7061139352409126,0.6245660516533089,0.6910215422203397,0.3091969277349754,0.2404848683838388,0.7087168567254138,0.3073561222972198,0.195273454,0.418569375,0.48
0.1334280325435999,0.9574268602112342,0.7414489310869101,0.1723138467296852,0.8404672540709733,0.005646448871209,0.5584472776231912,0.5773144284461404,0.9386418764095438,0.834949024,0.03305673,0.378947368
0.1596510522886479,0.773365547800357,0.9230753199447752,0.1433413943547903,0.5998086147146241,0.22554878771534,0.0378444667504221,0.6786858333376811,0.4480008982244754,0.308764619,0.184378629,0.38
0.8419597249575909,0.9711326364894836,0.126493257004955,0.5482802565408142,0.8506497830837437,0.7746304740345485,0.5932840686862411,0.1744540310464171,0.4370093155633197,0.694956226,0.62148334,0.192
0.4560098376468081,0.5362152454716288,0.0914244307889494,0.6483646458397881,0.565160921804841,0.1308393795080464,0.9695548143733044,0.0044515147584529,0.392966653898697,0.241280892,0.168498499,0.0
0.6739519381107226,0.6628463274165853,0.9574331404844476,0.412783235519908,0.4615777334409198,0.5908121684874172,0.1645524998041965,0.109804027578483,0.5409131397668013,0.27217806,0.346451218,0.0
0.7205462743872009,0.6983801887535317,0.9450370454156932,0.3652770070089842,0.3418295861634097,0.7509160602340931,0.2155129373931597,0.974214402082878,0.2451717405607717,0.197577166,0.602404681,0.533333333
0.4389756945078756,0.5674678737302393,0.5152294559354591,0.0786223417310375,0.2246089483995271,0.9274815969472467,0.9945997429544584,0.0407627533385696,0.5364033828415551,0.331744334,0.509276894,0.286956522
0.1880612960250305,0.7139457617833146,0.6413392776045362,0.1322832321432981,0.4385260500922154,0.8147065383924051,0.3690984007328114,0.1706508875864136,0.6352083248395786,0.231609552,0.485107163,0.564705882
0.5496072157548585,0.0795566979245013,0.372308731019407,0.678175766293754,0.2938825326991156,0.5337060939228752,0.2084250565965708,0.0470398832846765,0.1571509128508752,0.054024783,0.419910225,0.685714286
0.6276498019841515,0.8408389821685421,0.2533338201277179,0.0977234871421697,0.2047239525224757,0.564406263948253,0.3603222268752519,0.3424540788776919,0.0819938254323306,0.266606198,0.265075671,0.0
0.3430006355406587,0.4790422129191909,0.1045576106656372,0.6895330430809299,0.1982242099015326,0.6087014781494511,0.7711018833574566,0.3654522186030641,0.043989802611956,0.170207823,0.456121795,0.310344828
0.2704735529396087,0.7529505411302629,0.6055792634715647,0.0010253614403763,0.6694615566200813,0.7891490462276672,0.9357401014912928,0.9579675606418036,0.539655458270721,0.49553726,0.455429935,0.589473684
0.922252021509984,0.8416567880758076,0.7567178128445825,0.5038764255533632,0.0432230778696219,0.0065540716361925,0.0649435084722002,0.834978645095682,0.0211476669846227,0.184929444,0.065373124,0.705882353
0.1253115871967288,0.2092334279477493,0.4190861845494413,0.4332554599507713,0.7332285589908194,0.8853557496677312,0.5512400905591474,0.7009631854581605,0.1014573719582364,0.115351681,0.408985737,0.457142857
0.8748497572669977,0.9060680812337673,0.4255685901399206,0.5792270104646089,0.4751136506166279,0.0904363184688222,0.4737238797464645,0.7182076047393716,0.4547561022233003,0.364646289,0.248823178,0.08
0.7426821400270152,0.9942953086390748,0.2289306442943971,0.5696886620146848,0.0020658943049054,0.0986395921438281,0.8045624383895079,0.5726590327252528,0.1496688165882739,0.593410624,0.336405075,0.705882353
0.5161001913401443,0.7662346913727458,0.1578014620560697,0.3626731915233022,0.5800360491710416,0.9508087124199284,0.9766908146397562,0.6553024694229362,0.7960031158993656,0.496191863,0.565838599,0.32
0.7727373332356201,0.6230735860019576,0.4717685052577611,0.152287957953658,0.9952889912468073,0.1005552925735004,0.7462868552758796,0.0514111815114097,0.5869472029980333,0.323121705,0.286995203,0.24375
0.9691053438162536,0.4487792423670406,0.32877702947249,0.9429516231725774,0.066818174559788,0.4045836123032079,0.5346755979757558,0.3487195938951163,0.6089025508625963,0.295506522,0.21976184,0.0
0.5468827298283512,0.3761976044254864,0.4572586653988715,0.6226756433963131,0.1882935596840445,0.9633445146312012,0.5972554184873939,0.5365379546348457,0.8724311419281726,0.188064045,0.496976772,0.052173913
0.2534704399938349,0.7551127091721086,0.937522995335894,0.2111652874526574,0.8521640375866016,0.3388781693828493,0.9578810028756068,0.5499354270501323,0.8792240968201266,0.444367582,0.294313388,0.363636364
0.9917148166504376,0.5405051313578889,0.4012915408139991,0.8015100154874802,0.5230735695417513,0.3919532455889202,0.8400401634169116,0.6896435713750341,0.8888227183246715,0.319424067,0.501928486,0.528813559
0.3238161971935887,0.5207094242577184,0.8315962659823978,0.1711577388325296,0.9894846816112942,0.8663494649841446,0.6152969500583951,0.4806270738234764,0.975848048183468,0.301373943,0.49325937,0.516923077
0.92921906233936,0.8118813930865855,0.5839543426967329,0.7035606374650992,0.5217502407510404,0.9703071172791372,0.1978834898096444,0.0037320352140471,0.8758345361416124,0.335719388,0.634697277,0.0
0.1324378159746895,0.358311604310388,0.0369093066771589,0.7710811642505506,0.0207880668590824,0.6691993522559101,0.40729043959371,0.7946798526861731,0.2000822296379648,0.058564686,0.383863873,0.675
0.993789103432934,0.9528786871142888,0.9537934770531088,0.8081329628828966,0.6980897965524067,0.7590140547514979,0.3823930079710796,0.6396977448873383,0.4367114307784862,0.344626886,0.693645141,0.4
0.035539422461015,0.5278124735313007,0.4279341703822298,0.5820833075691207,0.0778437559108223,0.5831101294951141,0.5370042288282952,0.1625874130010371,0.9128615584709364,0.248799189,0.310928359,0.416666667
0.0497154624812362,0.4239802766836901,0.5702038505328978,0.7645167868566495,0.2504522060974939,0.7485779082227595,0.5739160514429712,0.2005381196789116,0.3959217574949151,0.210159207,0.207494492,0.0
0.8294331439511404,0.0430989158233457,0.1406098569823914,0.4829617912062836,0.5958918686123196,0.8438951916688097,0.0617819055070086,0.0237334705500495,0.403969425396021,0.064879252,0.464832158,0.525
0.9879677760466888,0.2199856472802948,0.3606326238180892,0.9605788012052016,0.0396971378895766,0.1439839488305956,0.9849272499757172,0.4516474056119759,0.232528591564334,0.125040095,0.243103422,0.0
0.2443690028159674,0.0486751696956124,0.0752428218247333,0.2808845080448803,0.2044668811052892,0.5509366691457683,0.9778558124378064,0.1089633154845287,0.4536134566665015,0.095665686,0.379983211,0.406779661
0.6687225197738524,0.5761903106411662,0.1368078338752724,0.2383958640008147,0.184358267271006,0.0155553962260737,0.7816807043376645,0.8235330890288267,0.3209719887821977,0.262721178,0.096708517,0.275675676
0.2059705697002634,0.6004116470180023,0.8631832392297429,0.6149921329170158,0.1983602651190392,0.1851691217922683,0.1069630298485295,0.664808157058802,0.9201456642791528,0.236373115,0.204964854,0.6
0.3708080965458434,0.6897130179595469,0.5122398745578549,0.0562252015630045,0.3190331399124945,0.257791085253874,0.5057664966839541,0.0224087026338419,0.0685120975678312,0.286348538,0.296540578,0.461538462
0.623544246958556,0.3166920210106674,0.3152634531998748,0.761502558235572,0.1305157294054604,0.5194696214675288,0.7730403907473679,0.653368889218908,0.2643101949608758,0.133569047,0.448782579,0.0
0.7105639360813852,0.8069460023276105,0.8860605377480506,0.2163520394899751,0.0554084459780636,0.5916093553235937,0.6749966977606943,0.3193629787460776,0.3824088315733829,0.459814176,0.461688661,0.405633803
0.4262161805720578,0.1824931763093031,0.5338946550487675,0.5507914479494282,0.7204100954230375,0.2392573191390862,0.2637020152011028,0.9610062852891444,0.2321066629158195,0.103417166,0.211101981,0.0
0.3805699243306597,0.2704648408386912,0.4811911045027031,0.490070315910091,0.0749701190339279,0.8442242064880373,0.7074652118732794,0.4816319922474847,0.2515913280406791,0.173809891,0.522840678,0.0
0.04719718313177,0.0761429214021577,0.6725454632827298,0.4178298347222898,0.7641365068343828,0.0865403829467531,0.170692626215025,0.6456217508931085,0.9774606700516528,0.089616397,0.100587241,0.514285714
0.1630801006160158,0.6510143048553753,0.735644101504921,0.8577277585771207,0.966672443868424,0.4446408391589975,0.9205618476288264,0.1142946776914249,0.160825250316988,0.281620256,0.239071449,0.24
0.6523684317238831,0.5153738928202141,0.7900049258507694,0.1209174379095846,0.0208443645012708,0.0474706370664718,0.057513532894294,0.6325126115443283,0.5815023525153097,0.154724102,0.229742329,0.694736842
0.3695783495332186,0.4893731261680786,0.8589225160479093,0.9815052827313364,0.6019350712058195,0.433938150575627,0.0457483720770205,0.5862276854342143,0.7361888782713991,0.160028215,0.118914975,0.0
0.7593426846388017,0.8496889140893433,0.4845766030373685,0.1508264861514713,0.1683812356928699,0.6459725029966168,0.8121597927198345,0.9741763237326588,0.9836210718373876,0.57000831,0.556514991,0.52173913
0.3664235659956877,0.3137843081387632,0.6982030033974637,0.1860764763272496,0.3435790780591227,0.0851011384309612,0.5250163708122491,0.1582713410602823,0.1478978555394985,0.177721542,0.208672238,0.687640449
0.4562927975640152,0.3095131593324497,0.2258959261429414,0.7432233952763285,0.2546788609753684,0.9437712072161571,0.9508392875900558,0.9526867025935984,0.2101325753995545,0.135211081,0.41560523,0.0
0.1796970601744629,0.3372602913466573,0.5016888272668781,0.30797334856511,0.3000571674849704,0.9157056931301816,0.0418672960164665,0.8152723765618642,0.3744384219167381,0.116267175,0.287173907,0.0
0.1411601265147685,0.2485866784593821,0.8416368472571298,0.7800187645939998,0.2320622216962736,0.8897103324878594,0.5293280221962053,0.7133717733731892,0.8241212287140974,0.202832996,0.327520082,0.04
0.8331695166441326,0.3645682639484833,0.7865687129435992,0.9936432013167128,0.4106993431427456,0.2980532660246974,0.6096182008279514,0.6347011123874595,0.6281861570841601,0.203507846,0.331956049,0.324324324
0.2542966368000351,0.0528626247192702,0.413852226325029,0.5073297416365653,0.8163013174511218,0.5725815145361184,0.819624712815305,0.8732332701432673,0.9716329879752518,0.121976047,0.428721559,0.52
0.4073945375407247,0.5270277881302726,0.9605735968783068,0.6661719107538441,0.689680576212479,0.2964415385622783,0.61633907380191,0.7220862330648558,0.8674515665537696,0.354114311,0.326540042,0.4
0.1468147651689638,0.4459673978738413,0.4322833619293585,0.480074586093326,0.4976907911554107,0.9972766831653048,0.4923103105672565,0.4282460325962649,0.0338314494948076,0.142096272,0.323737656,0.461538462
0.7531933637553128,0.125886268782107,0.4104640199912285,0.050675692538592,0.5938691381453975,0.0252262026440018,0.6181897106793848,0.2560411300446736,0.6625457201436205,0.10080776,0.053517447,0.0
0.1374779715225951,0.5957110481910605,0.2039645963555483,0.7390149279121303,0.3760028239537032,0.3233054601434615,0.2842689809535703,0.0512143497356468,0.6701399868937237,0.170154664,0.256893746,0.36
0.1680131387353673,0.5146217047174546,0.074552759112914,0.2319148322572871,0.2721903188911155,0.8447751178276998,0.7880772858313403,0.7365114390793249,0.6720031099715977,0.285589612,0.441980134,0.66
0.1822160858053881,0.4484065473986074,0.609940647835472,0.5670965174176498,0.8723889512084269,0.3285620705958234,0.5384322314275599,0.5578680463681488,0.2817944613308356,0.247709886,0.271335271,0.498113208
0.8178151177674551,0.5255890032413465,0.4532039917477479,0.5326545094640348,0.0329713781770816,0.3077715718415571,0.1694626550728238,0.3034444289785736,0.2249079574879641,0.151444783,0.418156547,0.45
0.9600710823167088,0.0347246386002991,0.9899223551596013,0.4200331960331631,0.549848746776016,0.0907134818404177,0.1013781056682606,0.8768643294083959,0.0970587416779109,0.066794285,0.296279113,0.844444444
0.720849380783504,0.5225410773181391,0.3867786145591489,0.7557286195738505,0.4140144082921114,0.035417835455679,0.0275744563651985,0.5502600613143371,0.5018573655644744,0.105651785,0.090883776,0.0
0.4705466927218463,0.3510536491892586,0.5927670756317277,0.5551849558177891,0.8406855281935103,0.6780021195127024,0.3439118954006788,0.093994321081098,0.4274409380422262,0.108748127,0.416106024,0.171428571
0.4848224178562489,0.3012615515956846,0.3407527014517981,0.6937644413757396,0.3787596314461128,0.3093729007284361,0.4409992304003883,0.844858315430716,0.557025907320554,0.131621743,0.327995049,0.622222222
0.5856597739631422,0.373251557314276,0.8318640249961644,0.7114799330781706,0.5164937551242584,0.5234864086206515,0.7525811769417007,0.5978491116317062,0.6559038505565485,0.175949134,0.420410214,0.0
0.7070467517184295,0.6920306828299764,0.3343220390828317,0.7464520135982345,0.6573311152713949,0.2953030680466501,0.1608638532180849,0.4144275425932103,0.8744949298842245,0.251437408,0.232871226,0.0
0.3254481443582494,0.0348562215412818,0.8142988988688549,0.1824884313174591,0.2139133810662127,0.623140086415936,0.1985344340870581,0.9853021628318986,0.080910854350421,0.064391468,0.309269173,0.6
0.8314980005467006,0.6538514764988659,0.0956206766762534,0.365938528978417,0.449247823089991,0.222160045243034,0.4632337681562672,0.9911394900243492,0.2609667211522304,0.163062993,0.426466346,0.555555556
0.6089136607657265,0.9707333340334208,0.3632600037974207,0.6590786403294641,0.1521362196590296,0.3934400407341033,0.2864232916740136,0.2042119645251541,0.92782530040548,0.386074478,0.400719557,0.675
0.2652534912505628,0.4069676154027628,0.3011520081344487,0.2932709338451248,0.8560859865432241,0.8907321583091822,0.0992436816544306,0.3179939715111198,0.4317708840625734,0.135181971,0.39126919,0.48
0.741280346224151,0.0127928811668298,0.5299753254562954,0.2893701172927548,0.8338562014663253,0.996599856060034,0.0757968204377198,0.6237178108137721,0.3915242465431227,0.067320442,0.619808075,0.32
0.1066518624042242,0.097707280250946,0.6243341719271965,0.8982657516854986,0.8222255423025776,0.999771049025618,0.3150183457849453,0.6816943546213614,0.5093392155811042,0.068029071,0.420821166,0.0
0.268808738140998,0.237390099884761,0.0145792149573134,0.9920300380761036,0.601506829614255,0.1464786259289474,0.0640938082167589,0.3026746124347262,0.7350116125994994,0.117565925,0.197245806,0.24
0.4983281757775348,0.5401566255149581,0.9036903261184136,0.3763770422020885,0.2630115258178346,0.2293731661410187,0.5621817153697461,0.4008065244096451,0.2332089729863512,0.238557741,0.313909064,0.3
0.9924501666632414,0.1774484490123425,0.5850217116760198,0.6322028462299963,0.2175672360342752,0.8832617962446339,0.6776690035653137,0.457693457876153,0.4507427050228877,0.127698827,0.482331645,0.0
0.4169132895482362,0.7728019390133887,0.65948578111192,0.6997698368945622,0.9187832390605384,0.7444934726373277,0.4975650955629938,0.9306151158972092,0.3356016654321373,0.241460655,0.386184765,0.4
0.9163219481627338,0.348470592263098,0.5503238810506248,0.6314222729552208,0.6520992641952839,0.8550131925941666,0.9152632066063048,0.9497548406331408,0.4886614377832872,0.205452317,0.499175778,0.582857143
0.3251121681905271,0.118478796130986,0.2332576340679748,0.8312427824384804,0.564366348379863,0.2009733834555341,0.8179662285127105,0.1351398060442457,0.6481814904417564,0.089270345,0.276195849,0.197014925
0.4680267286382076,0.0393831105848632,0.7578163466698145,0.0653712689420942,0.3024898811135613,0.0982153884059368,0.6286309634334597,0.0421298933572832,0.2829726458588045,0.099365279,0.193687062,0.271698113
0.4815372506979679,0.0785727992491382,0.4997953499196181,0.6481344720647331,0.844874595124518,0.891921792271948,0.2253766921310787,0.6571125236252495,0.5103170257653065,0.053808542,0.565774359,0.0
0.2852377456233607,0.9805484844839072,0.5841771090110499,0.5492896372301995,0.0306109764996105,0.5159443437712551,0.9469228186729104,0.3235747330149122,0.1123548996267214,0.677899897,0.344881344,0.05
0.9194894460407628,0.9161353288309309,0.9422675348610516,0.9545729753636004,0.2300031441461469,0.0415958121147204,0.5024984312046297,0.0626769660980497,0.6417676858430267,0.568317695,0.140402073,0.0
0.5575285350942604,0.8325730404603886,0.3898064864095449,0.9258643122949316,0.8875170311819577,0.9740971352422304,0.1134222795927256,0.1283978447668696,0.579681021719477,0.383807878,0.433138969,0.0
0.4936621358733736,0.0726233946805651,0.2847154167814789,0.1593769184778783,0.8387956971459387,0.8816131298035859,0.1128981447286122,0.0551834295588086,0.6334129394442924,0.075768558,0.568548206,0.211764706
0.6809422707040281,0.999124683761472,0.1579138600877543,0.6994178751362445,0.619111115075519,0.1757421050999718,0.6137696601785295,0.7734236916395216,0.8068913346596496,0.70016018,0.285102857,0.547058824
0.8331675747449134,0.8447128059381657,0.2199310161738584,0.1555994087603355,0.1322166777960016,0.4240609817846612,0.905095891084316,0.6502634246584438,0.4692097322817689,0.385338276,0.466672283,0.40754717
0.0910812036270141,0.1485626856111699,0.9310493695847232,0.5622032984346176,0.6618470178609785,0.1649474845060358,0.7094541874703711,0.0582631842606772,0.5349371691147625,0.132703601,0.122988082,0.204878049
0.4417439312500653,0.111840835145296,0.8603444373442395,0.3914827892951174,0.5279169457929295,0.1079542093465978,0.6328657261204984,0.6140508596378838,0.9852983351888768,0.165224539,0.201149467,0.666666667
0.4073466089821913,0.9454317475195416,0.01149931621041,0.7955950849457845,0.8155661199505148,0.0717158076853378,0.1574430390681591,0.3828629860976437,0.977970177020744,0.395362281,0.11990858,0.3
0.0480075552092579,0.646341072746351,0.345206392416451,0.886210912360474,0.5768575891266632,0.8184216989025757,0.5168556016901784,0.9161828552480986,0.7698662040900154,0.438298705,0.345091762,0.063157895
0.7917753040157266,0.1854708581940356,0.8941582518898977,0.0573789961620163,0.4059567069029551,0.6597276227305676,0.8415353006963946,0.4522487166324939,0.195888189874403,0.110147663,0.373892175,0.36
0.719670401510833,0.2086682912436256,0.2890361640811695,0.6068681851199486,0.936276769717584,0.1867033579024596,0.4271229290384062,0.0585255491185814,0.5657973773303243,0.097282384,0.326757896,0.6
0.8085575586631811,0.1035821266796765,0.6902954310368337,0.6598855818996713,0.5672686283193101,0.4699227526764333,0.1017981461152569,0.9553756579172156,0.0533146490765493,0.066385499,0.551266295,0.4
0.4430390228756825,0.5619273327060951,0.0893195060084985,0.1689921024442807,0.9293800972089066,0.684788987961446,0.6488650416180134,0.9927620399681898,0.8363808306842951,0.318333959,0.472618159,0.48
0.6407353283650874,0.3199985527803177,0.9456640168482392,0.9225475840940444,0.9111852078274902,0.4606268942802225,0.6627384151742347,0.1144129443282845,0.5654039672616069,0.158199148,0.399925614,0.203225806
0.7389165916610947,0.3371230299126314,0.6763030949600727,0.9783596113262998,0.3931208294210468,0.5948437364553665,0.4867724635004471,0.0159586205914139,0.2158696220185113,0.110168998,0.470420566,0.222222222
0.4266984131296953,0.8175471670864674,0.1032944150132594,0.47468302475355,0.8583498790523847,0.0970076230217248,0.5702136058664836,0.1720636112795454,0.2334344298543,0.451504126,0.133037199,0.044444444
0.9397692429406672,0.2402572978702661,0.1766301092741786,0.1418462196949753,0.4336064454978098,0.2917503570509523,0.2458785085604909,0.5240365870842777,0.2457913009593029,0.09885493,0.444465636,0.12
0.4931575909139561,0.1377508159435894,0.2299857813657591,0.8139924003743115,0.806000757534616,0.9646834799487533,0.3591342823140505,0.9119292557559728,0.2338819278840023,0.10678494,0.737234715,0.0
0.6693028151736068,0.7296168695243183,0.2874347042014249,0.6045963355480378,0.5809354391777396,0.3963762934961299,0.812080337891776,0.902238350643804,0.9004729429257158,0.489436181,0.473128303,0.0
0.3435199455607073,0.6002229372577625,0.6044460861785158,0.7646825085290155,0.5866609447648776,0.8234029093167472,0.2308147010037653,0.9702637735398828,0.9239505033219628,0.238965132,0.463769879,0.0
0.6821981448716662,0.9826433478755112,0.4970665305230665,0.1295803579265559,0.2056220941461164,0.1011051957411294,0.4699832641070794,0.5008182457722965,0.6060109668434855,0.362696412,0.289990701,0.24
0.5560331965114483,0.2428557322388229,0.1586113085222728,0.6516982517231952,0.8858521725675459,0.0184696062133399,0.482461231902575,0.9670382529972136,0.306340721363968,0.074122391,0.044468811,0.08
0.3791062140264148,0.6379474088030841,0.3848523182973744,0.7705880502540386,0.4296857553278262,0.8978620263255649,0.993620502189092,0.1613676835682052,0.8392693696004975,0.372564058,0.495512525,0.0
0.8436760084560344,0.1597118505371439,0.6280086145717343,0.2263044077457365,0.3595046718290314,0.3866418985761196,0.0883952514531588,0.0866931076729572,0.8214911962920155,0.113644092,0.498161164,0.266666667
0.5118694008795697,0.6058834595524217,0.5593777481166747,0.8987551714251604,0.1446213489949609,0.4076239384012678,0.4949483770782403,0.3703892471615329,0.8849217758011214,0.223489,0.481250936,0.84
0.9692044755954888,0.9058811482425024,0.8758124676962474,0.4373473861253008,0.4078224125782922,0.9516495302046843,0.2192977249461429,0.3502641311883567,0.5134246951535473,0.336556838,0.590189161,0.375
0.8542641259898031,0.8136352480665149,0.9049730460532988,0.8224974362143502,0.0570686309856423,0.4665636416050883,0.0461649549464792,0.4866861158244416,0.6767789140398215,0.389189311,0.484623381,0.0
0.4197798359906839,0.4715563077736624,0.3843089800901702,0.229735298906868,0.4034188545779861,0.174129623720084,0.7810988125204567,0.3727296406954477,0.6305108663749908,0.233564691,0.15945947,0.0
0.4568084519259319,0.4181602609494739,0.1065813274379158,0.7564825219624804,0.9031790601684208,0.99947992567546,0.6847221600249305,0.6360381037382244,0.6551396539435401,0.179689706,0.586115328,0.289655172
0.4149638335828219,0.0306490354915353,0.3488557649145716,0.9543425960449122,0.4998473153112599,0.3749814513811198,0.7993779414267834,0.0233580102914358,0.2967976770011994,0.133515068,0.35984876,0.0
0.1239930051275114,0.7444545887252887,0.2185071443743087,0.9934358935377736,0.0720905123645618,0.8649969735668813,0.0915556034591571,0.2032942329586409,0.99851510245264,0.188564356,0.283012717,0.0
0.3651024071529304,0.7339825327401434,0.90451363858603,0.6706584163846125,0.4165064325646561,0.1657714177179576,0.1356289939185875,0.2259303601719924,0.8439570518494975,0.252955666,0.232609356,0.36
0.5984112168263364,0.1449554134844658,0.6958052963622224,0.5956491068920363,0.8914002917546306,0.3417663438133724,0.4395497226480974,0.1676700321526175,0.4118530336522313,0.066024258,0.607654042,0.381818182
0.8793676195367881,0.2192072488263408,0.0938649711496644,0.8715512086200505,0.5737397143591856,0.9649358475585414,0.4478583423157337,0.4836094324672836,0.8507747957016707,0.085059977,0.538148094,0.369230769
0.9747920160045412,0.2594740369887621,0.255092273670082,0.7164377508081884,0.5829895394803808,0.0573055093389434,0.6502712057494408,0.023007945986927,0.2927332238817511,0.161611498,0.277358147,0.472727273
0.5948654699943402,0.6386434570013158,0.1344000871269877,0.3805484621500061,0.3038460759501904,0.8623667449336765,0.4078027134083812,0.2748721411753336,0.340827682892434,0.19535015,0.518401536,0.32
0.0425772532645934,0.6160123838874187,0.1149822047074303,0.6381703236007937,0.4463883603571965,0.5747970818757839,0.4651799504836894,0.5875555016034287,0.596471685172982,0.148601167,0.230908188,0.461538462
0.7933688718695792,0.3345737325041492,0.4127217620493955,0.0812749461041474,0.570777780886514,0.3313719963964296,0.8496429740963726,0.5230596604004298,0.2620893830523562,0.142969269,0.390187389,0.0
0.3580203068062878,0.2600666497353608,0.3797309684659425,0.7853817548842796,0.5454739873253741,0.4796582174619345,0.097488687047037,0.7772452238445055,0.4279418393094645,0.114449694,0.285857088,0.776470588
0.7903813709465322,0.3550845356389462,0.0915592372094292,0.7134223583150727,0.2892372851592697,0.117769887145312,0.5864118403772325,0.2122735148211811,0.7564207174645954,0.163550934,0.252645592,0.498701299
0.4009499007970704,0.7621947786385135,0.451292357836933,0.0816035425652401,0.5072132161419531,0.8044415553499408,0.6638392711550171,0.8194578313752281,0.8894152402696152,0.430675936,0.496759602,0.044444444
0.4860629441609498,0.4537227625793223,0.0107892015397071,0.947061802549384,0.6838155215580289,0.2163893256064381,0.8974887085117463,0.7327449754322383,0.6629300373401991,0.248881109,0.269693177,0.207692308
0.1641279798811385,0.4074083494471909,0.8048378992014394,0.4082605545779793,0.9691607099172228,0.4598500747251866,0.7994712601853033,0.5748269794814279,0.0238722912783733,0.202710855,0.294738797,0.818181818
0.509258988502103,0.3195023050090978,0.1515940417560632,0.7726922411579743,0.8373407857516573,0.5257275096340694,0.9312984414885352,0.2797001611916951,0.8236478997700405,0.165707954,0.295441699,0.497560976
0.1545426588933717,0.1518001731117,0.4892208878001146,0.8028962685554095,0.7732610523038683,0.6672010112314215,0.00614857262609,0.5816665359258998,0.3760077211591834,0.079746948,0.355642479,0.276923077
0.6608029102293554,0.0603522279476808,0.3292669219703675,0.796524331436378,0.7200862383146962,0.9491674939003356,0.3985243550436461,0.7926549106385207,0.4315880304524316,0.086889621,0.839042772,0.0
0.9802256044955348,0.0684759151972629,0.6892291856074954,0.2478560242365818,0.9847177333173942,0.5561561170894852,0.3055143617366834,0.0183686766787225,0.5653651930521585,0.07007577,0.481423946,0.0
0.853288172483911,0.4985688734404845,0.4668239509098194,0.9297222332718286,0.893837713801662,0.4218248431141883,0.5529810122231703,0.9461301720080192,0.8895889779213273,0.214217088,0.369386273,0.0
0.9762911915204556,0.9183717477855382,0.9959057831979607,0.7088506935350034,0.1331822217118474,0.8508785298046987,0.5517953903230234,0.7956308743197651,0.642209104722523,0.661891566,0.62441122,0.124137931
0.8976158777704412,0.4566449190614907,0.1813171193265428,0.8781723807202515,0.9383552674816844,0.8832518273924097,0.8585432520318672,0.7697517762770777,0.4419975021813058,0.195319047,0.43711155,0.087804878
0.9926034505291076,0.9065607910103,0.9792354413411865,0.4673882897026844,0.5800147431431139,0.3655857736649524,0.0688147966076527,0.4580199289879245,0.8816398864832452,0.356984862,0.451538907,0.514285714
0.2020339198862589,0.6560209626280741,0.0317495678379381,0.1914713629256671,0.7454787703224438,0.8569424214174886,0.9112234457068802,0.7373594938955098,0.8802615769207967,0.297395567,0.388935986,0.075
0.8429524834062909,0.7393056262005442,0.7338446104413902,0.0166533652494127,0.0102736732643102,0.0880746238487687,0.067430102081351,0.4856425004869905,0.4308491939233086,0.322754751,0.268755936,0.642857143
0.3193254247049047,0.130764750343708,0.177581496005536,0.5497709773548599,0.0287769089283204,0.7350023115299484,0.9188702855776056,0.4129558775017063,0.5295276914873649,0.113452501,0.410482783,0.204255319
0.2633688065249076,0.0949543405302203,0.4433891953239837,0.7228126018831504,0.1267261890217415,0.7620841434979804,0.1247557659071112,0.215920184192934,0.4744129363601223,0.04980412,0.342525141,0.48
0.7990779151715978,0.4354870976746816,0.2204823222512703,0.7786667727238709,0.6158607491951933,0.794842068070941,0.3056439734516292,0.7585928560551197,0.7120788490103009,0.12126457,0.55980477,0.461538462
0.7233118081525325,0.7525333879729869,0.7499023655173128,0.1625449178156272,0.2149844937256145,0.2495681475549288,0.8529254265224303,0.723073639927149,0.9311657004480728,0.479254587,0.240171289,0.044444444
0.3000413926163181,0.0303433268975813,0.0098900464099616,0.2263870577691757,0.0713991067345856,0.9260905905406998,0.8601015177842335,0.3474197114843993,0.7111649217688467,0.099329413,0.386948044,0.036363636
0.793671171158704,0.0172233651592403,0.836053446974757,0.0644896185582647,0.1385402315281294,0.1718302198747195,0.9556113651873056,0.64829031338205,0.7968091150130673,0.085899688,0.437483952,0.607058824
0.3546124019435063,0.669419953277745,0.7508789364822526,0.8784792541363794,0.6692591089958713,0.5154732158529175,0.9995735346423072,0.6859752006195705,0.0827647067520153,0.252873462,0.301891368,0.0
0.366320278964076,0.5442305032232096,0.5378150593793894,0.7210198150616088,0.4400674389199471,0.6188131288764585,0.1937639094085823,0.8902241803592623,0.3904735887360772,0.174100315,0.281456841,0.0
0.3821158597426642,0.1937792776375242,0.4196859881995236,0.2032988819168649,0.582040098315836,0.6151656325854893,0.3965905649611585,0.9131275768256768,0.8353306069417412,0.100078799,0.416427619,0.490909091
0.1517293479233882,0.1621832806701499,0.6142955047479576,0.0464606304849486,0.1577189480719639,0.376761795412734,0.2642876905185403,0.746921111916431,0.6978012422968816,0.077886504,0.453078788,0.635294118
0.8207089576079888,0.5879639235084033,0.2894295356470558,0.0507876563417211,0.0225604149964901,0.2963470326280456,0.198933410358846,0.2401953866799571,0.741336683566211,0.246694375,0.53153501,0.757894737
0.1315270735772402,0.0109890202622384,0.9768014891459922,0.8048348360390063,0.3133996557761189,0.0292284838578,0.4091624266175699,0.6961336417562918,0.040497235417901,0.068355353,0.021174332,0.109090909
0.485276156753666,0.5271668933706006,0.5142320768874874,0.4859829550045171,0.4204450539219394,0.0791570407658329,0.2092417385858317,0.4343555397473055,0.4395666921340703,0.189376559,0.177103255,0.218181818
0.294443194714769,0.953256801956172,0.9380047168034948,0.0650661096076652,0.1974605200825196,0.2412647431042952,0.9569395072611906,0.4296563481771868,0.8171450235627662,0.631943865,0.19038371,0.088888889
0.1589672309002563,0.1923877439874155,0.5855479659371854,0.6632745056436442,0.6835476697615265,0.428578875888814,0.6935624388595117,0.1901103046807828,0.9983284837286168,0.161287764,0.284026729,0.275409836
0.0263338815814205,0.0361396847395018,0.7330034751633048,0.0004447000143745,0.0851706116599457,0.6634134511933598,0.7192793863059953,0.6137923564298658,0.8336562153919116,0.113575278,0.197280848,0.0
0.1268693312437606,0.8837069613822468,0.598431176509297,0.7912630179370429,0.2658786744111204,0.5325274274626932,0.5031116511255392,0.4229831156934088,0.6589301386006537,0.537374907,0.321354692,0.614634146
0.5326266344005061,0.2907369911750542,0.1981901680606743,0.6101948081306529,0.3736312285460328,0.2622181669019878,0.5969173940091936,0.9745620223382038,0.4335548811147103,0.160503795,0.417651143,0.570491803
0.5739572353838538,0.2307767740221732,0.1482859522273286,0.3175503477988748,0.6090865475177591,0.1652348487575501,0.5671025136709401,0.905309980493676,0.9887312384772756,0.149953171,0.268425776,0.475862069
0.2097806492018062,0.0365049840189308,0.7538988138491454,0.4759374637666221,0.5271098891860431,0.7803248811668176,0.8663458300444806,0.3576579336789764,0.9841956633655486,0.120871334,0.323996542,0.46875
0.5862056821829048,0.0036640486720836,0.9559508520638,0.2932440512112472,0.9693973722459478,0.4252668901880557,0.8603498001772905,0.1679781008057562,0.2062232819737329,0.085172779,0.453974594,0.413793103
0.2204886690520983,0.948978786930078,0.1013836997772166,0.7704937904741123,0.7239148570456502,0.9629332072108598,0.1344795625449544,0.0438818611666064,0.8686113629785623,0.304809546,0.364644133,0.12
0.0124405604887447,0.2351770093451364,0.0657414424128853,0.3597032314036946,0.1675370603270318,0.3392913471936272,0.6902580123485049,0.263743915985097,0.850958313886271,0.162161176,0.128903558,0.3
0.9054972247296864,0.4369085103913231,0.4537051160389782,0.8179372814626311,0.7635867014596347,0.0703714668921932,0.6929983981892214,0.1681456834494901,0.3007092392011997,0.226246316,0.217036343,0.288
0.9760561572743778,0.4344769724565983,0.7588103624262064,0.2396884469975397,0.1504912502236337,0.888099433142933,0.3180984112538311,0.6687118477398152,0.6028291921150476,0.19074417,0.503924521,0.75
0.9685418573793336,0.2272006360665651,0.9868317174458558,0.5645290662676647,0.8018291554063747,0.1558334964407294,0.7692527365900134,0.5879248601460904,0.3515293742044379,0.152324007,0.339906939,0.327272727
0.2098210842676779,0.4067821706761242,0.9657712235755394,0.8960930407129168,0.6387763277713786,0.0233185367447124,0.6033128809022479,0.5603336325188237,0.9119864100546298,0.225467706,0.068658096,0.51627907
0.3572680644994233,0.8180928683366377,0.3568889116164266,0.9464061042310388,0.8909284612553744,0.528479766835526,0.9431902590275596,0.4402809325816328,0.4324826760867938,0.415702728,0.350230611,0.223728814
0.7268965944462097,0.8955536271903715,0.1150183757815913,0.3568989394651338,0.3912715109076864,0.3231245242301058,0.781111377216869,0.6973931489182668,0.1216200290605912,0.550514061,0.368161129,0.046153846
0.1172836741468121,0.9747989090398186,0.1412829724861015,0.5108247901301574,0.131751546456984,0.5333397058125201,0.1662440425378694,0.6192357512080614,0.2539315923887388,0.246267978,0.251426751,0.0
0.7056503479368197,0.0050208897489731,0.2913569622655958,0.2849713455530562,0.09673976117006,0.3178492762324222,0.3750934623636698,0.9134079947338242,0.4975717304980372,0.059710908,0.292937276,0.24
0.5770375705678523,0.4055487567302911,0.3464727264969867,0.4074873981221911,0.2417773606872165,0.5982359914293289,0.4048082540120183,0.3497343939637796,0.0291642110040696,0.120219305,0.150930137,0.8
0.5566979650135162,0.661558608867493,0.6256748113319077,0.3855970155787828,0.210059691994445,0.9723934597011906,0.0562356655792065,0.9952791122584428,0.6270258801184886,0.229873191,0.385923939,0.092307692
0.5675683706155314,0.685453875200667,0.0010105821494154,0.1558136373512612,0.0204928578591894,0.2637601272871545,0.8898591182545063,0.781973723264358,0.4144847334352215,0.284091101,0.386320314,0.283636364
0.2221116288795229,0.7716721674899545,0.8394361222609003,0.5659440934137228,0.5278317073169445,0.5242548175044075,0.0232315990112202,0.004632903351602,0.1462103643025518,0.334022727,0.193228673,0.342857143
0.9863506784057589,0.9117631740125692,0.0416372156063833,0.6338701855398347,0.5793038575572232,0.1641611563755921,0.4660342299116753,0.4930232926069768,0.5981536463197209,0.255227502,0.329813075,0.428571429
0.47524158744429,0.3389444981967411,0.8082128483454452,0.158527958624063,0.7803927095597863,0.0041019283144956,0.3409353992654136,0.2437723278198877,0.6036889784960501,0.140320781,0.027316489,0.0
0.1095207805456621,0.4705305654910416,0.7209644752665442,0.7076233019697814,0.0857837262466304,0.2770244291038166,0.2169702199753088,0.1198941320738179,0.8480459364336684,0.153806842,0.205685061,0.189473684
0.1759420338677303,0.6786004021547348,0.8710345176188106,0.9961557448827484,0.6312933871554477,0.6107526535680607,0.1041595669878618,0.8547894099047644,0.1939907655857944,0.216524685,0.534623109,0.342857143
0.4545402500108849,0.9687177798788532,0.9610692746134442,0.0711614442244935,0.6259303064748976,0.8607377185673954,0.3055238559891787,0.4830512115226001,0.5235869536796093,0.333053734,0.624068393,0.342857143
0.8224804198034725,0.3690913882378381,0.7766345760974422,0.8648164546593504,0.7132501280332456,0.4310421018402802,0.7476918692002629,0.2891863140050486,0.1023280448973312,0.180092279,0.286800861,0.044444444
0.4904091497633948,0.2010737899654509,0.6215137371461689,0.5388819395285737,0.1705434849936227,0.6089174267075007,0.8767074951054863,0.424320615614046,0.0592221645110524,0.173879988,0.400933969,0.3
0.963209083133132,0.7128800125017991,0.6403795637415218,0.5382704476402962,0.4852986815878921,0.2697380838159894,0.3787700382117873,0.7905349006975712,0.7601673247976973,0.268764287,0.623946353,0.5
0.0042726919615518,0.2742002521372003,0.5760834501495835,0.8987908090835276,0.2905201674807752,0.587203035671087,0.2265088719097894,0.9513287808011632,0.5928141637905897,0.100426814,0.3083475,0.528
0.7754770166767175,0.6798309636366794,0.5108316167666038,0.6478790911454856,0.291679540417723,0.3765061667809745,0.0788261166218796,0.9018208323822566,0.9590476469957648,0.266844454,0.449828153,0.15
0.0370315364123771,0.659891990586251,0.8956276278576059,0.4762929267392405,0.2822981330345028,0.5154499032055481,0.0433385932192037,0.0029853388312346,0.0590477917363969,0.172775755,0.160883706,0.189473684
0.9200216120359348,0.0320814086020013,0.756387009952539,0.3015143493814017,0.9588200192413676,0.5598671121669366,0.6688007754619136,0.7082118027422147,0.191956630879408,0.095881155,0.554397278,0.475862069
0.1551780844666258,0.1153646180028061,0.660417716248962,0.7848241478949644,0.452348744996021,0.2393456977341274,0.5913253769793047,0.2702364869991632,0.730889800042215,0.117348609,0.169632843,0.0
0.4751704573110892,0.0288411257607758,0.740560929945627,0.2491311692499506,0.3275491520348194,0.8957376226319637,0.033178585271587,0.6121677403031804,0.6941774558395944,0.050520182,0.625699657,0.0
0.3131997622933981,0.2915847322158452,0.5987031814288545,0.2378024931386059,0.5279999923297043,0.6611206818505856,0.0476904430578586,0.4620183294479915,0.7693163387455763,0.080467698,0.434328883,0.276923077
0.5542383275775538,0.5088823847835903,0.174290143652394,0.1506754157097252,0.0814371381994821,0.2718811824255589,0.1036054019871697,0.6848204184651681,0.3959847715756495,0.12584879,0.36202435,0.6
0.2536574814815917,0.8675462750738854,0.6286916992925314,0.2824897655015091,0.3345974513443986,0.3507011281603275,0.8504518825652952,0.3163436235202275,0.885522022788702,0.475189882,0.273017445,0.539449541
0.0980374841791664,0.5807602445475903,0.8195308102343425,0.8424439933299762,0.183927494716197,0.839659533806027,0.1819035621361167,0.7826251313568661,0.2722023310592221,0.133110545,0.165847139,0.2
0.7812225682839864,0.5041445365207408,0.9369345256370718,0.3868033951242758,0.5332205412281953,0.5964740352527201,0.3164641747752409,0.3974062501242568,0.13863416863524,0.155496197,0.494878171,0.266666667
0.5757344571938552,0.6482089455158402,0.9297361060711916,0.655744071730866,0.2490391590888941,0.8061415652736966,0.676270823699983,0.5579536093728468,0.2561218789732261,0.370668914,0.554871108,0.351219512
0.0725842215317824,0.0139925247472144,0.6640331190682709,0.3135680247073924,0.2995738928881811,0.218689891854534,0.094324239543179,0.6503280612763633,0.2485272366301546,0.053897266,0.151540861,0.378947368
0.5551907970833315,0.575626423212286,0.4710576397357994,0.241800074822555,0.3619961965461309,0.9158450100749508,0.8300335703892381,0.315241692136056,0.229233499321002,0.218271384,0.429112915,0.629126214
0.209943307362686,0.9084824098054272,0.5708796684322203,0.8232379926964949,0.4886370767971707,0.4649591781891262,0.1423530687897524,0.2475534981972995,0.821822817295045,0.439907043,0.321901881,0.584615385
0.7372436621312538,0.6602514600292548,0.1429597152339623,0.5808157156650084,0.543832972196175,0.0228019918722433,0.3714892294353695,0.9485335880576112,0.1853364874015739,0.23854636,0.099207466,0.666666667
0.809114420305598,0.9743968126086456,0.4153767488102952,0.1723563160414525,0.6577861457511908,0.6442131300002529,0.6060539764761739,0.9431625522919213,0.9164439053424172,0.624210133,0.601423528,0.514285714
0.1276643820363969,0.6315659746823308,0.9882341442783168,0.1530555135713817,0.2515160786287819,0.2545792988237791,0.3408775023582769,0.1867881198950904,0.1988129468540714,0.200383507,0.163505457,0.133333333
0.3496025220383492,0.1422186517346855,0.3896557489350816,0.1142044759022522,0.4652837545457595,0.1559465771358003,0.7837817432918829,0.8925759143992302,0.6588713735311489,0.110822857,0.157325843,0.035294118
0.8181449890838849,0.5045882857736966,0.3665512749576867,0.5899231837271603,0.7995447155047161,0.928436558246875,0.5994076473958632,0.1220411998025208,0.9964941154058355,0.264163455,0.610575966,0.0
0.5955496354940469,0.1343582471385578,0.1178781767276603,0.1105224550810909,0.5037299256182748,0.4203780807917422,0.6397227292365846,0.8362119294548734,0.403601606504479,0.125421347,0.484874417,0.622222222
0.6517450653536631,0.3222109835687304,0.9289983900943648,0.0708859613701025,0.6467914498065527,0.9557651084828304,0.934954787493334,0.6545373044215023,0.4206828603523749,0.178847411,0.495772116,0.576623377
0.3782226940425788,0.0602921631160644,0.531770096504255,0.4990650244988139,0.285908938869046,0.5806791236777835,0.2386624237657796,0.7519346315723717,0.2271122264061439,0.061691157,0.526544628,0.685714286
0.676908511222379,0.2917260826883879,0.0288120774839605,0.541830427004573,0.5621115635061248,0.5867127740416561,0.7970410887950926,0.3944576171014374,0.4153926025098584,0.143615077,0.447836159,0.263414634
0.5743599097850889,0.9674570419263436,0.5473025584972815,0.6544747926456873,0.1440887254389488,0.1407650608799228,0.7281160699731279,0.5949711030180088,0.044687278009014,0.565994977,0.200571003,0.537931034
0.9469533265477542,0.9065686683714004,0.6105693666876707,0.9218293272825304,0.2002693128437153,0.1838277109177525,0.183026644851312,0.8373356924595765,0.1049382859537797,0.16629106,0.376882581,0.514285714
0.1147484228137707,0.881704484219623,0.2395112317554201,0.2255697939424416,0.0739788043621731,0.6802679694194185,0.7030650929167076,0.4283704597709507,0.180261790596238,0.348796344,0.391093328,0.536842105
0.1741693701211242,0.3828323859097331,0.6780931868439907,0.6487325491413555,0.4032295419728426,0.1145494844268727,0.5279700216229404,0.2161226056678735,0.2764680539273152,0.200284447,0.100669026,0.523943662
0.2890968918240404,0.5008351558881129,0.8028763494107365,0.0588294529889684,0.53378141943123,0.0330347965993714,0.7678819483131224,0.9803706360366384,0.5050347848045156,0.228387277,0.068974049,0.404494382
0.3179125266289226,0.8201109380024902,0.7643525166307148,0.8362790034363219,0.4519266038350545,0.7913141907603181,0.4646710012743652,0.9376422743555024,0.528416019575287,0.192779607,0.412516608,0.0
0.8517472409012941,0.753180138821243,0.9023288826097275,0.8519656137036675,0.5453638872236037,0.7158330706446443,0.1981328226902977,0.0638683684288415,0.3243180322184178,0.325898005,0.616761024,0.066666667
0.532987122941677,0.427078445965409,0.774947531721231,0.0301393837123992,0.936586710346067,0.6589123620138292,0.9888846586830812,0.7350609681137609,0.2266655674996968,0.208194779,0.437891727,0.385714286
0.7811380234603809,0.2375094714179944,0.9097006046785724,0.6325887851718649,0.6935084472460745,0.4910949761676719,0.8720361906925447,0.5287853881942303,0.9439900671885796,0.13680557,0.434778037,0.0
0.0616531567152563,0.2238353713799282,0.7519728731071548,0.3612067402409076,0.3614963035641962,0.6812124358446978,0.735078498371903,0.2355715152934792,0.2447313886936859,0.117871302,0.284657708,0.485106383
0.095033141887394,0.0626405180909669,0.3745687334815549,0.5529460890877439,0.0155578466591778,0.6318035660935511,0.91942750558121,0.5112069712678162,0.1070296780254644,0.097491591,0.28951652,0.182608696
0.337655619533498,0.2510645049413111,0.9890372618082134,0.1784484986493667,0.5840398311354752,0.7332740376692924,0.3493812894641314,0.3134212859976141,0.8548038947933768,0.127535298,0.531895207,0.545454545
0.009893606005392,0.53853498465934,0.9245717089802896,0.7519149719628946,0.8201056229925043,0.496218481554461,0.7897493280732829,0.5826958612704556,0.5250296611384364,0.318449465,0.250473168,0.63
0.8835913873365904,0.8809370478304197,0.2343713116933871,0.5179315858078722,0.0912323431260105,0.7865630201247026,0.0767047211389629,0.9873583858639862,0.2479642328682835,0.351923043,0.639202263,0.436363636
0.4449762876908784,0.9256172348832736,0.4173791598759488,0.8837434269586864,0.1372737253759084,0.9555967014166226,0.941493532795916,0.3286210146883466,0.0516907964204096,0.470171937,0.452293233,0.58
0.3432658164040275,0.9028700099575412,0.6098757522282147,0.2492224952391859,0.0523997498280003,0.0109906002519748,0.8811533767553135,0.6774372059364432,0.4329549019970782,0.445865712,0.063403016,0.525
0.5687626565440052,0.8239550725715435,0.1345589570439372,0.8907124742618341,0.0056460460527989,0.3810000422809452,0.6439181108877229,0.2391664998916436,0.7034434684663919,0.481815549,0.383471358,0.153846154
0.4071834347909883,0.6569643123357018,0.3677460186735015,0.7653443673341198,0.7467741019507341,0.8656225698038441,0.6568412878797629,0.3895811007221563,0.0108993446326641,0.251756377,0.370914904,0.0
0.687219327170543,0.0109158909563488,0.9112969968021334,0.1797809239175076,0.7375642237966009,0.9914936167770144,0.4306479528268347,0.6324734500873165,0.0478337508789689,0.050176374,0.276573379,0.24
0.0730778794153107,0.9292512084042408,0.1687700361007309,0.9497935836125296,0.0642754714367934,0.7195252789561307,0.929747341292361,0.0284713638439956,0.2343935119113983,0.520409196,0.143346805,0.0
0.7808672395131211,0.0477253469734352,0.0943625978624332,0.6385230414567895,0.4195521652811181,0.0908536404188816,0.4087489637343137,0.8676474150706767,0.2643168676000077,0.051531628,0.3505237,0.6
0.1563773157553892,0.332417048074108,0.5271781211404966,0.5550445426306163,0.8091519194370126,0.265689441784766,0.1725072858016447,0.3061327426522533,0.0104080624776715,0.10366528,0.175610563,0.45
0.906175875567712,0.1260744123571365,0.0140616891959735,0.5159086524305149,0.8305597054037338,0.2351959885861761,0.9358558841996936,0.8782777206979377,0.4821850051252822,0.107212082,0.346564378,0.10212766
0.3862038931158887,0.1110619444466689,0.3051612327948982,0.6019154905141244,0.6898122691875136,0.9422727527939808,0.0784885959492122,0.6838358421256938,0.3647680322648986,0.047302914,0.520419678,0.218181818
0.447667945175449,0.75183431880455,0.7787321172251168,0.0359865522690155,0.7592905878205272,0.7154396277084891,0.8185454800004796,0.455532196966519,0.7565619780682279,0.415774231,0.558083092,0.375903614
0.0663835597548624,0.4119177074675527,0.1631868052653347,0.4594191255591811,0.0931268475799521,0.1224040625959028,0.0088978273058301,0.0525137889899025,0.5119401226400536,0.097719442,0.097052978,0.36
0.953399044003368,0.8123402044366287,0.5676535127549734,0.2602177173897841,0.633286094283347,0.3024470473322899,0.8668066243969876,0.4304863662640572,0.8981865311826744,0.457264887,0.475545412,0.501098901
0.4281029023525207,0.6548233464193528,0.7691386561848128,0.7140466850231331,0.8112246948817409,0.2783439449254681,0.4840463660879858,0.7004009761535124,0.5842356350993531,0.230629387,0.359288718,0.733333333
0.5013434859992197,0.6592597620541222,0.8354278112090564,0.6730118121350182,0.3909111904421122,0.5635803287882204,0.7194829187440546,0.9262081546277754,0.0230309858593544,0.269466629,0.338916422,0.351219512
0.0266887812170117,0.7939962972170623,0.6201483354686469,0.13025898112444,0.1351238241534816,0.8823910770337865,0.490999240048235,0.0724855912483549,0.8327001363044699,0.305750635,0.279295936,0.541935484
0.7039230905001785,0.8928853152025619,0.9312971408457978,0.0103323806508489,0.1679319618464496,0.1302142871737358,0.3249238145828856,0.351398018836846,0.9176280069500116,0.541385895,0.218848068,0.619354839
0.9437721577063828,0.5364472626443906,0.0981656171304936,0.658473187385813,0.427714643001889,0.215438911979432,0.8342918117384814,0.7435945433480408,0.6843453258113829,0.286226756,0.408671663,0.624657534
0.0939125296098787,0.2239552148202339,0.6861718929664007,0.0341392850428059,0.5949921466021224,0.6336704319950037,0.0297455966669271,0.7518394482925419,0.2444531771874891,0.066760826,0.302771964,0.0
0.3025490833287316,0.2328946705602714,0.8133512298553268,0.0919225867688725,0.9170218097258784,0.0443521726656115,0.3639824693292983,0.1916364529649524,0.72365487893594,0.113051788,0.087570581,0.436363636
0.9441140930968912,0.3654844201804786,0.31677558326825,0.4300645950605066,0.1341130223871707,0.7679348560936335,0.0846378465823932,0.4672956079256936,0.4653046580775443,0.141291275,0.570966447,0.0
0.6062920008961143,0.145624032472315,0.0180827958209045,0.6230798316834307,0.8550196513115479,0.2057372926962464,0.8585925117966832,0.8333712904115248,0.1035858403821734,0.098512798,0.246835435,0.279069767
0.2093632761050521,0.7798552172627624,0.9391964321414036,0.1333777635619406,0.5979704286188465,0.3930149183868816,0.2849187461409118,0.4542254569427707,0.3957436204223887,0.263339383,0.3942466,0.646153846
0.4302385257017346,0.4751216170396569,0.9016154395995016,0.2602081572558508,0.8184516993061671,0.2391489712509329,0.9355956173359904,0.0905111199707926,0.3119413929660751,0.295704223,0.230725207,0.096
0.992773914495413,0.1397142561394674,0.6441082476419119,0.7287839362964702,0.8306039772920006,0.4974562323929978,0.6125191544986671,0.1677581854090816,0.2062841201167765,0.116153173,0.497094739,0.504
0.4983378504101881,0.8908142933384986,0.1859131129403108,0.7335768685990234,0.0222785278908523,0.8515315331407259,0.8480353467718915,0.0893980666192698,0.6656255429025855,0.650475565,0.461310476,0.48
0.3733534405720365,0.9324891557994082,0.2533412078233935,0.0942605645217233,0.3044156494932404,0.7258755572367221,0.6906341542013034,0.0549104261122752,0.7810149502372372,0.599422075,0.392405862,0.117647059
0.9977467403125224,0.3673167171933517,0.5025260765006373,0.4638587222540846,0.1228373514329311,0.3361152631205361,0.2244100911531451,0.2666272034095748,0.7704949178158113,0.114566124,0.449463547,0.0
0.2994731754290137,0.3421526458006274,0.5088703414637573,0.2487691181697395,0.3832006329439574,0.2263386441849209,0.6364735243364987,0.8915754540196028,0.2312164792510503,0.20342635,0.261014962,0.33
0.0775125584511877,0.217019099036856,0.5846646217329148,0.7625219800331101,0.2727663447713823,0.257809744526399,0.9264172247172968,0.484183709744833,0.876295590854116,0.15580866,0.193229739,0.424615385
0.3436727082764907,0.4755219748122569,0.1354308591524261,0.954665893265058,0.6546216618659184,0.5680347621697313,0.7568366401380758,0.1595090630422251,0.2439241987155691,0.2623642,0.354071813,0.063157895
0.9701505827221362,0.5963980483483226,0.6353490523982596,0.1229098322391972,0.0209946842622362,0.136395730762549,0.7187322995262686,0.9400427157639748,0.1515254275848723,0.208540083,0.424095991,0.636
0.2423683273704815,0.0088114052329499,0.1641832534977817,0.6830580837090708,0.9747931599410088,0.5086131813007909,0.8614950006900344,0.9403151446875422,0.3798256793048151,0.082548206,0.342075575,0.045283019
0.1725204206633592,0.5292876873597991,0.3773490844928615,0.5256458514279287,0.1731136830021203,0.9129000754220484,0.5867261462354444,0.8690149785108938,0.5810970326456265,0.283998316,0.292806608,0.244444444
0.0553250617542372,0.5841009934074067,0.6059498107336714,0.9311595731033424,0.1186398939962444,0.8064944007442789,0.3950491838994067,0.6685412963615506,0.5844934695052822,0.16761642,0.289412766,0.436363636
0.6205108247413117,0.7880560467810998,0.9988113452963778,0.975804227916303,0.97654176683927,0.4739590821151672,0.2792579776075435,0.5656766479001011,0.5244429784119847,0.312742507,0.469338699,0.577777778
0.9259822921319444,0.7088338612473412,0.6218846637969286,0.4823939596590544,0.1779873905605266,0.4159719932081481,0.1560386322875915,0.3633431068085134,0.5854731864053191,0.260436859,0.374658308,0.436363636
0.6975055788914697,0.0952421747381082,0.3188011737544421,0.9993600930173112,0.6542248281620641,0.8034920173391304,0.8880963926339951,0.4783810731132621,0.8948289051350934,0.123602331,0.522369127,0.115384615
0.8444491634136054,0.9434304802643972,0.3035629825572554,0.984180459335239,0.8609511001580717,0.6404492487049405,0.3579180298757941,0.1455885906597429,0.5563337964783411,0.370773455,0.805892158,0.0
0.9426493450462108,0.160417189004985,0.2358563904840754,0.2335773811474992,0.2168134661947058,0.6612820960591146,0.9665717983938752,0.8464539562672038,0.1688420040275438,0.112610231,0.482609904,0.3375
0.0250129066649693,0.8435252238247652,0.9274459878669314,0.7482860687127595,0.4121683473423334,0.5445339929300853,0.4641000811379842,0.5491028126117596,0.3231460321564402,0.255650129,0.193097197,0.466666667
0.8650262400544826,0.7050829842617501,0.3526376240547967,0.9225704873334838,0.5619934943124806,0.0282113043664432,0.6338230312214036,0.6552579900354428,0.2050794075916492,0.371389108,0.149882105,0.375
0.8487707394498233,0.2706790375200266,0.125303700757263,0.5179142200157507,0.3136961347184953,0.8176745494606782,0.50513478676196,0.9871158750061348,0.535467758554098,0.151781459,0.563182508,0.124137931
0.4978840998232171,0.663365438548531,0.2737203251352382,0.1077642827979764,0.9374184807471316,0.7700811075928895,0.6465112762959453,0.6668274834004899,0.5784530285549695,0.330758411,0.490781128,0.153846154
0.4386347290851156,0.3324494620956002,0.352343183244156,0.4311088400522243,0.977451744728064,0.1231239866494228,0.3038477363156199,0.4816222178012654,0.5727209916225496,0.10024896,0.15654249,0.0
0.3701038769624606,0.2121130521637835,0.2071149911356563,0.4249677975929149,0.7717906643329295,0.4459728982296274,0.9639095905901052,0.5985077163436122,0.7751534491222193,0.148488109,0.3917513,0.376470588
0.7155983456649805,0.8812860656843311,0.6622043865222432,0.8576354626028226,0.7060043570092589,0.6671512830115628,0.9107390925909868,0.8470693677005573,0.1573442384120078,0.634181922,0.469465435,0.075
0.8041540019069154,0.7795178197792315,0.7910519280191375,0.4418738084030976,0.73508694569758,0.9986765464463588,0.306713121137701,0.2831752215003106,0.1548333562090488,0.271847458,0.546464905,0.525
0.5066168310921243,0.5692688339686558,0.5398727309930895,0.5883939349759607,0.9949334478982504,0.0865462798117694,0.6911295494882365,0.2066006463828644,0.0844294598737391,0.273105082,0.151387014,0.32195122
0.4132901171164934,0.0681722831941923,0.6395547856925297,0.7615537524614341,0.6186883859669718,0.1881957149043729,0.1103649660848131,0.7776371995990643,0.1749397433772944,0.069216812,0.259033826,0.662068966
0.8181526881360631,0.9544151891456056,0.3533425223317673,0.8828291069032782,0.1655168088237728,0.8168063850462367,0.9061508449447584,0.6902347572008646,0.7195202163677302,0.50942381,0.490198335,0.075
0.071007584649287,0.7691709325995323,0.5635738112504156,0.1961515942226415,0.3649517322787006,0.0931507376981845,0.3338761350893307,0.9140681987995696,0.025722196707027,0.325257935,0.010266882,0.2
0.5667844223771802,0.4877807622075862,0.9044684416896984,0.1108699818868973,0.8012870378374302,0.8707579793809432,0.6749709043462785,0.9526062074290872,0.8072106515704879,0.195339062,0.564054278,0.098360656
0.3410724132847911,0.4979394039977376,0.7878667238884823,0.2980235484546621,0.3840014924906784,0.0374251678132048,0.2829532963257581,0.8238665629460219,0.023405866940426,0.123187656,0.119318006,0.2
0.2878047416820446,0.7040425630466175,0.9384932436660796,0.791276881147886,0.9959457024583246,0.6469330059947745,0.9041215963254766,0.8652627096630512,0.8388147066416334,0.39664716,0.367256305,0.072727273
0.999138629720878,0.0924314549232697,0.5004323674216798,0.5814506272619396,0.154950142722581,0.1999725680030044,0.0564365312072441,0.7089024912754118,0.0538565967666389,0.061887385,0.390055706,0.274285714
0.2114995188920282,0.9538325970147696,0.5140946881261592,0.5651816585297413,0.0118499469408497,0.0672076403795349,0.6455906598438327,0.7513805453011255,0.8213802564718898,0.600121105,0.128043655,0.537142857
0.8593609698976631,0.2971552984583031,0.2920853833459916,0.5009361013753667,0.9261766278762892,0.7856644154140104,0.4594109261101424,0.492120223839035,0.0639690930230626,0.079551677,0.627660098,0.48
0.7745249379337351,0.083182842009795,0.7033003477792364,0.6870023890972471,0.5217151870371642,0.8088550652500024,0.8574422197492327,0.3744876735621643,0.5032418979889673,0.115134848,0.58837764,0.3
0.6635923691200182,0.562426535554586,0.848189042102791,0.5070158789323069,0.8154837218229402,0.6802159712177168,0.6111168543770279,0.8159311128097485,0.0335588841079265,0.238779015,0.418621654,0.419277108
0.9429009249229762,0.4172911693652014,0.2225013428004228,0.7991811046877131,0.5889465710086752,0.6093915963020166,0.6026190343559764,0.5462298460460545,0.0609185232113939,0.150656609,0.434629537,0.614634146
0.6199819554464202,0.9531779188305184,0.7596273022024214,0.7247082723259642,0.9263132085045774,0.4492912148106038,0.7192272463693917,0.2641348464449276,0.5422777192484913,0.576222279,0.425159428,0.126315789
0.6622095093146044,0.1064201227676345,0.0463592292987189,0.5748464978781083,0.7297012521073301,0.3872936090909012,0.254400464430743,0.2227975635788254,0.5074271992196415,0.049563396,0.496754117,0.0
0.6531850521872138,0.0127575077129264,0.3323632527515181,0.1861818788839863,0.9653090005220054,0.2724065900980875,0.6295235430507494,0.6024843683503064,0.2471906092406228,0.08512559,0.261733902,0.0
0.6432138568697332,0.6619715987305851,0.3464308227598861,0.5416355213718312,0.0721825023824682,0.0557204084897982,0.4004146363826015,0.7617707160225193,0.631857168150127,0.284307899,0.195442636,0.35
0.8193189177055048,0.5351943599841019,0.5771959359487471,0.4311851185297836,0.4031531362238519,0.3333270299843655,0.8566369031026181,0.4135326278355609,0.6361369867775314,0.28488853,0.517567302,0.473684211
0.7744374074410797,0.9544344029949172,0.7434424797265763,0.3266880019994111,0.3956658148773121,0.1359189416489639,0.5000171962846554,0.1899984539994303,0.2893832403542855,0.525254234,0.371633704,0.580645161
0.3628099591365089,0.4668810851044203,0.7039920889788144,0.7701880631664062,0.7755193984965136,0.7344635786142767,0.8108686364088347,0.1305003796279624,0.9190190277632144,0.238622697,0.466361868,0.190909091
0.1484634021599847,0.598982497472525,0.4393935806785334,0.3313139870960828,0.3174348202464238,0.3494855109258467,0.5695369521456688,0.5075073299809054,0.7904084378590854,0.325832762,0.187273973,0.18
0.4777141215673739,0.4066413576468911,0.5804752516983693,0.1174608446875471,0.2177296537943985,0.6521577214749329,0.961834939029177,0.2018044519160157,0.8941573104847581,0.228333746,0.366634286,0.34
0.5905925124114277,0.1893776695856883,0.5141717565292926,0.7581847567734298,0.2404911571797285,0.1233051083521956,0.6157579149467973,0.2637265700256387,0.431163010236675,0.136730893,0.273724048,0.255319149
0.3717544183338306,0.9846708518272114,0.9021590570189008,0.4447046192998978,0.4566362424036233,0.6233304244031634,0.2185793207782891,0.8887360979386446,0.8154801473073755,0.574979915,0.516114985,0.48
0.2698967987535118,0.0777223649307256,0.6941964617496411,0.3610835284573085,0.5815400582008924,0.4689496756776916,0.6255769452360326,0.5082480653229492,0.5782440482531286,0.099450517,0.24571009,0.0
0.8560247199791216,0.8563249911997376,0.9556541585939664,0.3978638227115527,0.5004422760873874,0.4399239112146683,0.1459291980250355,0.5214306943577565,0.0105112109004572,0.327864896,0.417409209,0.0
0.2823659368101691,0.8741794865386155,0.884571946531197,0.4705160972481544,0.3486259939108123,0.4764888018750691,0.1308059364249229,0.5145303028794599,0.5340103891473,0.335749754,0.352436664,0.635294118
0.4762517532644631,0.5001628292816437,0.0444852886205525,0.085229567282881,0.2511735900512257,0.1438619264828635,0.0581586441311409,0.544940194725279,0.980802891843262,0.092159638,0.100473797,0.0
0.2806562075677759,0.020107450376501,0.277790295392632,0.8336508648819314,0.7224671285359955,0.558273426446335,0.5592573608359979,0.7256821339413763,0.7125978473786904,0.070378019,0.320862254,0.0
0.9215344801908976,0.1198689591769621,0.5641190363270827,0.9814722619164372,0.5613872929613329,0.213779690092054,0.4220265654060932,0.7907954314756979,0.2760476045644926,0.073329492,0.386747367,0.15
0.4164284432954324,0.293302648128489,0.8848410795516705,0.4193156955471728,0.7219615749002632,0.880359047623876,0.241326305203431,0.6454420834075865,0.1695334932775298,0.145965695,0.304515288,0.171428571
0.5544143799917298,0.9331215852822486,0.9241393666235672,0.3871468065522064,0.0422784066808621,0.8190772689763234,0.2697347870452478,0.2307438218793058,0.5115700654073316,0.425208525,0.621817508,0.568421053
0.945415477527822,0.939382404361575,0.2683730375039964,0.1152778983552996,0.4863221077682337,0.2169587524826199,0.8194234566430849,0.8486479060072518,0.095582901305575,0.445828238,0.397924044,0.564705882
0.3397629436010502,0.4151409249446495,0.1642374087027636,0.7569488324738378,0.6459023508901743,0.8828825729337947,0.9041274060325656,0.6847671619295415,0.2386447316790422,0.315061271,0.345441599,0.44
0.1609279325285627,0.0307178887961903,0.3053779339939836,0.0563151123989402,0.5243639119499094,0.5929018734904055,0.3104069809221258,0.9026708506513824,0.2559194466238598,0.064350506,0.393252745,0.473684211
0.0439841154155828,0.0279283378394076,0.1938772258320346,0.4258183505562853,0.5520904394139788,0.8708268207473865,0.3077795877992592,0.8529299149478005,0.2987742268280553,0.050045088,0.314061912,0.0
0.6375003543666413,0.3048937583709321,0.7296052094776531,0.6789649887423749,0.1763350862354341,0.2257501327083982,0.982620644035827,0.1629869167438685,0.9990308814958196,0.236284253,0.391890878,0.495
0.1585574242735919,0.1121782457294773,0.7015594261414958,0.9506257095173783,0.3477442627772752,0.5236614900933184,0.7128146400691111,0.5215060247062056,0.1568229273026764,0.113301421,0.328053712,0.157894737
0.1553550080128364,0.1433900904364957,0.5043780555303742,0.9198231712698348,0.6094775653986695,0.7633409036151658,0.3109708410890286,0.1617964032147497,0.074778084966225,0.089112043,0.268105497,0.0
0.2268385131326118,0.5847243290320036,0.7867996302309617,0.1951530797796717,0.1371742344129745,0.2780342658429816,0.1813448729096209,0.386970377333511,0.6659753248376304,0.203906492,0.12940247,0.266666667
0.6326756129282568,0.2640765578236962,0.0558812011375097,0.387949894092138,0.2630496579396577,0.9490964515175406,0.6209580228572078,0.6623020757213711,0.9998831809230996,0.173896158,0.535118303,0.0
0.7968776876274176,0.4744017532216236,0.5554113839482329,0.4464840867407731,0.4451201339916849,0.3005821879844262,0.8273810400999283,0.4447308874399288,0.4744027849777275,0.205392253,0.361280098,0.0
0.9072349725882856,0.9558247518632484,0.9180882029421028,0.2077593400572852,0.8809401525442015,0.0862230475178804,0.3677213117465486,0.1943802568752913,0.0543227456618614,0.391334697,0.18822079,0.464516129
0.4499113352665724,0.71420961806553,0.192692521784928,0.6985001305637474,0.6454688436191518,0.416746059754411,0.6308612475342693,0.4131418375400045,0.2600075129456756,0.367700162,0.282034709,0.0
0.1547115084656667,0.5611071444025068,0.5900677552459899,0.8144463175568526,0.2229673721960533,0.3161390000404602,0.2898538394402663,0.5718878812404804,0.6173756599125184,0.249101791,0.3280433,0.342857143
0.7454717801661449,0.7517637466337073,0.9928745938518152,0.9820853122569968,0.3752215214225423,0.1968859002202843,0.3755177160889074,0.2248530051036645,0.0182046285034894,0.208977858,0.122888678,0.48
0.8255591055564999,0.7486983300045349,0.2885457317568368,0.1380608556259676,0.8174031525746037,0.5775472379160029,0.4098690650550789,0.3801957408633681,0.3042346570626364,0.301014998,0.467843534,0.285714286
0.0613295560921185,0.2157669085065101,0.479044944333732,0.922635200155969,0.3848165587007891,0.3482058426220692,0.6594269185810746,0.3313654413869823,0.6589709702493457,0.129380832,0.212355251,0.493150685
0.4624278223375329,0.1288648263373909,0.7410233984603547,0.6875419497346431,0.3290209545598183,0.7695623118557957,0.6620275090533442,0.6364659340532223,0.8311095665424754,0.12942321,0.522557056,0.0
0.2534713689140316,0.9348390247900844,0.961418954885128,0.0075237692324219,0.7132916661704954,0.0695486111676393,0.3769680687807971,0.8434699708714096,0.6883794194042085,0.420496146,0.072165006,0.15
0.6820991020094632,0.9056757422880564,0.96078980368918,0.0464522840261826,0.9513340108997054,0.0337953319490962,0.4041062186348283,0.1564436401473731,0.2353426347304851,0.323407684,0.104201256,0.771428571
0.016208779036401,0.1294385827523536,0.5058171668246899,0.1925221067704526,0.6683789562190255,0.6651680821654119,0.437981804010541,0.5142669538849862,0.3061711931882508,0.064033145,0.175438916,0.32
0.884521392673106,0.1725461092537434,0.7495023871821259,0.1940518684975896,0.7298588859191589,0.0484050221751741,0.6682573010413013,0.5192334962869074,0.3538895238338869,0.124269007,0.198587653,0.363157895
0.0594852735252369,0.1264164152690183,0.8601917453371918,0.7183494336712583,0.0732760516002224,0.7641337417943221,0.863820579638292,0.4393836167901295,0.569234301526389,0.122478687,0.328504354,0.345762712
0.9139536118383288,0.8483356503138024,0.0625344009292998,0.0578227657792128,0.9928533028768394,0.2737656688329981,0.8618700012026116,0.9472932769910546,0.1618581042843502,0.473532049,0.533409653,0.742857143
0.7658023937057339,0.0002237278872452,0.0759037101965187,0.1633810745595287,0.1590727694346749,0.4575167816838722,0.4714584570481017,0.9259487668241256,0.4405593362670339,0.055542627,0.437560025,0.3
0.6716552607865784,0.620184394755787,0.2247131496691551,0.6506854488070505,0.2316105450735122,0.7536083673006504,0.8702742866521309,0.774383615676929,0.448243754858011,0.25146789,0.551533346,0.310344828
0.4168223600786979,0.0533351373278794,0.3182036505392915,0.5836950902384784,0.636716122509191,0.4743889849748953,0.6588103080816846,0.714343476516675,0.8633191513180538,0.126841535,0.38536672,0.246153846
0.6516631472702655,0.3588136876100407,0.8303015681606042,0.5261374469613098,0.485412726491332,0.652704368142769,0.819985129810521,0.783057669136385,0.0369431959436065,0.187914107,0.424096719,0.4
0.496372605429374,0.7727859424648751,0.6894547058150798,0.5488157330951936,0.5091720310602449,0.901871645092898,0.3559614931687327,0.1008127143321836,0.8100207529291618,0.327031196,0.502175385,0.208695652
0.9715183838459348,0.8854512086504084,0.7501779268975316,0.3382533589665932,0.104587331851672,0.3670770507195303,0.911667847001573,0.6033308934510391,0.989655554987102,0.637956503,0.520785953,0.583333333
0.051756365384697,0.2689357708081998,0.7296129068789703,0.0663727308064365,0.9833472126488976,0.3309090191207259,0.0288148721826112,0.5681386389277856,0.3015739588160219,0.113475535,0.182035766,0.494117647
0.1614084553633957,0.4646907889910594,0.7302675351899034,0.3412121618754717,0.7252424639626502,0.5737540583615379,0.0323893149820219,0.0941505301132381,0.889729868276713,0.145677956,0.457281464,0.733333333
0.1021518917490429,0.1362575376849228,0.4875885565611367,0.2541769403760564,0.93553269724718,0.3937069725305819,0.5149982144395018,0.559533785720982,0.8587498973775148,0.129361634,0.266429425,0.668181818
0.7550679937275552,0.8006493158156982,0.2649881569684819,0.8098904329498614,0.1541737274398203,0.3954904170802924,0.8104951956076347,0.9463993481033124,0.3884196216916969,0.464681836,0.452174894,0.141176471
0.2298687904605321,0.2018151107743406,0.5322079492224243,0.8763534957124269,0.9190721065013888,0.5693670863954191,0.2759498323093664,0.8526570301213799,0.2677168442429661,0.080944518,0.457335052,0.56
0.019106354695961,0.0773397990075406,0.7762100817218061,0.0077129254612631,0.6190210946194907,0.2222083381379929,0.8138013250266638,0.2492094625207557,0.2960736845089402,0.103539634,0.144464018,0.51627907
0.6690785430885959,0.9241994460600031,0.8965614017771059,0.2367230900149658,0.5453150677050818,0.5009803271872988,0.1522806443784048,0.1339072624266229,0.7726405782217405,0.34228167,0.389124668,0.2
0.7077355660509286,0.3937832941493312,0.999974074445542,0.4918993549034397,0.9383720210573964,0.9699913307619088,0.9157844731799136,0.6107940650333227,0.0452004751220416,0.217073249,0.482738073,0.542857143
0.1577904793661046,0.2055436067773949,0.251923457751166,0.286634973146004,0.058048525811912,0.9480689335065544,0.202621794304653,0.2289472548883345,0.2876462031631965,0.068343821,0.36967731,0.4
0.1298287273755718,0.3029429070734539,0.7291864495188085,0.9162279889350636,0.4358378341311848,0.8711382687740059,0.266645304811219,0.545037576187944,0.7617452694456414,0.075951835,0.192307216,0.0
0.4914423408606752,0.5592956833766893,0.7160879421052339,0.4203667120220515,0.6899864184486768,0.2493687634731729,0.1996675453133352,0.0677314896069595,0.5979411445394099,0.16909166,0.380090913,0.45
0.2583359226492904,0.3906797885305874,0.1920158084748077,0.5948287694345141,0.1818348962375066,0.7591155059738695,0.0915315239779902,0.9427919374663006,0.8016777477822661,0.100295725,0.394707246,0.104347826
0.7676875752621368,0.0073410568062964,0.5728070883565806,0.8577452519469086,0.4485789994245416,0.6004085212082231,0.8339252342061954,0.9438724568102884,0.4293283967561329,0.096976351,0.596401642,0.0
0.0764290365561828,0.1208597924549342,0.5811786870480659,0.8531061844812479,0.6511291004212859,0.7505528142402383,0.8878729205386987,0.5424302391860093,0.6515082325252335,0.115565404,0.254846584,0.0
0.7017065400369722,0.755723066674091,0.4760339339032459,0.986793606746412,0.7410818815788212,0.0872041023232639,0.960215212439502,0.6886466202363754,0.5491569588853678,0.462956617,0.277804585,0.72
0.1434406134347315,0.0588384484825798,0.4761617327712273,0.6349632408278586,0.0194021101368352,0.4025513719917692,0.3798356331851117,0.271683580936913,0.5322728947053397,0.063172074,0.220721701,0.218181818
0.498652254374536,0.9079392926600822,0.3430440987949901,0.6382878041763319,0.3427763362871191,0.5127623394442269,0.1974537690026531,0.9151857114727858,0.1533103666823357,0.299232477,0.383081634,0.381818182
0.6131537761785443,0.8897265787646753,0.8469791151781291,0.4662032553662701,0.2357282888713309,0.6426619836131601,0.7722919701036414,0.3037333882361233,0.5389400531652329,0.550711626,0.566346528,0.0
0.1043642839088859,0.5348450975743272,0.3224889058554563,0.2000383090557207,0.084767656760834,0.9664886404823568,0.3515973739558073,0.7098992138563376,0.489948041335365,0.146880354,0.212336656,0.1
0.4193110050402522,0.7813560848456953,0.8924581536256645,0.9375356155767144,0.9857137128392678,0.8228242574560347,0.8636316063760207,0.7888571473814993,0.1934134897307959,0.414977242,0.405734521,0.207692308
0.2359498869945,0.0723442723651205,0.9141535776209412,0.7377602423460219,0.9085325828794008,0.5490543310184736,0.9703434606146152,0.0378732696286107,0.3953395093810404,0.113284119,0.40523018,0.464516129
0.8998331719803844,0.9310865735912334,0.1571212545637123,0.6171371004396065,0.5976693572001468,0.6181759117628703,0.4335874745723195,0.8777253089106043,0.9139306213480632,0.433502132,0.610629768,0.0
0.7031159913677346,0.1124070526886913,0.1703334535330193,0.1335333121634313,0.0375102386659731,0.5381391712955893,0.4173312793242806,0.1839212170485423,0.9852222672306832,0.067072264,0.59302817,0.0
0.5814537391732449,0.76513837805581,0.8979206229790707,0.1922639285785545,0.9700151829378753,0.4692535282051381,0.8440149253770383,0.3118963806643104,0.8012269677503029,0.469557891,0.385051182,0.178723404
0.8087300290238545,0.257162079915324,0.6345832469920065,0.1583808436715486,0.3975524106420955,0.0271399247447476,0.6561073109133745,0.4390283073730278,0.4785095921928979,0.155397775,0.176834987,0.583783784
0.8528476743260079,0.3034395552313687,0.6266245228695945,0.4137833097869666,0.3993612331460472,0.513908277969008,0.712696011289456,0.3019333715232476,0.4773187251685896,0.149152396,0.432173812,0.626548673
0.1684492029352913,0.993781597672404,0.8739332456271369,0.7725214902923278,0.6957710926845205,0.397764135183467,0.690604199751661,0.3149343324257658,0.5072871578626684,0.568591388,0.223128084,0.0
0.5023106022189817,0.3050953510540869,0.1802593217659711,0.2897931150735009,0.974820151625845,0.312842265235246,0.5920338402187773,0.3153801040958555,0.8940267785975852,0.204448589,0.308381686,0.211764706
0.5019080100528333,0.969905491595534,0.7026333081898675,0.0278442001645805,0.4959351976506434,0.6305809114289603,0.4087133171181625,0.3188202524096787,0.0739313665963038,0.438706534,0.5549383,0.52
0.2908151439735972,0.3641732391774053,0.9140753598084848,0.5115340954792486,0.112757015633532,0.1884231166278495,0.1403576010245393,0.5306575411063085,0.9716826677898496,0.125822459,0.310939188,0.355555556
0.6509191917617989,0.0833708107431162,0.7322505329066354,0.3323862147501217,0.0291389858442677,0.1855873276529089,0.9045426142690826,0.4947219779430897,0.0571464345818371,0.092564742,0.27755081,0.169014085
0.5222765440265629,0.224583194378064,0.130803439359439,0.4003672296117631,0.0212448227479303,0.4413977589651632,0.0886684876594866,0.924683248216542,0.1004164677335669,0.096231695,0.299730554,0.109090909
0.9133239299399084,0.3689453098627502,0.4586481687927283,0.5884884269150708,0.091772058355416,0.987515193337877,0.894444400446542,0.1120026266911652,0.2891436811689593,0.170333511,0.608990559,0.215384615
0.5073588026523681,0.8676618150933854,0.9568267000052434,0.2648978725641542,0.656532837275246,0.5684522480429128,0.36173481047695,0.2121076961631508,0.2145875515063471,0.340832243,0.367379325,0.0
0.1694001095822617,0.8319616670923106,0.5078027286085888,0.2576506317757826,0.0511401184367373,0.9316102859944057,0.9281808927838824,0.991506794139534,0.5736110966465057,0.450796993,0.407646744,0.522352941
0.2926356011008563,0.1029430620419497,0.5959612351457696,0.38747026503229,0.0042838380643694,0.1339663271170479,0.2724639292059904,0.5844423651053013,0.4437940828534492,0.076573408,0.117392848,0.6
0.4987567786616755,0.89143519497103,0.0744221496860338,0.7092139184212329,0.9040151468159746,0.1506552628088254,0.9939176475597008,0.9692797754035974,0.4187980953356401,0.521848885,0.206170814,0.0
0.1180071293010681,0.2698039357958568,0.4352933022097516,0.811803583817665,0.801176713717038,0.9336290005534418,0.6128299129818484,0.7487492307500211,0.4029319350947072,0.124235614,0.294609218,0.153191489
0.7868847120808694,0.3063615408367082,0.0565544856997176,0.5631619634465513,0.9761249860115048,0.9769203945436244,0.1500483358292952,0.0793839343740471,0.9284645663909732,0.120399522,0.679599501,0.0
0.917718717895878,0.3478719001307393,0.7662430709742752,0.2507048018666014,0.3899156177098807,0.8037418660960134,0.353791081436163,0.7029227929438067,0.6537890557015248,0.133711758,0.318718386,0.0
0.7241821121928746,0.4193448703305588,0.991039901057564,0.8560892123749098,0.3310490460935803,0.9324927644789872,0.243071107197992,0.1902122174319714,0.6545710130102698,0.126406641,0.645700252,0.564705882
0.125109385183972,0.4072908932070899,0.8639210656577302,0.1711723289889092,0.9304597371821932,0.5452091156878697,0.995700007776566,0.8782744481451522,0.3741142820578367,0.253116564,0.223722929,0.054545455
0.6765556231940588,0.1655152307538534,0.1759294125424232,0.0317109611681329,0.414358369677871,0.8453269105602935,0.2677843590693847,0.9638966916035366,0.1139746432227203,0.11214347,0.729690118,0.0
0.8012506074980015,0.5070536298021093,0.7372329962379136,0.716637830612684,0.9967716047299756,0.5941316155957429,0.2916477353982127,0.172718948998708,0.6645788248791125,0.164231979,0.346509983,0.052173913
0.516060414790893,0.0313206701199967,0.8444293203295162,0.0779033386783953,0.2716840168884653,0.7513347150735729,0.2324769040866691,0.9727806260074934,0.6778974707443634,0.057237002,0.506242993,0.514285714
0.9667807836394456,0.7742843109383901,0.5217255406003333,0.5618089242153707,0.2617468667701517,0.9190835363543992,0.2745333066819625,0.6492646406012869,0.5520429466609085,0.091534228,0.80402966,0.0
0.9710640410141894,0.6249770895932854,0.6519919148099398,0.8255804586561557,0.0955454320393135,0.0412204461396308,0.1972364671166986,0.0190078115567646,0.5600295205111402,0.137649665,0.220096796,0.525
0.2880398562180549,0.0446985187628254,0.3553023186327241,0.4926854312360913,0.4349230054489239,0.9553476516780836,0.0300699725703917,0.8426771374774333,0.1059734997413447,0.049073571,0.42825605,0.0
0.7281588706696648,0.0328544774133302,0.6731137932087753,0.2134030179783076,0.7576551563996982,0.4595034200198042,0.6519198154381717,0.779475913525378,0.7031871207273735,0.088844774,0.447181241,0.258064516
0.5910859647249043,0.3148429043733,0.4755901954160254,0.8833908555534878,0.1933058004706186,0.2205366746732749,0.0602323294556321,0.9545469076887662,0.6503013964351448,0.121583385,0.274403355,0.0
0.6399341237346279,0.1989905204538418,0.410777719233148,0.2347080003220353,0.7748998322426381,0.1858078563250134,0.4924823873912675,0.5230188658890733,0.2922204408612177,0.065334882,0.263210453,0.08
0.4324530260302985,0.5604572608336091,0.22576449124272,0.621043694384674,0.2413239326129327,0.0873825473574239,0.1964863106173363,0.4936358425550028,0.2606746627444731,0.187663461,0.123779285,0.694736842
0.0070723559356051,0.5282237923882074,0.241619584307774,0.6765502850509484,0.9042388133665517,0.3890730745967866,0.0930097885191435,0.7204407655727296,0.1304749132687211,0.159078448,0.169710031,0.4
0.3884700421037877,0.287243565781483,0.5269255802508772,0.980610565458594,0.1747807408527268,0.4713612826444158,0.7733919777111774,0.5311904923751368,0.725420273824349,0.193309538,0.378813536,0.3
0.3135302447058528,0.640671942110034,0.475458769800183,0.5483843363884008,0.0261593979231912,0.6801609027465088,0.4188604218927599,0.1871663787190243,0.471914346430099,0.187743436,0.351993788,0.092307692
0.6432663036949996,0.0586451607331232,0.4818095826077442,0.550285491876462,0.7708578346652916,0.3044684985804066,0.5458693263428602,0.0592750612889457,0.3174154997756688,0.094510552,0.347502451,0.126315789
0.6511947505111437,0.076875962684406,0.9518788330740244,0.7542907574036753,0.7426086344156619,0.5244204783356431,0.9356958926828148,0.2557365192332429,0.5580124595658723,0.108349051,0.4217445,0.433333333
0.4322614013963652,0.1369031922710798,0.7772540161696376,0.5130112976560554,0.5887829223003962,0.7865586957677518,0.8159517656404107,0.453545909772354,0.8344823064710355,0.129219162,0.477720208,0.285714286
0.2714427745027733,0.9444545764426984,0.0983229735990481,0.4902952737060562,0.100070310907968,0.8313248325901529,0.88655334687445,0.3094030694970898,0.8044195230043687,0.555502128,0.469556961,0.0
0.9953189781247022,0.938836327511416,0.750132182991601,0.4862666479775359,0.4244341744727212,0.0531041814126082,0.5140190726754157,0.1966695127103775,0.6592888657343139,0.659065868,0.240509463,0.371830986
0.701794344084497,0.2107901277043984,0.614619769929693,0.5168491406621422,0.2663625302665577,0.0063833037484957,0.764717721638546,0.1304105936959031,0.5227304788430304,0.133779274,0.125368632,0.534545455
0.2916058784539731,0.5195297528786563,0.0517739487164535,0.433888361068423,0.2947801284923508,0.2956446793857117,0.7007987320579936,0.2542195802034225,0.5244508628094945,0.220581481,0.2080044,0.591549296
0.2820336361351701,0.2923240904552835,0.1429527292286306,0.7364480361786174,0.3969444875017218,0.9867791711919464,0.766904515243546,0.7162544691157715,0.6660585714063517,0.191311417,0.447758865,0.06
0.4621397992620109,0.9382526092037872,0.973895386952642,0.6516554946036375,0.3440185644638499,0.5129797539010911,0.6909355667437603,0.6546953115652465,0.2428045847776214,0.647001977,0.411433889,0.25
0.8292626558382927,0.9891438074954568,0.2868932892153408,0.9902584899709824,0.5170467396339581,0.2393248349373105,0.8495180262590496,0.9976433224651348,0.7072019732564625,0.662499199,0.487804123,0.476190476
0.32558084560423,0.4399544081134585,0.2278018701914334,0.4897003089678003,0.4763494106252637,0.9214123045690428,0.3626218362283091,0.5687211298829862,0.0977250588053155,0.132060885,0.479269729,0.514285714
0.4682989503771693,0.6400520353763554,0.125911155225165,0.372118346845288,0.6822702679635868,0.5331106098818367,0.5327166914445675,0.0717508659572206,0.8968441811310224,0.39327773,0.470498388,0.194594595
0.0047942458138998,0.5415628456087427,0.7010860839334161,0.986322164585593,0.7598922990389093,0.6939396794720356,0.1146232696499965,0.7919506708230826,0.3232970019138848,0.205229455,0.156152825,0.0
0.9353147316714786,0.654760623211729,0.7771418045046536,0.1836752823985847,0.4493993664651041,0.1469130993959144,0.8256757461340628,0.5141981507487244,0.6116763422299604,0.402955128,0.379880484,0.442105263
0.5413171235377218,0.7545292059503269,0.4712875001497777,0.0071233071192482,0.4851733117343768,0.7475688965153716,0.7413647774868061,0.8242110542437828,0.516914040094539,0.453476515,0.618795379,0.634285714
0.6832940172790876,0.9520956024333702,0.6440577024211824,0.9552050519763854,0.9253411751338998,0.9696941002025192,0.8038439783467921,0.840758013926799,0.0579756470123979,0.584757008,0.443340401,0.042857143
0.2694711282949907,0.1483464045338735,0.8666315522333966,0.7862217428999685,0.5657054375419246,0.8696877495767834,0.2912175168413824,0.2602732573840026,0.2068022296700266,0.123486929,0.427758336,0.685714286
0.9845844476056912,0.1121671688210732,0.0123096504631583,0.2326742274560469,0.8956713333204853,0.099197798931812,0.8889241632925308,0.4415849035124208,0.2281889386065194,0.094118987,0.262644477,0.342857143
0.9165037688642904,0.2269113675074276,0.925753512462577,0.4779279395502166,0.9956025437087194,0.4088854803638858,0.5603203265561393,0.8582063704108536,0.9123551876163766,0.186249758,0.502195054,0.502702703
0.6697358031304596,0.795768782691791,0.6651682748959102,0.3624374354573809,0.2166018225747933,0.3263780032731544,0.8215420233178251,0.1821895249874272,0.4026367386666328,0.395283778,0.443674006,0.448192771
0.6978632253345555,0.3933914820725258,0.4228313340317405,0.3031059954784971,0.4144880380930533,0.2712779042489927,0.6526331326708477,0.5478155009008935,0.681215096268858,0.187648771,0.418312604,0.347826087
0.163124936883931,0.1313175436744429,0.6735498109113258,0.0165323861371409,0.1867964316555653,0.6686459010762936,0.154403587870882,0.0941260419022932,0.1371619196912695,0.069147445,0.395910795,0.709090909
0.3074843752580416,0.1252717963982487,0.1226557802531591,0.0870666237939516,0.1334436734551407,0.4380069865813255,0.3117228689534189,0.4837263951077005,0.1871397684453717,0.063104773,0.280369275,0.626086957
0.8173961080380471,0.4015241776763644,0.982374712167914,0.3648600199261396,0.5348308661370542,0.381534589334389,0.1626422915379014,0.069787648442621,0.0031757251429146,0.108230408,0.423699006,0.662068966
0.1556440086539047,0.6397946126069908,0.8875220423473503,0.5073360481148225,0.1748672877702741,0.3470201603437224,0.620390529361496,0.1660704016720455,0.5832568268868745,0.376661205,0.330990949,0.584615385
0.712362566052803,0.8305121239606178,0.1261396397273145,0.7768830231307563,0.191263522440541,0.2519646271619646,0.3897045915202527,0.7839908115013782,0.8108465596637582,0.280921403,0.387943671,0.369230769
0.210137714328751,0.9484785114613424,0.9121466905469024,0.7951897345917818,0.932468812973342,0.3876504273950337,0.9864170305459706,0.3892377901664137,0.8609444295650908,0.623827094,0.232652469,0.354545455
0.2734696641899693,0.9097313330691444,0.5208416991737506,0.3696156904011588,0.5392087744670631,0.8453354569392225,0.7822135145162437,0.8174084160050816,0.7321070064179834,0.491719078,0.368419017,0.0
0.3585346895240552,0.974307351358269,0.5433149669392354,0.0205673273098971,0.7653085347635383,0.4797610242758148,0.9680428775837542,0.1537748130032007,0.731301200717976,0.594775267,0.414533033,0.350769231
0.1433681126199611,0.1641459018315801,0.2541458839325579,0.9860425384745208,0.5936707344022059,0.4107098656015405,0.2610019175001929,0.1626104572991314,0.4222720819561733,0.079204459,0.262319096,0.490909091
0.8487032836796573,0.4264384832393053,0.2216875707448669,0.830175057418452,0.4474897837806599,0.7799507239765594,0.2238328047736234,0.7820086062741255,0.750287242762332,0.190524879,0.487979158,0.0
0.568703137630182,0.5151594111070938,0.5106200266992322,0.0006531717685919,0.1622880157610138,0.6982034063342328,0.7920071659271949,0.4189315763940008,0.5060836766525666,0.226680363,0.533779219,0.307692308
0.3271230242032965,0.9625971108387286,0.8713506666546378,0.2219950813589174,0.885194558436383,0.048115600603523,0.3220733555960636,0.9068783376510178,0.9393780836013212,0.417940644,0.090163449,0.45
0.9629951362390566,0.661511991535238,0.4143060742559413,0.8192999371328321,0.1902626236855534,0.9872701353370464,0.8309264661562182,0.0017925247700625,0.7450081991394836,0.364582287,0.644633105,0.0
0.7999253272457706,0.9368156415692312,0.7384118412887408,0.704803886173192,0.308794423472977,0.1190760322939348,0.6983455763936749,0.6448889928800831,0.4515950791606625,0.554170825,0.287755803,0.332307692
0.2063701571001452,0.4328521627619341,0.967470691825303,0.10708179023348,0.8477642208692343,0.6471361083787159,0.5757840847823532,0.1464231805405149,0.2261345249953483,0.234223781,0.365216112,0.680597015
0.2685813269542488,0.4100116186193967,0.8924183473180357,0.0888580443621028,0.957155585153385,0.3113511357558676,0.3308329963750124,0.2754141504133356,0.6901831729220664,0.126316515,0.238138568,0.6
0.2484444829822512,0.9390282197648544,0.013533618401824,0.8235145079629025,0.7700839876129287,0.7650660612971775,0.4738312802451789,0.5306235695494437,0.982208501619402,0.39401035,0.261181927,0.0
0.4130269298317313,0.5636582398897724,0.083501483907967,0.6661412393314672,0.574242603198162,0.7614297980562766,0.2708500518615518,0.3280023875010314,0.8243489752981139,0.212369445,0.396853404,0.0
0.6297100617507163,0.5081706666354022,0.4018628363513659,0.3794501087946131,0.188611109374731,0.1911109160222434,0.4113195345818455,0.5947530352772954,0.5614895644065321,0.121695262,0.523213379,0.685714286
0.7767491942108125,0.8335161412724369,0.4047917342343755,0.828712955356855,0.0444160142699022,0.4794357270273405,0.4272245560007982,0.4636854984090325,0.1190955208314727,0.303116248,0.303362921,0.0
0.181764873745879,0.2554602919266084,0.90573447650594,0.5459070807421169,0.928246940293604,0.6089309246209551,0.6934962240092659,0.6588416148751507,0.9407602835622496,0.107927727,0.25684323,0.0
0.0400380517062545,0.3418588010913154,0.9858702805260368,0.4908191696689802,0.8939304993612739,0.2003461938200895,0.290163562490371,0.910419520250072,0.2047597834121443,0.106137084,0.224084701,0.834782609
0.550736754124369,0.1384521589008541,0.705124669314934,0.811797732267311,0.409739989119515,0.7653758586512267,0.9167500198466204,0.804466372124599,0.1846892539975206,0.103006183,0.41051191,0.128571429
0.6373364496758513,0.3111452198794273,0.1400268499023013,0.1032725703255288,0.6111920939834433,0.7917137826293409,0.3544932074018255,0.9622509492047696,0.6794794247311786,0.131041813,0.617662973,0.109090909
0.3010692865524511,0.4642822284582586,0.0030588153834208,0.4095768168121749,0.7812580170097558,0.7998573952985889,0.3636534251858924,0.7705169255646172,0.2217282679998521,0.131355308,0.355223984,0.507692308
0.974173784166358,0.4018339777424083,0.1619364204638336,0.8105732751243728,0.5885844231941837,0.4012410451278114,0.2287618274387977,0.1830816553242984,0.1108926259088853,0.100979376,0.499244075,0.545454545
0.4945823288487077,0.2718202096910485,0.0502599566471216,0.3343622565294801,0.3863829274863708,0.1137345758736404,0.6651549105201926,0.7458731184738422,0.021837293233032,0.121953449,0.217674122,0.688372093
0.2533084867102586,0.8549356365344927,0.7010900931843529,0.3174904324769846,0.9817615893215396,0.3044011035910222,0.101660195362313,0.3788389559628459,0.4822607676098541,0.414204135,0.178068486,0.745945946
0.7205085656496348,0.0943502289582489,0.0328225352822564,0.7731518383493667,0.7207388599256941,0.3406369834119948,0.2162580521211351,0.6206332048443812,0.7736008279630633,0.080143772,0.433207033,0.342857143
0.9544975730871268,0.3123612388646928,0.434428694818862,0.6983625042524315,0.9271594510661746,0.7325554682393022,0.4754106900907151,0.8703033785813,0.0053166266598004,0.113541049,0.490801887,0.24
0.4718608395179037,0.2509555641290566,0.535618616971843,0.2817288943108144,0.766611722012471,0.3704177365419093,0.2129152459471623,0.7914917527087326,0.180201961695784,0.093580603,0.321619466,0.0
0.2739144259185608,0.5909228622153058,0.907575639929236,0.6527994465858509,0.1129847537680266,0.4016111511050885,0.5679098082468134,0.9125287126713388,0.9421857370006173,0.301452796,0.361888619,0.141176471
0.5550400862290716,0.6382778064437438,0.8080777982502523,0.7917245671020524,0.0275381510867832,0.5151826893923135,0.2092743733773134,0.5520963568172486,0.0435490870244259,0.270947071,0.0,0.0
0.0618889248537585,0.5591531891295948,0.1674144244058051,0.6393105012007515,0.1626440193218653,0.6932899059767561,0.7557824558581785,0.7530495247403042,0.3509359249878587,0.220202502,0.297422822,0.371830986
0.2119330692677168,0.0683079662363693,0.3776303664789491,0.5826670131224574,0.9160731242022488,0.5731525927226846,0.2552299768084834,0.6223589450791827,0.5104970477940046,0.045744242,0.268136689,0.0
0.9815684348242212,0.1168065644147129,0.8775696712006922,0.470237867418521,0.3306350429170435,0.9715064383766568,0.2563768434918656,0.7021427805655529,0.9150512768216006,0.06641469,0.408893645,0.514285714
0.9534130087154086,0.739085605312418,0.4200118775323307,0.454279801599296,0.6142964381056062,0.7960987614584185,0.326697446106887,0.6625780702777498,0.78763989212595,0.270064099,0.598112052,0.490909091
0.4958701113415873,0.9754357215084312,0.1318363321650809,0.8882391311276906,0.4875340319281873,0.5769569337763422,0.4584201314054918,0.2104770848737384,0.7216020859076699,0.220545136,0.53739677,0.4
0.9625016544337994,0.897387222869196,0.5531964843981134,0.7914762592409703,0.5720545366758166,0.7259045747896594,0.0203290856675271,0.186703369156255,0.8330876381949627,0.402762717,0.557157192,0.3375
0.1397069359732973,0.098259628126382,0.4053050049030375,0.9287774819553144,0.0047252709613222,0.9422273347147462,0.351682138904671,0.647611702624716,0.8138099565543706,0.097275383,0.488728554,0.133333333
0.3687528747845108,0.5368544424109681,0.8867513922250173,0.6469876430230416,0.2378030369908065,0.1116534162038123,0.1991196843621072,0.5136711739558135,0.8329223644112345,0.299041853,0.11377216,0.0
0.4630838271345607,0.4968788993140461,0.2172845437608779,0.7816536547115093,0.8331042893427607,0.6677801407646556,0.2501406423520882,0.0211396132310965,0.8359700094955855,0.209070362,0.529621024,0.0
0.196708558430129,0.8846142444440452,0.7136006102827971,0.7164423548718765,0.7635456104188899,0.7292680916319761,0.2562732793108622,0.0921626677076625,0.9937403020173312,0.245885188,0.248044868,0.0
0.8039984628016464,0.4787471837939236,0.2671685118312271,0.6859076944535153,0.1414071453286564,0.3584072120672956,0.7676941610522384,0.7635278807235422,0.1508965624478241,0.199035344,0.392031413,0.255319149
0.3791912842163831,0.4669387851597031,0.9359710122468424,0.6974733500592047,0.8647493956821246,0.7450277438318683,0.7107767121562625,0.8979573042821858,0.3772462880469638,0.317710211,0.459348519,0.528
0.6228571306926524,0.4556565840284653,0.0509245829639389,0.9053045169787552,0.4542568035193284,0.9075711975781912,0.8756638968021482,0.5502232560989386,0.6235345150485158,0.173776665,0.510140964,0.105263158
0.7720096833444167,0.7241108261856466,0.7771324496033462,0.45459619943713,0.6589207545963583,0.6093630135898892,0.9262425392171992,0.5096788250570504,0.6852002519331872,0.425914402,0.571384638,0.276923077
0.4664675281561647,0.8585865999923813,0.8006205884616322,0.9720032688808056,0.4220251300333344,0.6427312325432885,0.231551447429773,0.8412166589599354,0.6488141715181767,0.391228944,0.374122946,0.0
0.569604027518412,0.7516167223594975,0.0386358878309376,0.387454780577277,0.1266433989521983,0.0439095349904414,0.0094429183267928,0.4956629038452429,0.8928932321627424,0.345621051,0.157430522,0.666666667
0.042496931593783,0.1930536702250311,0.5725203442978666,0.094279577571276,0.3242062074795701,0.2879462389341758,0.6009277529123189,0.3702672158859893,0.4797217739374303,0.137282913,0.180259469,0.745263158
0.7802805987584813,0.2099422062575757,0.1983521930926467,0.3494959291230802,0.6789712401837493,0.2873405700052128,0.5945500351244218,0.3682496281811421,0.3867983231764237,0.119253708,0.39777558,0.218181818
0.6985470563300733,0.9943351420853016,0.7937397093182241,0.8330894684530705,0.3854671536424654,0.867005754815505,0.6548272525815758,0.5767968487466854,0.5495645889506162,0.654206923,0.538279861,0.258461538
0.4679626590289714,0.7433338119214664,0.2913219361606599,0.5009295029333494,0.8187032022001113,0.9633527301690163,0.6778759782176327,0.532951626139599,0.9962187567296212,0.495611505,0.611735826,0.0
0.7018447857616057,0.8290368522794316,0.0917736626470627,0.6347759392369908,0.2114244138746662,0.5235868272005992,0.137591878156441,0.2586283168840827,0.386597270283627,0.330395906,0.455054754,0.0
0.3447123853314128,0.7263569892002757,0.3507266183488632,0.8626968130234131,0.7221159015480637,0.107979137210794,0.1654665952215949,0.7349896602764892,0.6522528330338957,0.206108773,0.180795526,0.3
0.5686647983622444,0.234004796269508,0.1105016153033026,0.5553330043396676,0.4960987522419964,0.0446600045699557,0.185757158013469,0.2385227552474219,0.7701952404031027,0.071264802,0.152591333,0.0
0.406796514840922,0.9929686208994128,0.939461657418824,0.1061947679796918,0.9078900563572032,0.080269036391679,0.1084172805213921,0.6814558264007935,0.0577161281274192,0.464978569,0.202651883,0.789473684
0.472885399915224,0.8312735117365102,0.9813256856757572,0.810550894134966,0.5797632373743092,0.1731323184967291,0.8104021125238714,0.7946170060404034,0.1331791443680129,0.349546518,0.150594142,0.0
0.6842961889055168,0.7869249481401811,0.8884206165239446,0.5913738970141578,0.1720840898245755,0.2060062837512626,0.1058667641725378,0.3527936188727181,0.2447152733630789,0.22533205,0.293627992,0.133333333
0.2978368227528191,0.1707999421588746,0.1346432215365844,0.0192511320960375,0.2161385712205772,0.0624329800308144,0.1703412281390335,0.409904083397014,0.7772324253934707,0.0835721,0.133217786,0.514285714
0.8937949350497412,0.8767474992707905,0.3904337591327697,0.4975957866350442,0.0967182148674423,0.8400352591196885,0.9513058455382292,0.4908187972728528,0.7648030672841369,0.496236591,0.628258571,0.331034483
0.0638238728705842,0.777109572001062,0.6347752014158516,0.2292177880386415,0.1883516134319518,0.9775428860493685,0.8897958150490785,0.2135709783405578,0.9955692022818434,0.454792768,0.284784055,0.0
0.8808624211686171,0.1134771221406469,0.7831052596267345,0.6984650800439015,0.1867566310701102,0.3460179924007261,0.2662773460966094,0.6669359896568827,0.4852121475575962,0.078846179,0.413265427,0.65
0.0201660032321966,0.292453903562355,0.5479509541934585,0.4439577052103727,0.1758774272907491,0.5151005139458619,0.4235845902839861,0.1263540354017972,0.8181424677625817,0.157741995,0.18771467,0.466666667
0.7192803045138008,0.2018901637918367,0.5738436567736515,0.6122420701675265,0.0263820827684295,0.13652920851029,0.6478059993468168,0.6802045348046329,0.2722716772557649,0.099487462,0.34902626,0.362068966
0.7460057849994611,0.7554505635604548,0.4739341109532798,0.4326287171429858,0.0152352996166317,0.4688142603796776,0.3442197199715193,0.6451897914675081,0.4683066738026279,0.206232602,0.414842211,0.553846154
0.7721420953295889,0.999447500869104,0.5188699211519174,0.1232352496853597,0.0807527055326173,0.9352637582061868,0.7955245396978486,0.5557417488707888,0.6228115690743645,0.670825869,0.579569523,0.689361702
0.1853860728199131,0.8732900820505535,0.0589304774407977,0.6961430181884796,0.7508519120114139,0.2018968304291524,0.8935584312797348,0.9744064490038644,0.4792215848177147,0.55970288,0.130308309,0.251162791
0.8175272838695546,0.1323875900753007,0.1517407815256192,0.9862939417565872,0.3143666268033966,0.0340091958667221,0.4591705787043011,0.3276156698289697,0.7112190595661131,0.090532118,0.24245294,0.711111111
0.8137431887816242,0.9577947208109132,0.225582853134431,0.8978453992833417,0.853659185824073,0.671227179108021,0.7488953823594268,0.5687542455574874,0.256895809066627,0.477018991,0.529458575,0.468292683
0.8848362792505884,0.5742306859388774,0.9945530367370972,0.0484744464310409,0.7024730766529914,0.8539219193972395,0.4952497024052253,0.4243683064854693,0.7948232376945478,0.231740016,0.555908663,0.327272727
0.3958863124872002,0.5848573854238562,0.8626262974388836,0.3642943067950018,0.6102839494831457,0.8155563437284736,0.8143839229621959,0.4529954863753376,0.1808839814909971,0.295648616,0.502963936,0.570731707
0.9482060242622016,0.4244993100540245,0.7867402499497151,0.4101005543854772,0.3968297805219893,0.670316108973861,0.9217135639312136,0.8252913005379882,0.7886269144367655,0.257021446,0.55929532,0.072727273
0.5034604669268116,0.2724467796346431,0.2377050882089623,0.8995808702210286,0.6296015791347779,0.6390257753415958,0.8249687692319995,0.8404539242670153,0.976681864697026,0.14643089,0.396011805,0.048
0.7432228221512,0.0548810017723109,0.2604390518264363,0.6667303769052512,0.4754197352886139,0.2634279356148949,0.1819300167932495,0.5376377782499542,0.1818380544682478,0.054521109,0.46238365,0.503225806
0.4948810605764345,0.9279449335314012,0.8204917842448013,0.1485231373527942,0.8819108390812649,0.2695366082884748,0.0886011104815124,0.8806679284285255,0.4846999199214702,0.398390754,0.443478923,0.342857143
0.0607592291785474,0.3988417378584739,0.3620590769015641,0.4944273048898762,0.8781304017121517,0.2406020873039619,0.7900285217978138,0.4781881178715734,0.5867141954039482,0.201003409,0.117840061,0.484615385
0.0754920905840978,0.0962343122673936,0.7896150518971762,0.1581457730003728,0.6819092516074521,0.9556616525248468,0.9027021581976724,0.5331170103040406,0.9272922683649336,0.169510615,0.300339985,0.33
0.0413752839303279,0.6916496249819014,0.029999422360833,0.4090266450815137,0.918322757820735,0.4526688695045124,0.9335243736649128,0.035099420104916,0.5669031906883426,0.358862147,0.265188042,0.50625
0.4106718847987155,0.9436774210410472,0.0644743643073904,0.6210442502480897,0.0750697231818832,0.0515622949817314,0.2408303359557408,0.5293141299010545,0.9645621922292876,0.342087392,0.109033672,0.327272727
0.5811059115922493,0.7152777173372279,0.7194682068488781,0.132325370352802,0.7296988385421245,0.3956156943489154,0.6398182068944367,0.8167098667754318,0.2222956193546204,0.373445813,0.476252145,0.075
0.0158547165444089,0.8867075039845946,0.6102570385352016,0.0893320294474077,0.4467171111734025,0.3403118855212738,0.3646660322501969,0.7736830743882809,0.1842354021446874,0.299031671,0.147851433,0.67826087
0.4750072303069373,0.5670235958598087,0.1912755809220155,0.1563294514355622,0.3884378165313782,0.4211522917021234,0.4242039916090435,0.2875490055596547,0.0547987594024912,0.158632215,0.327120361,0.666666667
0.0776583977532413,0.936932234490857,0.8064143961323132,0.406808036631384,0.6420259795888295,0.7520482698340113,0.3284407245588996,0.4674978561041359,0.298200763874119,0.476780743,0.389123334,0.705882353
0.0543408054806558,0.4988522822004702,0.3262015487707155,0.6812790777291433,0.2662558356953983,0.0119055076252037,0.9910031258103286,0.5703252213369523,0.6668828096694736,0.202514409,0.0212195,0.315789474
0.2167781506978887,0.3317790975985086,0.4461567851074858,0.5049263636043815,0.6878111693604637,0.6237674088604114,0.0711217176934393,0.1539673797430746,0.1492268753095905,0.124871335,0.53258313,0.369230769
0.4366172752136366,0.8727370641528706,0.7808522222675268,0.8909383919722332,0.5171533598454512,0.7613093471004884,0.0925887095277119,0.5078063873968828,0.7042562659078834,0.393563017,0.352289474,0.342857143
0.0727988846196826,0.6018777821783031,0.7418490108669566,0.487408546877449,0.839771661972462,0.8580577953075517,0.5678943391576897,0.5735882539852373,0.5042719821656481,0.243317725,0.300919975,0.0
0.5654559840731088,0.0980247017872351,0.8845090662492913,0.1343629217765584,0.9851928057899924,0.5176604065444862,0.2167001080255228,0.0650601133474589,0.8304331507218056,0.051327163,0.513293991,0.675
0.063108749003892,0.8101503199226339,0.7815871535742243,0.6219608211372241,0.7490567526218315,0.4606688331431929,0.7208823739139733,0.0281293313289681,0.0792239120908299,0.319115361,0.184705622,0.115384615
0.9945720585259038,0.2835723033485634,0.5510294519909232,0.66880407873958,0.0949555984326705,0.8795423921481662,0.3191507242345865,0.9179328015823208,0.4905906399368173,0.112521512,0.138666939,0.24
0.2093479621122512,0.532445132904407,0.1142140728392344,0.0288012374363084,0.8805804601314859,0.5120172419991319,0.8988399869986288,0.9801875589789016,0.9979088768310276,0.267163878,0.478619262,0.637037037
0.1109815823674907,0.2978564425877101,0.5198190889432761,0.8275978879988326,0.2863374454853817,0.0367937920260799,0.1070386943166651,0.3665068734959387,0.0520412337535941,0.088126276,0.049155048,0.620689655
0.5726034548242208,0.5568946994490833,0.1422380415245232,0.6713913185541986,0.97676906379183,0.0701277399907834,0.4786059644394644,0.4246533428524937,0.5608538530024035,0.124924863,0.194797144,0.352941176
0.3860035540847836,0.5609433263025905,0.6076886393358205,0.9571836082656212,0.6792412631776649,0.5959436637538692,0.9240530132955472,0.4215296088911581,0.6550568632956015,0.253508604,0.46608629,0.250746269
0.2219250981762415,0.3617550203976768,0.5592780515493891,0.2488504140474438,0.721174982023254,0.2862035555820036,0.7165107022154569,0.889829360931518,0.7420336236622523,0.203182349,0.230377675,0.066666667
0.9390518210520452,0.9925284639340536,0.6932987140250326,0.7852086933532832,0.1287704822760645,0.6512118807935662,0.0548682514644128,0.35738735220412,0.6917592116861393,0.408714796,0.536900514,0.369230769
0.9285282538223062,0.0090289398140911,0.8050376642267422,0.1798701970388554,0.0632890386791963,0.7474706976599825,0.6499685446595564,0.559366880073297,0.2729289733486478,0.090455199,0.4972309,0.282352941
0.4551791096863841,0.457427531442836,0.3111467729207374,0.8595662821056842,0.322251840257359,0.8658578660524707,0.2517191412017397,0.1824821997807345,0.6780140087792605,0.162325277,0.731836026,0.0
0.10986041295773,0.3298947369943178,0.722487035451922,0.7039281764931439,0.8262767524372113,0.7853701240140587,0.857795928073221,0.7213493217091133,0.7049404415069216,0.210008471,0.360837656,0.278571429
0.5194111393078454,0.6146418054915465,0.0190442891878184,0.90792338250328,0.3701846222960766,0.930745916358834,0.4880598839478769,0.3895553910191686,0.6776469271287717,0.162731619,0.478188483,0.0
0.2372442459458863,0.6193499879090364,0.2227386609242262,0.7624291995947093,0.315771121400679,0.562560727372577,0.9424712789255733,0.9862730287186569,0.5676881707320968,0.238014875,0.369246088,0.304761905
0.7561860182687418,0.2742884877825008,0.2689866171663446,0.91670721745774,0.7657743091690741,0.1763460104287442,0.3425894982032744,0.7452312063383532,0.9608770466544292,0.082689234,0.237343572,0.0
0.8883808353959854,0.1768770943432948,0.751460678447957,0.9071175057968108,0.3322995605071441,0.0491996668611013,0.1903401504449682,0.3956661126244486,0.5001108202479055,0.10026151,0.194645555,0.48
0.1762578887107887,0.5761751121800708,0.4320413356219343,0.0474203829357645,0.8803070089170356,0.5281819341465207,0.3787049188548665,0.3693668405153693,0.306303176898412,0.175293323,0.331358392,0.666666667
0.0548925394604243,0.7945123109356048,0.2126780462298925,0.2981704419108535,0.411572305882161,0.8191910798294884,0.4408880192251374,0.4429529214887483,0.1770524375829159,0.229497117,0.314844674,0.342857143
0.1605146317039515,0.7751736281972813,0.1297462932305624,0.0928594860745956,0.2512623469003973,0.6340025170595226,0.5089550693916635,0.6376621451001815,0.1405045032473147,0.38098412,0.301862134,0.378947368
0.0559558618391516,0.4740065277881997,0.6325955518461224,0.7543703531464734,0.2625539896051473,0.0061706216969326,0.5721474669932344,0.9471653427742516,0.4354236120254413,0.203497886,0.031102608,0.5375
0.1245713911593378,0.5348930296965293,0.7083187706406522,0.1594254227115032,0.1646889068319835,0.2668046491284623,0.4942754411245644,0.1606514747702468,0.8063697171520128,0.157202857,0.104171679,0.0
0.4292956803923338,0.4104084342527911,0.4293166105796352,0.4846659616830172,0.021274017173152,0.0259596327586254,0.498538120230156,0.586598653605205,0.0591034454391307,0.108730368,0.107547052,0.696774194
0.2425618095390772,0.2831059871151675,0.3896789525098412,0.7188760951499054,0.9700328532644747,0.8125017527903637,0.3120512819589077,0.6694159473279864,0.8560973364785471,0.100861619,0.282946339,0.64
0.780015748848193,0.2477756660058757,0.527497545139388,0.0191925654022225,0.6803173695208858,0.802137440786368,0.6426476484747448,0.6567722596463406,0.7040407173249212,0.177904544,0.569381735,0.6
0.0519649619789548,0.7885832364699769,0.9853209563700532,0.6845855121511039,0.6972248434071883,0.9570398138885332,0.1760512740501576,0.5136613799085825,0.6164693364277857,0.386100588,0.218439182,0.24
0.6892294447601893,0.4954498898164075,0.5159953143227801,0.4801748652438306,0.0008695363072266,0.2137820388959163,0.73963960470435,0.3202487892805251,0.6914919486214263,0.225388414,0.284809615,0.0
0.5485204442430438,0.2279046398087565,0.1363116514690797,0.2893313715210547,0.9291666464619536,0.9520892951741142,0.5705557552491406,0.1884440173437723,0.310485561984246,0.143742672,0.504681903,0.536842105
0.831532069008143,0.3858258605363753,0.858396062582708,0.6641389990797023,0.4275393066611045,0.1144232917061796,0.765830241639925,0.5995738280218086,0.7158686853672743,0.216835048,0.300609763,0.355555556
0.331631209548973,0.6647938458927846,0.9911841818500436,0.1395437289320217,0.785538191301659,0.5841479262720664,0.1789468719660687,0.2599634475555611,0.443370456176814,0.21771836,0.324573173,0.133333333
0.166677234285427,0.6612831359810102,0.9568225277145712,0.9811112515835424,0.5770127494291539,0.782649601756637,0.2730004843406499,0.2872992653358301,0.549036423179404,0.159575786,0.265025095,0.225
0.5839070249176738,0.9171722008654442,0.9948073595026932,0.3144285288392506,0.5177911951380555,0.6694596266065698,0.3753505658669547,0.4962172784592658,0.0676450712515157,0.332958153,0.584063533,0.6
0.1195889850710927,0.5977673037048449,0.6718877977202621,0.0495515871411043,0.2703794360861095,0.2923644301794582,0.9886745647405558,0.5730641985031373,0.0741098405237399,0.270412534,0.117414298,0.104347826
0.7527549423719713,0.3867405308217757,0.5066681018387486,0.069694864864964,0.0803659443852444,0.4429845287559675,0.8299149891990047,0.029700177772381,0.7802139542643893,0.205369758,0.506050611,0.12173913
0.8553845672123579,0.6320490486710468,0.5052247881944316,0.7649244455958634,0.5387425567027856,0.8772392440738321,0.8407908770793998,0.382845975062703,0.7225945456772358,0.386803362,0.695356427,0.0
0.7835876049011751,0.6349586782237879,0.252699020152763,0.2091375209280322,0.2072035694345844,0.6285966820967044,0.5265872120455668,0.9058124620103372,0.0892354721230219,0.265623125,0.514678696,0.171428571
0.647478124266113,0.3248627385796616,0.7565565361049069,0.0614754053344407,0.5033904945075887,0.5262628585993031,0.8214582643204814,0.1002288396365521,0.8529856146100623,0.178787327,0.431002721,0.153191489
0.0421353447559279,0.0412208603410458,0.560008584183837,0.2903338163578726,0.2594867825082093,0.0712367403218907,0.5864225376356209,0.6568932406337052,0.063451504998775,0.091982805,0.075964524,0.731034483
0.0398840998861079,0.5944637237496014,0.0964541923911257,0.6764473268017714,0.087794006082793,0.9821672582252792,0.6948258368353726,0.421967169888539,0.687512291703016,0.401472221,0.288139492,0.489795918
0.9072034097796492,0.9498839127207988,0.026227479737179,0.1758270456426581,0.020663095064348,0.800179523333147,0.2233679965825024,0.9829319811329916,0.9424039745991826,0.346648701,0.417853877,0.423529412
0.4941190512445355,0.2371748585794902,0.6266887642766726,0.5903032097030679,0.1323657606749639,0.5944214299620262,0.0470444711074143,0.0798220280898367,0.0081349408883955,0.089142298,0.489988617,0.48
0.2141641360020074,0.5822323797861918,0.3321348315798889,0.816510598556203,0.8525238780777783,0.670234114190639,0.943012694404375,0.1456216012515193,0.2421782043756428,0.284440105,0.429413138,0.52
0.0372362447920691,0.9853355665576224,0.2522143658139142,0.1651630939985401,0.1129153076035526,0.6244449060104844,0.9588240197885458,0.0891859809859972,0.4276953714865595,0.509383882,0.328680341,0.419417476
0.6757145399833866,0.0434673846288146,0.4849564465190203,0.8899470252777943,0.6462188944225039,0.8929825413560439,0.4550050158709969,0.3084751926905136,0.8725023281471382,0.079563927,0.474183678,0.581818182
0.4996023046520008,0.3904225163406732,0.1710803315936016,0.1172191757672443,0.2025521561555308,0.972217262986792,0.3146878454827498,0.3724167771865586,0.4812380758508421,0.148002496,0.286602821,0.694736842
0.4753942211216249,0.7081376195792137,0.8936317878822656,0.5078483536447412,0.5371230546950075,0.4483925857379908,0.7293781256810196,0.559291816162263,0.086593574244624,0.33635727,0.395717493,0.605825243
0.5923203590766193,0.7013162719322632,0.292451010272339,0.3330739138688208,0.5469360244085333,0.4099751458992048,0.3850729127750388,0.8166710229793693,0.6348839059715684,0.215159701,0.378192264,0.564705882
0.061852720828594,0.8545235973976779,0.6460022041967317,0.4945195462219727,0.3528520504238434,0.844802890957606,0.9112668269702124,0.2349290751031609,0.0513887331363633,0.406387132,0.327483309,0.584615385
0.1846792420946555,0.6165308763855775,0.2385483016536882,0.4288228939510182,0.4212804977530241,0.5730364964543696,0.5229797848980212,0.8768280565565396,0.8110833255411869,0.371021977,0.407497532,0.432786885
0.9262400637154748,0.245260505223869,0.7703755547565586,0.8087560743481954,0.8175784375969147,0.3742604426678441,0.6016945378437799,0.7297139773379513,0.4859220651716317,0.185192628,0.354494333,0.08
0.2402214927970911,0.5722978212284251,0.1627627899314851,0.5908741773101767,0.8186872646764125,0.950787339470358,0.8545010873129064,0.0339487972148481,0.4489781432210971,0.214052604,0.473337814,0.295890411
0.9001805029033977,0.0387927938251515,0.5228810245972275,0.9761563114024076,0.0903529597877402,0.0530950076168417,0.5153966670262101,0.5423610878627023,0.6908099113395001,0.102230908,0.111839919,0.0
0.9963198590158084,0.3016054643605517,0.8380074914597087,0.9740587406033864,0.7262220216746317,0.1052347390202426,0.6297813468349619,0.8323807506414508,0.9118348851552216,0.152499708,0.396359895,0.36
0.0988901018834489,0.6201002579322328,0.5270372840124413,0.9099673984513243,0.3519884133086286,0.2694725513978311,0.8351206768701395,0.110988859014136,0.8410604488913277,0.311707249,0.252583953,0.375
0.0490302701610347,0.4307527656486609,0.1769928466313398,0.8262385744886702,0.8514841267096342,0.1191368002229207,0.542026100474997,0.938435219899226,0.2770261605411496,0.241815975,0.063868216,0.16
0.0335072709794682,0.0006062205841389,0.4235099119485876,0.367838327158102,0.822330555446063,0.8293027910936477,0.6978111071759575,0.8319652334779649,0.9164453632482163,0.104051211,0.40913492,0.547058824
0.2281271980566116,0.2386054024589292,0.0290516434498986,0.5013068969689011,0.1579058951228744,0.0608911557954212,0.0441147423388407,0.0877772522721022,0.9930490549809906,0.124384375,0.091800193,0.276923077
0.7025126730680092,0.2357873363029043,0.2472922899982788,0.3573956753089755,0.2630706338997035,0.5158456028457017,0.344213923433315,0.8408594952136719,0.3632056996548187,0.074383452,0.513326113,0.282352941
0.1067612152927619,0.9172624239614032,0.2151191157311194,0.7797514810573205,0.7861843435231168,0.662999947232797,0.0201089645385874,0.8259781316367404,0.8904960009790258,0.367490959,0.394256521,0.631578947
0.7377013962964465,0.870656974431729,0.7022315623100931,0.6423193755993678,0.3740749225475896,0.3936765801492534,0.7062746397433476,0.3799167217853086,0.3755296602234154,0.420681604,0.418357972,0.625641026
0.5210151850024414,0.4521299213233406,0.4773363874771383,0.581791939745549,0.2305099698846009,0.3425848962778198,0.0633065080213766,0.3889471262857351,0.1296542358146931,0.137092809,0.324033256,0.070588235
0.6721691953915022,0.8266051414929622,0.5154665597743372,0.9539283185923432,0.8296536221001305,0.4896493796368339,0.4520605100972128,0.5788789186032366,0.0597903866644938,0.271520709,0.326281572,0.257142857
0.0033191700897746,0.5893311162251599,0.3039090517726472,0.7067609238442831,0.3885231931129276,0.7099556093398453,0.4032835623195434,0.3083780890880165,0.3287005130461852,0.221753469,0.273337642,0.4
0.4073895234223322,0.8923057400166796,0.2714846534392985,0.0993951714926586,0.1373229656829304,0.3889590770037822,0.7583288485127575,0.6468112166559795,0.7426753328484883,0.463974643,0.418329514,0.456338028
0.5110721759488802,0.7852137504549759,0.7837624734322353,0.3671286665895333,0.5492497977422673,0.2065753216095361,0.148256134968957,0.3870102615157901,0.5753778983394601,0.246939072,0.356970079,0.72
0.9638304752553796,0.1333750168475858,0.9615320595143636,0.7079451000295871,0.9129253301916148,0.1490877627390137,0.0795292477225944,0.6537834421619881,0.4475626621075181,0.075184296,0.295669124,0.685714286
0.2811444663606722,0.0362254735718785,0.9627129067191004,0.5552531457222271,0.4382244835728113,0.559711605935403,0.1140392398111759,0.4610417696314125,0.6497851323496238,0.077255661,0.26835066,0.0
0.9463340087315072,0.7917390410580027,0.0227045310094519,0.8641186335281424,0.3547450658413115,0.6089272976672157,0.7304114781603961,0.5137987969198647,0.0007675453180221,0.33382084,0.273324672,0.776470588
0.2845000770555957,0.6563754787125766,0.413094657852156,0.5145373753203859,0.6546334269651702,0.0069966312300787,0.8533373124606142,0.9413338983749252,0.763560780793871,0.332860303,0.022114185,0.0
0.4380075820902052,0.5027165959970946,0.9996439547394084,0.136620734255163,0.0374583414117809,0.594105037131432,0.7137316253257489,0.6813168544662063,0.6867961922319473,0.348872651,0.443987697,0.211764706
0.0960404946980539,0.1934597861290161,0.1422046068193745,0.3209556694784182,0.6410308042990763,0.7208199223455942,0.8515512656066908,0.8016920493735344,0.2222564635096886,0.114399343,0.326775901,0.509090909
0.2849073558969682,0.5074213998142116,0.2027530573210813,0.7631979319398845,0.7465804280691024,0.967297480317155,0.3355257679390122,0.1690237370938306,0.7254669595687472,0.119012275,0.296016032,0.266666667
0.0720704368890049,0.9619188250760176,0.3973826177731766,0.4899273722522115,0.9339444409511284,0.3319429272738149,0.86259432572426,0.2765356070699681,0.2142037559168307,0.638848177,0.178442307,0.06
0.967835737508684,0.9954403657392352,0.6771806867502328,0.7201564424853587,0.9286408302368264,0.3861345015888957,0.528310058891722,0.6917952157290651,0.3086799383567579,0.71452414,0.477885866,0.178723404
0.5020133908855235,0.7309230458825273,0.1697073936769841,0.5500351383850726,0.2969402049041381,0.8914243813467786,0.147550863874384,0.1059914292748869,0.6095623409001966,0.247743589,0.520528812,0.3
0.2906977440601441,0.2433371755835583,0.7667478800771235,0.359662563994514,0.4453797211150011,0.7611063350777766,0.6949923247364915,0.3848780555069122,0.6875521778246778,0.140689824,0.416946058,0.409411765
0.4883360902416104,0.8711895097621837,0.2734418942894999,0.1293252014125705,0.3783790504595379,0.267660589508328,0.3192738876492152,0.0473493192144893,0.1471674133165418,0.332134046,0.343316531,0.208695652
0.0686531595447497,0.3484838603409258,0.7319225519001131,0.535599498789589,0.4570526726975679,0.0947743043733517,0.5452961882692835,0.969221456412242,0.1881365807300054,0.179169076,0.108823561,0.7125
0.611321337277223,0.0309757301422779,0.0707232822424471,0.9953327919771546,0.517852397150493,0.0146814550281562,0.3376905648410085,0.9502899777500988,0.2154790453800983,0.050414467,0.091906903,0.658064516
0.6694725608158577,0.7707745561836324,0.8794676153052853,0.7265980238467884,0.7192985564024799,0.6458228757235099,0.9502202987282756,0.4505954382713636,0.7657200740422196,0.568215585,0.548991381,0.573134328
0.9171596110770356,0.5390274051766024,0.2295353807922558,0.872802028196414,0.4777786192694441,0.8986879119050322,0.0908239284195114,0.0540987156340229,0.3651300545743382,0.096394349,0.604836267,0.266666667
0.12510691534746,0.0368133980988497,0.846791661112233,0.5861238803027872,0.4667434910433615,0.2460127349368003,0.0537746620854157,0.5273844575823683,0.4431518215343444,0.076327307,0.130501495,0.2
0.3838212882006815,0.6362040007009059,0.3293594292247741,0.3715363052840633,0.7181382713253077,0.5815141582274482,0.8569559184509372,0.5190298008778879,0.1578198187452216,0.23837851,0.415892558,0.18
0.7171842280349028,0.2733845787983667,0.1898911014638997,0.1486195644398573,0.6835575597153736,0.3763619990740603,0.5963629850873126,0.1904877852107254,0.6222888589162829,0.161129741,0.480126107,0.236065574
0.8350347061888841,0.3895940613955085,0.1451111721816964,0.7079290273596587,0.0073443708190031,0.5459442716213027,0.1355080130146463,0.4597386802643682,0.3583551170362676,0.129548821,0.491397135,0.24
0.0953162946771933,0.1832114706971372,0.2197509701183192,0.8761536002559077,0.0782593922733283,0.6102243759649627,0.5435625214706311,0.2227057525275989,0.0354781326675504,0.131107258,0.196023574,0.06
0.373517351706499,0.080368664376024,0.7217872262738627,0.3192608567222998,0.128134720487003,0.4481912053311626,0.3818006995438353,0.7144685022157828,0.14079472775908,0.063577801,0.429765616,0.192
0.8157977386706375,0.05913346163043,0.7757943938089259,0.090737812088838,0.0432958276017718,0.7952484665390032,0.2154765545318399,0.8934446478940803,0.7370896318885434,0.076342438,0.786733465,0.0
0.578096474321688,0.2814518325096775,0.57045368077273,0.6540424578520428,0.324535447581623,0.330700669454244,0.2690950324531416,0.92017388959184,0.099561617257308,0.126712257,0.414896895,0.0
0.293360599596247,0.6482806327075425,0.060777474495099,0.4843200284694225,0.1697375522657519,0.7065447763618184,0.918751444564372,0.6186021539440654,0.2663624119384961,0.197796631,0.306341314,0.0
0.8946904055545718,0.2857538835142753,0.7058591895953467,0.6854943776502833,0.0652636667632649,0.798297625678435,0.4971888534394331,0.2484978078529135,0.5428972405380761,0.148196301,0.495664594,0.342857143
0.8365415572058928,0.219936208983184,0.9406120259110852,0.0874556295541721,0.5535153792185544,0.2268446255737418,0.7802789084965109,0.1356770446460677,0.2167925240432137,0.145257293,0.409834558,0.4
0.3326004310842313,0.9506121480230316,0.3338998208742024,0.0126407383045973,0.6438063184025126,0.2089164283058709,0.2253236026947481,0.3541112627079691,0.3738696427733373,0.388119469,0.351272518,0.631578947
0.988832818352324,0.2649540737353465,0.719494486961974,0.0680326426005837,0.8053914742908698,0.4723492345334751,0.1421464501747182,0.4507389890639874,0.8610524209002687,0.156534798,0.508053555,0.0
0.8906602607251074,0.9080348817292722,0.9197135545876172,0.2919966467548419,0.0457328412104535,0.1146116607261585,0.2326629739935185,0.220235572930188,0.6196118622882438,0.335060007,0.358432674,0.109090909
0.1705687619222786,0.7775203517415618,0.6903022144756672,0.1065023454028156,0.2666827689355444,0.2646119789783487,0.7843423540407704,0.4448638598624979,0.2600209477366931,0.368794833,0.295684569,0.697674419
0.2799450900572511,0.0308643227473045,0.3745966902277097,0.5366231566362977,0.9346299015480928,0.0270076408449903,0.7197271123864796,0.9082962898130956,0.7759248359549868,0.093500649,0.073913091,0.608
0.842302578486877,0.4866176625737848,0.9022026208912804,0.886032813242475,0.3642722541454821,0.1868576031109671,0.2437708886528165,0.5180036808493185,0.7131308830452392,0.120128101,0.159770954,0.0
0.4020077603962982,0.4674586276079217,0.2328611986742805,0.3101346585269315,0.8716161491701808,0.0017412614670043,0.6295924561936908,0.9413702326400408,0.9993976274475604,0.27191399,0.018149756,0.0
0.2423043888453339,0.7953557651111532,0.5633120040820865,0.428349336503757,0.8648503899640273,0.5404631724458918,0.1893882921630776,0.346812624587737,0.0259425271985194,0.278342434,0.184906811,0.45
0.8531494007058268,0.7767435398026103,0.9840007379047336,0.9955407155277328,0.0043002060372365,0.5876345581197314,0.916293078884102,0.0641488049317443,0.7189851506693576,0.452909506,0.64154323,0.375
0.1468290458058483,0.640186285309959,0.0391740869432608,0.4089189702892866,0.6177610495659286,0.9936752588882936,0.9682459263913052,0.580262154098101,0.7479474770732013,0.294875503,0.352928627,0.144
0.6948610185624436,0.832048237882365,0.2243109189943013,0.4023242037855239,0.0471211300298222,0.8805066501614155,0.5550565626959649,0.7380646461010207,0.2100857003204926,0.377455804,0.523729827,0.5625
0.6721646806206152,0.5836495688608757,0.3814411273223463,0.0324577021299582,0.8398340912189007,0.9312778098774608,0.2526979198058512,0.8879530116843449,0.280050497195234,0.236558338,0.633417642,0.342857143
0.6051238922646702,0.3550575112945864,0.6137821737015404,0.3415056035601487,0.0336510901253409,0.1539033457579043,0.9430223235116508,0.8699733045836708,0.0961574792938133,0.164354362,0.297139588,0.50625
0.2454481744563622,0.953363998920949,0.2933470074334278,0.8341477458802258,0.4559809390931247,0.2592543251063264,0.7063830658289396,0.4297312671404062,0.0583868270179134,0.431224108,0.32003858,0.680412371
0.6328658621319189,0.1674637105102058,0.7077471781459876,0.2378428566306922,0.3057457473187693,0.413068199959815,0.8053745801840754,0.1304293116138071,0.8711658343034512,0.14550371,0.433585709,0.305882353
0.2896888580372327,0.6694658674083049,0.2702515451051875,0.1802113208553737,0.0756405868780292,0.8998237687463141,0.0022195810911092,0.3129979572644017,0.3689856672929597,0.234778385,0.334550511,0.514285714
0.1702397647958224,0.3118447549852783,0.9085489934377556,0.7632727154302406,0.4577998233031478,0.9845023735202916,0.8845097973548046,0.4772855869924632,0.7855543681437287,0.189869932,0.462102178,0.38
0.8417849858012666,0.7682626960520608,0.7989374052554665,0.2170332617510288,0.3876899250667295,0.183241330897251,0.1572413042989774,0.3579741111756661,0.732655710187709,0.178884193,0.360118255,0.171428571
0.3600378732164399,0.1772292328869801,0.4163703603224545,0.1278403567385413,0.0658592818251205,0.3261924445409592,0.7751004355300443,0.730509014453359,0.3612835718897189,0.140145571,0.297660567,0.447058824
0.221632063173301,0.7133504121091501,0.9788956048277024,0.1874576837975747,0.0329236519444574,0.5379904213106039,0.8622646071151726,0.2127316894768381,0.2430333990842845,0.401256956,0.367947756,0.259459459
0.1480630489367658,0.3438340312934173,0.4489366272856765,0.6989835368820367,0.6359133883110006,0.0971334272179984,0.2182168643833837,0.9263206907495932,0.6413583551865119,0.099012341,0.082794436,0.08
0.2772061974786861,0.7415122571189114,0.1270471435137222,0.6179946725281785,0.2685478506465335,0.3429511267630323,0.2773522905282249,0.2792560929428692,0.1491260602096504,0.208381089,0.2810025,0.327272727
0.2126405000482168,0.4046368847210786,0.4923575492574106,0.5152366742985164,0.1388602805355255,0.7075389589716918,0.8140167302636175,0.5952223155537484,0.9441057726511394,0.211722696,0.24611049,0.15
0.0713767604303927,0.4889584979281544,0.999475725241692,0.9369902694718714,0.9520257958901842,0.3174394719650181,0.9190038701187327,0.1686555887189817,0.0763476682418096,0.246050921,0.17057784,0.514285714
0.701791858563789,0.3088036069232346,0.8994710812287514,0.4107046295010707,0.0381779355432455,0.1365104747478275,0.4906191465875557,0.8273317845499906,0.6302490150245628,0.129695404,0.393026645,0.266666667
0.2445394748245872,0.9456082062004492,0.9258498022484856,0.1603524950046637,0.0275543696799047,0.6692888411303903,0.8066172382128196,0.4392720621438365,0.1355373991460676,0.489492885,0.249800113,0.053333333
0.1063835277864512,0.7343613326537566,0.9138360812714662,0.576816449922046,0.0585119772246187,0.3760015118877833,0.0973317555283811,0.006745585310898,0.0700544777747039,0.275098526,0.14482322,0.2
0.301012026224928,0.2091463974290516,0.2818401168158336,0.4319078086666944,0.8516838997790493,0.21573240024444,0.9705821030372316,0.904102244427875,0.5292934590747239,0.138843659,0.287197192,0.365217391
0.8623860349068493,0.1069453418808156,0.8384985777782414,0.8025606766751816,0.5539444768116248,0.7148598151767712,0.1780705110885428,0.0489303828415917,0.9191503816242984,0.023744534,0.850389809,0.0
0.7106768389269712,0.704611724663896,0.016094788571219,0.3868202315996391,0.7558459493955841,0.2031271384838593,0.5661370274384527,0.2479037470968336,0.8315583987567843,0.334754828,0.362348685,0.656842105
0.8458131418839917,0.0267630232362997,0.6111387888463202,0.2260132550267795,0.7171997831493073,0.4370018248355294,0.5387554915217069,0.976925974639326,0.8933170025592989,0.095187988,0.624474696,0.0
0.0798450679002578,0.3293067487853208,0.3156110279748605,0.4097391579003722,0.6149289067998742,0.8217331986422501,0.0387100175740431,0.6345761783394396,0.8713818028285933,0.113484466,0.390789656,0.0
0.0835424567177396,0.6586119427910457,0.8383737207279425,0.0763005028460241,0.4000682205403827,0.475607559731201,0.7281192548011589,0.3985969447278915,0.3011241413365886,0.336769726,0.252267483,0.438095238
0.5347510780829439,0.126299597231542,0.0467856700795769,0.0006156779314319,0.4908283319140808,0.8729133037383522,0.0985317776653773,0.8080538993910517,0.7702313091088467,0.102459743,0.545731178,0.0
0.2968481502821536,0.7618089367897442,0.2382566289088271,0.6607214405138406,0.992660725265627,0.1532742899563368,0.6847413993252311,0.4830506511199166,0.2873197417594036,0.303901126,0.235599541,0.451948052
0.0816820031764545,0.7366208476998932,0.1494669694343682,0.1832593975494202,0.9516945815639604,0.0258340967168715,0.378444413853472,0.4509400890376548,0.6919876916831584,0.256162113,0.03328716,0.109090909
0.0899755121102189,0.5358845441955785,0.1022669221838471,0.1155767126142982,0.0848376551456489,0.8161164481310104,0.3855851733710591,0.2439761021659728,0.2700632845983585,0.118448588,0.156635729,0.0
0.6274903536140113,0.1928902252380514,0.5131321495901131,0.8656770452094975,0.1284949067346682,0.1745826224947712,0.8604819958627394,0.521670540072379,0.0788222269997057,0.109643577,0.243366007,0.218181818
0.8540612498811921,0.7383076895294629,0.752332338043888,0.0564248342707249,0.4381623570811065,0.1303058116547836,0.4727238450295157,0.988180673854132,0.0036461977119003,0.263693075,0.10279546,0.553846154
0.3172890634355496,0.5138186028168908,0.074859449852869,0.4719653213169625,0.7199710820132122,0.0438693284222508,0.3238696625075999,0.3816371633156775,0.913050938999236,0.17788965,0.080326087,0.0
0.7746480972203872,0.0372340054472799,0.701851399926515,0.3064037681653193,0.2623466313264894,0.2143125101858587,0.8213802258109062,0.0603450605293991,0.0071538324149837,0.084627222,0.408810771,0.76056338
0.0799172879747182,0.3531141219243146,0.5933355648408447,0.397672659279356,0.2449794761560906,0.9271983972553184,0.38035165187601,0.956722552475063,0.933188641583858,0.110211469,0.298684529,0.32
0.996983302473987,0.2114726899654087,0.8146753403605603,0.1298758239844331,0.9625756125031768,0.7507621431145378,0.6190920957805996,0.0724348828384998,0.1124638079799987,0.137124706,0.451642719,0.64109589
0.3562223741587563,0.6735962701929789,0.1430264503618252,0.5845033894056285,0.645329801640349,0.1487604642077681,0.2731538844725871,0.0753139858557427,0.9390226769076654,0.257580159,0.229040678,0.092307692
0.2430367544470418,0.6206393387589512,0.8076573902745456,0.4185609654997897,0.4604709990381871,0.7831951814179706,0.5859061853854275,0.8661160181756324,0.0441304188691964,0.299219243,0.40282697,0.663529412
0.8565392671269844,0.4664059576030959,0.4620183087663686,0.0147138325686031,0.7528508622747674,0.4357349811572769,0.7466542365952495,0.8425160517273208,0.2399421900404829,0.262972291,0.436927651,0.455172414
0.939118671478552,0.2738732074158934,0.2234022066240032,0.8465420272381927,0.851314481650966,0.3392013733733215,0.8212062901649549,0.7302973809010772,0.3842258013769838,0.151455067,0.430185396,0.52
0.9267098576092228,0.2533396024245117,0.3671575356299213,0.3495781800877208,0.4217645838905194,0.1786154935050584,0.9685683243621988,0.4723831697643917,0.743147723650613,0.132031162,0.433204583,0.446715328
0.0048253457161541,0.143579484776586,0.1608926593223004,0.6317111340077777,0.5573711154205845,0.6151271542033396,0.013364984666765,0.3831188590643811,0.0338973811399806,0.054034714,0.169848529,0.252631579
0.5250047088026045,0.5751835577861547,0.4968916487425603,0.9945936206092082,0.0485408342427375,0.0811961871992835,0.3804010485382424,0.3458683541941353,0.501704813109244,0.161649784,0.1453182,0.109090909
0.8947006398858078,0.7249593301374775,0.4079424419278192,0.0433847761444962,0.6181187687921188,0.1988652137637212,0.2227594493211155,0.3427087862240273,0.0389024642007886,0.158186016,0.258853743,0.48
0.6513955249178149,0.1517404856980212,0.5817705911730051,0.3280159987191825,0.2122564300337419,0.9735021628735268,0.5564884542464845,0.994724830626922,0.6174806561615306,0.123333546,0.655717858,0.0
0.7287278261926019,0.6633404794867374,0.1777422697994053,0.5834191906581112,0.1148119090536748,0.0713990066014699,0.8394990609549979,0.0794342479723015,0.5361878889078794,0.320136305,0.273297155,0.417391304
0.5298571027041455,0.3957387435858711,0.475518335948505,0.6163555921817728,0.6166019287577422,0.1713888363413838,0.7667660754146546,0.1314961460049326,0.8360674487063263,0.208006251,0.363339113,0.428571429
0.4829292038532782,0.9710776017851388,0.5812795182685221,0.2129636724264193,0.11897280700716,0.3632729981467094,0.5112512177554119,0.8204656853512777,0.7559698171208502,0.629002602,0.390755841,0.579775281
0.5464151916444294,0.6744675664439113,0.0568540264696684,0.0785542774915761,0.4838041949467712,0.1569532505334921,0.2601619090619241,0.1137214140346788,0.2768053969966895,0.197488991,0.229662805,0.0
0.640622956251188,0.5221041977031539,0.6566072903877092,0.5855296742879056,0.6355619385951665,0.9635664518273688,0.7110651361459119,0.9477958059460074,0.8184308600317894,0.281207557,0.587941685,0.410958904
0.3088746925116371,0.0579085025546022,0.4026625690280898,0.7933803109437233,0.2932161977044579,0.5190489257480806,0.2408772318800506,0.9345665397902928,0.3658101701349368,0.053641363,0.34497164,0.528
0.7973531075820066,0.2603818158158295,0.4896254311189115,0.7436783199673241,0.7855313458822473,0.7097078059888434,0.8469424068359874,0.333830181360135,0.1520154683765729,0.177175156,0.467841105,0.618181818
0.953665063290728,0.2931879024882519,0.8566284972739873,0.753375121142971,0.9891263784663744,0.4263914526210536,0.842653998289161,0.7486155624190647,0.1845709673449732,0.161136833,0.377385552,0.415384615
0.9809800893012592,0.7908945312033965,0.1187223265811703,0.7996727707247692,0.450527386564958,0.1378205447245548,0.4060952994017399,0.0147748222027943,0.1028439965250617,0.260543644,0.288701613,0.72
0.9959659325036152,0.9163752428964856,0.0285609594168487,0.2883354903325476,0.0885567757881643,0.9262768593200554,0.8261125044771236,0.1829975881764837,0.581682372332944,0.408233957,0.685718953,0.375
0.4350764360302859,0.7366970527277293,0.6461684223315195,0.6699449918066762,0.3966902278983644,0.5115573385935209,0.6755676843655521,0.3257500850755891,0.5209640533832677,0.394252709,0.396139575,0.443835616
0.3657243850033437,0.5812772562244916,0.8442801038492054,0.3530884828935876,0.9070141432434832,0.5766627494808743,0.2232394796205027,0.9959812325734532,0.1678358323709221,0.138754936,0.35198121,0.48
0.5672146853485063,0.3722144472710044,0.5346971307913772,0.4373664454289373,0.0703487520682047,0.5393162979273785,0.7565322223657217,0.423334058680182,0.6670059427841061,0.237147922,0.533441535,0.570491803
0.2144818967399877,0.1792939872836757,0.5182551439122475,0.6236613570891918,0.2159147689103624,0.9584826960299196,0.0292982006264775,0.4829494772260881,0.4832051898341741,0.092278366,0.226430856,0.0
0.60163211708578,0.6945809953947557,0.3885999895898632,0.2835967668717032,0.916824506746886,0.0455042046668975,0.6326781199466152,0.702896714875073,0.6252073552718743,0.398897856,0.160303766,0.613333333
0.0747460089451083,0.7955512402836339,0.1782400520010408,0.3434835808916336,0.3551859740737981,0.4005279243740951,0.2183339286056038,0.4326255497662031,0.950469066658492,0.328350958,0.27582394,0.616216216
0.0764459657183856,0.3271091248955921,0.901960618698876,0.4540977873576546,0.3767053111068204,0.1524033207254717,0.809194237348054,0.8268591089605393,0.7021957601677782,0.223136862,0.174345776,0.618181818
0.6201939094116014,0.0441643632159487,0.9149675835519324,0.1696944459182912,0.1831444373284577,0.2709278956976302,0.4564464265749336,0.6647834943990181,0.2884923178500627,0.04387388,0.459752019,0.738461538
0.6102161165626219,0.7477403565218654,0.3258669013387808,0.4675283983383376,0.6928106818260623,0.875638717056792,0.5154434303515778,0.6567120024693659,0.8858681967660272,0.436261806,0.567319178,0.0
0.3186857419066892,0.7204033511060693,0.0071018899322519,0.8214913524506877,0.9491290467437248,0.5331071483127836,0.8493069875406836,0.1332047846757961,0.0273528110975758,0.355143353,0.331978329,0.6
0.4801705974229886,0.8520867137840562,0.2014650942057783,0.0687199083739997,0.2417410986910438,0.6359314199340087,0.9048644599519324,0.9504044008435968,0.2644810932755942,0.475546105,0.479919119,0.57
0.6515198389226122,0.2608636428550166,0.3274519197766725,0.397077522745606,0.0871308013594105,0.1139054526802069,0.8234734997876093,0.2353276269741802,0.0612624561472407,0.139024167,0.154266484,0.025531915
0.5961058244296568,0.0297683415296197,0.4983949220671735,0.0283491791261482,0.685769050946967,0.7133237400829368,0.0735903838689445,0.1753685307371512,0.63459334122442,0.076617369,0.458679101,0.545454545
0.7117274974869122,0.9031912989935212,0.0257233361715797,0.411145235079712,0.8718333384271021,0.2230633668862657,0.5842099211761401,0.5074141620059051,0.9639904364083004,0.48394136,0.255348696,0.0
0.1524075200754465,0.7616207471160961,0.3068508160889537,0.0222458750823715,0.4876304603885862,0.4053739070688553,0.0824489301900692,0.2736803914169141,0.9917366379648928,0.332026398,0.353304379,0.768
0.8732108712202191,0.3839240812613212,0.3554871284128157,0.6905839035425069,0.5782765132858224,0.7328123864990022,0.3811907632391265,0.6210070263190434,0.1174296217387124,0.094656734,0.493426168,0.48
0.99122181349559,0.5374427275738587,0.4189627919338686,0.9815070949786154,0.2982310280324899,0.2725012598919026,0.1189352784438564,0.9311476188597312,0.0165880769704844,0.108047915,0.351142955,0.423529412
0.9594974134817648,0.9175531993218624,0.5050485613118583,0.5360125255307158,0.1177002179596136,0.1331397665539634,0.7690835626817865,0.1517381707371612,0.5132197918278462,0.587462057,0.337360367,0.523636364
0.379284512838863,0.1811958832919147,0.5147385821023838,0.525289947220017,0.7201549595014948,0.985105301007148,0.5400235968055543,0.9450100414359244,0.177956977961301,0.143556461,0.561414354,0.0
0.3619027302072367,0.1031944650177787,0.3139635709654362,0.4305820765695634,0.042455968074573,0.8103863079350805,0.8106747125236176,0.1623457751210723,0.9878801212263636,0.108754112,0.527347935,0.268965517
0.2464254531411922,0.7741139055594652,0.4761050207569445,0.3168855369963733,0.046047804498595,0.6382270614224466,0.5096185622498401,0.8335973786912395,0.3563128650602237,0.393799589,0.449394055,0.516666667
0.4865048533650932,0.6012012243063001,0.3620222437323565,0.984965846220452,0.2481518960616414,0.8349911561727809,0.6659435831580782,0.5542801505541762,0.4054726184433538,0.289923596,0.480093992,0.0
0.1609586349744499,0.0321668580719628,0.0942009239751947,0.3080272551644358,0.0877019476996188,0.6610742142598778,0.9809365828720462,0.3291744869289111,0.3938678886782217,0.081439711,0.313823368,0.411428571
0.3773737640077284,0.3518050573404979,0.3114180568815103,0.534489738610373,0.9404924473846844,0.3515513809226396,0.6880170905202061,0.3818320883800441,0.8611510267012401,0.199333146,0.324703333,0.0
0.6197394602901533,0.3774791525267417,0.4355419231988454,0.9783695619370992,0.2332879564504701,0.5611110830885193,0.7817907883983766,0.1524114904352975,0.6909851182611464,0.175810316,0.485810696,0.543396226
0.4085835705106807,0.1777766186538873,0.7237437558460028,0.657364853057394,0.1823453311427147,0.2707091631932024,0.5432596138230777,0.1216471340837495,0.9653387523311636,0.148226439,0.393994901,0.5
0.2209339185099735,0.3758281516832319,0.6538861126058713,0.3132468627032122,0.3858018507385152,0.785143311880114,0.1333359432891391,0.6659598867496369,0.305308065966557,0.112106735,0.359390699,0.72
0.4077868565820283,0.3876167362863961,0.5874968670780379,0.4776387788866626,0.2253437939101459,0.9712824692692016,0.4155561234706167,0.5269941930463654,0.8942988043508814,0.133026525,0.391098616,0.114285714
0.5953972474507052,0.1732414906350015,0.0802860324828603,0.2864619621899795,0.6792887740398922,0.2988674991748733,0.3932130129273653,0.355183928044005,0.9319235538234076,0.080635534,0.419574821,0.266666667
0.2538579128309344,0.6680822588504143,0.8123969510210894,0.7250756311881226,0.3380474991226002,0.142641364416536,0.07456842924845,0.0660395999125181,0.4356576240996209,0.262672018,0.173777327,0.776470588
0.786668462541243,0.2470950652440868,0.0540605256432407,0.7573771951255405,0.1068400707312062,0.2522303811056967,0.2885529679661528,0.1116144783813909,0.2212043684030139,0.091515559,0.37336182,0.378947368
0.7229457981875531,0.545559802860834,0.3281985948752771,0.7577437877333748,0.4666577033304989,0.980281913889421,0.6800371079558719,0.9951412179954752,0.8651238924297493,0.211248269,0.443654513,0.0
0.3234428551638022,0.0291603615691763,0.5999604062352588,0.284988840710124,0.382739766575716,0.4297325086441222,0.3706584115761366,0.696850240915091,0.5349059508409217,0.090593885,0.245794561,0.0
0.5244642103128548,0.3111576051715654,0.3159342939013501,0.3149725162649673,0.113870240505646,0.4575307060155472,0.3545349379489705,0.679405021976582,0.5804429393238647,0.13078462,0.484389568,0.171428571
0.0181463009508102,0.4305136687083049,0.3049163574327276,0.3941885392278539,0.5793867374165745,0.8767392927105576,0.83200447437672,0.8283748797954423,0.5816677022500485,0.196445431,0.315185237,0.20952381
0.641301144824845,0.1746436878410376,0.3216352651512508,0.1100999998136078,0.7592270095805156,0.7049976903974361,0.5730719515148779,0.8310225059022951,0.647356885790259,0.147728265,0.508700157,0.381818182
0.236716553955614,0.7401960212515788,0.5024404007955562,0.6547740458057034,0.4636510245880869,0.7180677007597682,0.4823676852881157,0.0239477956782631,0.6229323537767273,0.258343623,0.42642502,0.568421053
0.6095104831039146,0.8745159721042159,0.8670217990742611,0.9987359849678832,0.1106829109545448,0.5997365406221619,0.8291298687858971,0.4411099455561486,0.96574872986547,0.511902555,0.442125865,0.0
0.677107505632919,0.3828258091509082,0.372570330668687,0.4599514916054147,0.980629691941021,0.9979530429325256,0.8734793846975611,0.6295022384463164,0.6465559443405388,0.163397206,0.594112621,0.0
0.2227883389861701,0.9921751927171722,0.4921407139213881,0.134285638558509,0.4332680574508746,0.3845240547830432,0.6967442258960178,0.4238400731490449,0.729888703505659,0.696027024,0.213450259,0.0
0.5327995228817572,0.0682034953299854,0.6222065761982624,0.0150775287283799,0.9938095891096866,0.4774195448469567,0.7995534840934051,0.7949149372689929,0.5478944710571372,0.119606132,0.469343472,0.04137931
0.2028703757355017,0.5028015853616464,0.6084547877235639,0.5635630312579459,0.7778596185490405,0.1880409920818998,0.7364572702524615,0.7441849236327743,0.8943091139765434,0.259943066,0.143424674,0.133333333
0.0292906322663576,0.2189207335831241,0.5466695476436128,0.6989259850551317,0.1246253653357001,0.529275546687417,0.7235407851316877,0.8217356393390288,0.4074046535266764,0.086784384,0.19191863,0.0
0.59845025006293,0.0938718089916329,0.5048423368466236,0.9441462435678116,0.4453969870878859,0.4514770883073168,0.6571790870066496,0.1608428681013054,0.8555806265169049,0.121920483,0.377295122,0.293333333
0.4393020991118036,0.6002394115666051,0.1649359481322343,0.077792669613029,0.9564356740423536,0.5757071538954106,0.8372851833742059,0.4026916195633967,0.5595751188151141,0.266178208,0.36972338,0.0
0.0135178184446843,0.5185298290435875,0.8684186350301895,0.4597705063391278,0.0681596284856632,0.7170816182784078,0.3980576488802939,0.0238043304174758,0.3897737455352654,0.173358423,0.22420413,0.0
0.28875418714424,0.7612882796915611,0.5837870905351635,0.464603958467466,0.8133983734400545,0.1972880113083608,0.3813697027734096,0.7124927245700549,0.518685964097911,0.216098793,0.089418497,0.436363636
0.4911783833479268,0.6750036806577633,0.658144799744172,0.2011843629440098,0.0441464442043433,0.6873929952658241,0.3201285275878728,0.0712289526405305,0.1644275759082091,0.155316111,0.406039566,0.0
0.8108232896597669,0.483603841664601,0.8503145588866764,0.6468767431004077,0.5904016981898145,0.3225492547530176,0.2796974319424213,0.5412409924261271,0.5800180254396151,0.1856913,0.421472367,0.48
0.2859774689846687,0.0863589353928347,0.1310134285981656,0.1351719324849807,0.7302805350403199,0.8250355804221172,0.5043369933340026,0.7542092769756817,0.916054393596779,0.10829118,0.422144012,0.282352941
0.5084094378931567,0.0152135555391748,0.3017292722460911,0.7179959275224983,0.690037823076951,0.3110497641561013,0.9973378639406306,0.4260124881086666,0.2066184588484636,0.074405936,0.30193613,0.16
0.7448100295257166,0.9525116263082232,0.1389099540264605,0.2213975011950958,0.0166321342302084,0.204258642836034,0.8438156327418318,0.096065580052108,0.5583933415846511,0.503507109,0.438213015,0.48
0.2890172837587955,0.4554317607032349,0.2537327858093163,0.7662006762143935,0.9003146514102587,0.3958059649847015,0.7821304744363988,0.554018851091627,0.5118933325618638,0.219622606,0.285372124,0.2625
0.9010778354512516,0.3544557145969172,0.7337832607762453,0.4425111309308157,0.0958252967926704,0.3464683518982432,0.4921962234263264,0.6376583309747137,0.2574304170016627,0.11246954,0.409980831,0.436363636
0.1475357709292895,0.9337981207248228,0.0929520938029749,0.3526635840195653,0.8441300453031374,0.9857939124111268,0.0882053818032191,0.8352687484844555,0.5590787907247844,0.262653976,0.433286782,0.378947368
0.8008056711909222,0.3209555229259787,0.4112763446491059,0.4315625005931428,0.8270760304590621,0.5693324927645923,0.6353379615494757,0.2256661856788288,0.8035828064787919,0.18193234,0.510056901,0.54375
0.2131932113968412,0.2010363463894656,0.5934424917860365,0.2862812116553114,0.2353596206870685,0.2298693222471481,0.9509294994992092,0.4314379357388954,0.3857136238874136,0.122449977,0.229107924,0.5
0.7185272947050962,0.2283336301801061,0.7214013612595,0.3533120584345047,0.270803398682313,0.1364150524970748,0.1163705348201261,0.9379916115783168,0.3145299422975693,0.101545166,0.237318247,0.0
0.7028297628100912,0.0627727507563198,0.0592164678261771,0.662103785933901,0.8564160804764518,0.4620844287608333,0.6284748334767876,0.3028130485602567,0.0263414554831233,0.078089774,0.38598012,0.384
0.5399313844434693,0.673082408320159,0.9008701869104284,0.6138986781230247,0.6890559275272584,0.8002564836907178,0.2108893792473207,0.6981302135688972,0.8047657591575367,0.251810809,0.393439008,0.0
0.2402899676519712,0.9577458965158284,0.3257843908339592,0.3207157387024271,0.4649887821434064,0.3811320131444118,0.8497017760925382,0.2991182486906486,0.8339074115850761,0.586952206,0.342651021,0.6125
0.199354556284523,0.1010851713317364,0.4012286128001885,0.4135778203838103,0.0967319896428193,0.5812867200359653,0.025719777905164,0.6980367195187652,0.2953753601121891,0.066270117,0.413795405,0.6
0.3748575790406004,0.6785223745429239,0.4708506163465026,0.3814508804447766,0.8862654607232074,0.1755188465390121,0.2045763890521401,0.3700938397559281,0.9759596564866336,0.195914183,0.112409184,0.266666667
0.4699879918978287,0.700456677708288,0.5003405985481085,0.1086530590648366,0.3229721400641934,0.3793891854509061,0.6804555792824367,0.3128645033084707,0.7552846515480809,0.348454802,0.359645058,0.533333333
0.90172053152694,0.6299108559247697,0.2306614760647249,0.4479676599506912,0.7218010709797363,0.0084028567113647,0.0156125431217536,0.9511112066513936,0.4464817341476083,0.233436101,0.103428596,0.514285714
0.6920485584384808,0.600431341588088,0.4703475766432932,0.1440354699919872,0.2754342174126416,0.4430756185593237,0.0785947557381442,0.5952733174057349,0.3483385015114831,0.169936975,0.521008655,0.4
0.6194338522958044,0.4812605263380707,0.587668302522605,0.7814916869571918,0.0126351694339267,0.9580457260654552,0.0101995500864233,0.7843611615256347,0.6152714362087692,0.169003116,0.702820971,0.133333333
0.0812004509017726,0.5874933097678097,0.3025123012584332,0.9272589296874588,0.7013657184844291,0.2929181763569243,0.0207191740647199,0.4924416623414843,0.8516130820238975,0.110124371,0.139875137,0.0
0.2771408206239246,0.8673961322355908,0.5749962908626316,0.8670254953638672,0.6952856862546736,0.4171822046439417,0.5787857036338501,0.3301773661891709,0.7240216565565065,0.625108153,0.293038733,0.0
0.6678916380150514,0.6317537424696045,0.4556403555438474,0.6766718162362045,0.7902124342109994,0.9230909302086096,0.0614794320953273,0.7622490587914107,0.7569966343737025,0.208847426,0.516737704,0.36
0.3290941777537857,0.2295890700267091,0.3517518033448363,0.3458117705963154,0.2268367698365028,0.3706255503283669,0.3239157686849506,0.8038654978595783,0.9047613112481742,0.078232248,0.209342037,0.0
0.2967514409511945,0.7572152426265621,0.1941403853061604,0.1069018538741293,0.8347699875695495,0.8918330011236196,0.7586579889428136,0.0835734552917898,0.5734492108931439,0.469485124,0.505911624,0.633333333
0.813787170750644,0.3448650762236314,0.4990365008495265,0.1794615388941844,0.0722819991183963,0.1595739767258812,0.0025591602751479,0.2349972902876959,0.2236817678911885,0.121099886,0.314081106,0.4
0.7395342540990886,0.9524967479096608,0.1794709310163686,0.6140193696421634,0.9802728089466598,0.9166887508660808,0.9961183178153542,0.9604448462166952,0.4955563367334633,0.476146462,0.533525031,0.348837209
0.709706882068508,0.4807136994439009,0.4277326162886878,0.5454209613535103,0.947208315597941,0.1105708193878851,0.351880928925844,0.3160341274182978,0.965862514138604,0.180238046,0.2154015,0.571428571
0.4206819191811326,0.4091506551475122,0.7859337177165094,0.1795137930640817,0.3827609593186934,0.248055934820592,0.0654043454798914,0.6210156797510595,0.0951601559130128,0.102022838,0.289353561,0.571428571
0.7344783784308483,0.9384550521363112,0.7150894043979626,0.8944758043906299,0.7321190104769132,0.6924689681094575,0.3865696767932678,0.6963589592980163,0.0069787318659241,0.27845693,0.122097373,0.0
0.7567212140707036,0.6901270477500999,0.99440376647894,0.2062798835530256,0.9796276083503876,0.8415532774926767,0.6270602699581372,0.545666088978699,0.8873665590576965,0.443084633,0.566523638,0.583333333
0.0446397290957479,0.0843281579350849,0.6345143950937647,0.8333926269152585,0.133988139458121,0.972092978319782,0.6387198320195787,0.3853278969483976,0.2019315749309963,0.085477986,0.321046519,0.518918919
0.9939573398736752,0.1723294655377868,0.4244061344243431,0.5964122909448566,0.7931252124218391,0.045898624346355,0.0145136270247596,0.2171146583011851,0.0981280923381571,0.098294948,0.028114725,0.0
0.5221139891558495,0.3800156783321603,0.0659201622879049,0.1256798131403247,0.4747255043484619,0.9225692655377165,0.7345697218192083,0.6758979404220345,0.6659435664481524,0.196557517,0.444409154,0.15
0.2724971067895383,0.5268846672857355,0.4699494387118013,0.44237026427422,0.9845639724754496,0.7185927009762657,0.1251587707338891,0.7231806283101077,0.3397459905857745,0.172953336,0.49700497,0.284210526
0.8909670077705222,0.1068124611301351,0.448942202765738,0.2079184793455719,0.131135674294599,0.9041425692637104,0.945673801510563,0.2311624095264908,0.0882087014865073,0.09811137,0.501508617,0.646153846
0.6667826835090258,0.70407822570312,0.7528747423807126,0.2335113408726122,0.4991102394203218,0.096969326572268,0.0518416253151261,0.8473122511443121,0.0693486167264926,0.238123128,0.123087697,0.3
0.7566905767692675,0.9271274049110364,0.2909878406430104,0.5618834446981513,0.8476858756265663,0.6505124053398735,0.5341052372997152,0.3196911822920175,0.424780524894675,0.590864718,0.417229079,0.666666667
0.2214217696163717,0.0032639004377467,0.7686222121191176,0.7632171355533764,0.4887789702890777,0.3734925230077948,0.2065997034510155,0.5362631245441274,0.6831115468152229,0.087562845,0.319753208,0.0
0.7378658882337753,0.8725687674596162,0.7954927751577299,0.0980355848743528,0.6734077858509766,0.3289817674179432,0.0622452556230759,0.4830753053048403,0.8707580787316791,0.368085927,0.371761429,0.466666667
0.2248671408502033,0.2687861130866636,0.055809318919228,0.0096341489238148,0.6503201919756347,0.855905967139994,0.8363576208994576,0.9654275593541408,0.3713095471094614,0.122751517,0.378717026,0.118032787
0.6542702511829821,0.8320062371009985,0.7717045551662973,0.0091094591211166,0.4012616552327832,0.1389478378219347,0.1882287129400794,0.0002468448990357,0.6348313249907033,0.284452307,0.14956486,0.15
0.416491626041928,0.4916318805775078,0.2864743956180385,0.5767949698758881,0.4391436086487473,0.6869910708740624,0.0939695276277884,0.687175528837367,0.0892789219557965,0.127290286,0.529596111,0.15
0.7325503488215291,0.0541377100695616,0.6822889086560989,0.4605935799788168,0.8769278589106995,0.4512662877111505,0.7028966508546369,0.6875670420976034,0.032051905362244,0.101622883,0.315412296,0.366666667
0.2929937609017589,0.7356654929450519,0.7286034070828379,0.9974116137547426,0.3210715035660575,0.4199829487949358,0.9530685813708816,0.9406890206467772,0.3175596720375495,0.462359362,0.411644725,0.392307692
0.7522630702070273,0.0350095534346261,0.8545344892028139,0.4616341370697626,0.5817393934246939,0.6749687844925261,0.9782474917886966,0.9669164526190482,0.663173901440443,0.092715313,0.543107916,0.0
0.9174834226019872,0.7572525866841635,0.3908767550747385,0.2201820513053923,0.2795290908866225,0.3092975480994315,0.184565020699807,0.5529387213486986,0.4586398353595322,0.297629645,0.168549291,0.276923077
0.4966507076993915,0.1079724343600706,0.0023642480938903,0.0739672102495954,0.024190890812491,0.4432244987273215,0.6549088111288991,0.1064843288796469,0.6407844799713933,0.111519593,0.519267003,0.592771084
0.8651550115038026,0.7187281645539334,0.9158802172329906,0.8685857473152259,0.6674207799704864,0.252775954031249,0.8319961683698194,0.7524146902867599,0.4558286995716917,0.474681105,0.472730177,0.44
0.0527203245430548,0.1577746812407581,0.4481291561986472,0.6301115974660859,0.5092475067890333,0.986975484496643,0.9189327629862272,0.0311643738273128,0.48382847277465,0.119730543,0.387953347,0.407142857
0.7730585573103126,0.936233331331811,0.6675901554992807,0.2327636507451423,0.7074097553178009,0.3542902160408776,0.6240959797489156,0.8994258877521065,0.9155384863897535,0.755663438,0.336635428,0.306976744
0.6641080473599694,0.7105275363472918,0.0910495571609075,0.167388787004921,0.3374103994756363,0.1898326805591018,0.1179446468217167,0.9550875580678838,0.4456569902824715,0.169189306,0.328900553,0.0
0.9328208714646968,0.7886541551634574,0.22648603588454,0.8515785561016624,0.754633434968756,0.4371279652708656,0.5391592694710516,0.7216899454862251,0.9631246449271416,0.465211987,0.545640594,0.0
0.4935632456690649,0.7994254755528138,0.2035366301347446,0.0807863189394424,0.3051676712339582,0.5384818998207822,0.1821238616037402,0.7150204090079901,0.1440835155969961,0.248969836,0.374303674,0.257142857
0.9835832687011768,0.892779522035283,0.9145557747711976,0.4943612612099743,0.0766430708282167,0.8870247646839503,0.3916718941956357,0.6769570731460912,0.95739011515621,0.417320782,0.598716895,0.133333333
0.4826397816941518,0.8662004282104476,0.4922425115970623,0.9310972480138338,0.5694148512427075,0.0477916980420179,0.871294283315448,0.2681513517680107,0.3613015390328167,0.531630193,0.106020475,0.073469388
0.5198374155909979,0.5143710162005131,0.5562089412637796,0.3620850473396662,0.6423178104657069,0.0806721208759818,0.4242997146513738,0.8525421983075555,0.1698347887170673,0.142196991,0.216620387,0.436363636
0.3739060646565844,0.0348025238404502,0.7495377081929483,0.0519566148017425,0.8329534819359857,0.0402335806914897,0.207826580312047,0.7721991130267399,0.4298821965452205,0.068198789,0.052727136,0.2
0.4432443021716314,0.6965731972588871,0.8741205335550678,0.9762895762105392,0.720118064056826,0.1241569668160865,0.1935297972212882,0.3124556290794638,0.8425071597412574,0.221738425,0.335189526,0.6
0.3948145743737674,0.842842946403028,0.0506391872233853,0.8976466803437877,0.4902476303495655,0.7133918477071424,0.7536736961186641,0.3134588460219071,0.921724445561129,0.519746698,0.380023999,0.54
0.4973808734863364,0.2531441355498945,0.4071650848040377,0.8100782856819597,0.6736941803653255,0.0507183797863138,0.0294494380912839,0.7255746534289563,0.0833145832198847,0.073436679,0.092821026,0.327272727
0.528809750365259,0.7248650513592702,0.8133232116665747,0.7391811397821328,0.2066839204470328,0.6969474951711909,0.82332566546105,0.3387664103057665,0.2158864990944069,0.348345872,0.469533269,0.488888889
0.5729036864777303,0.7248083949743033,0.2167658585089236,0.5031298596376901,0.8379506397870864,0.8190731394033168,0.9479927720785584,0.1468201660137328,0.6575350120907667,0.364939059,0.455941229,0.0
0.7166301288993824,0.8750722556595117,0.6082182107029176,0.2900482538455127,0.6741580729030159,0.1639351287348055,0.4094236502072371,0.6754455635433323,0.592194597848455,0.310058547,0.274605339,0.24
0.1663404284444708,0.574923382195111,0.9423101076935808,0.0590480133479311,0.1409028001371171,0.0795208642688301,0.1399467811455697,0.8382708045670503,0.0501011078325601,0.177714381,0.071449473,0.728571429
0.0882913182323792,0.5064846258674995,0.9512148153217378,0.8170851561489217,0.4821139460389712,0.4076931347152877,0.9277307103091912,0.2079369365587522,0.2313463258846319,0.307101369,0.199467933,0.070588235
0.3048596335916617,0.3396249296453066,0.4438584039461144,0.3600606949768932,0.8757348319205666,0.2881153369996243,0.5991149588034562,0.3476746544646814,0.074380039324403,0.173114226,0.354309755,0.6875
0.9289845756688392,0.8897637387070371,0.5370547304673987,0.5525853062980093,0.2875904435704558,0.7828505045763507,0.6549374376541319,0.6787928822754673,0.7219243416586212,0.658260165,0.468163891,0.190909091
0.9176084683614396,0.6039855222280083,0.679780415070451,0.2303636572750786,0.8072547785252783,0.2777399973357085,0.1492441021231458,0.3793597332914171,0.4735706240500853,0.191764668,0.470828449,0.728571429
0.2388982316592446,0.8061159533383078,0.7730292206891219,0.4252964193989786,0.3074453070656342,0.7644538646931459,0.6947600877628665,0.3799840030784875,0.6366605671726231,0.548037266,0.45260507,0.171428571
0.1118403860558322,0.5906340134224232,0.4667912772805195,0.3512456299856963,0.9225893334235304,0.6090273686943328,0.5655546287845044,0.9952038390256684,0.3977436425689636,0.270403059,0.308846674,0.264705882
0.5492240314398715,0.8191199763996236,0.4249790529630717,0.6360960661593549,0.4600432535025835,0.2167007417091098,0.4366587267603822,0.7295930300692581,0.9843445978717628,0.306405784,0.267126558,0.0
0.0342851678419249,0.8906171258770524,0.5071242085348725,0.0199626315385933,0.208750289242145,0.4865184145728406,0.7386113344043131,0.4317831587078795,0.3240820892688618,0.623097249,0.145202146,0.133333333
0.2817199624638464,0.9733011088968382,0.3890398378423215,0.7224762951586851,0.1893829978355303,0.9260114647530152,0.8583151480062324,0.2720334658156941,0.038224018465455,0.593253769,0.375679704,0.230769231
0.4670976307216015,0.8463973295203627,0.5442680879365002,0.3485860809756667,0.4195048138516087,0.0409314598200152,0.883828336658339,0.4599709420622802,0.9231416873758952,0.589997019,0.137518737,0.514285714
0.3264803869100116,0.2788799074012171,0.8718027186823994,0.4495334954056392,0.2154398504918245,0.5129902363032661,0.9941653260074226,0.7338021511588266,0.3027318008529915,0.128576386,0.329083434,0.0
0.2024047171282829,0.0430240678881681,0.2963852332417606,0.1326296483089539,0.464018959468824,0.2150418161256304,0.0321647701618516,0.1944188498373529,0.3005734234168113,0.059834862,0.284939159,0.15
0.4320752929639476,0.613428025669342,0.8818121166047783,0.5852393385574833,0.312231410352999,0.4482858064041271,0.1057473949683232,0.7161195516420586,0.0801476728338657,0.136835831,0.245116576,0.776470588
0.5694410244415142,0.5909460168073786,0.1222007045470763,0.2234203657743015,0.9219728462266492,0.3666361939155056,0.5968572697481227,0.3097567860684798,0.9282885124975608,0.330128382,0.358530009,0.77593985
0.1462642433856052,0.0446580830135709,0.0743085173966231,0.7340763007791308,0.3705640621796002,0.3009567601120356,0.9254081879367548,0.0512197703199807,0.8273192903469596,0.092564774,0.127049437,0.0
0.4678339881461621,0.0276667575526223,0.751972502817383,0.0759208132229798,0.4975760621142318,0.5023168648800673,0.0585186293151704,0.8541983205140238,0.727040980756518,0.094406081,0.372771168,0.818181818
0.4340103928521268,0.1575397393640936,0.4294222865197626,0.6394851946103608,0.4964876354252496,0.0143891145752033,0.4383416959474909,0.371875775467866,0.9219802571947684,0.092922247,0.042703081,0.0
0.5719229790464642,0.5900602139256529,0.5495229456438837,0.5506634901255714,0.6826525073148352,0.7797690836831109,0.8195355225884181,0.0452171451298476,0.5935536155225599,0.29883896,0.453702508,0.284745763
0.753480081622323,0.4845608026438588,0.7470536893460883,0.8530409940270948,0.0895465937064176,0.8785112761389575,0.5754186830534433,0.1262249570187843,0.9179072495633728,0.271668078,0.587987224,0.0
0.8727087514495242,0.3302273982079889,0.0489828760179171,0.2960100818272096,0.9617787684777528,0.3822171587728443,0.2469844622499456,0.6366216081445925,0.462503918402639,0.139893043,0.440209348,0.705882353
0.448151815042647,0.4670417418824693,0.1912661745358088,0.5978693483976651,0.8195422235001403,0.3236215457886399,0.2893388074730978,0.9051198735264996,0.6728939727535567,0.135760008,0.371907091,0.436363636
0.7963367840527296,0.5339004706430529,0.472342561888595,0.1999937231381744,0.5360221874720787,0.6104920701346945,0.8377449511784067,0.7377131323960238,0.0669404098822223,0.202335398,0.471541027,0.681818182
0.0905636305623851,0.0065952102184135,0.7543759114949026,0.3668988885939215,0.3838542978840875,0.2170987436552552,0.3302222697262663,0.9539958405251192,0.869980452914933,0.062465031,0.212236314,0.4
0.9332707132705788,0.5625269797622977,0.222410309973323,0.650331393478077,0.2003368822843066,0.5217901510594428,0.5418136978180942,0.7137659288856246,0.0907934289051314,0.211880769,0.396369364,0.052173913
0.5063200859825606,0.8431643010598903,0.0679841716636814,0.2114592470529628,0.2811984267729046,0.0346932065258163,0.870925452188676,0.8477576787649929,0.3202500781234247,0.352493854,0.119090351,0.292682927
0.7419972428730579,0.5039267790923675,0.0062136202016409,0.8955160181326826,0.2299691129842764,0.1634840043155192,0.5747739609404015,0.7504839167612115,0.8126877793504151,0.311451432,0.185078102,0.075
0.9849251487581432,0.4868593578006124,0.8661005119228025,0.5636628508287944,0.7907523289939703,0.4198029115773227,0.4921925953085024,0.239553197372892,0.0909220216075159,0.149556272,0.343326965,0.423529412
0.2541936805462373,0.1900768496974099,0.3529952934752955,0.2999221872296502,0.0550015945563097,0.6096870255404881,0.2978739921898807,0.6612430195328289,0.9375336944802986,0.092902883,0.391451408,0.0
0.3481855394705054,0.551870221438105,0.7965515028549719,0.8455348731005073,0.6058671963101584,0.7439197721522414,0.8847146099647858,0.9531295059438798,0.6861023468380912,0.263928842,0.350622955,0.257142857
0.8535709043469483,0.4512686257767965,0.324557273900689,0.0708870029181096,0.1409894912376563,0.1377320319638789,0.7710960758420592,0.7155311831267528,0.0377549988607365,0.200259864,0.198056524,0.144
0.3167812781702455,0.5605238176152626,0.7961906583768833,0.4216477187560399,0.3288473019263593,0.070113534410212,0.0344880724529601,0.6736517911801149,0.8881647638594895,0.201462018,0.105143324,0.0
0.544320993769655,0.3049463269813548,0.2777676934622392,0.6115768142172814,0.4858181587166318,0.6542221382560525,0.5305647985230536,0.0158868872245002,0.7355354603099417,0.179506769,0.49988228,0.073469388
0.568735438561091,0.2261353547105212,0.4635518909231151,0.5960762458503986,0.6498081260625963,0.8366241641383539,0.1988227199313431,0.4464267945079634,0.6499091182674296,0.085236325,0.498023054,0.48
0.7528459567632032,0.2658744496018884,0.8837069472681701,0.7790068577532647,0.6256824305537197,0.8032758910381415,0.4252204812338278,0.6736335458990599,0.1331087483608688,0.118162041,0.568387299,0.6
0.3112186185771478,0.5873634307231351,0.6066442289890204,0.79719897558506,0.553892680650083,0.9112002780381884,0.0521824236762799,0.7363068149373252,0.5986943754468114,0.161677364,0.444712824,0.0
0.1286211909255185,0.2636597784935257,0.1075139832874948,0.9644610935231506,0.5733007357762933,0.3835703202631262,0.4001736196258185,0.3810030794850594,0.6509258501195245,0.107527274,0.221029654,0.428571429
0.1084049004593565,0.7858281174053022,0.2191265807044985,0.1916241700772873,0.2078607565306501,0.3158951030985258,0.4000853833761481,0.7949109709737804,0.9508440630995528,0.303814102,0.199030425,0.369230769
0.3920173846038789,0.6392015287339988,0.7555811090232585,0.086586096927963,0.0605864319777794,0.7249382358855772,0.7893168141573024,0.1458249032442965,0.0247222941666261,0.348181856,0.282885719,0.673972603
0.978796015133114,0.4243595159840519,0.1294940807726511,0.983846176087391,0.3039650055363267,0.6987061411244742,0.8669953264486346,0.8097995964799233,0.5889314796442292,0.208887708,0.55187561,0.072727273
0.3476239823907723,0.8231429207153259,0.032086956373474,0.6613241310107814,0.5431934611820985,0.4217684781143106,0.0146153778972892,0.6097535378552912,0.0914395856701245,0.227534146,0.218746504,0.0
0.049964305675718,0.0758930829748167,0.8014306495892419,0.4049635581280002,0.2372891781278988,0.0353212202056951,0.1643800040720356,0.3487146330737368,0.6915624006351233,0.089806847,0.043051577,0.0
0.3507093198533552,0.6043190090206791,0.5107565118797757,0.018971868938215,0.3969012933474488,0.0672356441930925,0.8425068345010831,0.985025312157356,0.8386513294529475,0.276569198,0.108133609,0.145454545
0.1934635854692074,0.0280007660468379,0.2722354031273259,0.8276988394074333,0.9727609010654428,0.8315982785154674,0.2100648785505409,0.7172620466879231,0.6149169838078091,0.071012387,0.569696454,0.5
0.7967347118263245,0.7333254344244837,0.8866345462293732,0.2228140739172316,0.0457233400401986,0.45793808423722,0.9887911925810152,0.470489089449992,0.2948542544042394,0.375980485,0.442935767,0.293877551
0.266668433987652,0.758994124993176,0.9945930829590336,0.7666354362940384,0.3624119097486701,0.7871962772660347,0.0483372637351304,0.5251760602231936,0.0034446220570141,0.200140148,0.30746927,0.4
0.0412991557124281,0.0985245631723891,0.3625960721600132,0.3280039360209232,0.48217402361114,0.0053235556620692,0.4239195461365845,0.8650686607671989,0.6898767427070148,0.065597826,0.026203858,0.525
0.9398023629426014,0.1097437633020123,0.4687480229977515,0.072458331083223,0.5877535320292553,0.5155769290575343,0.5982312432356618,0.6358846985049197,0.2295344351767123,0.133491532,0.515245392,0.666666667
0.72416195725089,0.7550218961775196,0.5425690342690337,0.7194052429273342,0.2264807198694397,0.4551103376988279,0.5843639820192665,0.2082224298431708,0.7217839458831689,0.546292603,0.448398206,0.457142857
0.6950503617827914,0.301586174967614,0.0277718280017018,0.221294570260871,0.3041120599763491,0.0442607668725502,0.6087772378742357,0.4558014649956818,0.5420969493566653,0.207593764,0.170016863,0.342857143
0.799643207193645,0.414741595744753,0.1493227237205926,0.0124999026754984,0.395611069141769,0.7523949289902054,0.9421617440924728,0.8341483464745103,0.5634064027896022,0.140022268,0.542751181,0.458426966
0.1494357656943209,0.0413135397915638,0.0558890057068481,0.1829099083760234,0.0344767969804896,0.948676044832298,0.9812069715016604,0.479759252808954,0.9902994779110116,0.119662555,0.400898027,0.082758621
0.3467263958034684,0.0313566923401281,0.18150355487622,0.4593887946806277,0.2411548658056166,0.0501276549710262,0.1996842647169385,0.0533467455204452,0.673761587325445,0.037695515,0.146343732,0.675
0.6372570361194484,0.5896113204773845,0.9303259293897892,0.9643515224921428,0.8653229879467724,0.3092019145451923,0.7271074435754229,0.2739316532587527,0.2016529478225315,0.274532659,0.253352095,0.0
0.6637682730780611,0.2217408775141631,0.6312304204485881,0.7604206028185069,0.1305172940839196,0.0755873814043868,0.547806786769121,0.5774854152196581,0.884822142306082,0.161484231,0.086958965,0.0
0.7759493297191226,0.4448976788291501,0.1351850288383965,0.2783110314579193,0.2021850067130953,0.260057960820352,0.8154320923717249,0.2942661203450023,0.6146996941417278,0.178378853,0.366398893,0.727007299
0.058178262013359,0.7085926866850356,0.0109625213399937,0.5745298239265246,0.1024177012472589,0.7507821518333344,0.4145309667989897,0.9023916941466198,0.7883664941075111,0.250512709,0.253645236,0.631578947
0.6418495523929802,0.723993881394567,0.0228524145018917,0.9203425820892094,0.1619473991453787,0.9070407210457352,0.3877712649266677,0.0535017346343621,0.4564687845852012,0.246955953,0.67986727,0.0
0.7741008732954507,0.6570063630127662,0.9260972633213784,0.2979863762954974,0.3634395660377354,0.6039528700776763,0.0470837511357016,0.3184854143036716,0.4117108054041799,0.192966946,0.475667739,0.65
0.5460938727402531,0.5366329113172162,0.649441849126481,0.4177746247317349,0.0520704339682589,0.8024557034902414,0.1238888473044649,0.2720189029747456,0.0017565817006963,0.240209603,0.425494872,0.36
0.8342855886768121,0.2958079982413752,0.4301464822508034,0.2728622372744365,0.7535309323915267,0.6537496435756905,0.4133192419989908,0.142441118643291,0.4891551476778899,0.10107102,0.602773818,0.272727273
0.4246223745329074,0.177450880171843,0.979311976991403,0.9279283716979294,0.2698688822571305,0.1373974856053248,0.8919708232178647,0.1711122602922318,0.0742400379124611,0.103328852,0.186600225,0.14
0.8820514136540657,0.1556430553692148,0.5843285838768475,0.6970615520960087,0.3847445634501032,0.7284114343427724,0.5920509221645023,0.951954181527886,0.8391700252156868,0.121312334,0.518689349,0.1
0.1275295548819496,0.9776519119598868,0.8617854561024825,0.2104363386999047,0.7744460811703499,0.6457823724032412,0.4778929750834931,0.4577255300034677,0.1541878125230141,0.557031218,0.244819181,0.0
0.4481677210656397,0.4898233046568284,0.430182081103688,0.5759633887612704,0.5659527568047333,0.1837065553952857,0.764018493541213,0.320388384215284,0.7740253959254612,0.244623554,0.244349819,0.352
0.9816121685024024,0.1448490485302975,0.9176264874990704,0.9752181358223044,0.4477450080096466,0.9147434010717864,0.1775756418427553,0.471518333356782,0.8613520704953872,0.090451079,0.517843355,0.2
0.2181878240746831,0.2495087982043909,0.4279651707618328,0.5121267177507299,0.9977027351533204,0.8007946438282135,0.2954430560818121,0.3228653389668261,0.847953220825814,0.146006419,0.457912608,0.48
0.9131161491000812,0.0519576547976932,0.5957579831077454,0.9311903990572226,0.6700024648516171,0.1508066901523389,0.6472639610139547,0.2833969033786936,0.357934600493286,0.082450581,0.279397464,0.4
0.55505387518445,0.022669241914519,0.4377574736027653,0.0783789579426927,0.0272505268353316,0.4424935169843116,0.1164596657016133,0.5223385810625012,0.4267604705515092,0.061173618,0.520162695,0.48
0.1704029895337162,0.2300352847067875,0.7087905825394665,0.8088631913497529,0.2735828882411185,0.4804721100091068,0.5149839808459277,0.9051984724596388,0.2392305453397534,0.14283632,0.345522041,0.576623377
0.8243902299771765,0.2150620693426261,0.9726076457118572,0.2450123979426126,0.0459553167486487,0.9374264805854526,0.4168873099253611,0.41495013361863,0.2045463862142718,0.088101868,0.742144306,0.6
0.8136164975265403,0.2733315245568881,0.2734392573380066,0.2865684019051475,0.1221530926165556,0.5023134898836829,0.518747361970688,0.456830473857837,0.3758550877366038,0.132932764,0.531135151,0.348387097
0.1354111696993818,0.7109167667440479,0.4705156942342554,0.0178757501675876,0.9594302383997751,0.7526643280044083,0.2897044402995175,0.0327690735956937,0.2545198653063003,0.245341339,0.216121961,0.057142857
0.7837840965955607,0.2578894805698624,0.889395557743707,0.3070881150202446,0.9406222739468894,0.672637081423906,0.3744617886570537,0.0934941891415912,0.3917486722777279,0.140511134,0.299503124,0.3
0.6464429497187734,0.3862692942740342,0.232432565724851,0.5330392401008057,0.8731633921692191,0.1963088368853494,0.6289498443158267,0.3843824007349673,0.0120101233191385,0.124063111,0.132523126,0.0375
0.1734356358404927,0.1615861960688697,0.3814645611948928,0.3974490957979971,0.9740449991685036,0.0828041152099992,0.5712282332192109,0.9588687101120906,0.9224831243287523,0.134384833,0.037608833,0.0
0.9899883207125068,0.7803243116897183,0.5710444037514738,0.059050271490968,0.6746722549032019,0.8570519926881567,0.6774076872128992,0.7987297099330258,0.5872783002869283,0.373952313,0.646536741,0.254545455
0.531803641207645,0.2988012049961169,0.4142909570016346,0.3813726228321635,0.1032899557567165,0.0883069525202996,0.5876927395618315,0.8673021862454623,0.2381510206222626,0.132877987,0.114083741,0.030769231
0.2913243724479283,0.2277947013753238,0.6877132719255425,0.5054377130292085,0.3854046591776243,0.9430264193931328,0.5816160282112196,0.1436854649545361,0.1657660806141601,0.139139006,0.412707918,0.40754717
0.362244714588751,0.8521108870933332,0.5710384521933892,0.9529758507551288,0.2930182555609023,0.0001825829835941,0.5116320918914122,0.6871147530822572,0.2848937209210105,0.413405177,0.037546055,0.422727273
0.8055790322276271,0.7822874856375321,0.7956658179570764,0.4779497124899242,0.622231411732735,0.2835056390388981,0.1799071795035882,0.875882931019784,0.9529615542262124,0.316316875,0.533993804,0.375
0.5247784158335156,0.2981481664545321,0.5999724710284917,0.940585801893528,0.1382984857753527,0.6305912389128275,0.4220730627300633,0.2850078610834131,0.7968328856460781,0.114147962,0.318092143,0.0
0.9899739295626784,0.1214145114725839,0.5108913601749373,0.5210041585533642,0.916436543066588,0.9455189508054072,0.1530326972111463,0.050370861601145,0.7753982649456677,0.06885018,0.401269394,0.133333333
0.6104860082403285,0.718256294784704,0.618902111867567,0.0560823203484546,0.0876303183617804,0.2584727664229337,0.2061536093277985,0.6420944576552985,0.5765830307217565,0.295412354,0.134716033,0.48
0.6180875143066293,0.8740018229870182,0.7574063166726648,0.3812730832302803,0.6407990302081902,0.5141293244120475,0.3026906085203159,0.5932362104429573,0.342267856758638,0.30152239,0.317775788,0.461538462
0.309333662582641,0.7486824148393092,0.2303381165927989,0.2519814861139544,0.3685129227831545,0.3271125786824319,0.8752550998544946,0.6984947544168753,0.1826864783727139,0.415321079,0.28181361,0.672727273
0.2403744714423515,0.1252911900622783,0.9102878961603094,0.1335352192946661,0.5253082266950593,0.4192747785699168,0.0812534690132043,0.542348112754383,0.9145506603750646,0.077392087,0.178988204,0.0
0.225696882854963,0.5687018168792632,0.3674476994523949,0.4026208946556607,0.951097908820798,0.3947984419121363,0.7519714249331468,0.3050790269835849,0.4926804693798375,0.316635093,0.274813028,0.681081081
0.8220864351634857,0.2548164002047908,0.6722972638047883,0.7439379275738486,0.967553104935826,0.4056415130507863,0.5226705901967996,0.4580766686096612,0.711940500919405,0.156580741,0.396388993,0.259459459
0.5959053022318661,0.390868476140617,0.0819724715427969,0.6104774676222141,0.5475212908796953,0.0042135314077728,0.053736421890714,0.1218470280433249,0.5641857491731761,0.110495946,0.026042674,0.36
0.740749095603344,0.2477767875039815,0.9788815202578106,0.9231748914999128,0.9202218870141348,0.1449572225872613,0.0943193813250944,0.8105689714114884,0.2120825678127565,0.082611432,0.344116651,0.48
0.7375168166001259,0.3891694953241904,0.1385163940102529,0.8572277528420018,0.6481684177685234,0.9650819491764244,0.9327481058956736,0.7257342160981354,0.9191485613598452,0.196388944,0.541294427,0.0
0.2039753019324379,0.3724290648156187,0.5493607943968812,0.0558903471163982,0.030591578099532,0.9647893717520624,0.5762338984656402,0.759826823520789,0.4160447737521855,0.174608341,0.453859253,0.521052632
0.9735732114522948,0.6263069386616534,0.9922629797056384,0.3494077303996676,0.0573994414942191,0.5603646371246579,0.7682355045997129,0.9223018106466204,0.4604695926698481,0.367351188,0.485255199,0.075
0.2981238876454665,0.9987223346433844,0.0861184405590971,0.1272832118279501,0.7006089654290295,0.957785088932276,0.7174924085858474,0.7723617307778171,0.1124036433749343,0.589246416,0.347761786,0.163636364
0.9742954938168044,0.2043383283061112,0.7782527238461366,0.1619531588317528,0.6276401781203735,0.4665545645793646,0.3883964814534563,0.8692688819059747,0.1890365538569552,0.068077516,0.402643532,0.66
0.5175852310205227,0.6316037141677937,0.1350646386612987,0.8991673036472364,0.0365713947583026,0.5694409246441757,0.3086251359026932,0.3844968895934151,0.5509321725159375,0.216247934,0.341792687,0.428571429
0.110313551669174,0.732421909320233,0.750181173904485,0.6554765575058406,0.9872200332115052,0.2659519915884766,0.8677193372055063,0.5959719042866433,0.6022935795058878,0.379995894,0.110304237,0.0
0.1125770252945155,0.913647071283184,0.6831991083526684,0.4773757633801061,0.846185637789477,0.8208316715341231,0.3080851699256303,0.450095731948016,0.5784825441657613,0.437430094,0.194810449,0.0
0.0101011529382261,0.7186167124200044,0.6665493679986679,0.2185258718844152,0.3147467214882605,0.5279717280479359,0.0177874212125804,0.7713680688617961,0.0373743369683979,0.234168669,0.196808124,0.171428571
0.4061156654251383,0.7137933335734018,0.5893522198438862,0.7850189634030178,0.8399017039527528,0.5196204528518092,0.2598481325434987,0.5248206837433885,0.036272514292477,0.217010428,0.425511692,0.375
0.1529864745594572,0.1559079443921722,0.8759148496488667,0.0026593407924836,0.1091341391387222,0.939595902291884,0.7650985346634965,0.2554690249685075,0.5615742138353675,0.149197174,0.399173856,0.523943662
0.0308788316714359,0.6874249409802211,0.7306365887127224,0.2263101148007151,0.4842747607671457,0.6566600326661993,0.000970316558568,0.7566183086974044,0.5325548024658463,0.322765375,0.253484928,0.342857143
0.9440059208653124,0.4870253875032193,0.0928357921727376,0.0777943269847217,0.6577849995695026,0.8321109111479545,0.584723901250319,0.716983152935452,0.8649570908638639,0.269453116,0.566313233,0.061538462
0.5744928340187097,0.6629528389862013,0.6284927025035533,0.8638570777948764,0.2705530897478653,0.9844272833838704,0.3711604676802664,0.5824972142454069,0.5352431243887216,0.226516622,0.545323955,0.4
0.6915395970265957,0.0642320829671996,0.112535167242017,0.0672807501529419,0.0215975022091349,0.590610411337502,0.1419532278344449,0.3347196430686321,0.0070457540822259,0.07022638,0.452763513,0.3
0.6175472487899908,0.5422555170844815,0.414571053540067,0.7284485565171865,0.7379975450265704,0.0977527660496676,0.8101295987127525,0.2436092859164322,0.8465417597968049,0.246196758,0.215634927,0.362790698
0.3423428615300341,0.7364463891244509,0.6239034904411792,0.7271085151677316,0.5073655292140675,0.4374395996851501,0.3272448819354508,0.4316873860619483,0.5995976022861244,0.379382088,0.352392309,0.733333333
0.9291551441408552,0.477530253125211,0.4716053724703384,0.3252163264797355,0.2773367723906682,0.894304130919904,0.8399460463585829,0.3531535250372793,0.0671271169215507,0.194174212,0.419005381,0.339622642
0.4178114960293301,0.517919921261852,0.4189106106121233,0.0969265094655379,0.2164444093716985,0.2051419575321107,0.3547858106654737,0.2617500471446478,0.3378954000760581,0.162069619,0.311269368,0.171428571
0.2433488851198209,0.062972802749605,0.7200411474284899,0.8881777609387547,0.9019507244998372,0.9142578283250306,0.1084733179529159,0.7595443721410761,0.9729997867454688,0.057292214,0.229332483,0.0
0.2509709854000913,0.3547980516839276,0.8372544325627796,0.0223730880397984,0.4069170840029913,0.5078687086110067,0.9314212156097949,0.7314334900459344,0.6600918519525782,0.16900315,0.397483751,0.563265306
0.9179754133279128,0.5383343226758323,0.9395958751439022,0.8977687868168673,0.4526916232119988,0.4893328016157205,0.6048481099172194,0.6807679355156484,0.7113542927389084,0.292718655,0.51201336,0.405633803
0.8033183705734106,0.5672746664076076,0.225228062536784,0.0069992289598237,0.3246536441062898,0.8009948706202109,0.6030415798853394,0.7121183118769666,0.7702664807225054,0.324582947,0.587128248,0.562025316
0.3959464337289911,0.8291143573148679,0.7170865731544068,0.3326670922012607,0.5971586518943955,0.2089410002685516,0.2470962018452285,0.0848095401380688,0.1729101581418819,0.179504916,0.394375721,0.635294118
0.970966918146328,0.0360703750389507,0.5282457548304949,0.6986935508051558,0.8307555161347577,0.7244598670129243,0.8876887097588559,0.3542036509397183,0.5594223116014444,0.11288696,0.542866807,0.4
0.4796487725388709,0.7126849117401456,0.4493428450335052,0.4788142156013455,0.5014810328353931,0.8838688727056601,0.4299606584846516,0.5933718471679957,0.0572220160227308,0.320321998,0.0,0.4
0.5705063671765215,0.3432707799715795,0.6199671743465247,0.0472113562944146,0.658280322853171,0.7539565294350657,0.1072719803081206,0.8089252308786473,0.572268834597225,0.108840059,0.559157223,0.225
0.6306996507661804,0.7392077997016034,0.9702222357987084,0.9538996835341488,0.7807337808589281,0.1453691275288481,0.5453537145805212,0.1290551491800547,0.0467956669853292,0.304552904,0.226524426,0.0
0.9509570816020352,0.1935152710629555,0.8145477355191321,0.2831204237684674,0.4917656303247624,0.0338274936865661,0.2234130188922329,0.1555731284452796,0.4093756063634516,0.092884879,0.185767918,0.48
0.8388107957639849,0.4641485148508545,0.6213743416687532,0.4911678371569064,0.8483691849368022,0.94331354565284,0.3356422800391629,0.8303165970623589,0.3992004255610036,0.178804979,0.435076023,0.126315789
0.544366313941959,0.0583058174159215,0.8218787799764933,0.0756690916651121,0.6044416158510357,0.1355865323500126,0.3121900525593368,0.6352646135872038,0.8598601191005149,0.087140567,0.229764742,0.375
0.6534432665786076,0.6821176109401308,0.8186059341699976,0.7887534335159925,0.3886307171277292,0.1823578571484907,0.0776433854860367,0.6837309673933507,0.7484618814166835,0.26904737,0.398215637,0.658064516
0.475387146630171,0.7163399671427348,0.4728422422417448,0.1575185328314104,0.3932046855784982,0.6699155536412712,0.226769213021355,0.6553188479977736,0.0934434024856573,0.257814432,0.430113356,0.568421053
0.0944812852065999,0.8577656815334531,0.177800255401568,0.2648857712894776,0.3887841396243575,0.8658358485209434,0.2062606794172523,0.3532873157891705,0.4139772146843217,0.318971874,0.430790189,0.457142857
0.4387938843249271,0.2756070126516043,0.1047292717919522,0.7905031762230634,0.4403034219517255,0.6809206803617283,0.2579603635468456,0.7845283697859157,0.8585318799772945,0.109448995,0.450114537,0.266666667
0.2390442409310197,0.3027683555281346,0.763480422568147,0.6846817938467097,0.609891195621657,0.192164183697911,0.1045026391823833,0.851297918139977,0.4386022941548271,0.117144828,0.032661953,0.0
0.8685504899406024,0.7977230749318046,0.9522018988436286,0.1655440442260746,0.742528749195487,0.7427504620438439,0.3485432850460519,0.8651195143377138,0.9728898707462418,0.205302323,0.343861667,0.545454545
0.6724305708424848,0.8753882911849438,0.2469910592554536,0.3899511790498005,0.8520738065633232,0.4548924592156778,0.2403241813091408,0.9730991677391664,0.867709829538499,0.429974674,0.443717412,0.5
0.3765531675193252,0.8772514055558146,0.4485050037937764,0.4270205388200282,0.1051830196615077,0.7094382728932552,0.8888973857360507,0.8312937193516771,0.5995656926261591,0.646160782,0.432524798,0.0
0.4238071789337306,0.3455288037843056,0.7399173774678705,0.1072426288233716,0.2894745659468577,0.9663900896018194,0.0825990924112861,0.724439962476852,0.9266390048913232,0.156450221,0.542828161,0.48
0.1199910851750482,0.2612728006486405,0.306319693125604,0.5663838544572091,0.0620834153462818,0.2457588096812373,0.7293935431257644,0.949915181104469,0.416721024224911,0.153664558,0.175170208,0.257142857
0.7097212391624593,0.8375753660333115,0.2828814492617737,0.2179941623517115,0.4282070840949497,0.2544782635425862,0.8136245455490078,0.7862174644409922,0.6588350296842377,0.397303191,0.392271848,0.327272727
0.179655715068401,0.5764664507151868,0.0120186604184608,0.2813858112038419,0.241828545668672,0.707582321886774,0.100632329596266,0.0215293583914744,0.1096556312442484,0.148370396,0.248787868,0.0
0.0957104857812612,0.1491667709687684,0.9578510519440588,0.5315707119063691,0.8408079507388487,0.6593968622061981,0.7650611241992409,0.6667195071535249,0.9456970628066552,0.121706173,0.260722578,0.0
0.9055934985136724,0.7145394139707113,0.9394911435454332,0.7362173611798524,0.2581895864205072,0.3293623790317482,0.428784816470185,0.2043889514189049,0.2026020509295052,0.247579487,0.537521449,0.626086957
0.4249204643834193,0.0919478376345754,0.7274959578379262,0.7110272190150816,0.0607605546692114,0.9562267240818974,0.7541167511058452,0.4782346038408291,0.4180067512065096,0.108243264,0.537530494,0.0
0.1524159572968781,0.42326116894713,0.6240368769640271,0.7405276341652486,0.3899167260404301,0.0446355453846847,0.5259786596334781,0.4690703154653906,0.4833126171652862,0.152486169,0.045167658,0.022641509
0.5881558294699266,0.7623150602312366,0.0680852090451481,0.4748707820727107,0.9735672951849548,0.7357097897229322,0.3575589736560381,0.7686368419263843,0.838201461746054,0.263290983,0.501076548,0.525
0.8526838334958585,0.2092226899882244,0.8298694880038108,0.6764960976784106,0.335520450274046,0.6608521988952557,0.24843451105223,0.2725517215815621,0.5049938052940435,0.094502537,0.55838778,0.0
0.6441336407438196,0.3403832223131596,0.3862327020087074,0.1721641210273724,0.870800519035204,0.7212126286921727,0.4335224572268359,0.346953628280928,0.448235763806779,0.108374288,0.516059116,0.266666667
0.7480058883257594,0.6636024579614023,0.5560335211235169,0.0210577325103131,0.4917033062920504,0.778359155381091,0.8758064134950594,0.8000921584325723,0.8220040972300067,0.403330289,0.579485736,0.592207792
0.9557580192381112,0.2006076649987679,0.8955251625232253,0.9639575743076804,0.6704813205884251,0.67854563701718,0.9503387486204384,0.9588424072910542,0.3587120489265509,0.15530025,0.445214333,0.0
0.5699686376178402,0.9894154162219794,0.4787863510110601,0.4567935735396976,0.3335027366986743,0.0154560983765753,0.4952457456382012,0.0579031625637462,0.7378641546005464,0.372228189,0.057287578,0.0
0.8521469101292042,0.1456146607615152,0.1702389706695157,0.4511354838936982,0.5948232402467453,0.7757095047493359,0.404961090273532,0.7408239389867405,0.5143532063010855,0.082310351,0.639500432,0.64
0.0686031503157347,0.4809290982944509,0.1530459636412455,0.5072535482517485,0.323879239104227,0.4778978467077042,0.6830396517890244,0.2998959488769561,0.764033696280462,0.207748432,0.232487619,0.562962963
0.8689538875955806,0.3032462523546628,0.8552603414951158,0.6404929214583093,0.1379422895257608,0.7263987187143122,0.5284767060010942,0.5198510936987754,0.8477799155747651,0.145094526,0.609456478,0.0
0.3494130093481867,0.9263230204242148,0.7008262502083671,0.4782198132711689,0.2851558544881662,0.0306629031033544,0.1543103573639065,0.9059932705820712,0.4252719477304456,0.419775713,0.076955608,0.631578947
0.35429366103459,0.3344175197087082,0.828839002701951,0.1159789987047946,0.4441989876674201,0.3962897512158522,0.2972733190162072,0.1854520531096414,0.8393234017943498,0.13026414,0.145140592,0.109090909
0.1832531602055982,0.7419999179527909,0.6291741036374429,0.546840389072864,0.4809945654440408,0.0313099178601677,0.675252568294557,0.8993660903328718,0.2728374787857425,0.382342783,0.059160615,0.541935484
0.3811171638431152,0.6414723787307144,0.1208455432025605,0.5640419565354592,0.3842499291173216,0.6089957814993876,0.6877357764671098,0.1070470493574829,0.8071515867460904,0.398394233,0.504875006,0.568421053
0.6244672841327612,0.914561477232926,0.3358898170015889,0.731095400222194,0.7079812651131532,0.7146411700498434,0.932406336409654,0.570960842446684,0.1014695732210411,0.494309335,0.511522915,0.525
0.2434057996705934,0.0969854059664778,0.9474099458401262,0.8613890394217117,0.8897972359854049,0.2902732906484271,0.822772586564072,0.9229379695775816,0.6025863143632535,0.115075383,0.165726823,0.026086957
0.2801408899944401,0.7979274861073514,0.7378822560886883,0.3987001156475493,0.00989284226222,0.9808371824623564,0.1067524942646316,0.2166166587807636,0.3250104737020999,0.307759023,0.576550174,0.092307692
0.267706020352398,0.0712159033124072,0.0644658579700614,0.7450749110681746,0.4404708800890776,0.8956069345949187,0.2614779618304276,0.5451257933550768,0.4544083870711044,0.056108204,0.617894373,0.0
0.7955035665075137,0.3147046938807871,0.3598696772911401,0.138916981355096,0.250136364345471,0.8062193211916491,0.5412984618826514,0.4717612534247202,0.7018704740070296,0.175236256,0.531505735,0.0
0.2400894220637028,0.8285839485427012,0.5947388523745246,0.479855591532153,0.3009169440456199,0.3126599755010906,0.4925751660895331,0.964463117516053,0.9384850382415876,0.22026587,0.214712114,0.821052632
0.2780402198428165,0.3701122644695879,0.6198430007294707,0.7154496610891935,0.9783697217348452,0.8314054411903721,0.3797089180833766,0.3138873806159623,0.5995081738861889,0.081671597,0.362891281,0.24
0.4100396091772724,0.97349557528777,0.8854220389286355,0.2406850186171975,0.3284742588504126,0.6636592348051977,0.7203451492313321,0.0991160226766921,0.9976160056535102,0.672559009,0.498419102,0.410126582
0.7322252965649266,0.1810671969984475,0.6475051328312295,0.7897900538271467,0.5478452291202612,0.8566746051531974,0.4105900861285123,0.9415512311585384,0.177776127336347,0.079869167,0.446834356,0.0
0.6365965570845813,0.8931828531021986,0.1557987726092894,0.4397551917158006,0.4836186138364751,0.8631054129312326,0.4953726964748945,0.9798280238124788,0.2400993764529025,0.334034794,0.549038081,0.626086957
0.3095349684687454,0.8292748575341902,0.1470449857138441,0.8292868957121465,0.8819208192125418,0.7037024097198945,0.3566081709951761,0.821598088574694,0.2065883826209261,0.275980342,0.524042567,0.4
0.1192932489601164,0.0380607830003568,0.6443841773413123,0.1990345251234998,0.7982882980251742,0.0127862345164628,0.7010315354186719,0.586243697423972,0.882428438346621,0.123812834,0.015916687,0.0
0.3265887152823502,0.0495488487106121,0.8482635509725448,0.8323796839778396,0.2569490562456961,0.7103761012743603,0.0815018332509127,0.0962764505869658,0.5170922523447796,0.03934427,0.677771881,0.6
0.939105168586834,0.6498305358358886,0.2907906569087013,0.318332668448865,0.6860373958063258,0.0890662101002293,0.2271373293659907,0.6829202816013744,0.707388599598179,0.24081237,0.254437288,0.092307692
0.6005672962246322,0.7423921649396822,0.0831075822239983,0.7329873614558822,0.1602559299768086,0.1370715684450921,0.3610507565314903,0.4795937831426501,0.4464114886668127,0.274443625,0.365891859,0.4
0.0605577508770562,0.2925032222264792,0.628568869100424,0.924123076204306,0.3375111997780762,0.6685933640310391,0.9030532605044324,0.6442539979197849,0.0509078599693398,0.134070439,0.300644283,0.442105263
0.5147001940014934,0.5235895046263337,0.1121140266628766,0.6215457710506713,0.875922506718083,0.2379321536536012,0.5454532121287748,0.4380046948219595,0.1096572369937805,0.196404202,0.360084407,0.689361702
0.3238220565942993,0.147069643315453,0.4450185926747064,0.2968555588261891,0.5644407645809921,0.2348461990256752,0.3103825038799785,0.1396444511368736,0.8570585781913408,0.082298963,0.290317209,0.0
0.0738635656846238,0.2203371722668125,0.6427132883609752,0.8300614845941762,0.5913484256992949,0.2817807960571963,0.6277350472577183,0.8289156970079709,0.0549864894505641,0.132873645,0.185563768,0.790588235
0.5256893650437165,0.5395452533345565,0.3095892504980871,0.0897378260247692,0.6473130269955324,0.555207775126957,0.2007967194442064,0.4864325259970546,0.2259218144345586,0.183979042,0.342438252,0.4
0.1434326044945145,0.491249498266547,0.5239661074571378,0.7159450521324054,0.0692946426849278,0.8400391771936763,0.5584222730937689,0.8178426234117419,0.8528687374245297,0.21924504,0.437208732,0.218181818
0.5232559212913578,0.570738776705354,0.742886950398784,0.9851286269111822,0.4640916069243691,0.5396984789626106,0.6931327201636793,0.5957826841208101,0.3124157729658007,0.247523792,0.473371426,0.413793103
0.2836998501675828,0.1669610673887466,0.8557891776253974,0.1058883160865071,0.7824158360228559,0.5089350628415785,0.4399055497530021,0.4837102231321447,0.1974004046399236,0.070074133,0.350349817,0.352941176
0.2091826450807713,0.7651187080080162,0.9867769055978484,0.1218641179176859,0.866920648580474,0.5609458204866979,0.3997526825962352,0.9632615946657176,0.8988277264358985,0.214036662,0.452795119,0.571428571
0.2853011085890841,0.7122034353252148,0.6656789353824317,0.3406697545431545,0.4654997324006321,0.4770864579213195,0.8751773024882419,0.5779761705560496,0.7155427666638904,0.439847452,0.469658946,0.566666667
0.6324581467565823,0.6491903922678507,0.8016187579339098,0.0659702406052978,0.2729362268085574,0.1255810796340165,0.5873203671539038,0.1544610083033278,0.445016290522672,0.290229288,0.337851929,0.565517241
0.9485655978370348,0.1672967336052984,0.0984499318134307,0.0721056119309606,0.2078530799443972,0.2712939194140646,0.0546664102360184,0.6092324494688189,0.055434576405938,0.059413457,0.331100423,0.666666667
0.2990380187518839,0.2326376941114927,0.0975057908948829,0.0426408922446457,0.0021900484365703,0.8276334327038645,0.2625120277771804,0.6071156449918278,0.244627050654457,0.099993337,0.305640941,0.0
0.9787181907636632,0.5795678452952107,0.1725755417950556,0.2452400396806184,0.8491864218727836,0.1842685297246823,0.195613153218037,0.4633443418313792,0.4806306096045201,0.101468119,0.329560622,0.0
0.3672283757964775,0.6436133509065095,0.5376774594909711,0.8220533589764115,0.2330354289396665,0.1226290695067565,0.2994429493010875,0.8895841321490341,0.6269019510259606,0.244483072,0.195730649,0.577777778
0.2510807232395675,0.2074436686515867,0.3376935322190756,0.2373534228466323,0.741169216644359,0.6410809261043654,0.1309246440363188,0.9703022744168944,0.1244655397275895,0.099194052,0.137123688,0.0
0.561580448647971,0.5563786037187833,0.675748556378818,0.5452993573004734,0.1969275987796506,0.3650431412695236,0.9306109822685078,0.2704085502226505,0.4943230584504888,0.281765797,0.376986056,0.352941176
0.7544443131185836,0.1896018633027399,0.679280175852022,0.8249204440722727,0.0676740192924943,0.9157910059424332,0.9201099628539614,0.6020440472245918,0.662860236456628,0.169083142,0.632976431,0.0
0.6136475756689967,0.8025304924349963,0.6862276658311194,0.2475212968368628,0.0623476384966905,0.5772338954920255,0.7082227692097436,0.976384893889053,0.3725749096455841,0.358104431,0.49229284,0.054545455
0.5689094257340456,0.4912706182303088,0.2231154147832266,0.5081606103938413,0.5637412898905299,0.096098594820607,0.5637595365404638,0.0489280385445671,0.5268095007108309,0.271816934,0.171997667,0.246153846
0.8896561633806831,0.4670090707711748,0.744490423298651,0.6824479706755427,0.6165630379584698,0.3084382644983519,0.2099452055043336,0.3994779972126158,0.8058944417850377,0.126620345,0.509786964,0.2
0.748231919085385,0.5660375205230992,0.6984528400642193,0.3363989891271984,0.4276719744956444,0.9039833060710936,0.5830347225472222,0.7221867598298088,0.9931811754048988,0.357309337,0.493981841,0.0
0.5683963837540031,0.669767477028454,0.1357531295495768,0.3399265549494946,0.7867437023751361,0.4195951516842475,0.8368381010202703,0.2258143713814643,0.782968427483607,0.331199057,0.409402656,0.311111111
0.727448638516623,0.2331189094235595,0.3365878554846635,0.7529767455832853,0.2909366876767022,0.2324127080998163,0.601231703228117,0.483614875866442,0.848216413397897,0.136285063,0.404368542,0.57721519
0.2618310399907635,0.1242964091950078,0.2396332544195232,0.4467356956773649,0.0346632673274412,0.0395726362001064,0.8851670378838882,0.570336661334702,0.099303819020781,0.099953773,0.048806965,0.0
0.4910966026614395,0.6649870434541423,0.8975112182888253,0.6699070021532,0.5656583802783941,0.2298013496833941,0.8639425574386106,0.597930650088074,0.3150195428874102,0.293671149,0.429864831,0.516666667
0.7748601160173735,0.4773905149871709,0.8217594262181438,0.731143033983579,0.2742632121558213,0.3532165882044443,0.1179290576814171,0.5104452519789806,0.8441755886960233,0.243675747,0.508866494,0.4
0.1877854101038861,0.218316721291599,0.9140023715557364,0.7593194776302272,0.0695937837906832,0.3479355825519592,0.2327058801995274,0.1214942076018433,0.337648429102018,0.084982726,0.0,0.0
0.7936478210219041,0.4552846798373399,0.1587425670291767,0.2330645990824386,0.8784749609534428,0.6573482158668147,0.8176520230023095,0.5830702969705197,0.8957751440038851,0.203186052,0.530031435,0.49787234
0.7955663084652046,0.3084181702862042,0.8022008841115256,0.3656786569393595,0.1296719346705062,0.909663364645032,0.8850742962382464,0.8140601277651729,0.8708600113267219,0.179357329,0.566518379,0.523943662
0.9226012810641032,0.6342718053494535,0.6651546417468818,0.2142511440251209,0.6735584951034539,0.259548336023308,0.8340337562413099,0.6096185596965,0.4750693635702664,0.340754158,0.403544317,0.251162791
0.815901348067578,0.2791280479621271,0.2140410883931744,0.79722138370115,0.4812325908075451,0.592083509169599,0.7245927928651471,0.947347075839414,0.2375855453300872,0.129677946,0.449529688,0.3
0.4619874845454527,0.8154949447553824,0.9355282449407938,0.805765944593496,0.0179573706304388,0.8884282206402336,0.3964015584651447,0.7985571471985196,0.9150382702251464,0.337479964,0.540963399,0.436363636
0.324916846892365,0.1853452920098124,0.4631699289360481,0.6473997490435154,0.5372541044882394,0.5753835945477024,0.4603837106610075,0.8222375419684766,0.8914424680307159,0.109249868,0.472109987,0.545454545
0.0006879529425596,0.152837859277781,0.9550322867285927,0.594419345073869,0.3584465739232534,0.9889866311571576,0.4100316774381787,0.6534298488747677,0.1926285014932934,0.077075913,0.228469338,0.057142857
0.0885488205429918,0.4737466004715682,0.6162547879134577,0.9438109382611418,0.8041157868569594,0.0751647365532017,0.1067713937803535,0.4911767515678285,0.464717402667706,0.16496621,0.068413149,0.369230769
0.5351071298038611,0.9652923404019034,0.3156460847146809,0.453349617049534,0.2314398062340338,0.0119927970782014,0.579637795026892,0.4114394427122863,0.0743524008656372,0.540878662,0.042795021,0.097297297
0.7259037288262035,0.2319050040824878,0.9408706029361784,0.8300916623874242,0.8742325000283614,0.8988714713746031,0.7194961353312096,0.9905437955698208,0.5244110822348105,0.162038818,0.406959478,0.16
0.3483904093719505,0.5852820251060946,0.9265243784461724,0.7651576085298626,0.4049451844763864,0.9895865952381112,0.7832094708348987,0.8845562107149263,0.6284885849414661,0.328267979,0.382419195,0.220408163
0.586107575581702,0.4406084289414559,0.9725554068791886,0.2952589503017828,0.1195035540431899,0.3459520963765199,0.1547010535951616,0.0565126626902167,0.4538838123071838,0.11519721,0.265107832,0.0
0.3882732140273337,0.0595673153071076,0.93939267361329,0.8936860236404108,0.3171728800326391,0.1688941031748663,0.8220581658586132,0.0091342907131789,0.354399127547178,0.12800405,0.156405518,0.126315789
0.04383327125195,0.3796871585779341,0.8353419883112073,0.9638306479005732,0.6248094396796458,0.2446497464674019,0.9495930777862884,0.2146557246586471,0.5782795141705167,0.228060966,0.165662158,0.593684211
0.0246953251223009,0.3367183155477554,0.2722013640784777,0.035691545541807,0.6036340900528104,0.6990517243487381,0.0750682906747819,0.7960427480680946,0.8675501852930365,0.11003846,0.319921926,0.757894737
0.5965877505669109,0.7499526078644544,0.7768166277029246,0.3044597287331533,0.534153700382308,0.2341300317881925,0.71437878132326,0.0732253054794712,0.4428438239453957,0.370172024,0.377075685,0.45
0.1539248234502627,0.4135651552218433,0.4253109568887855,0.237229563902616,0.4526380316376113,0.3561461420360197,0.0675389580713747,0.5564640970061088,0.9172814867576164,0.168315075,0.07294482,0.0
0.3010237372263009,0.2419303977029476,0.9903867550791176,0.6518106681919086,0.0392206776132809,0.2359002991515779,0.2625445056919985,0.0687606760669505,0.9071542155817696,0.1111663,0.350616329,0.56
0.5789211926211136,0.8832772848078138,0.9403748776102908,0.0931729513770743,0.5296082771408152,0.8695959801878841,0.1896968002468508,0.0054422554731339,0.2360263674354488,0.247800369,0.517141418,0.64
0.9592556096470204,0.3011295022209689,0.9023504194633378,0.0503367947278474,0.9923202851196716,0.9239331272477376,0.998120865375124,0.0086511182134835,0.9414848932437264,0.213305155,0.589802355,0.3
0.3433267390418749,0.907114931780443,0.864698531906778,0.9939962459172308,0.5514831255377123,0.7662930275267311,0.6559387368359989,0.0944575649159147,0.1140222638907159,0.542137497,0.437948174,0.408510638
0.999587759295428,0.9864436697863516,0.7386603232288149,0.8559477310441824,0.5360941534339911,0.0703671103254732,0.8982976073241001,0.2524788243352499,0.3290278425707393,0.697591384,0.248178893,0.223255814
0.0783135180641143,0.9845011503405569,0.7642359682645895,0.7491785209919355,0.7801296104593923,0.1884743274009047,0.4759659538798424,0.339858412696969,0.1586690395910617,0.448119104,0.07806405,0.266666667
0.3397231942936229,0.976768625901632,0.5441447036654357,0.3714196001614539,0.959284423879938,0.2188596204872372,0.2184381860682999,0.8095530274744762,0.7003355316995724,0.410419933,0.295723332,0.4
0.2281312609280724,0.3819992093255505,0.8262732764666216,0.5800719541768918,0.3288821151066159,0.1619539815220326,0.3819074386336183,0.3913529689313605,0.6070582631936315,0.12940178,0.152762517,0.218181818
0.860018616538452,0.4496738141019701,0.3479516093538116,0.9647232520272216,0.8842752079612729,0.1661078189122883,0.8561284398450523,0.3482868059198206,0.2297686826755252,0.265830727,0.215355056,0.0
0.4900124442515882,0.6990129367239428,0.0126933076664285,0.5237652221115463,0.5965221596513918,0.8062198760327894,0.3263536844148822,0.7601361102166384,0.2539445970943781,0.298486857,0.550016677,0.45
0.9105018156971386,0.1475203202014813,0.9939909393391818,0.7044554373029606,0.648164082700156,0.5883239072328122,0.6707152075049696,0.1957817208306829,0.0530863854051474,0.093281973,0.325026412,0.24
0.7007156105437021,0.5865375506153535,0.3077433186380779,0.999716069275457,0.1502963603433733,0.3017971913740743,0.3829250193483368,0.5511134342140335,0.603782568719876,0.139016858,0.376140203,0.0
0.4529827152106807,0.5074947836867494,0.6186324428598032,0.9223332695471366,0.4528172639707657,0.3494277348588704,0.8942156231203268,0.0636778623465583,0.3860108540918679,0.250194051,0.34020597,0.130434783
0.3457157112378891,0.1807373522867221,0.8045299534717191,0.1191301360454242,0.0066084132018289,0.4075945859141048,0.5421798551425844,0.8428576946682027,0.5498907163135922,0.14522329,0.365262865,0.491803279
0.1885275953836934,0.3263021485698225,0.3717563405754374,0.2346987349492459,0.3168889413573516,0.8026194858856193,0.2552608377118025,0.6681194546044001,0.9215567385978828,0.099217197,0.14284142,0.0
0.5028150664350305,0.2899191396640963,0.7366816979241403,0.876376925769663,0.8343016635521345,0.047227350042024,0.8091253364745133,0.9201086702952502,0.7232713351970038,0.181785367,0.187694569,0.559090909
0.0525162834611564,0.3673999929695893,0.740390843191909,0.4678044823283578,0.5988627530767311,0.004381014931414,0.5835947741299855,0.1437769736430409,0.614372285178201,0.213082013,0.018671946,0.314754098
0.2367475537570841,0.7772081152663258,0.4525103885785371,0.6793033084745898,0.938149778378202,0.2661469170558184,0.3507452535307782,0.987968107980608,0.3254593806411272,0.278446628,0.257245168,0.72
0.1857500680403871,0.3461044617197878,0.195091244572397,0.751562203175963,0.1128015031458337,0.8778644031686699,0.4402565292200677,0.1348670075902154,0.1766988421334085,0.136194059,0.384609197,0.252631579
0.8075654199795607,0.2305808736241734,0.1176292037819678,0.4649906279704251,0.2107374470094755,0.1771258060019432,0.7896127129842209,0.756748790529504,0.4922992183727708,0.153341958,0.365824185,0.342857143
0.2061285608608716,0.3450478869420856,0.267102630280802,0.7589371124375768,0.1054447353290362,0.3945211389275271,0.4704416183257487,0.6706729882688681,0.403505625903947,0.133463169,0.199303771,0.141176471
0.1991434853811927,0.3664442421478735,0.6938790329040698,0.8698433431969563,0.1017141028267457,0.5296432502202529,0.8281608246827245,0.5859870383022293,0.8949411897551794,0.215376849,0.264928531,0.092307692
0.2620179392458023,0.9626033773573254,0.4682990427814714,0.7584357772361416,0.5895964158255237,0.307678990491398,0.4955630138667173,0.8635153908293228,0.3680893018527292,0.339029591,0.394154235,0.0
0.4856558555892961,0.5800250632670043,0.468329206293526,0.4333237223518111,0.534748748347248,0.9318457380670472,0.1636287280108919,0.9134690498231808,0.5196439206474852,0.219311584,0.469890507,0.0
0.5767273679601669,0.0783493320084078,0.4872687856485225,0.78792199110884,0.7918774550711289,0.8732398047035614,0.6776691721633812,0.1533450989278192,0.8426144129268168,0.108887195,0.44448787,0.044444444
0.2729486645009814,0.4881783645438111,0.3438446067183214,0.6662365207358493,0.844311518907144,0.3373695364851895,0.7568954601788536,0.6838845877718261,0.4642140158636575,0.299919703,0.348907942,0.6
0.6530293487397094,0.4492296735750589,0.8879453113153717,0.2269256435884581,0.93896873289113,0.0193985821373832,0.2471933308409507,0.3594376950193787,0.5413596423434939,0.146303621,0.100234343,0.109090909
0.4123121963895474,0.4723280387682842,0.2380233328114367,0.9147321114159136,0.6158119756978738,0.9767049943096924,0.3687280739685554,0.1482231219883544,0.5040208369778801,0.184641798,0.343475391,0.0
0.3220304950481719,0.6489844786132468,0.9610340443078677,0.8771946759263571,0.6122006016624796,0.6667758124053705,0.0260165715119176,0.6987657042749584,0.3266280540309083,0.269690836,0.320809648,0.0
0.8331000687010973,0.7404691938799317,0.2191800493514113,0.8419226437165735,0.1396617094968854,0.6709463887105883,0.3155292094097395,0.5146727259227598,0.1259348649543248,0.295859597,0.43584348,0.654545455
0.103429899588019,0.2271813592612495,0.2245871892768202,0.8741452954387482,0.7113357437408769,0.8350512965337118,0.1250317895328793,0.2019803286972964,0.3309498456467015,0.091637126,0.415969318,0.24
0.949937193317053,0.0830362742778846,0.0948823643394617,0.7778731360211223,0.6322233960009142,0.4902000842207716,0.255729966434267,0.0277802857056598,0.6749536439515261,0.061269048,0.323472628,0.0
0.3332854491383604,0.2596340513174561,0.0284903734793967,0.4359556354743733,0.2326589012288964,0.3535520665631511,0.6638045936883977,0.330743299001469,0.4771801677724997,0.169123368,0.366934238,0.566666667
0.0415597947905483,0.6290066982567817,0.670145742102264,0.1938623670247808,0.4067483543153609,0.0125374350347607,0.5462263983227275,0.0409715976103796,0.7268872266877867,0.354581252,0.01672899,0.036363636
0.228184693771595,0.8847629059417113,0.3357485514284162,0.4385021993456713,0.3667818702250707,0.4642580401378081,0.863676358435212,0.835046908700074,0.8990088704357356,0.629951373,0.232939688,0.0
0.0453280849218793,0.2074034842965675,0.8949800394510233,0.0155529595412777,0.7604125754416566,0.5342223370304505,0.2964416176031501,0.4834393994213406,0.5349315502904815,0.11062377,0.198177404,0.6
0.4511404620874291,0.1328690042426501,0.358367967742252,0.0542777011187245,0.4588707198540215,0.5488969140547065,0.0429708687389177,0.5746095858755351,0.1069023756714153,0.055281055,0.547382831,0.0
0.5053883437665113,0.2762785801759522,0.5629887645447826,0.8888224261223138,0.1468847223631655,0.6720556240659804,0.6580581316382818,0.473850908806506,0.3245020747276448,0.161932681,0.603676036,0.215384615
0.3391430036630032,0.0142548756942696,0.8535288623548898,0.1300124905293107,0.7851561295154289,0.7696068721405286,0.4542967569535426,0.942917538416871,0.449648401694377,0.061224475,0.456304896,0.218181818
0.3153473771868039,0.6916009139443546,0.370874772166623,0.3837710700654954,0.0475177925868668,0.383731163606146,0.0984101765032812,0.1989963880486986,0.9473790180814012,0.218200675,0.394770932,0.48
0.2317948857116948,0.812767105964371,0.3005165245868111,0.4279947285550098,0.990269159782568,0.6527193558403794,0.2445227073618493,0.7421285012042752,0.4164548831484065,0.223564036,0.362245775,0.528
0.8559630305009929,0.2119574148598526,0.9139414961595768,0.0122654806175842,0.6052714421919351,0.7544023434588709,0.8102966489327925,0.1032873527675487,0.4357000955821737,0.147375212,0.553605042,0.162162162
0.5894028682420898,0.3356850326653051,0.5453041101853192,0.7944752074517618,0.2416894626956302,0.4785091648650185,0.089437688854866,0.4755067629661909,0.6600419579482832,0.084673663,0.548066852,0.171428571
0.6353564831140619,0.8361951203202385,0.0194630460690914,0.959412568018407,0.2470506852782668,0.2500983475963437,0.7781089312251196,0.0348545022233092,0.1599096464717918,0.462197604,0.398414663,0.592
0.4194259752823714,0.0866562242586981,0.4321343983016623,0.1033504671589932,0.8634362134438499,0.5336949276839738,0.4519525356059621,0.1333793231306929,0.7961577559830552,0.076452516,0.444024224,0.070588235
0.4964100328465837,0.5736911567576691,0.7452920100930146,0.9246806293641848,0.049365763276592,0.2331783208833063,0.2670756175697152,0.0270282531426889,0.7528620884081514,0.227732348,0.297973231,0.56
0.3411611682350697,0.7606554101966275,0.8133844935957149,0.7414628255805581,0.6413788057854006,0.9854515428791942,0.9318208727904504,0.5359388741070825,0.0141964508738871,0.45283716,0.355093748,0.336842105
0.4337532156435799,0.9082483513273488,0.9333860887664792,0.2102498939913781,0.6422376727154101,0.7850589523550816,0.0644616347074286,0.2755324941948862,0.3781426437019022,0.413364481,0.527778805,0.323076923
0.2602639446871253,0.896661079436975,0.5980621295554205,0.2766194232190676,0.1264539703242619,0.6190941066766361,0.0799460627236772,0.9255358885574474,0.7633350124221535,0.529985294,0.290063499,0.3
0.9797766365262912,0.4765271037155352,0.5100672402267625,0.9216111527224988,0.9553719020552236,0.5224114447362225,0.8345721514866445,0.8084020937834184,0.2348181951558681,0.261385605,0.478966925,0.046153846
0.5418639843772197,0.142961858910476,0.3938360738054056,0.5456298520451678,0.6908796675297824,0.3912138844562151,0.5096641824748357,0.7984578584729689,0.1364015018981768,0.118897674,0.295067892,0.104347826
0.3989613414854531,0.0479028490617439,0.652695526371633,0.5149339029496466,0.5929672129331682,0.2136179718520096,0.2405665314899789,0.5633428192938638,0.0374552822028375,0.065147082,0.243769258,0.96
0.0368081318680681,0.8591542139309607,0.3061592808792908,0.9939412149848948,0.7594329377055926,0.08807115712132,0.9513462577555124,0.1010414145335516,0.4056327053883319,0.427678187,0.087293144,0.27
0.8667198335191396,0.2796520031419757,0.7424070159348333,0.2178572558996538,0.2755420061649534,0.340884124195452,0.7138356417408336,0.4132316419212515,0.0741432088822693,0.136495835,0.40545418,0.518918919
0.7632648243116431,0.5046458287026432,0.3472412185952001,0.5752837048205919,0.8211576399304492,0.7306934763253524,0.193700685716385,0.2132945721937316,0.729361238516749,0.121220337,0.560601692,0.733333333
0.7332288458814116,0.8670114829895307,0.9338743855061928,0.9448028819363116,0.5735658807531865,0.6430143644521717,0.2027358015379792,0.9759147639751437,0.1729964253785233,0.354123167,0.449221663,0.365217391
0.8553023604968166,0.6880494833035112,0.9613833579786568,0.8095495694670204,0.1925889093171826,0.1210129365035977,0.6307008353117125,0.1546862080552068,0.604878530591648,0.411415824,0.302944349,0.34
0.3101924515837317,0.3715440251692766,0.9022749817762168,0.2168133593846701,0.287775072264765,0.4770768392561095,0.6724414963099552,0.2186354583046841,0.8474484990449682,0.196714353,0.416378656,0.408247423
0.6930541979750248,0.0321397068931834,0.1793357983086976,0.0930703231851663,0.3166007607400746,0.6243778717280104,0.4676852661128832,0.2992432673704722,0.1211343640488111,0.043729106,0.592226819,0.672
0.3181957110731581,0.3693576377888284,0.2481808235909598,0.3795420208304394,0.3381483096596701,0.6632535493451948,0.0637483518821359,0.1389828654496463,0.0418330086303223,0.13333647,0.354982822,0.45
0.7773402744262431,0.8241592544924726,0.9808442195258592,0.8021485038091335,0.0022585546136265,0.2337666783471996,0.4593075654516548,0.582919966583094,0.5508560161657376,0.337776329,0.283347188,0.285714286
0.0660664341554713,0.4182663427955297,0.1844458997524412,0.4607106456196425,0.974210693096458,0.8502197261458335,0.4692417420208074,0.1484509182078186,0.0370386082642528,0.103780704,0.244796402,0.342857143
0.6087777550716311,0.797124984847232,0.1299216511526495,0.2447268501911716,0.3313027522875654,0.3626899028704753,0.4753708930496122,0.8863739707484596,0.3292161230324875,0.196674383,0.319787657,0.171428571
0.7919294634030016,0.4828473069456078,0.4795114247507641,0.7697888917301907,0.1460682124515331,0.1333723475961188,0.1543064463154558,0.9203107101517762,0.5071219647269497,0.180182949,0.207358224,0.0
0.9837603769790424,0.851974460221272,0.6064385376865641,0.9998240320655456,0.3295541405392426,0.8237769872170974,0.0996775684699061,0.4789238494998346,0.5050401340859679,0.295642977,0.455777495,0.0
0.8482043486963144,0.7205398852444057,0.6549375358755671,0.3710474666512199,0.5824307855663395,0.6108409100708699,0.0199095613322336,0.4891646715352742,0.5246866431110525,0.2048558,0.519931734,0.505263158
0.447147007557839,0.00647391888587,0.8679038727237773,0.8784436795093873,0.4851240792234164,0.9275810335519304,0.1742823371687502,0.7810565894833116,0.3993544004319371,0.041556215,0.662311318,0.0
0.8384040259513346,0.0193805715595216,0.5550219950153289,0.0076113064149848,0.4905278037984344,0.647452319684638,0.4493422960588974,0.1912459237995255,0.980063550895354,0.077347053,0.463454625,0.0
0.248453567103603,0.8526771433681554,0.068163256341768,0.1643731431837936,0.5609617866348189,0.3539423520423485,0.5527923560440262,0.5546809143978385,0.4462831499735633,0.62137522,0.277712526,0.36
0.2197592784658112,0.5530599927445138,0.8898282418860106,0.11042886243477,0.8383797076499581,0.9452362355141152,0.0430658706999911,0.0630333533897592,0.3328548857481299,0.158217341,0.397478067,0.6
0.8882260514306234,0.657870246202792,0.5595405054879663,0.2597698918121364,0.8104197507865489,0.4715255575117884,0.7207382897191519,0.0605185163935636,0.4123823732462163,0.353348107,0.451496225,0.0
0.6372382191045619,0.7404832004758395,0.3070203425957436,0.8762969799647256,0.2184342965680835,0.6953190481033843,0.71002269098144,0.7953061461306281,0.5153717746893713,0.364280955,0.437461409,0.127659574
0.1911367714557973,0.5616167054007093,0.2993986538322614,0.167338282108832,0.1581753655104198,0.6708781316962205,0.7468504916991398,0.4812699806674266,0.9598848460770886,0.300464415,0.41992853,0.4
0.2028699415021072,0.7720599376564489,0.0441188500110366,0.4007839496439399,0.1613393841589685,0.8668057203045089,0.0397126552296156,0.6156731327237823,0.2434951273645849,0.285570285,0.400895821,0.24
0.3201884042194194,0.8173926631828822,0.9877089094462068,0.8222581728796401,0.5971870198484169,0.1112375784382122,0.696241525838446,0.5747819723594205,0.7787811301015662,0.506094961,0.198473299,0.336842105
0.9198228108709354,0.0276285581487008,0.6614429345013494,0.7765337600315847,0.0863857647473994,0.1903236525390559,0.4730949009073898,0.3949136891117158,0.945547244686042,0.107284347,0.31569533,0.0
0.4160957033245155,0.4602881027636454,0.468649811020016,0.4133861560126091,0.9332599723743688,0.7113572471357427,0.3583057753618379,0.3086586737899605,0.9608270276882884,0.135883888,0.21329555,0.428571429
0.3873847914788566,0.0341300397617877,0.567221528111054,0.4303144545664269,0.5697650013492966,0.2316757643528004,0.9234976828637984,0.0470092121763768,0.4187930506260748,0.090877266,0.349339991,0.551020408
0.0974978623846702,0.9521895936359888,0.307475305540938,0.653415782962909,0.6188626403450374,0.7121217806010343,0.0346312074181706,0.8538864946840147,0.2944438717454063,0.36827304,0.30308961,0.0
0.1217244397729329,0.3600267958017367,0.0473905459781492,0.9301345811903248,0.762399927245324,0.5415171838374714,0.3729409618211652,0.0199717917287559,0.092456293102743,0.088269201,0.195551365,0.0
0.3739566192987115,0.3441673351755718,0.8644772877292262,0.171762012898666,0.1000374560528861,0.1868458724913922,0.4546872410834477,0.4112706706836846,0.0033978130801157,0.11843337,0.273220758,0.744
0.6610356826183608,0.5134514007078924,0.298351773338658,0.167826397981693,0.215106350040671,0.9708018022915672,0.1012645832326823,0.8194968634859826,0.6373716245918029,0.12639924,0.512204658,0.0
0.3798725422366739,0.6927967109662024,0.5931900824833584,0.5707868293842253,0.2192821889193565,0.2774409862579042,0.2186848228141517,0.3330984335958924,0.4637616181809156,0.269739057,0.324288755,0.616216216
0.0553758174847029,0.9081550759340824,0.8086834578612571,0.0340524682398909,0.9055179275670544,0.3765708436417828,0.9286637692295548,0.3429680705461242,0.974685154431083,0.844602501,0.22350461,0.690909091
0.2713443326223627,0.0856889221107871,0.9451287792828246,0.736843187656742,0.9300071742111452,0.8702143724626848,0.9958248599785268,0.7177720550082527,0.2786900706297219,0.153385807,0.521973608,0.290909091
0.7807706455530479,0.9351844061601358,0.6236824718282507,0.2654352025276056,0.8968218303900932,0.0968805945512802,0.2819532757809549,0.946828459047642,0.4534299356433602,0.409677634,0.217084045,0.327272727
0.3169280874190242,0.6877987821301877,0.2058938070153084,0.6108121039088075,0.6104664535927703,0.3627183184910714,0.9965610818484122,0.4011395504942346,0.3736830086647029,0.304372584,0.320208817,0.135483871
0.4362673315308514,0.9793422849483846,0.3407355506824575,0.2239005409602773,0.933669877479343,0.21570443471023,0.6479464841522223,0.082981241586704,0.8062163373850683,0.801358739,0.223069077,0.276923077
0.1689947128246239,0.8817541648478938,0.8234565569644012,0.8232088452617985,0.2270916565027879,0.063701255180767,0.3077445987078939,0.5573290104389534,0.2865932925925126,0.373905261,0.028359826,0.15
0.4143840567205812,0.9891813621750412,0.8561099703489671,0.921714239687888,0.1849527747142385,0.7769371280256929,0.9563232710544456,0.873249569968046,0.2861146984568378,0.680836921,0.459517583,0.3
0.8383707909928992,0.1342390731402747,0.5910223921006675,0.9862826170343396,0.8781921593276585,0.72652583155798,0.1173165237460448,0.6972143764961991,0.5830068550988898,0.043271251,0.483128104,0.12
0.5826074580344952,5.386091351433642e-05,0.732002139334151,0.3918687443774322,0.7788533093413809,0.0197176841391921,0.1777172220069025,0.034439111018846,0.5717119939304548,0.061127732,0.126117174,0.355555556
0.0213162466886122,0.3378717000925405,0.5543292579821061,0.2128605571355604,0.5537435500648636,0.0240381430933425,0.1984849355253982,0.4895174763809995,0.3886675429185297,0.131522044,0.010467227,0.0
0.0491519748150988,0.919929306811246,0.248938512726218,0.9046010600689148,0.477371545013986,0.7720096020651873,0.0493138409555197,0.6098384993072884,0.037369469712573,0.32437967,0.199770988,0.189473684
0.0300307418158964,0.3841729024135161,0.8964155925749259,0.2437916449857619,0.2516428370578633,0.930051842454694,0.5085403765310148,0.3683066698027433,0.3683509579713455,0.188619212,0.250568512,0.367741935
0.6923416670154153,0.6974289164292489,0.2620936943996479,0.741478126147234,0.1662175357717119,0.1311741659701498,0.9583195887550776,0.2130072350304809,0.7493179496461089,0.369788726,0.158618414,0.0
0.4546238108608285,0.52905228493083,0.1320824221368051,0.1094003528567895,0.7340935758701632,0.1354251606214939,0.5515787861501411,0.7994561415986468,0.5438228722132663,0.245877565,0.23306589,0.436363636
0.0735312988492645,0.0326115327407666,0.4049030008686164,0.75843299293276,0.8141725946773833,0.8826623514981846,0.9360094975290332,0.9457627449325996,0.2031321150112071,0.082170538,0.407869594,0.12972973
0.3227354997282539,0.4977724702303434,0.9759098513632212,0.948516810304633,0.9257465305256892,0.8715851096013436,0.5375908551202105,0.6330259694642091,0.808289499311536,0.270808347,0.515794809,0.117073171
0.9684621716859528,0.3196201513282335,0.4282884737291818,0.5803910736093818,0.5848849170097263,0.1686441233976299,0.6072913686887247,0.4096622800751428,0.4299861210938895,0.166326412,0.257612137,0.0
0.9107710762064186,0.2334836928565151,0.5788614155601827,0.4627952628222482,0.3730222948538817,0.4705034913182021,0.6063594516439885,0.5929202209484712,0.3734137482886835,0.16031308,0.561765258,0.533333333
0.5720837075172027,0.9176531405329964,0.7231880713714083,0.08344992788541,0.8024448814964948,0.1797335286475899,0.4831650053840426,0.1991531720572077,0.362869001561777,0.40287001,0.234599674,0.0
0.5471003758490083,0.8130610400079273,0.4359147402679639,0.7576099582000728,0.3311262530148878,0.2038299543061391,0.8036828269972521,0.203879030436619,0.899198102820003,0.500241402,0.347340587,0.634285714
0.0277877972838966,0.5804436955854638,0.6871753853418829,0.7810221143688811,0.7799324755109026,0.8620207704342389,0.1617910531994852,0.8393432314444108,0.1839370354006905,0.192293414,0.188453828,0.0
0.8262624907380282,0.6919188061716973,0.0125115070657878,0.4236063483679878,0.0378694867874779,0.4497707572592928,0.8104730865849611,0.3667194434280791,0.4890631203204157,0.291298079,0.412881276,0.593684211
0.0791530878979087,0.9425065060659404,0.7619909361152929,0.668149761123996,0.1346482764083416,0.8371388700880389,0.9961824784030432,0.0955713325608543,0.1155189562544027,0.5339371,0.333273385,0.421978022
0.5256404564105832,0.5818551433691013,0.8183959061395529,0.4651326725222858,0.92549003180843,0.1342478302100379,0.3184606031636929,0.836488341785208,0.0517073425941858,0.146985466,0.233040701,0.24
0.409419968892577,0.1518558726678731,0.7214037149158004,0.8623459429510537,0.2165913828877651,0.5584763393861703,0.7253404740530606,0.6034141346765893,0.3084493277054959,0.102069307,0.393974303,0.088888889
0.1647518859316193,0.6260446104494727,0.7842039197917657,0.2978522622490731,0.5853245462118614,0.5436054369976101,0.1879215323118555,0.5164158975188426,0.7730351007124278,0.246631594,0.287786996,0.48
0.5154948993072843,0.9025488013043512,0.7104964208098373,0.9866588774816428,0.5927164152356232,0.0001401666382132,0.8265218087409416,0.9789379375861618,0.6309377604767854,0.551164506,0.060177631,0.529032258
0.4124996430909313,0.3185023450255206,0.6844796630377296,0.3219322013832703,0.7745610437248212,0.2836946814410592,0.3255949171199404,0.4461141587317673,0.4056161918314175,0.124374785,0.340795555,0.6
0.9231534210230232,0.1949331371052376,0.8790595347600251,0.7858630732295182,0.6086098068634838,0.4958790531277194,0.1108155661345702,0.9637202525757352,0.0560038330183632,0.075179807,0.409356151,0.66
0.9705592598136136,0.7450099592078985,0.4705215171204605,0.6082427515232202,0.5582763788829532,0.7452620335116666,0.1155834479117078,0.2311919611022395,0.9230890953192566,0.288855086,0.587905017,0.369230769
0.4078372705222413,0.2430142735154909,0.7588955635631235,0.2397779706788845,0.0042520542025084,0.3439858840885903,0.5043086297697266,0.698281672990108,0.8621435979887184,0.137086991,0.375157647,0.42739726
0.1755435187367828,0.0614297055502216,0.2290485919850281,0.4188468450774801,0.8784426225209566,0.6947717330734433,0.0777821082678016,0.7151815320086938,0.0461270927080212,0.072886754,0.125988173,0.776470588
0.71221350999558,0.3902803738020872,0.863809932812191,0.2147820312722869,0.1299306769967636,0.1922000372069182,0.5483081393219303,0.9956763808696242,0.6348523483826305,0.192338407,0.215450858,0.0
0.4476403714345544,0.4937441179294827,0.0297569308647244,0.1622534064800035,0.1544163921529782,0.4556947514496294,0.1007109503345968,0.2510961332208978,0.2730217261414065,0.149994148,0.233387861,0.327272727
0.0423865925309246,0.1877126893241357,0.529691788526481,0.2839718006404277,0.0013166808710014,0.4651703376048641,0.841825833856648,0.5212000415721156,0.5894981299135867,0.15135446,0.197283604,0.1125
0.9689334224266828,0.4898001748227677,0.8349482147471927,0.8679584982114918,0.9570959421534572,0.0733665602605769,0.8251760743474377,0.4591890281205782,0.9846972227873948,0.350383606,0.252499334,0.561702128
0.5075220886336944,0.6984888294407855,0.2330494596004706,0.1889669673925539,0.1457307262633722,0.471407022917331,0.7791826883622411,0.1937275958951949,0.7564834357723496,0.471053452,0.293146658,0.052173913
0.6493427070773501,0.076289679490637,0.2759808731491683,0.9654613512253344,0.7820506304247716,0.1674500115650794,0.0450410050213244,0.2736719192453645,0.2304608160789409,0.057289414,0.438927004,0.545454545
0.8114515697357118,0.0631181027690611,0.2613370593941743,0.8188636440451308,0.0081624721227584,0.8926959497292629,0.4366590443310998,0.3371554816310291,0.3333954342418723,0.062944332,0.478972755,0.0
0.5080886711559656,0.3443513306575351,0.0653640469770675,0.1752344292792863,0.1158856277880874,0.79066360659363,0.8813848321127666,0.2812545457520851,0.0676844798670396,0.143026459,0.525171745,0.261818182
0.5544567908719665,0.0665080144470833,0.4604237585416278,0.8488408433654749,0.5575191407951068,0.4563089576634391,0.9700987925391976,0.4668455746391965,0.0478700771858471,0.0883543,0.429370157,0.594782609
0.1884236282400947,0.4364116385467997,0.1217872957210119,0.3825859998904103,0.6780503247203757,0.2382100574663794,0.081927729431844,0.1378231353512328,0.9697781386897594,0.119199499,0.271470999,0.0
0.1842510319019162,0.3644563970929596,0.1784125373455425,0.8747823916656685,0.0934430780206743,0.5371107090405787,0.0490662254742031,0.408168870819534,0.9277791312932088,0.097295219,0.294275597,0.218181818
0.5091655861463533,0.716536335564308,0.7393487247411084,0.3280007237551905,0.5984962591286488,0.2588943438669506,0.0721072133755867,0.134450989070203,0.7334412811040297,0.243421903,0.351364106,0.276923077
0.8508957159164439,0.3613957542297449,0.6233769878862532,0.7225692702761597,0.1957167467333429,0.91413398992951,0.9925763834754958,0.9605158472997356,0.715132020309835,0.222663092,0.567425569,0.109090909
0.9097375085192272,0.2748922048718851,0.5991236429198885,0.7626296633963178,0.8380776018447397,0.0569618031584973,0.0268654096290517,0.5016600332201324,0.4433109741242764,0.130836296,0.094013762,0.0
0.4015208210359015,0.9235913756355136,0.6959586479929843,0.4557110776658853,0.4111105803252957,0.2368061267468209,0.1315358948040842,0.668042254931691,0.9554620511581612,0.583857935,0.275781109,0.6
0.0567360762308432,0.4769714507328519,0.0617922743996761,0.1399691520630355,0.5850888330574865,0.9920924750926844,0.3055109993079898,0.7225238922129955,0.6417702058915439,0.134461077,0.213112645,0.24
0.4510141175600179,0.98729012340413,0.880706212766404,0.5622087995810358,0.1497797644881821,0.253038550749288,0.6878356578999527,0.2030391664006572,0.1956415435604012,0.614877669,0.337603655,0.572093023
0.7630124109957782,0.6648736723113648,0.4506074421222261,0.9307791596332264,0.121472170238124,0.9716877038289686,0.4572636693373825,0.2157981632946195,0.1481308735026462,0.192341769,0.483839935,0.0
0.0937955898805964,0.7145364877812728,0.0895731099331682,0.3161504248874757,0.5406146200706858,0.2841507568709652,0.6143864645625747,0.8049009028673388,0.1507322174157911,0.304936022,0.283324336,0.632142857
0.8984861058022362,0.7638310704369692,0.5131074509213949,0.2975586359727804,0.3226708278830551,0.0482208004358716,0.3058621323730596,0.7196314131136411,0.4927213016193998,0.35830312,0.237635869,0.84
0.5319152153344413,0.947464945474441,0.4583711846243891,0.2682461977169419,0.6354666081655387,0.8388019823202375,0.2572220984416331,0.5708807032995113,0.3155450738084011,0.313071818,0.507161117,0.65
0.5789973569868438,0.5593910447026215,0.438698307566205,0.4931293605440325,0.0575345848022452,0.3197911898253996,0.1873052366425797,0.6483503965974321,0.2513694567330561,0.13831127,0.506285565,0.380487805
0.1189335001884768,0.9878909023389568,0.1095391785550535,0.3704659243124131,0.8060095922673963,0.2782701658137095,0.2873350769861089,0.821609779717181,0.8649976777480115,0.431761285,0.155915992,0.266666667
0.7476526999773936,0.27357503421524,0.1354806936283776,0.035048519741631,0.8216707683442062,0.6948050564976245,0.1627759727129534,0.6315771710725465,0.1325791678060974,0.088795344,0.589507252,0.0
0.8464468376546609,0.6906412986343731,0.3827176048044611,0.6345367409323045,0.2309937407839465,0.1319504395124479,0.6305724519024982,0.1728103751485546,0.6689794880661147,0.309947105,0.33782772,0.233766234
0.4687551085591964,0.4111075240513075,0.9744350758257924,0.847699305963271,0.5112116293381876,0.4247442570494615,0.9731769206600388,0.9071574988799098,0.4495859113422009,0.235217443,0.348164654,0.255319149
0.5042335353243279,0.4581950548371092,0.181477521518006,0.4608582565963182,0.0750876517636686,0.9474430726941772,0.0267080236229773,0.8683422895458353,0.7759041697925714,0.103245858,0.24653141,0.12
0.6036541344833858,0.6828182207268391,0.7709492174881118,0.7037573556593772,0.9171635409666276,0.2402439026358578,0.1868993129325288,0.687986715868802,0.4552603754298123,0.218436165,0.421121845,0.0
0.2500928290911833,0.8544998122913224,0.8442412827720469,0.5013324256901278,0.7641859140313212,0.9212943130248094,0.6614857641067199,0.2382048681654813,0.3786030073682767,0.589828089,0.393930798,0.24
0.97395516117069,0.7096291371998478,0.8192565724953825,0.2237811220907248,0.070353489791191,0.2599376648584495,0.9502098620468624,0.0501771238028573,0.3819666490829521,0.331390846,0.463545036,0.384466019
0.1049714748745568,0.8110846694828062,0.5560458221549258,0.7151873414921396,0.285712360010662,0.6642852161686078,0.5362264080638184,0.3398282179775933,0.2389665652814405,0.436242795,0.271944261,0.342857143
0.5133927849845511,0.5800770262844795,0.7940390569442843,0.6426368095138185,0.858808451501636,0.4991148743171976,0.5092170583094322,0.2044069950852222,0.4673907533853125,0.336354038,0.416267853,0.0
0.4291982380122129,0.6940513802277424,0.2363818641227844,0.0214938133212881,0.8727210084437003,0.7128006765703929,0.8978866000426874,0.5831924220187308,0.3854926582049237,0.287368525,0.514532721,0.274698795
0.1197445106297502,0.8211326987928494,0.1126978897802472,0.0874688210976409,0.4918471659339248,0.94000508354443,0.9911764566098408,0.4221170772998029,0.1977809735923411,0.369461768,0.370800696,0.406153846
0.8916379988979506,0.9166534043253104,0.5602421049207389,0.7244700966929581,0.186208966504999,0.538524172564879,0.903368520477078,0.907408828879236,0.8301064365100815,0.706747596,0.355294231,0.0
0.9848681619550522,0.5422072233085395,0.6752247070273301,0.6448290141135505,0.6740104797014953,0.6897201552171754,0.1361954533854195,0.1179997466692051,0.3162136019878482,0.172540304,0.603756428,0.12
0.1581458155798049,0.5360460009208793,0.7534403568671567,0.9170675220633604,0.9786820195413682,0.6245604150912034,0.4152613692693777,0.8960199763833131,0.3547968763589566,0.217216031,0.277919761,0.0
0.2269328815843327,0.6442038091447345,0.6373719972277652,0.3537842219794802,0.2085074339355849,0.644050153775739,0.1650142910936374,0.3110007990928168,0.2481380594646651,0.229129692,0.248133192,0.0
0.2337691894310831,0.2599179763646784,0.0775642704727589,0.7742616000037782,0.5326086609373843,0.1594416499549109,0.8279406600991301,0.7405469361865186,0.439837830167289,0.134926876,0.146746757,0.125
0.9957198853227596,0.9342154251576418,0.0055878811319524,0.9317703169936952,0.9532120134109402,0.9809110762395258,0.3313307910527533,0.7075302865906419,0.9744938605112632,0.363814841,0.0,0.0
0.1809564879542682,0.9669653013130456,0.5373000767571823,0.9643028148806448,0.4636808721249309,0.7146513290642851,0.5103385627879647,0.5245869676519208,0.7868415533774903,0.626733675,0.312091718,0.0
0.274721961600251,0.6379202315166187,0.7948090561088407,0.7999818164266386,0.1739970263162841,0.7358365948717521,0.8940761989032326,0.3081952071189315,0.6519245566692407,0.314308932,0.377494416,0.381818182
0.2339327184419868,0.824015103525631,0.1248878755765819,0.8117599595815843,0.6424664853334286,0.3629536281881887,0.8337568962699462,0.0246788337466917,0.1019160060024456,0.48804378,0.169999163,0.0
0.2021229652090481,0.2511626526020318,0.2515779708151178,0.0232213084326111,0.9149015608482136,0.9186945157754852,0.1252304620760309,0.3621120201074246,0.867596544218495,0.105518562,0.433250372,0.25
0.4002093614911648,0.650271095045636,0.3728807674478362,0.6686346594193462,0.0323517221581972,0.3800707955594435,0.5530987370137799,0.2713255279298573,0.2408825895830032,0.247365531,0.284470998,0.0
0.7746643420962478,0.5188248602702368,0.9751761735097512,0.2686963084276529,0.2449730210119513,0.7266166062403712,0.033086922678209,0.2432493792149653,0.1475214195360735,0.151741569,0.547630478,0.24
0.1940424354666525,0.7304464207340253,0.2935735528967287,0.2755367573055316,0.0908871881440136,0.1381359423741996,0.2910047595375451,0.6372023723350302,0.5620906539302505,0.236373126,0.031508042,0.3
0.8715036136672302,0.1309677567586187,0.7918332576796463,0.961032401519132,0.8360885611692903,0.0484333166830094,0.6391369451053506,0.0426776233362616,0.817330974705054,0.124643871,0.198940267,0.311111111
0.9726916659156664,0.5665462981032278,0.5610651285852157,0.9766840318792012,0.5051572963228931,0.7600714337914898,0.2281851421955977,0.8247470481696508,0.6621963787768597,0.200224375,0.509874688,0.3
0.793248667439114,0.5158822385870251,0.5795666285372856,0.5732077223491754,0.9001658271834445,0.6077363393454042,0.4369379730188139,0.7546710854821346,0.6803625146202226,0.208071215,0.556043034,0.0
0.9860654055562148,0.2865797371052017,0.105305358015671,0.2972708043873215,0.9947029670573436,0.0440267740847453,0.922328020656371,0.1612370658944588,0.912208646837018,0.198845365,0.153506099,0.346666667
0.1087266389847797,0.5319677152555803,0.5247929278271463,0.4364028294699018,0.6080672074475808,0.1152979728245642,0.8092754226330984,0.1371097416743238,0.4339913899674085,0.293201315,0.066219575,0.0
0.2731588114297133,0.9593577490183396,0.0547459897451827,0.2682201608981472,0.229774717018548,0.1296526205211847,0.0870536729004534,0.5809626587251044,0.4484294279538162,0.239009945,0.233526574,0.5
0.2903401402440073,0.256502548447139,0.4269576470492354,0.3964232341176986,0.8450459924545203,0.0927051647799422,0.0766870913447999,0.5076352236283244,0.7109945980505697,0.110236232,0.149999152,0.336
0.0033687824134635,0.804830922687384,0.0542919740356128,0.1449021624421914,0.3003639524187924,0.0079498721113578,0.7894291593915046,0.8133632762881914,0.9348481732446454,0.461833099,0.01321465,0.394520548
0.9567372641760696,0.0354284179967455,0.855931940028026,0.4458101428933847,0.7891805497042322,0.20002490523883,0.4069743802440894,0.3635391991846153,0.2515965533394623,0.063953233,0.163692343,0.327272727
0.7283192882947778,0.4332179188586332,0.4409438230886661,0.1542689222809501,0.9001454443408117,0.2400370969331724,0.8818845365539346,0.9473125313685524,0.2147787581120086,0.195993671,0.378531583,0.203389831
0.9745885922013212,0.7157357659371701,0.0855198492742334,0.7170138187651813,0.8553254425537269,0.0034638785348368,0.2946686317800294,0.0381184130312324,0.6595903738766421,0.262871484,0.104676551,0.266666667
0.0574301582033185,0.1404710884292179,0.1132916151006965,0.3713430666901142,0.9891219098315104,0.8663468327228153,0.6847991054887125,0.5583297662455792,0.8848867714731792,0.138438327,0.29420282,0.1
0.1542629807910311,0.5296232566714175,0.0107663143648855,0.940480654271906,0.6975235007403738,0.7601431721551,0.4546161162359423,0.2493496580064554,0.5958717317610593,0.118103345,0.263395536,0.15
0.6632832200048239,0.1431744963762509,0.2787304859744886,0.2960165907106827,0.521028258225775,0.635393565671853,0.1890820668759485,0.7184198563212902,0.1957668048554631,0.062051857,0.441402906,0.64
0.4335316546782669,0.2680119104188923,0.4209291955599061,0.212680269929141,0.9686288983130348,0.5164078725457888,0.1711920531346461,0.8682309450634752,0.7632425118538502,0.095999055,0.402288803,0.171428571
0.8188516084936922,0.660522082342483,0.4938059832119049,0.4908476250476881,0.6863928388537286,0.5536642282431145,0.0409710534124718,0.9691737180665166,0.9318341727774015,0.213889676,0.514332961,0.5
0.2411134282143716,0.6021340948968961,0.7778731031013987,0.0252669159006907,0.0579953953994499,0.2690745237191645,0.5506022234257973,0.7105157669105396,0.2492515844909357,0.290281318,0.262777926,0.39375
0.0996922813523618,0.2255538102615053,0.0040276828184389,0.8866681569828457,0.8938424969010529,0.3782237603439357,0.0941270737342332,0.79478337446755,0.7635945787937114,0.07579484,0.220193133,0.666666667
0.4341888059568666,0.1498084755612247,0.3727581202684629,0.6986547099617705,0.323891830187779,0.7871375899949424,0.1857746793189371,0.3510575454558683,0.928029543898517,0.097780606,0.443589888,0.0
0.361430684213735,0.3512437780542793,0.3670319769750928,0.8506522912747216,0.806175247966395,0.6458049666605233,0.7670780364752882,0.2812642158015704,0.0631739141574169,0.170842333,0.411402751,0.67826087
0.653832872759069,0.979197801554325,0.9600291213431263,0.8159237637475586,0.5875656749915952,0.1929203792345211,0.8142178096369395,0.3516582703374548,0.9765982712306948,0.876998817,0.353082428,0.324324324
0.815502920984268,0.2298574707206344,0.0841762587723751,0.2148826499303562,0.8677782796862041,0.1122545001944649,0.6129115435363179,0.3509757988012776,0.5685967127769754,0.174734914,0.17344302,0.038709677
0.8697624045108991,0.1165253048814592,0.566132792052603,0.1881679872887757,0.0555721334221926,0.8657001237956233,0.3999509273999232,0.7161407424518095,0.6265907606670076,0.063119586,0.741954147,0.0
0.8272986307006611,0.9310170287163728,0.6476150042123309,0.5369184789863667,0.2112812248542515,0.7507931613636841,0.1317086779894826,0.0768545712524727,0.7229392697438802,0.401488485,0.330229235,0.109090909
0.7161044631306863,0.822913323584552,0.8528419521324896,0.5281584198491938,0.1606450949987482,0.7598872146623391,0.901107884021868,0.9340402921123396,0.497042771627287,0.520188778,0.482223892,0.0
0.3600428855668215,0.9942927237733756,0.5411840275359604,0.7189687220638241,0.0841544672355448,0.6230444093751144,0.5392181515975663,0.6704720819688298,0.2397803818881748,0.671154137,0.399510132,0.057142857
0.1854018453431379,0.6140710771307758,0.0523569029991015,0.3244646439446503,0.2138826992819158,0.403905420106332,0.9744622934352688,0.488047788637391,0.0368641643404898,0.242918203,0.27573329,0.722580645
0.3052619187331096,0.1118951670256769,0.0652376409981693,0.4465501523702984,0.8057492211800783,0.58117889103487,0.9642378600646468,0.1995346057267014,0.8258893043732672,0.142724696,0.352833921,0.057142857
0.7447018068911726,0.4793866133294885,0.8541460082693527,0.7790149253257992,0.1811406960864952,0.9625261595594542,0.850215100100355,0.416381258294041,0.1601860324840154,0.22145229,0.547133877,0.288888889
0.2782736976997239,0.6589141571355182,0.5060035267726374,0.9278350330990446,0.2186448082428261,0.5721583070182179,0.9126585757863726,0.0163815074138135,0.0162752744591724,0.232079593,0.358804334,0.339130435
0.9150836755493316,0.3740157807573278,0.6992515441774869,0.8096286041818475,0.16600045906325,0.1895065257550765,0.0321757279866559,0.3761102653704654,0.9345748778105688,0.145880398,0.334007634,0.24
0.2101976686505513,0.0029920740859129,0.8376642795461117,0.5183369633418403,0.4599088354503072,0.8916745172948477,0.4515909792906304,0.8142083119873311,0.9135652823759666,0.089856957,0.304729839,0.0
0.8538648827224121,0.5647870647311602,0.0103571089059094,0.3993854079357485,0.7549962356551885,0.3057043527457795,0.1642771317309309,0.0650448861863914,0.5637004815530966,0.15643324,0.338107326,0.171428571
0.4978117992417392,0.3278981059127668,0.0330988331628916,0.4220452182393698,0.1577196911159641,0.0859944230717257,0.2699549178571496,0.4646794682120507,0.6296522182494466,0.075080608,0.160258796,0.0
0.0198199127133036,0.234513507710197,0.6495648634083859,0.3299301427873882,0.0742509473664631,0.978490781908902,0.9937458824387304,0.94459248066715,0.1178177593320406,0.124195431,0.274920047,0.0
0.6017996161720814,0.5437687049049784,0.15121670201734,0.2851615037318562,0.2889347466124128,0.8194746056841243,0.3075619309940729,0.2987867133095548,0.5514550463871721,0.174112542,0.548199328,0.436363636
0.865950972948188,0.4482221273906572,0.7079524585117222,0.6398865132469238,0.4399824321815168,0.1960762595477655,0.9951727454872688,0.1590931591937743,0.42526002684032,0.222884358,0.303042388,0.0
0.5380491581314764,0.3274162755038964,0.4716911395404648,0.922145987386776,0.3233564700035081,0.4897990805318283,0.6001726289600396,0.8911862095672631,0.0895584083547363,0.153593575,0.435693161,0.3
0.3550017525379592,0.4857581865829402,0.587601935016261,0.6031971318581364,0.6295611597086076,0.0263378479656248,0.3559842949099325,0.5845747106291838,0.2330529414613549,0.172454621,0.086027692,0.576
0.3309546792040592,0.4808996947574386,0.9640309012995364,0.5579878497481782,0.4589860928758993,0.635954469964887,0.5470833785421242,0.196973099181676,0.1729618868684955,0.259693467,0.49810995,0.688235294
0.400027935775619,0.5396226433990267,0.7037154927831702,0.9844136446606688,0.1879275353408092,0.7863707111103493,0.6523971598809515,0.3744289129892115,0.5640065190518848,0.244484022,0.463068895,0.361643836
0.8479334220254531,0.017693297322043,0.1636699595770573,0.5203730605647261,0.0502744483788016,0.074674363047013,0.0825678718864956,0.2943389248222176,0.4542054990145981,0.060906328,0.144903235,0.0
0.3086293455873984,0.168222059872678,0.4582724562478288,0.5253538175104069,0.5935169136284522,0.2611038305817009,0.8244124150085714,0.7038882507450276,0.001513130966475,0.107101644,0.215425621,0.786554622
0.9401385222228118,0.3998510038384777,0.7713211531283292,0.7683476809061999,0.601972392772552,0.8538762157350162,0.3301349554891458,0.8057852997955509,0.361120744876239,0.143464044,0.614029445,0.436363636
0.6997037595832843,0.1412324401240812,0.5982023780052808,0.9808598873568936,0.6474814277921347,0.5658450846686951,0.6836417571545561,0.8382314172271291,0.8967710271500635,0.157397074,0.498688197,0.077419355
0.0512755338665529,0.6706558958370824,0.830334354507053,0.3895844883656104,0.8644304872877687,0.0468543041995613,0.8878961863785444,0.7694309718536506,0.0246320259559023,0.417057179,0.055550498,0.858823529
0.4202385671614194,0.9109177844929864,0.9169300386522669,0.7528190485268883,0.3586110377895978,0.703575331607327,0.2342736212184182,0.8221612309894379,0.7367827762146463,0.457657918,0.530626137,0.184615385
0.7975025568172605,0.0552281025938934,0.3847821960306081,0.8630101103858163,0.9525786621914948,0.4663341176099476,0.7942465903167624,0.3803165925620165,0.0336935624691872,0.074257193,0.416444311,0.644210526
0.1455135275002355,0.1818566263444558,0.7617690534784356,0.5032994226317405,0.7518816342428339,0.4709316058103514,0.441202779229859,0.2681372486258012,0.7252700481678829,0.083673061,0.376631079,0.514285714
0.6285165668222299,0.6770238762300258,0.9298941406698292,0.0420276053984277,0.8652261910303959,0.2924770547245159,0.69164489268017,0.1193797229702987,0.5042495549783191,0.415243424,0.401220448,0.5
0.1970983151791574,0.9362515189862528,0.3452165581310777,0.2567682631312208,0.3643340260281386,0.3023549454180911,0.1993003099733467,0.3943570286634754,0.8041338366309967,0.307015888,0.211208146,0.628571429
0.5767897701030765,0.0299293639943893,0.0208496805445704,0.5234034573607068,0.8774386092908262,0.7658166184370232,0.1585296267087493,0.078750996317587,0.0434651161842504,0.059425634,0.523895903,0.66
0.3074943534558144,0.4551973630683399,0.0800574389043017,0.1867241767187709,0.0716123111315217,0.015312076622721,0.1232217901132979,0.580537439386239,0.8847391218365419,0.10855429,0.074244232,0.442105263
0.2698640784288034,0.515995905411753,0.6608229731412126,0.5380136835897219,0.1477232395402917,0.924484230200722,0.4066750734597254,0.6332802471010626,0.3425385899185452,0.134124149,0.217502028,0.171428571
0.3653507267428658,0.6820775438533595,0.4983573090981333,0.077871630939014,0.2619802615099503,0.969457776612488,0.4675999495914865,0.7726888367257542,0.8805406376269264,0.195412466,0.403519772,0.0
0.656943442252293,0.4278971434201761,0.8000146643546656,0.5289989189441334,0.2239148482002626,0.4407881407201561,0.4656820365032026,0.6115422989633936,0.1104710974795391,0.081904293,0.308585001,0.6
0.5687066523868741,0.1934412589404008,0.7556754826104622,0.8383464618200508,0.9494934033036928,0.1064404350906412,0.4483155602407662,0.414020600161709,0.2830190949757132,0.111440103,0.182339234,0.54
0.8181505427998391,0.2293158425546092,0.1579302729810882,0.1211327316809888,0.2277243745577146,0.0398121733272879,0.2940135208224994,0.9769278490065764,0.8249177467911354,0.100500663,0.18207577,0.514285714
0.2231224357596288,0.3863947269283235,0.1981547693530922,0.9357045428644932,0.1403617734156401,0.3301206121512278,0.6494195735498525,0.7244999545414057,0.1571987414124477,0.176424887,0.221080606,0.432786885
0.6924617817157094,0.4486537916575115,0.7589535339419832,0.5334485244439552,0.9170733191091128,0.0877520853918246,0.176458896574415,0.5725371675361929,0.3819362851003565,0.170759369,0.254029145,0.352941176
0.0028972451314794,0.0414463776899002,0.8490641598181984,0.3244090656961915,0.3837313097184549,0.7615312403938507,0.9517599154473642,0.9588979628969286,0.9247536294040466,0.125533662,0.297366917,0.283636364
0.0301782096276549,0.3625540824384221,0.7564730047023878,0.5283888604968773,0.8226945755714333,0.5343452197541434,0.3111582798768513,0.4720418399373787,0.8566472212145081,0.147923467,0.141952139,0.0
0.8783761410344582,0.2427407673243334,0.0586119094487185,0.6215163250123474,0.3727915539449573,0.6811735787462873,0.8353949534993567,0.5419134239140699,0.4609294529141576,0.148141449,0.562468899,0.474725275
0.2808669969365522,0.98267603708938,0.8747347622107204,0.7375399203436542,0.779944505588425,0.2180736952294748,0.1602631004961258,0.8409823836059306,0.9271502250113762,0.339096788,0.202266721,0.0
0.6688462008926654,0.94554152580785,0.2165252177507732,0.5304594974026438,0.8303115976278854,0.6993353765230169,0.0212625447330396,0.6500298877879548,0.3711708598945995,0.39544467,0.66532711,0.327272727
0.8557846672376587,0.5725910609932556,0.0096927094458958,0.7156667875842546,0.3287136856263004,0.7073156169044579,0.3573642129642403,0.4576725751785883,0.7606486656099286,0.236252876,0.542375505,0.2
0.9654875029324714,0.2559080854657132,0.6070971675494269,0.0368630597050982,0.3462677163645442,0.2845562545624438,0.7667462557381535,0.6285125021926731,0.0909813100898147,0.143075013,0.498690147,0.585826772
0.2219729239740517,0.2063567896389958,0.1060754370529949,0.2735048765589938,0.7033376016415018,0.3827737159595538,0.7134099876351924,0.4262287552842893,0.8534269695616339,0.176807628,0.314149783,0.186666667
0.0560540407240933,0.6007949437998236,0.8683338022208372,0.3775295842623865,0.903589727144873,0.5793876908594342,0.5369614210135096,0.0926651014312368,0.5965044737223335,0.339005128,0.235986714,0.280851064
0.64163303091938,0.4817144714301342,0.1841292345804871,0.5944579082478189,0.4693528291068569,0.3788577207281774,0.4753541245314693,0.5436700717851847,0.3055590960009025,0.152966197,0.481551357,0.461538462
0.2838297198441352,0.5154554155672418,0.6959506449351333,0.4138448470392185,0.9022779536282622,0.9281749519023726,0.7848728702294692,0.4247041590786666,0.1012307981065619,0.279509932,0.392289658,0.114285714
0.0144343496650644,0.0677290402562327,0.4639415666069676,0.6589863297685739,0.485298510142593,0.4491490111777376,0.529964924829697,0.7517839616510273,0.9204746245512204,0.107172093,0.123582108,0.0
0.5944276000974182,0.5131240014644521,0.3966657166590136,0.0524552216744064,0.2569634075458309,0.9652904098088372,0.8622834511791069,0.3456940719465471,0.288790844094254,0.29834863,0.470156371,0.409090909
0.4863020954929842,0.1853485234499097,0.8952382858619915,0.2418662353681286,0.6225308847486593,0.1108187952340788,0.2138128182980838,0.4284169036463694,0.6011616824682876,0.08146254,0.132284751,0.0
0.0638138027711964,0.4106086922410783,0.9233368218948184,0.1748702361420572,0.7108636913286794,0.2786117243338809,0.6685641508700367,0.5798655325491958,0.7570717969791438,0.220600248,0.095334506,0.0
0.1587955699381216,0.0088099535058466,0.7655046696674176,0.7373487344048094,0.2816405095837192,0.0865210042745835,0.3590562413423742,0.2547425872406369,0.7230534259870252,0.103604355,0.140428803,0.12
0.0306552875112209,0.6704500767081237,0.1830629252151067,0.843292561209778,0.0425563626848498,0.6722151153746487,0.1395352707089844,0.8819329972960116,0.320917273847196,0.103945347,0.156403508,0.0
0.7619223866708942,0.9773326774576644,0.3376931206505007,0.252676510744922,0.6531580594231289,0.1033177958228839,0.8116143036345783,0.507212279697493,0.7087037691999288,0.628399799,0.295058229,0.381818182
0.0305914018043885,0.0322648266656151,0.3005683779779292,0.5753595020148159,0.4968625610121775,0.9865585997609532,0.4299662058802886,0.2648524394894039,0.2738929081009383,0.047225628,0.436421283,0.352941176
0.5419883250214658,0.1649854746556974,0.8420052677523583,0.6051096847286476,0.3189881595822148,0.7058834348994646,0.0590822634420499,0.1287205864472411,0.1937287721315291,0.103736692,0.194644776,0.48
0.1594326485983933,0.6035217026654022,0.4141194003305606,0.0206187411699581,0.5542138624453422,0.0965387268103867,0.911298640236796,0.2781108076466435,0.5825829058207855,0.335916832,0.114645456,0.537313433
0.6282375176526149,0.2293646022561901,0.1885121012067605,0.6135625964606424,0.4617107806313373,0.512292088569203,0.0797037810774701,0.7536373515356107,0.4426795326022269,0.084965411,0.368936494,0.0
0.6889641978570158,0.0708377512600691,0.3292131033289495,0.2636667008244697,0.8497440589689891,0.3430540223965779,0.119234186260288,0.8137665546362153,0.8383934860633926,0.063159026,0.302064398,0.6
0.2742653872379467,0.7636516157914518,0.0678272779456624,0.4677742679176017,0.7597720334429159,0.2799171605457515,0.7355200455965435,0.7204727260954458,0.627912368850119,0.320587512,0.200007943,0.0
0.6018376671969052,0.4649671702058268,0.5791609244696848,0.6786988422063693,0.5444389618063207,0.4811856028942758,0.8665813577260956,0.3623773678589421,0.4248923513513997,0.231257835,0.413605162,0.386440678
0.1606000317038316,0.5503592837908066,0.8640492410128251,0.7366639712688404,0.8125176165703764,0.4910746808055227,0.6154126011629463,0.8176903440726615,0.3676550332558514,0.237497991,0.409479753,0.233333333
0.0665765119553518,0.6842089447395334,0.6357063947682952,0.985032226525002,0.4813261241241966,0.797585725656611,0.6147112282910933,0.7815334087702229,0.1060663189835208,0.378073862,0.2664565,0.625352113
0.2241114384077996,0.5760657755627743,0.0983968290805681,0.2303233627952038,0.9689610338693654,0.5906099096721276,0.0173437602908183,0.2862037074370848,0.5068676223491952,0.201813573,0.330577764,0.6
0.6781152804348581,0.6721815682724829,0.90666953450186,0.4014146116868385,0.1064621457395983,0.1153535418473655,0.544311592186255,0.0555478594955428,0.6438663800351894,0.364791467,0.315486511,0.42
0.0118332772767713,0.9086035681142782,0.2127657661912039,0.9578282544378076,0.4961615111840032,0.6175824123663596,0.0613219126153767,0.8576114161220026,0.91702647770289,0.348746052,0.129083111,0.0
0.3296233565848959,0.6973262436210662,0.5595492839222378,0.516620490766582,0.226304965446676,0.1215282151647898,0.4620117456142506,0.2260769793430268,0.3155227964359663,0.345222808,0.055857991,0.171428571
0.8951075789314034,0.4840622591662961,0.2464136527364797,0.5112864457816769,0.8498068757776253,0.8857920511223167,0.4264894886804057,0.6657819048098765,0.3595053490992577,0.142545586,0.665456489,0.0
0.0533557320864577,0.8754537442511066,0.3174676257691741,0.3700031737336923,0.422361295802422,0.1320030155984199,0.5047009086413692,0.3240667274580109,0.564425101784139,0.703475318,0.052063183,0.324324324
0.8466155074682846,0.3856691838064924,0.79364203247011,0.471904844975165,0.7203970557739781,0.1354578528700228,0.9906419932076898,0.0852323815381063,0.0189853387583937,0.21580947,0.165298419,0.052173913
0.5822533743605288,0.2528607172538418,0.7259207119098542,0.7481836616873131,0.6056769682018802,0.6829790448974278,0.3532308948917603,0.8207291672153241,0.2405595106523158,0.070527846,0.081987791,0.0
0.668333201404113,0.4499708323475458,0.2602998001017469,0.2881011389895656,0.8999076479173613,0.5940296769022307,0.9358397186153756,0.744759461927188,0.2784285790217468,0.210171556,0.422398138,0.213333333
0.6561620951501604,0.6347015952260882,0.4269721521443208,0.5116543294368198,0.8612813403085605,0.7812785924652704,0.7599768863933996,0.888973713213313,0.0421596901529763,0.284846039,0.447417273,0.204878049
0.844712050105986,0.2093096585705478,0.2460460930476241,0.6669241877359997,0.7928511449227444,0.3762667145611952,0.956424423229672,0.5856186593156995,0.6644019956894396,0.118189849,0.523985103,0.445714286
0.4249424787903706,0.5665430134695337,0.7710004032843321,0.4608037041687528,0.9188893596857972,0.7329044655135172,0.9776786955511798,0.4679057008153034,0.1736961294394482,0.240621919,0.489256442,0.168421053
0.5628268907523318,0.4824931238930997,0.1091378626561492,0.4247000321529718,0.4088854247447333,0.3638455368882343,0.8805159485096065,0.1359561979566969,0.5568259472320102,0.243147945,0.443990521,0.271698113
0.0046363498568133,0.8880574426124054,0.6081929542137308,0.5880683759428835,0.2138091850059723,0.6482438750519187,0.1306683732866476,0.6482770267517867,0.820814795068653,0.354126445,0.124049795,0.0
0.2571143173510533,0.2218962175650378,0.030058616904328,0.647303566679557,0.2013513270343564,0.8541576207646053,0.270343045729245,0.2800029041554818,0.5934703066041371,0.050785068,0.238123759,0.0
0.8937753361493704,0.8602480720290826,0.018541105179657,0.6586132471312545,0.1316694667881378,0.4470511201704433,0.3297221694735102,0.0151401120983957,0.8737689662001934,0.513988081,0.50710691,0.24
0.97157207416816,0.3576329037635669,0.7866228092109321,0.8178885474954085,0.1307547790839137,0.1606211788813423,0.9260909982877148,0.1876549862826542,0.1927730270476194,0.192011671,0.320157935,0.384
0.5847520892286062,0.4976779098547741,0.6702010098273524,0.2817251004087564,0.1172655267877487,0.7167697827927776,0.2685551333706889,0.3653020818557844,0.876807313127017,0.177420527,0.612608673,0.171428571
0.109467485851867,0.7204513946887293,0.5275388540969956,0.2627778651786087,0.8825013670699376,0.212206973560572,0.2062026741778408,0.8498442395993254,0.3892417162852715,0.234938507,0.139251849,0.171428571
0.6225226325744553,0.9933168572191974,0.6577889612835636,0.0433177386438582,0.7394036900668041,0.39497675148918,0.3505961037795374,0.0382796876069084,0.5816984819736797,0.478095566,0.4940228,0.694736842
0.2529142563891441,0.903664320672856,0.7806653926139488,0.7397673320138064,0.4123962128133659,0.5888301422211151,0.3897743446260925,0.0219560693437337,0.7295061365157126,0.447656067,0.34846891,0.184615385
0.6439777715541375,0.1542674414740125,0.6705922808359639,0.94799294919181,0.1899958046436209,0.0166301151473744,0.538096267843929,0.8259493233273336,0.1183320749103263,0.14218744,0.105610827,0.716129032
0.6440209377101869,0.7484673867383497,0.0954159618745318,0.0438037591212794,0.1838326007602004,0.426761606029482,0.4674293021538273,0.9831375350732156,0.9918059201308363,0.184982681,0.54439479,0.64
0.3132473687435367,0.5048733621754241,0.7420835284361125,0.5983871406167312,0.567852053911374,0.6251379005141341,0.363265349804462,0.6479914950143294,0.027284090027393,0.163066021,0.237407686,0.3
0.1987228067043158,0.1987046853980828,0.5404681480520133,0.6495545427720147,0.1499496898152651,0.1322368067774354,0.5994942814919378,0.3167120840048127,0.3926842149211658,0.104297344,0.103893098,0.123529412
0.7197543783456762,0.0343237310108339,0.0430023088273173,0.3734016622165446,0.91587369615474,0.6511082580008456,0.968698881142412,0.0745308258666379,0.708343190142055,0.099701302,0.560207142,0.0
0.9962537026638564,0.6032848310677904,0.0616897534047513,0.4351388369483311,0.5316782118003853,0.1360162082226695,0.0254060924711355,0.8363285166684996,0.2128367777115727,0.147338738,0.379224969,0.6
0.406496107151973,0.6271152375104304,0.847426373340881,0.6842988689365864,0.6537479785533907,0.786026826881469,0.6434306229620648,0.4129774345237795,0.9467460614540332,0.367022199,0.555030905,0.348387097
0.7365592253485717,0.3220558870034632,0.5434820754505746,0.2422250793974598,0.5829983308788729,0.6810353348964796,0.3600720405235519,0.626811829747659,0.875820362073843,0.127953527,0.505740859,0.48
0.513985082852791,0.3310237981133889,0.1874418444799582,0.2218596582197535,0.1410239416693683,0.9099374668844352,0.6930602449520871,0.7341102656973889,0.3812185790574827,0.148815732,0.605484653,0.035294118
0.2708021639285549,0.4180081766815243,0.4925497453968082,0.1042754110377079,0.6648769584086981,0.919875850283917,0.8917184514966513,0.0551812590661776,0.6993439824055152,0.218216465,0.435199803,0.155555556
0.9770630061505172,0.5393399041532672,0.1967613286354526,0.1689289019890169,0.4389741588682335,0.4316564136173286,0.6093857089616271,0.7309277784738619,0.38804862701675,0.274012434,0.52516158,0.589830508
0.3546593138104779,0.121268451125226,0.7088095714353707,0.6830029399134372,0.5650782494000784,0.5193865246162577,0.7029763692803238,0.1252075509965985,0.3547784228535453,0.101067888,0.371326993,0.211764706
0.1447301837822612,0.3945729006986721,0.1479837428982869,0.1798226106196142,0.603332116579202,0.1247454844818638,0.1607481576080671,0.5055387952565226,0.0783783527783045,0.103089903,0.184903366,0.662068966
0.542997072052202,0.394659604552948,0.767361254593373,0.9340695078708549,0.6817443554477899,0.2052151798472097,0.671706807280016,0.8872011676628867,0.131503934557334,0.238702582,0.130180316,0.06
0.516004503872125,0.2531079493040474,0.8364507800616031,0.6847185389769085,0.6340778554282843,0.5308496889774631,0.729180762067877,0.5526369805677879,0.123878372842301,0.191045395,0.305778703,0.0
0.2123577417174,0.3622076399448088,0.6852052195359086,0.732915032758643,0.0829190321554783,0.6865692718085724,0.4979196640514798,0.5754533300552103,0.5345391611177586,0.094288371,0.016908275,0.0
0.7799789076864829,0.8657869642893611,0.6243078311753685,0.3669522624727066,0.0078750976931276,0.7116557817395889,0.313658074979897,0.1329650032145717,0.4494954731597013,0.33965378,0.739070492,0.0
0.0787317452953465,0.3139494036530617,0.4038181756843673,0.6127280381754979,0.1530396675069829,0.6323247898605325,0.6615675702789288,0.8624377833633179,0.440583787431147,0.150572336,0.209991929,0.0
0.4414420907647668,0.4970228196883026,0.6090207121609894,0.6013659023479815,0.3961405426285371,0.9564063949611614,0.052265632978257,0.9760898180352576,0.1960864018035727,0.129172162,0.285268658,0.705882353
0.7461901404031324,0.181898236198677,0.6598132858168797,0.2801963003270645,0.8655389894641147,0.4356738372510169,0.4198758630189213,0.6267149746896555,0.0711354263832757,0.124236103,0.363509592,0.15
0.6587483275068472,0.2642539575197875,0.2936220681504289,0.099565772569931,0.7368569113051504,0.9580875506880412,0.395055913891998,0.6630389760035732,0.9012230666028396,0.153818989,0.500511968,0.0
0.974460055049412,0.7651481797647772,0.0464912499077969,0.5396495112036095,0.7317210796805171,0.5097827383030274,0.487110992188637,0.2325166728421275,0.173090941415599,0.146877084,0.601160994,0.571428571
0.0162118730516764,0.1000314893879016,0.7412811876047389,0.1257357288771541,0.562371010267522,0.2154560601967382,0.5965389553545529,0.7031194604180208,0.0859623656215966,0.103567355,0.136244705,0.607792208
0.3310693343348552,0.3940750237684858,0.2204556577943897,0.4469587992070928,0.6449485048995842,0.4838713046959063,0.9967890853744056,0.2473747741559566,0.6420712693291322,0.165954565,0.340751139,0.306976744
0.946632324223313,0.0465330176442342,0.6193653316158175,0.2021523773241177,0.2496445860993515,0.6963571858958083,0.8547856815585143,0.7754650607102918,0.6064672623005466,0.097240788,0.524394329,0.380952381
0.1221477874364237,0.2869968858245075,0.1243234479496345,0.6571836955217379,0.6722100969679764,0.6899709917433513,0.3140615047684251,0.351091882459332,0.4662063191673075,0.069181258,0.267511489,0.461538462
0.9660399776675924,0.4283309340590385,0.2182138830618711,0.4877810943165446,0.0877606547879971,0.9245028292252204,0.4504439741314446,0.0551050462325953,0.1800186881010919,0.11052129,0.447209928,0.5
0.3331950502720756,0.328577069768965,0.0787688726687217,0.664298398555171,0.6921214641896103,0.3555827909001553,0.2866438925330744,0.3941926773423706,0.6728249360162764,0.118511288,0.238907023,0.0
0.0615270776422498,0.326166178909348,0.874851732988982,0.8694159758805182,0.1401531630620479,0.3297806966583592,0.1113497455760682,0.3409363830600401,0.6611816308648976,0.109299272,0.215816843,0.0
0.8554028608503176,0.8833369255594963,0.5587106607873445,0.1817948837556355,0.5632952948828859,0.5706499820219607,0.040740609162664,0.5884702836184783,0.5973344945554244,0.35873265,0.757765875,0.685714286
0.1632695028480979,0.683124755565834,0.5364452599791378,0.290531497776294,0.3940769834491461,0.3783423866564156,0.4991079049195973,0.2821696648123183,0.4520860215804532,0.213990376,0.238709052,0.266666667
0.5740366151105875,0.6982398530764413,0.9053917232620884,0.4202007921644504,0.4098608621789017,0.7469916518368438,0.5360554344712416,0.1095391223323006,0.2838973863083494,0.38607644,0.606217331,0.216
0.1253922989380049,0.8732018404205761,0.8225937815097426,0.5018287069651852,0.3936917271228468,0.7478567540451612,0.9448678736483568,0.2590941859295952,0.7331371600876103,0.541353465,0.352055336,0.204255319
0.0761258693368609,0.8931974624595134,0.377726940002831,0.7989595687978772,0.9006574677714974,0.5056994233317748,0.1420163157916415,0.804209858197611,0.1728315852388496,0.274480792,0.242955314,0.4
0.3855030805615894,0.1838269978647485,0.9551993747933532,0.712413320492557,0.0930311799361506,0.1783214576712343,0.0583654335004852,0.2912819950616003,0.3723072763795959,0.09335961,0.166006862,0.0
0.3390337826046191,0.5708968803955704,0.8421834992185685,0.4361531345408636,0.6795118052901328,0.921486029091262,0.3289529220528535,0.5095352896631078,0.3337290620729845,0.175751555,0.459618422,0.266666667
0.0419307300340263,0.2693352944120157,0.3359615760817216,0.4957389249148323,0.777630110832986,0.8299475245003157,0.5722977890657464,0.7571642607306441,0.3187008307339405,0.135960034,0.309459278,0.146938776
0.8410003081089792,0.5809240110373001,0.4866535421248794,0.6221261387262979,0.9121396794435668,0.8143233176753099,0.8364335099814763,0.3835076153548683,0.7706352752029417,0.391426778,0.384813814,0.162162162
0.6196621532673379,0.7806022410477076,0.158293157484325,0.3796916426637607,0.2251379768452802,0.5844823069849423,0.3729778189921863,0.6369487345788906,0.054109651868438,0.274934425,0.374012511,0.670588235
0.5654178710661718,0.6052195465724357,0.9839160940587676,0.7377813347924257,0.4890495664574177,0.948116529336003,0.4343338050199753,0.579888737514683,0.7798442444707917,0.193447043,0.52403243,0.6
0.4959357249360785,0.9959889205346396,0.7926795424407505,0.2892526684700482,0.2756924005460544,0.833385930716084,0.7285667922471243,0.2214626120833819,0.6146552280513219,0.74692556,0.541811962,0.632432432
0.2489453551293223,0.5311293940629073,0.1040287958539862,0.2523469869585828,0.4350950225851511,0.3345316480815525,0.5031293575945885,0.8451875182609853,0.3216455518249486,0.222790487,0.146691229,0.0
0.8484199980108567,0.0532257027926323,0.706045566127206,0.4784703477751956,0.6556490745080846,0.661051214581749,0.3923973029954253,0.5719490029670323,0.2154400030823275,0.07026475,0.502608171,0.525
0.8647908996277013,0.7222807729000681,0.3217567114162184,0.4489665323502372,0.3865199686798904,0.5556519036408455,0.4425510573397309,0.1627036999128644,0.2718550060686514,0.203719264,0.571246147,0.48
0.907880538800002,0.1632507362994355,0.2111960766018167,0.2177939379499719,0.3349075266397625,0.4023780726226593,0.7870214343270165,0.9342424997709816,0.6680380682395595,0.139654626,0.579701182,0.406779661
0.1387973371022812,0.3046765205787806,0.2886549246585074,0.9311994288627412,0.8589954097494581,0.6186727442747024,0.372129122492117,0.7457395763110588,0.5466548754918577,0.109637894,0.315697281,0.0
0.3248098695512071,0.923311639659902,0.8920086463500442,0.3564100239678507,0.4698148269991616,0.181622984378036,0.8234109423940973,0.1109155149289212,0.4321085650610277,0.564170946,0.19643441,0.115384615
0.6497933505518515,0.1774524161394378,0.6997851977270597,0.498064864127884,0.0584959174480802,0.540025031529094,0.6473254859808637,0.2779161078571284,0.3680857354458051,0.103232429,0.520067449,0.4
0.873703963258402,0.6437038472686175,0.3300190390073308,0.8700293065442665,0.3687843269456242,0.4738033073402101,0.2637331268513292,0.1018436149918797,0.4307790240461491,0.219769483,0.48239702,0.36
0.7473900552636179,0.3788364726681589,0.9035270721223302,0.0285149045208445,0.5675338246043009,0.4520192414460503,0.4883100106353059,0.8311404245924486,0.170289183241291,0.127775386,0.49969924,0.685714286
0.005414794466138,0.9089925661424588,0.3226339180672923,0.7678681487578918,0.8747325578553443,0.7660545011922052,0.0125773411309644,0.1200926799125098,0.7303320849957753,0.354103055,0.12028182,0.171428571
0.8176775281701201,0.7130000155922739,0.4978683416980217,0.654308918288606,0.8143428642668994,0.7619493434497412,0.0398400789000737,0.2695198725049255,0.913497698776979,0.280286342,0.500276218,0.6
0.3899040528130419,0.7755559141793678,0.138067749927661,0.269585454300724,0.3806314506535617,0.2305513580105014,0.7454981598387617,0.6224302265049333,0.7795259047881493,0.378526414,0.242611373,0.0
0.944244913538266,0.7978201920502876,0.6943230437195699,0.3090640390336188,0.851889402771122,0.650897179594407,0.1985549424969585,0.0222878630727824,0.8939598741108827,0.226886749,0.610036637,0.6
0.5045843931426369,0.6054976654649352,0.6276361300986555,0.9540448643401936,0.5927076591979594,0.1479903920309306,0.8410627287229733,0.0025288835712653,0.3100292130071124,0.284310392,0.233628651,0.367346939
0.9085094506396248,0.86524789722715,0.8803027705837015,0.7338987729179579,0.2543409130518144,0.5849894219419605,0.4420438594699979,0.9576078577991548,0.2228704037295867,0.317507609,0.429112521,0.4
0.5158537378540322,0.8222704439407551,0.5985516908996373,0.2779792989566657,0.3021147244528457,0.7729653368197157,0.5886200227493492,0.732269635028845,0.1763041892934216,0.405398046,0.528380872,0.587755102
0.8150380500489608,0.9505290346281468,0.894059656056778,0.780812508539033,0.5689137371670608,0.0504007234391398,0.1974000283436838,0.7444724893787894,0.9492632970948036,0.527774805,0.18043701,0.577777778
0.0811018126610388,0.6347632117476002,0.1670494016920207,0.9985966166380316,0.487599402534165,0.9916555610624688,0.6691729003933999,0.8291068348592919,0.1103129117520229,0.267508306,0.370091836,0.587755102
0.57071304053394,0.9416924586927308,0.1600000857811838,0.9646654799166814,0.5961673691815542,0.0642257945996038,0.6979611866779826,0.8750106445881752,0.4061257674809779,0.504198326,0.152681701,0.133333333
0.9676966140468212,0.6467229757562389,0.2080990708023337,0.1856538034798128,0.9087264396652096,0.9639636839416252,0.8837818962845426,0.2137810039076438,0.2559751199852251,0.338278336,0.633179337,0.251162791
0.351914589995861,0.5570213747680582,0.5801031953278161,0.5709608297321321,0.3247295639338459,0.2592288839795041,0.0709411198797379,0.9586671195604785,0.9225730906919188,0.245476602,0.190054609,0.0
0.353923210499822,0.8009248788908472,0.8650209199058158,0.5463203114541513,0.7313347528485281,0.1528954877338791,0.2464703467957998,0.8013991694337607,0.5340578714763117,0.32370226,0.114511416,0.0
0.685026723996468,0.6984014687691933,0.6599462488335776,0.3821627183962602,0.3161912715250964,0.1233444803670639,0.0758658609316581,0.6714184409398261,0.7386852484103761,0.242248183,0.173921795,0.0
0.0019605143785283,0.7711351173199982,0.8709767410675454,0.1435197017761458,0.5930625060410628,0.6570508935066701,0.1806849473687604,0.4978637198073633,0.5449547710510552,0.34521493,0.226778105,0.0
0.7780740914816668,0.400646614729281,0.2778646186454879,0.3851415272894143,0.1915876167090466,0.5319155863463757,0.3038383944387915,0.6176539183698522,0.2123206936067332,0.130905969,0.441835867,0.6
0.5777537352701273,0.338678850410482,0.8195497759821516,0.4045161776423186,0.031106823012641,0.7527185367645342,0.6238321807546713,0.9341544367864054,0.6153357451722349,0.213695402,0.572492041,0.528
0.2720456670063101,0.0345162166923898,0.4350365634330211,0.4455448508690759,0.4134900321593704,0.077356772955077,0.8337274575468414,0.4844792573202472,0.9244790013577184,0.105769071,0.182682993,0.576
0.8064924073130143,0.1649327758002433,0.2665198327484663,0.907082220540252,0.324952040807826,0.7291039787512664,0.3975045106115892,0.0781438513105234,0.2387849501980731,0.088858651,0.111324337,0.0
0.3452621583694972,0.0693532576630959,0.5058851325226756,0.8366235472758852,0.4488834150385729,0.8870968437131734,0.9439612516260028,0.7498014839471766,0.4658494661189848,0.117270186,0.414191162,0.409756098
0.2631291143505954,0.3058724125763353,0.0402230129415934,0.8402065606071222,0.5102530039253245,0.9860298094047174,0.5895144600595116,0.1209473669271534,0.2085540608685193,0.128436568,0.495030731,0.0
0.6229090799687841,0.0867777286266674,0.8852881077427078,0.1224026854420677,0.3849656232565307,0.2002612188450884,0.7954983562351007,0.374082028235027,0.187378451424137,0.113139241,0.35807938,0.488372093
0.3877795339981666,0.1515609973744858,0.5869450040726327,0.4710511921178356,0.7284365395252475,0.3108428478793945,0.0485690018873441,0.0328430704811151,0.0277780621951583,0.092017947,0.18251111,0.0
0.5226891541824635,0.5465590351408393,0.0005647043713074,0.1575649185888191,0.3057200562243092,0.5084517407229809,0.3750538442598782,0.2465267809772482,0.9621675170923654,0.126490303,0.475777508,0.0
0.5473106360700608,0.9833538927683024,0.5061746102120367,0.4471565565557632,0.4335876889953192,0.3373045871138861,0.5625063979932621,0.7016799297868156,0.0542205567159712,0.536752418,0.30654412,0.461538462
0.5626828845215314,0.9903927003552424,0.4432916410711653,0.4008063859829959,0.2330830770072385,0.293727651759172,0.5428344325840594,0.2180291187628731,0.8185738729042609,0.779199209,0.257092562,0.3
0.8943434043454906,0.4928148760168838,0.5659569983686212,0.7080367252054351,0.2439453535083573,0.5459109517148352,0.292212195643047,0.5730642681523107,0.8456180938795884,0.181772463,0.571736007,0.620689655
0.3829944609437786,0.4520643713293928,0.2658993681533181,0.2741546980700972,0.8312386909936462,0.9068794879786428,0.433370218287851,0.8674497316669533,0.7905460499684859,0.156580399,0.46736942,0.3
0.8107212745591315,0.2237143702168879,0.3934544974922532,0.1192955301054622,0.9217085366214934,0.3209021700782241,0.273396468447545,0.3027829815404048,0.9290448018785176,0.094687211,0.385704034,0.211764706
0.7585687350659216,0.3311500121837885,0.0334316309939098,0.2969553905391402,0.4573992492270087,0.0889857046538233,0.7012901605425553,0.7576447446392888,0.1770321440848575,0.145150321,0.200483867,0.4
0.9564596007526778,0.968692742814553,0.023594946234952,0.5585962020437001,0.2880750107995581,0.6894969594275552,0.5983643217541185,0.8393691513851776,0.666618342936331,0.63708408,0.44460976,0.081818182
0.3427320406658539,0.4230948842687985,0.0170253692126591,0.4711955059678346,0.8265795958360469,0.9526010498824944,0.7866089434458033,0.8751048565018875,0.743795524187897,0.198887272,0.356170173,0.0
0.9779301157362448,0.23546138845321,0.1279389612205801,0.2106131199121054,0.0288549569654162,0.0003502454972351,0.1487289255053421,0.2656347382002751,0.1069633213502218,0.094715826,0.085890624,0.56
0.8979417901487287,0.5507916145750181,0.8852662657565282,0.7968891872614642,0.9883099827271132,0.8460837251705143,0.0886990146327847,0.567971933093491,0.65432039305199,0.262716811,0.426822735,0.0
0.8686405992096167,0.3176023055593334,0.5787846421845467,0.8244696873082069,0.6084328902151289,0.8840221330911303,0.654448529554732,0.2004028016833703,0.5882750827934548,0.21152221,0.465812929,0.2
0.2324055158301053,0.7801986153712879,0.5470240552651912,0.5220168098361475,0.7909651233732421,0.4680660069580694,0.3920702639153368,0.5548821228684803,0.1282467608846487,0.320713813,0.186067384,0.48
0.9444466282173788,0.1187871965941299,0.6810724932702773,0.9460312287960816,0.6178377963466204,0.8852556662107895,0.331025301935326,0.1669249798889834,0.0386652307003948,0.057681601,0.771106865,0.0
0.6733215616773051,0.8611038610993942,0.5907148734132596,0.4517702287803352,0.2308083636176289,0.3156215172560851,0.5576299958849751,0.7620208089607257,0.1130670842985711,0.442541212,0.315767702,0.144
0.9638746862802036,0.7738223690019203,0.5386870249479443,0.2437922854427551,0.932365794817939,0.8260496177525932,0.8845631619898903,0.050351057281524,0.4956408224513029,0.559948319,0.561553895,0.408510638
0.7302830962772174,0.9014710464615296,0.1502656100032469,0.1659468257267849,0.9050253309007146,0.3013189449956784,0.4415617304456738,0.5395733708557637,0.0264864251324064,0.351662695,0.306980737,0.564705882
0.4137234402310428,0.8205227889735993,0.2698661136693966,0.0911672892070771,0.9039293063995264,0.8371971402101589,0.1838340181224714,0.5224119388392848,0.9174028813063488,0.321815781,0.467838659,0.285714286
0.2827441456824491,0.6820674889343897,0.4720816888629192,0.5804886226679415,0.2079253954156971,0.1115315959096067,0.5581562955283299,0.3475703466644343,0.6727226570393153,0.38000933,0.175278293,0.66870229
0.2104598524163212,0.6031317722405047,0.7961543254412736,0.3703129426752202,0.225191796628588,0.2448439069126569,0.9117589869336368,0.3949026084619362,0.6292233660396911,0.383991094,0.244630818,0.690410959
0.4600473407273987,0.3184683621814632,0.5102390840189784,0.0492247112371685,0.3457385307494974,0.6694988959183117,0.6516042443773797,0.3917943431220729,0.2288909620078445,0.195765309,0.49531661,0.24
0.2956935455570978,0.9829673462920876,0.2862442714304564,0.667956320354092,0.7707028705985468,0.824179329415048,0.8847245751303336,0.957690740136254,0.6868611861483283,0.69590991,0.41553249,0.274285714
0.7097158668627331,0.7806019250692366,0.2535776200294641,0.5250665581739679,0.878911501099,0.0689607820600489,0.7552360531610738,0.6194712825792374,0.3143400484246327,0.426585163,0.200626996,0.36
0.4483666259038066,0.331969922737852,0.1004959926287151,0.2528597915975371,0.3026632903188559,0.7552896259977084,0.694275207938753,0.7420759306080023,0.0092388328127859,0.153828337,0.426722973,0.0
0.5255597297749127,0.1099402816780706,0.5850589830528435,0.0157441977056321,0.9900406964601216,0.8999586924492307,0.6227152608963965,0.4419213297515942,0.5943940488953803,0.130619057,0.528778066,0.585714286
0.6972258556548759,0.5625242636304579,0.1524037271303712,0.1058644365281314,0.733693031591062,0.1714544469337107,0.6321237795298412,0.4611260602299163,0.5605178240148324,0.284310127,0.326335475,0.56
0.9077029072405126,0.0227442066474384,0.4903509990599701,0.4637713825148136,0.3358885658860497,0.4761785823654669,0.4258555633660522,0.8427809407114027,0.7083827801052736,0.059853962,0.570962937,0.0
0.1771419395546103,0.824820480877945,0.8843868353788196,0.1629469847126387,0.2106511139818214,0.5365069811739251,0.6983498758437945,0.5854091903092701,0.4048215148169191,0.588179222,0.260743536,0.32
0.820707092103486,0.933883826465984,0.8596743169581584,0.8652602090400199,0.7880055528698416,0.3632539601647963,0.0592326406748379,0.8622952554873214,0.2730411686522975,0.411192813,0.418133765,0.72
0.6069522470471734,0.6483162748500647,0.2929585806009221,0.1960148260199909,0.9828437385380626,0.9421100143121244,0.4422971890040067,0.3435266646276895,0.9045944168066088,0.221174438,0.508275555,0.553846154
0.1402699964936655,0.9148486240862672,0.0375838051200103,0.500731694909418,0.1784872708371819,0.6572108533204128,0.1383215924800255,0.3687623195432592,0.1913653173094528,0.373116663,0.480463945,0.133333333
0.0867261629574289,0.1363100817481652,0.0903246582635503,0.2603938828623388,0.2857497502362196,0.3714547994341908,0.9162975168274256,0.8235907503364976,0.306488000255677,0.114974609,0.216622701,0.0
0.0814906609833994,0.9630592650212084,0.583403440008401,0.533324176927652,0.8494769689023396,0.4434569737681401,0.7022404913035519,0.923593028471908,0.850828253158814,0.834759956,0.27067898,0.46779661
0.4513119689269806,0.9792248859334866,0.5019311030526924,0.3032667650628798,0.3941473671363804,0.7117895285002811,0.5933850647033807,0.5493339818596781,0.1757732335225728,0.5678186,0.473132933,0.484210526
0.2487656521810668,0.924463442422988,0.7875094041078617,0.1458448836234023,0.3290358213857354,0.6002504434664998,0.1759363342338249,0.0732387768073391,0.5730084173104688,0.321352906,0.335746097,0.063157895
0.6982233654172755,0.2403586488374813,0.1646492974151145,0.8949446772003969,0.6932209204176631,0.3684655426221551,0.4364395583533494,0.5888307148099639,0.2780619779812286,0.067656307,0.360614719,0.75
0.0884566169791024,0.1049174912196269,0.1415747364868099,0.6341331260623049,0.4178439873216136,0.07647033839486,0.1154105984654021,0.2540751787638625,0.5656759507745015,0.095953002,0.061172649,0.36
0.3735871832412133,0.0479665256830783,0.1792848151674065,0.7160724000846632,0.381215668270782,0.0404693969295565,0.0410967493612385,0.6946140179196952,0.3934056668306523,0.069434331,0.054311327,0.225
0.3066812304148093,0.6444264520366059,0.4014915006055681,0.5357154856364035,0.1720913596383712,0.1661707037036354,0.3776253700804112,0.5431618449183959,0.4236010086946559,0.201891713,0.289706634,0.545454545
0.1781817667026588,0.2149262860243473,0.5810948734500142,0.8448116426097861,0.6616504317029523,0.6085441923592472,0.1841993447961799,0.4610257393269071,0.4139976462385281,0.079456602,0.198102686,0.0
0.1529198467385313,0.8122609135624178,0.1603341415117744,0.4644004031664225,0.5700008818296894,0.1664488103702601,0.7314775444013084,0.0812001932238996,0.4269078364580226,0.433360168,0.165373485,0.43373494
0.1254943487724393,0.6238492806909626,0.6380785277302752,0.615028926367164,0.327061816053782,0.8845450129297491,0.0112915587803933,0.7433589331461022,0.2952241549237242,0.188176959,0.306315035,0.6
0.9636166084063914,0.5434511389196319,0.1856446976377366,0.645006123810626,0.2081850428897177,0.2402657191742,0.7827537412203139,0.3960609540334423,0.3938396419796367,0.201180449,0.383721401,0.377777778
0.6725527277934849,0.0262474915835236,0.9238038945863476,0.4554361893266605,0.83772578919794,0.4782798275403708,0.4103684543344749,0.4864707522175786,0.6169871029569227,0.081823197,0.535664846,0.336
0.2133898035122378,0.8366617039319845,0.7937412160531438,0.3069776244002775,0.9226379747600452,0.7703840827560554,0.5839598018463459,0.339864166462687,0.0992994708328564,0.420584178,0.401387973,0.171428571
0.7866363070818592,0.7884769894078231,0.7404589410140174,0.9757594097551088,0.8010319186763941,0.0167629748514104,0.1098887633505303,0.0994653128535388,0.189320161396153,0.285102144,0.077601163,0.1
0.427197635330252,0.4382873629699962,0.096553708219328,0.6799708193387506,0.9194666104842008,0.8764678759093671,0.5152287868517588,0.6748378269421123,0.1287793515253932,0.126592288,0.440752565,0.03
0.9216643192178182,0.2189827789723911,0.761317215231512,0.6973740357538398,0.2698842922704282,0.6587585309763349,0.6943534479132469,0.1436221950893372,0.0218765323277592,0.103810792,0.534258629,0.088888889
0.205761846132887,0.5156642365556592,0.3559845404831522,0.673429962979328,0.5377380595184569,0.4928444193770555,0.7684894506014142,0.6054571718861208,0.7096925314355064,0.299100572,0.293885419,0.085714286
0.7220157275149495,0.7314684195963455,0.1318314000248789,0.1888267019716412,0.5930895390303685,0.4870664875198272,0.301710903622402,0.4398577365269596,0.4299990162021696,0.265359298,0.488978524,0.257142857
0.7346432905930005,0.8626002101538901,0.8618759952919062,0.7454479002764858,0.9908823636138948,0.9006843673538578,0.270718536306703,0.7175213999097135,0.5013919617218144,0.38155863,0.470229978,0.564705882
0.5845886920102298,0.5054977196563649,0.6691586539193165,0.7959645234752621,0.4706575876501354,0.6544896709515078,0.3837260498631418,0.1154772171784072,0.9172571383935496,0.184620839,0.49345116,0.0
0.5750133247373779,0.3253390177451531,0.290521036227509,0.3228005151564356,0.5265135002586881,0.9719489572972508,0.7307407840277966,0.6840064700421222,0.2692036380280648,0.124030022,0.547595883,0.530973451
0.4975451003442905,0.3043743848955802,0.7772994996906689,0.3017775035776295,0.6709841843388782,0.1627248580985748,0.2042633979825946,0.2072050475313882,0.5263871084270525,0.110175466,0.299534558,0.3
0.8063063165003337,0.9402049122683817,0.3590711917220049,0.0088808407972804,0.73845719919024,0.0790955123832778,0.1704216242783555,0.7261853824791541,0.9305262318262986,0.334885573,0.075001207,0.0
0.0184955023826955,0.2043664179548687,0.8174976328841134,0.599657325792531,0.2901952064297148,0.0858078086303083,0.0414368084654697,0.8666528350493842,0.8798232839575792,0.074403654,0.040901421,0.0
0.6280196048466045,0.2235560299844604,0.3916246102047739,0.5395886981089568,0.0961908406020832,0.2393365494534679,0.0002158207009413,0.7901968336850155,0.5456466940348108,0.125860293,0.12320844,0.0
0.934907496373296,0.2209943991050591,0.6094580356306272,0.6972724527499016,0.7118769475346317,0.41427693745965,0.8538608284169938,0.2690786169595637,0.6472028022500972,0.15806682,0.467552329,0.175609756
0.8831672961366548,0.7367221482426526,0.6924626426018792,0.3807384947613991,0.0066182171952552,0.9199481702670186,0.1316971715230291,0.5568858841984159,0.553248715749222,0.211945313,0.742357004,0.342857143
0.5120539264094117,0.6141437727737781,0.6107000711622872,0.943572135666554,0.0681728013272358,0.4029733519877919,0.266544806826599,0.4651231409439131,0.1060689440752026,0.115164747,0.180932695,0.0
0.9226140493228182,0.0874878382939261,0.5019304265824654,0.1887272480840559,0.8367776966299627,0.3065454967991168,0.7508092489024745,0.2423751608220752,0.5666609833808075,0.094290606,0.377383694,0.36
0.9925153298807684,0.3981833593873329,0.742944542991672,0.942352991828434,0.6321726031612172,0.0103739925995186,0.4765880272163285,0.410246263836129,0.0292016670868801,0.157085248,0.089067753,0.6
0.3606868973799867,0.9999401320099566,0.8047779447746671,0.0306546996789203,0.6488531569209844,0.2004117395580849,0.8324792492789331,0.154879587941675,0.0314838844046433,0.768157142,0.197337829,0.6
0.0414799580044352,0.1312451273174487,0.6507935098836353,0.1497282528078095,0.8948048181944985,0.2249414831191012,0.4546238360429612,0.7466720507311562,0.3126491522025107,0.077756815,0.157599385,0.757894737
0.4774191932595767,0.6069964544245995,0.4009524089240657,0.7300039094989607,0.443370564368473,0.5674581025251964,0.4824643107329746,0.8150513541324262,0.5025467834027209,0.184270466,0.416517575,0.0
0.6553260980828055,0.3782150332248137,0.5065561644259925,0.4842939659966584,0.5903315111503856,0.7883969898318639,0.3841018555867395,0.2355537563256109,0.4163113253348446,0.123633359,0.383363054,0.0
0.527138612929174,0.8764998681216865,0.1867749325021013,0.5394770037252408,0.2482784524958401,0.0409250950900714,0.458342960929805,0.7953013941760255,0.927982204033904,0.145914683,0.099701127,0.0
0.4836263546917574,0.489351627728422,0.7831900121304951,0.7410401107873937,0.9497112399605496,0.5038373759631134,0.7311350955777972,0.5860366776888729,0.7049046927098971,0.28016643,0.448468832,0.519402985
0.1887121373558367,0.879975149837827,0.056487137744934,0.7773814919024965,0.5715322991216706,0.4547669842352524,0.5011261406096706,0.2697041716611309,0.3963149339049625,0.419588185,0.290407242,0.474074074
0.2748236656015134,0.9158174998975124,0.7798957753150538,0.9469557040320776,0.0574792022394686,0.7753395268972962,0.6930611923203619,0.1845814556747292,0.1960027098400089,0.450684721,0.480988767,0.0
0.7832831462845591,0.515348770066653,0.1030910929762857,0.1469507492914609,0.9278380965326588,0.2874158946086771,0.3566307410113115,0.8312081697647369,0.0318091310910534,0.119484616,0.271618461,0.72
0.4452832455203396,0.7580752247266918,0.0083299060538964,0.0827409745568837,0.4008691802867092,0.8217745156886077,0.9527771905230732,0.5541343711991686,0.3794117225970131,0.341770292,0.47278532,0.370909091
0.8136182039452303,0.8033714766886708,0.0542212342698409,0.6485326728703694,0.3514125717875203,0.8639129629571196,0.506410553700879,0.5732396438200348,0.7594182916111583,0.480765145,0.597232943,0.385714286
0.0646081032709964,0.7886098977093855,0.2393524421829733,0.6041004930781989,0.1143210371980154,0.0485806869383885,0.0189150762299222,0.956232657849414,0.2676212719787152,0.164848606,0.074080015,0.624
0.5604881811685714,0.5054542636514152,0.4822384871158724,0.5955865888350396,0.9418991290177074,0.3269078251547666,0.93630808735196,0.1059532355358486,0.0693876070535751,0.286977364,0.369867663,0.759493671
0.9064441955039516,0.3720751154338212,0.06225668947215,0.918736234123204,0.1404593310140754,0.1915490215725632,0.1993984647130604,0.424913185562633,0.1977424511505913,0.104617493,0.318501922,0.171428571
0.1431966373444254,0.5759131939360972,0.1342179184657537,0.0567502476796177,0.2054994639917865,0.6268246917496839,0.9380102580317622,0.2693925534213072,0.5784675522050945,0.325367532,0.224059048,0.39
0.1483165622651877,0.1273785913926108,0.3987305245020153,0.501272464527845,0.7676701201667219,0.6642103322174076,0.4890867145456312,0.76654217390383,0.220648101879523,0.042158837,0.36603517,0.375
0.9264365020488712,0.618803048966749,0.1272946874498012,0.4665293836512215,0.7724906315776381,0.4925178979859106,0.3992414406473508,0.1031325450739446,0.3427166853316343,0.268530579,0.759135285,0.0
0.9430182878549744,0.3666781788740118,0.2578252079633613,0.328418790385039,0.7563987309900907,0.8122989297783115,0.2643941615079954,0.2102428137272134,0.3593900001684919,0.119435172,0.408107218,0.0
0.0939072155900231,0.0478697191991034,0.4223940609778636,0.0513317371477656,0.6619646831399507,0.9884257618067588,0.3478887426785542,0.3224311584376941,0.4932047631104954,0.073139914,0.269683616,0.705882353
0.9328085878346024,0.8289125744121842,0.7659089932260637,0.6849190712917266,0.4359813074716822,0.3430387297860597,0.1934451735933435,0.4419079325554386,0.6803969772272562,0.326883112,0.153633752,0.0
0.9608683785187768,0.9211982564061792,0.9941611882859844,0.3724614716062441,0.9443783983678112,0.7355569099673703,0.7605350922395648,0.9247231933004182,0.981849872142628,0.586975818,0.568480244,0.4
0.8580781227850752,0.988108159280907,0.8239125744440906,0.51961676120801,0.7434795401135159,0.8224026079769144,0.9025195452301524,0.8221906362202094,0.995684405540056,0.669390702,0.608963057,0.406779661
0.5954771204028683,0.0947597762898087,0.9014191517411284,0.6155254243760371,0.8297096028351902,0.9068819656091884,0.2165332990945088,0.4609434593487959,0.4968444792828417,0.081690476,0.466652085,0.109090909
0.3767353243132293,0.329278282684331,0.6846021701629835,0.7688310450389807,0.3611766437612809,0.2473738594721356,0.8611128872444522,0.6383510464924371,0.9553197732022244,0.24510217,0.155460794,0.0
0.2258224762769632,0.853218216778389,0.1893039239722291,0.5512064225959866,0.6964746270325657,0.6148935534334621,0.6998285397527537,0.6243874663855362,0.5717990461852999,0.493899489,0.410185692,0.535384615
0.848326103499768,0.2511358282893891,0.8093295522737197,0.1743969093138475,0.8124427643023436,0.2467931151905763,0.8893435857826625,0.6791400409146539,0.7448594072852184,0.181684215,0.422003936,0.417391304
0.2415991192588119,0.4420492778830764,0.7674062717008655,0.1773256603315312,0.0150328226315924,0.3797368316856536,0.6950567520573633,0.9185440141942456,0.2030623166851457,0.245715304,0.237863714,0.058536585
0.70469562295437,0.5587470272619369,0.2188276565500707,0.6792303489202397,0.3268448845025001,0.9636902799378496,0.6795774685762854,0.848315425895388,0.5526369750023403,0.28973582,0.489614286,0.3
0.5193150387546309,0.944269030458246,0.6412318842747095,0.7420608418141692,0.2807891640667419,0.2867918131475969,0.0971717679421858,0.1343090649233129,0.5345054030207899,0.317612042,0.379484224,0.133333333
0.8140240739992266,0.7615406254994238,0.1294114790092179,0.4228297713424224,0.0806957653807748,0.5177883785200269,0.8868829635430506,0.9885693648633844,0.417162791879908,0.336571306,0.546438315,0.246575342
0.0398992154999293,0.5659798132754168,0.9404652453994624,0.4018302872176721,0.5835103786086312,0.9533437346227892,0.931908713872901,0.2537598425356938,0.4163949443082751,0.407823815,0.378951244,0.619354839
0.6005982476090023,0.4383826457416236,0.2144462735034188,0.5825541767778167,0.6668477408732383,0.2459100482475177,0.1040432607224279,0.970830492511396,0.4240933524727526,0.09904045,0.198290045,0.0
0.0581931013118536,0.5765550831941522,0.2333457983747163,0.1849862526597682,0.2213504734358413,0.4916534361315826,0.1735258210797973,0.9897340535100716,0.845941355171004,0.175244773,0.256096758,0.4
0.9684070675922628,0.6649557254052045,0.2731860482475474,0.7755296835760065,0.1354944628071055,0.3130216634334883,0.1976331314229463,0.0907851581138021,0.6988253931689149,0.26670917,0.385133471,0.0
0.489619177292101,0.9750501068325568,0.8254010078236121,0.8078519127549295,0.0751907235887237,0.8147475077719144,0.1747749109629509,0.3363915498061567,0.2193046043772978,0.401788212,0.524095211,0.171428571
0.2609288373839423,0.0736192992843837,0.5192100473772443,0.1185679352168749,0.3693253665263672,0.3064370551168551,0.3505143457772121,0.1292769204645697,0.5108671349359591,0.045221552,0.20315637,0.171428571
0.8682714244109991,0.964075961917458,0.6209419411848742,0.8109477303075432,0.965671880220172,0.8334967437347491,0.4448486232019569,0.398029377651788,0.6673004574245963,0.463028932,0.496600733,0.3
0.9231707843650874,0.8056737633085368,0.762998128354322,0.6976932501462787,0.4105557669583508,0.6679526538774044,0.1583664806110605,0.9314711001526108,0.2024009348857331,0.297861825,0.464588029,0.0
0.2143645157028618,0.5710882191760733,0.3817619416380924,0.51733009820398,0.2458527490396106,0.2740504302618602,0.688751140572371,0.0294412844514806,0.474159823943916,0.264292833,0.212802692,0.130434783
0.1006459386403887,0.1778993363692282,0.1270353547328735,0.9087378167428593,0.3167598309910151,0.5072935680837933,0.1298410742108471,0.759027379038642,0.2185139620342121,0.068129824,0.169132628,0.442105263
0.7125269154623947,0.7448547649072373,0.3524907955851081,0.947410997437396,0.2896667228244154,0.152823475350318,0.7394057664800123,0.3804381376161846,0.5918718365818991,0.418203309,0.250016257,0.443076923
0.5596699751892982,0.7518465744219789,0.6257163443985374,0.3515004654535191,0.1855806507473864,0.6921737305509131,0.9919893423046716,0.4690122603108748,0.3593061743598289,0.338471243,0.376839057,0.085714286
0.976160916596005,0.4976117474448333,0.4219198031680067,0.6418914117977178,0.4671336258495793,0.2327662875115507,0.6528310904239525,0.8510659875310879,0.5601846096300601,0.203478393,0.491799844,0.607228916
0.0622422093244021,0.3024138755254617,0.5907730117002588,0.7390123347463133,0.7032766915075072,0.5355352766848389,0.6007826084737911,0.3847541002494559,0.7791821942684058,0.158388105,0.200284689,0.329411765
0.5245354354607653,0.7193033351709085,0.4738374317479183,0.5313629534664385,0.6615781573520063,0.7034754145531472,0.389610261454498,0.3347699273875709,0.6019131253151455,0.298308837,0.705792542,0.75
0.5717281537362556,0.6752731904594059,0.061636649476136,0.6923432512084366,0.4807767471348892,0.0356229595552874,0.0862155603801332,0.1575096632414444,0.6924764946282055,0.227367317,0.1038339,0.15
0.2957493387654828,0.7801713282977403,0.5419273957396324,0.87878735815361,0.9382143738831384,0.2488940748905401,0.7136427189810802,0.521053733951338,0.3910223482324125,0.400903638,0.305133324,0.586363636
0.8500394737475409,0.7003911327475665,0.1602849463635905,0.6262756466678495,0.6802792647776142,0.8416202680289627,0.6024958374825994,0.1059381204932919,0.2892020089199731,0.358799467,0.57417652,0.0
0.8538232304700273,0.9809603478319516,0.4415038084910333,0.0708183976721157,0.9404382092622044,0.3600203957646469,0.0010224153329486,0.8439394863649294,0.4833451907379434,0.477969061,0.474633034,0.0
0.4893483363912501,0.7803556361322411,0.9774717536454044,0.1568758751495875,0.2258485819481707,0.3457933226433417,0.8439727073604579,0.4178779314367138,0.3104087301098136,0.378991897,0.262115671,0.028571429
0.9996504277246184,0.614370073588378,0.9696724339057796,0.5531658795694969,0.2703223732859663,0.2783602538288429,0.1039776550976804,0.2061446114734209,0.2155800030148125,0.186936438,0.256283403,0.423529412
0.2321343624268488,0.5189970406487288,0.3788043203203903,0.1348560810828338,0.0439598075794674,0.7867939878119171,0.5244641147452648,0.537696299196844,0.4070100677740894,0.265001705,0.417902884,0.0
0.0805636605775496,0.0042193140994749,0.5845391226233208,0.0047951423457179,0.3592897127218888,0.954728324679583,0.7047825003229299,0.8566556518193962,0.288349963243443,0.085076806,0.405458138,0.465671642
0.0823918877787402,0.2529244830332785,0.7506249361455389,0.7614356826052947,0.3941666360581113,0.0881955564310452,0.8691440527927785,0.2042268663046617,0.1051517568807235,0.179021569,0.07435523,0.568421053
0.8832160406918425,0.6542873397297335,0.283395560461557,0.1155803448867216,0.1023671517637452,0.0799866289046973,0.8889128583113298,0.0184803072140571,0.3058463243142704,0.340149525,0.28102435,0.436363636
0.6951056329956357,0.7975836817544254,0.8958103243722375,0.3050995847232026,0.6125857932654099,0.6505788027152845,0.3955156652848475,0.5954454574990138,0.062359225375447,0.272993722,0.535629149,0.0
0.5742126355867154,0.0441067076991719,0.1838682111721155,0.5541689359262277,0.3693439817060073,0.9727008517115222,0.0375064608612077,0.1036091914279305,0.8618253263529787,0.082198178,0.615189561,0.218181818
0.4049851414330149,0.9062504452438452,0.0487841786371925,0.2902780660136524,0.4955580287783473,0.3392050936511742,0.6777128807413951,0.6701096766050618,0.9956282116467038,0.718472261,0.301425979,0.0
0.0071199736728991,0.2606948480248782,0.0792658812975189,0.3902685421102781,0.0852914858459723,0.663018966180969,0.8039536928732647,0.3275890077409082,0.3470443750940275,0.139602089,0.215464603,0.466666667
0.1080744806747068,0.4171613711232957,0.629628696967497,0.979773732377231,0.5869608132223275,0.9987742390655951,0.4313064505305274,0.7215951765691764,0.5228883991040572,0.077079532,0.371795384,0.0
0.7190955063806495,0.5372820139289607,0.2015113415062173,0.8535319073761243,0.4435697102008429,0.1928970574096232,0.3621357753473722,0.6681719160259766,0.4136908849961708,0.153627917,0.393248137,0.776470588
0.8815442540641462,0.9765453384541964,0.4238537935636869,0.6842599201997706,0.8325693626567842,0.1953297523349263,0.1300253887560987,0.4653401132829718,0.1967502331551015,0.266364445,0.212412404,0.0
0.1123972642014141,0.904053358575215,0.7686028896708709,0.7549885150997124,0.9146535749026622,0.5027591938071961,0.0270040913455723,0.0641539680476955,0.8712382991730795,0.392340693,0.427899515,0.15
0.6028335385802478,0.6344408575726268,0.0062049926276485,0.4252359225974903,0.2202081079414891,0.6703525363651279,0.7825428020561618,0.6347016054620387,0.2373593820717459,0.274151864,0.545465457,0.457894737
0.2192250523098305,0.6772881216559521,0.2282812271963291,0.3616003955880617,0.5153598066437316,0.95364403475705,0.2264298953962416,0.5674506261994471,0.1317621399175241,0.15395889,0.518081143,0.24
0.0060831342369648,0.5837053772849058,0.1433798466771867,0.5660699700701695,0.9607267062060266,0.7611430730664807,0.1491833543940927,0.0064025535407195,0.8075990439871565,0.125938641,0.148306519,0.36
0.6234145575968517,0.0793446224879355,0.1177992277625349,0.0328296407092393,0.634826677510702,0.6390604093868617,0.1778377452955453,0.2622748066414844,0.0990582315224111,0.046401577,0.374114863,0.514285714
0.0441307204765235,0.6751641404650185,0.5206145293185152,0.5061824413423479,0.115392067989322,0.5005643312449842,0.5247679239503622,0.1894750739105323,0.865884879200353,0.384184636,0.308674909,0.391304348
0.045918189306591,0.6424402280050997,0.6712871741933552,0.4866468880424672,0.9058273490180933,0.1309789508830905,0.2747475943959819,0.0482980551145868,0.1213755301891024,0.208976464,0.11897956,0.834782609
0.8365154910678578,0.2019138583459947,0.7613962817271878,0.1338153900345646,0.0504697857910846,0.5930843178031671,0.3664183620592957,0.4468094629535908,0.1278374902654314,0.111420763,0.368574237,0.525
0.5579919382041919,0.1243415416260926,0.68671853101173,0.0440075975414538,0.1515196632517806,0.0598560898822697,0.969789701009096,0.7756590867897769,0.1601433771241338,0.094717339,0.22962619,0.632727273
0.4332345554650504,0.919751522542446,0.6573030556542853,0.4500652303859124,0.1317799448790334,0.3719582856372724,0.6813427914996917,0.945836952861638,0.0089815125009435,0.744692348,0.101231892,0.075
0.5370600244175204,0.1355079767943845,0.765926253878511,0.3142335769661106,0.5342621163766506,0.3896606696888649,0.5421659814835388,0.0352722953236389,0.638083112934121,0.151159198,0.5289297,0.583783784
0.0514001355978052,0.5006655269830521,0.5315106946164897,0.5762205408206825,0.3436989191109662,0.748040452384658,0.2243305176637858,0.3407861744323562,0.9942631200999726,0.200466214,0.278036484,0.6
0.5848975665415717,0.2471285516871053,0.6058908894770715,0.0120322634907488,0.3996307903585567,0.4606806233827051,0.8909357599543739,0.5276457468075441,0.0015413594364824,0.137882253,0.354457451,0.495
0.5844908041224149,0.5499210639136305,0.5201164497450731,0.5999040584625214,0.6896213780752584,0.9390156249349108,0.4732624410838885,0.4555320624472271,0.001685554869263,0.149005949,0.519630536,0.272727273
0.1450338844300666,0.5636300623765634,0.9165531254235338,0.2749837642350957,0.8740606936190114,0.2891319639954658,0.757311466065337,0.3427513317912902,0.0519292729725477,0.288932889,0.260413146,0.706666667
0.6669890000984555,0.9563673137297868,0.896253597158188,0.4022709443972199,0.5614213696360021,0.5182659294647112,0.4191297568468644,0.9887095741492484,0.1800967660640349,0.461630201,0.443411715,0.445714286
0.8362787330040239,0.4290309712057847,0.2579836802057228,0.6011739024984041,0.2061683950190644,0.1737899528221153,0.8535599186238431,0.1133210586678463,0.1228189582247627,0.15566024,0.318209332,0.511111111
0.2890253467288369,0.8445708597386675,0.8556743146700956,0.3275217243711802,0.2984781006151193,0.6232037055539852,0.6447227500194075,0.3368877311390118,0.3829712628247077,0.603531389,0.452250514,0.75
0.3561754460952174,0.1991985984216826,0.7561630247267676,0.9559236895362784,0.7967842308474655,0.939116699061891,0.2096535468495138,0.7559851464391666,0.8942728810704086,0.115506638,0.344536999,0.4
0.1476487845375739,0.5932700296086992,0.2973705366019826,0.6748767853211675,0.4671795310297116,0.1571797614185861,0.9104030704709536,0.8901310628267827,0.6526993594303688,0.280452212,0.092403878,0.0
0.0246743358336847,0.2133290235250916,0.4636674624795394,0.0966933509298237,0.3166091121155127,0.0231919405708038,0.0509139277219765,0.4369657364415983,0.1749171099981142,0.08575401,0.017499874,0.365217391
0.9745612452815504,0.0575753343403553,0.5446940178509051,0.1148447794870485,0.29450350722806,0.9753921655806213,0.5971548098590693,0.5401631027458762,0.3470271522594295,0.098262251,0.556391419,0.404651163
0.9068802826968976,0.254451339935588,0.0923737866347712,0.7483568102441481,0.8894997507003006,0.1894651599114362,0.8262570174638533,0.3398811748320287,0.348051824108863,0.144822176,0.335948996,0.690909091
0.8445122218710253,0.1610705207026664,0.2832754518275332,0.5804550361712172,0.4110595183064052,0.6565568120471555,0.4891085646586156,0.1710975952769223,0.4269982819530805,0.088110482,0.302894772,0.0
0.8305123944033547,0.4214389098025308,0.0948925406124914,0.7534497739429529,0.4214864643438054,0.983503731467077,0.5250642710715611,0.6290345524977735,0.9198216514797632,0.275536176,0.557199509,0.0
0.6264180822699427,0.0992632573058371,0.2262552283513874,0.7084394555074688,0.1823248722929461,0.2091371469953898,0.9975400924970178,0.6393133746791158,0.8440972233995789,0.103286505,0.359361701,0.444827586
0.9720375822887029,0.0913420344370786,0.0212902140846659,0.2545049438699475,0.7340260386659594,0.1843206666385335,0.9976451080087774,0.7917963050921816,0.4214879824741542,0.098789587,0.290574048,0.0
0.7613093800370688,0.8735233142004071,0.543205641865114,0.2913408556900583,0.1177671669003287,0.3710358452612439,0.4631784358134007,0.466201168590596,0.791899202266619,0.258716825,0.243727421,0.3
0.4199750732893808,0.1549536986948154,0.6845105526777653,0.3076692072034144,0.7329762664715177,0.7603927923099559,0.938527043160224,0.1213318528166768,0.2245219485476661,0.154934074,0.530595801,0.05
0.3089577574753338,0.5785808469680387,0.8365638503574304,0.6810999080335991,0.8543617533616004,0.8730835959360967,0.9159838256501106,0.8307379038264425,0.8602456340473522,0.275748645,0.388462547,0.031578947
0.2669432111534031,0.0337017793447891,0.5565624267638792,0.2352609700810313,0.8948693097471315,0.6779590962585852,0.6337422423127631,0.3797374048585802,0.157831200875232,0.080516088,0.353288858,0.087804878
0.2407343443514701,0.5832373171163874,0.0732913603806871,0.6331521273559948,0.6046590075614061,0.835982823895365,0.392860169192075,0.9245731019476334,0.6179596188586677,0.208304385,0.294943887,0.36
0.3408278479709034,0.3927567045360675,0.4590796767541671,0.584900232577916,0.0107791489428407,0.621239187509384,0.6026252811224134,0.2307556649272607,0.5330082033738356,0.216254814,0.370525737,0.12244898
0.6521105779050588,0.4076636788917812,0.5110020831186284,0.8464227046010315,0.5963158450199441,0.180031218777385,0.6515888795314336,0.2743107546254738,0.5984075945439411,0.221216241,0.250717796,0.0
0.2033237672408647,0.3840728631635801,0.8655012732179382,0.0321449078008295,0.4174526376740982,0.6948548737149463,0.9762440018072406,0.7955677868574411,0.8635374940582035,0.260680615,0.391220953,0.4
0.9188585026145258,0.0899038174396709,0.6044486363082007,0.0752462108387734,0.5636756290393259,0.5458731783126455,0.5911919964861285,0.9852848902606924,0.8024772787479255,0.114246608,0.552335654,0.573913043
0.2326663210852666,0.6622678800618512,0.7656190807349459,0.7725922864735392,0.3560706484901181,0.1850699280340567,0.7155763972165367,0.5216358667600883,0.1989256171056241,0.393201365,0.156678834,0.04
0.966816308331562,0.3165304647811594,0.3117036128856361,0.5192944494570978,0.1563159880467658,0.7435107257814803,0.5885944631857573,0.6090944791862023,0.469060124845248,0.177785913,0.449497006,0.032432432
0.933747833676281,0.4269477354719843,0.0768233662904107,0.4921452641223611,0.4249996084300165,0.2765190894365255,0.6133193339583097,0.8158339586305311,0.9470848278155404,0.194025398,0.46605401,0.387692308
0.2996709348844701,0.2490984935556055,0.4470073292181272,0.1290113884774189,0.6363384465487382,0.8911115122426813,0.8026340093472001,0.5747568054312439,0.3268968089409152,0.137017273,0.457014783,0.0
0.2924008958459644,0.7824049614549515,0.1714723628800745,0.7381481636293116,0.0286208429723014,0.2070266242624819,0.9087625882436862,0.8085840150404353,0.7424346268241999,0.490557003,0.204500758,0.1
0.0772861511284608,0.2513542413734111,0.2096560584717134,0.186096829370447,0.2706095667758131,0.3134138556086956,0.5050376230090703,0.6150337562836463,0.6969970556896143,0.182295307,0.238167841,0.649411765
0.0168860059039953,0.1114482650211499,0.8671111112780254,0.0866210643519196,0.1633032744079793,0.6296440176587139,0.8866804159544848,0.4738635908531285,0.6722923903594393,0.110426648,0.126713909,0.032432432
0.93094952257374,0.0759237399181165,0.5903317768997304,0.4610802011933581,0.1655846990556588,0.3452915717947356,0.4441756329472387,0.5463824157104545,0.209947733843624,0.049625739,0.451572875,0.24
0.3987892362342939,0.6302393479174885,0.9116527001471508,0.1586190386646,0.3283739629838595,0.4784664282152446,0.8883077540415356,0.6560200243690704,0.8047991563508963,0.319321788,0.433723787,0.589473684
0.6387674873774581,0.0324725551733519,0.3868700064822115,0.4108092566471938,0.3094596674847489,0.1547637847712879,0.1715443501990152,0.7244345955179928,0.9099375886016386,0.058209968,0.229914897,0.685714286
0.184340680411482,0.7139551950351629,0.8564134865204013,0.5930749631508198,0.4407788776603595,0.1432706421495135,0.6006993920277246,0.6835243907571128,0.2920497233064252,0.46895172,0.187958369,0.608450704
0.4155800047406713,0.2722848651403515,0.5525602700250976,0.7621098811361856,0.8675322139268071,0.634765492617618,0.1400050582618198,0.0106392955679832,0.294994558714917,0.061000445,0.327486242,0.705882353
0.2940738154921311,0.7244704140670563,0.2464009455189003,0.923240707574982,0.795717508356243,0.2590668742498144,0.4057334265570304,0.7404681063163395,0.721685333754336,0.254405696,0.14491849,0.0
0.2096411610234102,0.5253861681480033,0.915346105097412,0.6378072951355602,0.8945421420554347,0.0435415712022705,0.1186029552046205,0.6275520405995288,0.8796645417713046,0.193940239,0.099907787,0.577777778
0.6683573423024338,0.7196080072179548,0.5410571255390533,0.8061603493032647,0.9126447738853278,0.8901509583095492,0.4218665300287297,0.0700411374385143,0.0757683744716942,0.169690443,0.258186337,0.171428571
0.8153689585046296,0.9028628445546062,0.6132051260387132,0.9092268108157788,0.6054672034064223,0.7817154462997935,0.9891913493876712,0.461625015760857,0.3577012870500681,0.493652433,0.486747534,0.50625
0.9081645997493196,0.7446768010451165,0.2229455999325225,0.4156290990882852,0.4884702517569083,0.520415400132964,0.4988471743503458,0.1882114105132694,0.5272350910449237,0.277585482,0.526632088,0.444444444
0.6032856179165508,0.6986080536691184,0.6952947049177381,0.9348592897202446,0.421245879280451,0.0298799379321437,0.9887682629018526,0.2098741613620048,0.8029645550366734,0.49338358,0.079989621,0.342857143
0.9003275202358141,0.9686150885816556,0.461597978273317,0.8449808508847138,0.3388439135923557,0.0052579638269593,0.3453207041822697,0.4618240551562483,0.3331652753666085,0.381590889,0.129166582,0.48
0.0001659826302997,0.30646890609043,0.1181906666089648,0.7400368755338599,0.2732789282377479,0.5713119392874136,0.094149563081249,0.6628019532683822,0.5047026003773741,0.167497027,0.109074813,0.0
0.8600892918305452,0.8317128350142818,0.1165962178138697,0.5693491636134238,0.6086031419467923,0.1977644470197797,0.8094319951399257,0.8301334375020586,0.3487439403700808,0.383927694,0.411368022,0.497560976
0.8691567650654473,0.3331302381891659,0.508736473955772,0.9585625031879682,0.5827801626958551,0.7543455746129958,0.008404777665205,0.7083310997256735,0.127786033114419,0.0,1.0,0.0
0.8657737378954301,0.6173274604464252,0.6613989060202832,0.4744607542931646,0.6382373123466375,0.2574451754717176,0.2452575739953095,0.2346536141510916,0.6698740505402848,0.230702479,0.391892505,0.133333333
0.515007608438183,0.0523632304595118,1.385915951879202e-05,0.7936876803076285,0.8001937805806019,0.9956023034731688,0.6072934557890299,0.4972065219343085,0.526082122803878,0.097432364,0.540009876,0.133333333
0.4982807195165109,0.2174522407118226,0.4616559325395364,0.8016308924889344,0.283175806805174,0.1431889069643872,0.0366394906450209,0.6731829473735769,0.0638790986154068,0.075278454,0.264157554,0.525
0.6996178723021782,0.0092369118715219,0.782255728808538,0.553061446342592,0.3899690683056427,0.3322080628894094,0.495663637522383,0.2263126468921085,0.0752310179666277,0.060311885,0.372323961,0.0
0.8456253942013432,0.4705350297387188,0.1813608246057849,0.6711854256785499,0.9086115510898196,0.2107436157244681,0.2688995570246496,0.4160467291927093,0.8565376624275731,0.131188259,0.25226509,0.0
0.5012597641781135,0.7164705498226488,0.5944390613582391,0.3468068209291823,0.0062831610703288,0.4066690912874239,0.5577190308076727,0.5740618930683183,0.1812875502418084,0.405550285,0.456134609,0.184615385
0.3236746061948238,0.8274471234165245,0.7006615989888036,0.314565918828109,0.9741207732135416,0.3789868606609934,0.3134350605474034,0.9047693792719048,0.3442863455245366,0.337663529,0.359185595,0.36
0.6569489264863213,0.5693150404357289,0.0806256485299125,0.5606441321996782,0.1865529831025275,0.2762719521350603,0.1026274005050904,0.0303895851206482,0.0653484709164603,0.10451403,0.410530901,0.6
0.7564725069475653,0.7244758846626196,0.8291261676690846,0.9324255617002936,0.4564367925285041,0.2530830331271207,0.6931115103945594,0.9734188283767748,0.5018564013335399,0.500761293,0.307229567,0.0
0.2568075597131005,0.6214285792749229,0.5462867150693977,0.9587740835488352,0.6207905709699902,0.8244192361198667,0.2803232991525003,0.3371546354252118,0.7763601334979142,0.255826381,0.464899733,0.72
0.2159811405223245,0.5464515451517056,0.9074487404269106,0.0991785799467963,0.1940725060772125,0.1655370888859353,0.9360493659871528,0.3017202879037087,0.6919022995565982,0.389180536,0.082649735,0.163636364
0.9727189317306916,0.9605571997193034,0.5281813506962367,0.7070709978944776,0.4006673481380983,0.4546223086886435,0.7288405206027284,0.230323741468575,0.9858212090484164,0.699956193,0.558144036,0.192
0.3860415817106316,0.4446747808085273,0.0251458846271143,0.8759271950907485,0.2149138828753648,0.1692888123678632,0.6572523189833498,0.2361653364149938,0.117761724747979,0.170111633,0.241563987,0.582352941
0.9800205346038124,0.8649762760546817,0.7640954542081082,0.9923894055049752,0.424911194271466,0.3153962242643835,0.9864763144011164,0.329890372016586,0.0240106417624252,0.367854798,0.353114651,0.320930233
0.770202002832915,0.4228023067226847,0.085907480927502,0.3632901010599548,0.5168986379762853,0.0859212586631533,0.8638355217363425,0.3881548898702193,0.4591934469591646,0.19728516,0.138351742,0.035294118
0.1743489288618371,0.0023366265169948,0.5809878361043938,0.6742722385462773,0.2903317155191229,0.8337154984060096,0.3935477717893898,0.9921812649986732,0.9911219723683996,0.077636571,0.137328782,0.0
0.9604341875353756,0.4316524592840135,0.6265707664434849,0.6319466170695831,0.7201606998589437,0.3055363424329604,0.771574292896226,0.6337211827160022,0.8785040059950117,0.18659307,0.427220645,0.394029851
0.8492394930997591,0.2509147107753197,0.0860789358526744,0.8678941364104195,0.544265212038381,0.6285274180629624,0.1279788548323606,0.2034169549883382,0.6018588140392186,0.104040619,0.428041759,0.67826087
0.6181078902626107,0.8552417803693857,0.8512407987936784,0.8812245373402873,0.6819339700495048,0.6620055003160662,0.8962176023811206,0.076361734363854,0.4138515353576664,0.585742427,0.49156913,0.4
0.2223363440171839,0.727277728398479,0.8413668810107737,0.7644735649159973,0.461736445536522,0.2546524598955726,0.7506628835150813,0.9122967085656756,0.2810701156553833,0.423342761,0.227542024,0.611320755
0.0035661877379606,0.8370498034298756,0.612513850549871,0.7245114646375529,0.0269880827390059,0.8677737500770017,0.2640126749464876,0.0761814041542863,0.9506720365117928,0.370345076,0.22477975,0.4
0.967974945521443,0.5620793625642243,0.3812415314807519,0.3640890300412766,0.1228964992262796,0.1464954451906867,0.3711340638974828,0.963047694833317,0.8259520821804951,0.18840069,0.394875,0.672
0.9666528741296064,0.8909895201217471,0.7860372243494048,0.1514102531851839,0.2748053971661203,0.7314281066597902,0.4243384541678859,0.0233379233636029,0.3397565557150286,0.356275036,0.48269514,0.276923077
0.8491328734526026,0.152001297569456,0.9727161900247202,0.5445685583675048,0.1315776563505775,0.2179421343721691,0.5929637467710128,0.6115685056425636,0.4732032962650092,0.115487438,0.392949431,0.415384615
0.8399680843099628,0.7143194771184317,0.4816624025582597,0.7912727704453346,0.0318449904159692,0.507897130574495,0.9975286141559898,0.1969586709446813,0.8398170735623159,0.417892358,0.523656028,0.491566265
0.4872356476225408,0.5204869647468041,0.4701737793091527,0.0239005815523172,0.1740626346774744,0.8843479728951895,0.1181368429469227,0.0064824943923769,0.793130868027026,0.222608987,0.426905899,0.285714286
0.7783700479583079,0.1543922348855567,0.0437322868573176,0.6983000293077859,0.5327326373812232,0.633312438063039,0.5970451092743174,0.5815784599813416,0.6459046091743303,0.10532788,0.578552946,0.289655172
0.162528839805207,0.9017941961033488,0.2211929487030565,0.866901312647465,0.4128959904611839,0.235167919970229,0.1660344609648886,0.2020846774027734,0.863988920540168,0.36875451,0.134089132,0.0
0.948288210992138,0.2674243069682411,0.6340798592200118,0.6447921555856521,0.3767818015906771,0.7215298362441521,0.7102991365114331,0.5636360486030633,0.8936285020660468,0.1562899,0.494440347,0.52173913
0.0891989574574912,0.3585664648332672,0.7357275485586854,0.5596459327354734,0.8871975481995211,0.2104477461197367,0.2642011533771486,0.3045410486816233,0.4374839471596111,0.09710322,0.10895929,0.67826087
0.3342748991175354,0.3935850852671481,0.97398909514875,0.6965059595975849,0.3463071145223615,0.2888775021432671,0.5580122795021165,0.1109129737714306,0.7687520937856112,0.243285747,0.280120035,0.214285714
0.2753981601856727,0.3490906192901155,0.9277760834285026,0.9178946979251714,0.3794405726569134,0.2056508154550401,0.4911587597260424,0.3893188143061098,0.6952632722444178,0.114444633,0.239915495,0.6
0.6500210213793312,0.993573701948459,0.2299365722381979,0.8801454355109941,0.7725298153688867,0.3261524537728204,0.8983633700268533,0.766760530859994,0.4220673670000135,0.566128613,0.403726416,0.126315789
0.7947270374993464,0.8609683308108913,0.3692068130564883,0.4639143621338161,0.4974789852750909,0.9521173575299416,0.3645520796911414,0.0426122512053599,0.0929688010819222,0.221954029,0.615233668,0.545454545
0.3365001034480885,0.2828710283141826,0.9013164750703168,0.3353648030712193,0.9075013491366932,0.6020632048283467,0.0142416816069943,0.453377340855582,0.7944591883002792,0.088166704,0.335385069,0.0
0.7651166410413678,0.8103395015857037,0.8465939085261674,0.6528724013608339,0.6296832497878695,0.5916058279302164,0.5217738843483267,0.4730798393443997,0.8997079937362439,0.506701632,0.534043989,0.514285714
0.1783792535777956,0.9953014149157708,0.1261150627654953,0.9433829172231069,0.2981410736042255,0.9796229067399476,0.5874061516456343,0.6967623747600967,0.3943146753251124,0.424009555,0.407788145,0.0
0.9912615549293052,0.9513354250816056,0.2392361704569842,0.542103913759434,0.3185258600590478,0.4333100226677652,0.5296932915883231,0.4608839382277806,0.9015863700220932,0.718074767,0.463377296,0.162162162
0.4266603366063897,0.5326373247820323,0.512122783130958,0.333266177839949,0.1487215479655876,0.9613214085400684,0.4667779641239278,0.1721002216129555,0.4454941644223051,0.210481748,0.480605201,0.428571429
0.325364177509343,0.720620746042483,0.1902699448255222,0.914183266764454,0.4552769334065546,0.5948595676636241,0.3611810466304339,0.4855597326979638,0.6063015167718402,0.194553518,0.404664527,0.635294118
0.6483547385548684,0.7699140052559343,0.2472650527570397,0.2495395767411933,0.3894534423697338,0.1080100933219463,0.2469770309038033,0.7071972852582336,0.7890519079172134,0.226421648,0.204203547,0.133333333
0.7774632815948191,0.817519485045343,0.2781015040089951,0.5387739174041049,0.6431023531066219,0.4909163741311156,0.7941384858130459,0.6862473639797161,0.6981173779947552,0.477428463,0.549672469,0.678787879
0.7735978194563927,0.2004545942643626,0.9029958854767576,0.7763452179638122,0.0447057763775652,0.8828405341611256,0.3680519476447831,0.8495498016837837,0.9904381444569578,0.105558213,0.591416773,0.64
0.9340359477413755,0.8272790642291628,0.7715002270263877,0.163130043049787,0.0326890271929225,0.2552376268559847,0.7327764665071772,0.5137984606413868,0.1209336121437222,0.441711562,0.373614338,0.28125
0.605575232771581,0.0985216735911447,0.5127465497532051,0.9054777717546028,0.890854715451936,0.1996687116365912,0.6384658368169435,0.7840423333449291,0.7975770898999565,0.118522943,0.225187339,0.0
0.8176777648539908,0.0921247702730461,0.710931367771884,0.9621735605879868,0.6871475501010066,0.8380532953619539,0.999097441482488,0.1653650486587714,0.1199232904636112,0.090361165,0.487577633,0.145454545
0.4154066863935129,0.7006656631824061,0.5058498388686935,0.2507883352436895,0.423939869326468,0.4983921703707585,0.1848217865591347,0.1121126570985378,0.5803685912776119,0.221757072,0.462761144,0.430769231
0.2548649413203332,0.8352207233367097,0.3001358266169823,0.4329768647831348,0.6633455138318758,0.6992915680859587,0.2762513687106439,0.1903424929964321,0.9691210387539808,0.312595882,0.159447308,0.48
0.2005811566948308,0.60628605614143,0.8026469080773003,0.7095856727775827,0.3215585339855057,0.5441184352463695,0.9961577714295056,0.9811836808724728,0.6087070442931046,0.312473992,0.415539707,0.24
0.8900858839968996,0.7942191574672984,0.7285787021729409,0.1876643320720258,0.2877931218731614,0.3196621876467761,0.0565802194774684,0.901934239528016,0.6195189668474895,0.204943581,0.376169856,0.266666667
0.5817795861420052,0.9949508722186152,0.1613906739673709,0.3051515122692119,0.6724086170687958,0.5294166439330286,0.6960126921389014,0.7636419556535614,0.8239450872944654,0.618603005,0.535532053,0.683333333
0.9053837623290364,0.908232024311811,0.6432873178682197,0.7265148999673167,0.6986016202162578,0.489383153190594,0.2896798845714124,0.0621917063510092,0.5971986373469634,0.404335648,0.401958945,0.260869565
0.0752409170573613,0.207563479188486,0.610768479824088,0.2837749964635732,0.7416746074982598,0.4669083677653574,0.5200860207135571,0.7583878447741623,0.8269272565615964,0.165559734,0.347063744,0.576
0.7338994056623739,0.0462652502632782,0.8852767352557311,0.0391743879296957,0.5440172442900526,0.1622516972203859,0.7844347920451092,0.8158721915720404,0.4076477347301288,0.137137462,0.365997092,0.726315789
0.2482659331217348,0.6661806099014808,0.1224155300453153,0.4854342589476118,0.0453281666767995,0.5781854965877747,0.3440727573525486,0.1428938584285352,0.2538407754365346,0.136829412,0.28061222,0.553846154
0.3175280505673956,0.2513649304998868,0.8474918083637446,0.2428235407718599,0.4554428628652845,0.5367391458704841,0.0727474991562231,0.1991290956263874,0.6100227014666393,0.105005518,0.356233503,0.4
0.0050645971380971,0.1082802841575314,0.0750266419371505,0.0021140143941652,0.9319734609761414,0.6134385578974386,0.8975881184070785,0.0519746550748361,0.935119533412208,0.103304896,0.277916452,0.279069767
0.8323128398068167,0.2092020139701035,0.1981943908118512,0.8298568187192645,0.533070581330314,0.507801148703101,0.952124690909166,0.549278405390149,0.6926912360862042,0.15155163,0.441707394,0.0
0.2857798705086134,0.7083372088111113,0.466148552775663,0.5329156053125836,0.1536009387344716,0.7799497209653239,0.9270374585453934,0.0827175585040624,0.9097617970602364,0.297206476,0.4383588,0.193548387
0.0474917180606661,0.1141912107975908,0.1494756886752714,0.4556732725861256,0.3334978953063583,0.450727361890519,0.5718429351234109,0.1288828843226652,0.6569774083027902,0.128002203,0.233555609,0.648648649
0.6929384993645523,0.0559591214944534,0.8800040065400043,0.4058518589116766,0.0397615765154213,0.1138854517152198,0.7033279743686268,0.9500816731630704,0.4171890391521334,0.097780521,0.252148104,0.243243243
0.4987233660071114,0.3036084184336228,0.3470203714220026,0.2720712743484952,0.4334129531341805,0.7736809101561029,0.5446677211130347,0.2894068576060389,0.635229589028097,0.159533199,0.499161401,0.385185185
0.5168772873612097,0.7092416076061453,0.9141480678466968,0.1032068096816384,0.0260791751053673,0.3930813774392306,0.0623856811569263,0.6149845668235985,0.2007129087178077,0.30110861,0.327002825,0.436363636
0.7613907599388529,0.4090063673714089,0.1439059307189961,0.7146566043660796,0.1323337869322347,0.6872823498389901,0.2499896182662235,0.2978998258567794,0.8341140120309062,0.077049891,0.556177042,0.0
0.6082780924864448,0.6824831099471351,0.4678680395884672,0.2974054838401244,0.1489294193641024,0.7846126431642314,0.5280954693816038,0.5553923680041176,0.1597704326134776,0.252139961,0.569235454,0.688
0.6620261187097207,0.9153640131800662,0.0806852903819034,0.9245919495459104,0.5471487014440418,0.534398447620747,0.9991810272624496,0.6114851289948806,0.4167648203930992,0.529318535,0.495864017,0.51147541
0.7083697206183112,0.6393101054118137,0.976892482040434,0.0403325847669655,0.2577517595800865,0.9572503533542474,0.1586316300457385,0.742847588224172,0.1602415771458311,0.234853484,0.562283475,0.8
0.7870633162072176,0.2581733858083326,0.4674281749359105,0.3235761131124155,0.5495756099295275,0.946113412351404,0.5300208386276519,0.6710577468922464,0.7148658424021941,0.202026649,0.555895731,0.464516129
0.1256950142260333,0.5247541081793414,0.2376876811182831,0.1334218448821855,0.2749595877086063,0.1735912791699494,0.4635815559671878,0.05620899570017,0.6814398578288297,0.110182557,0.245390936,0.490909091
0.3261208607792933,0.5485651208889475,0.0973030314792972,0.7637305825997669,0.776357616700393,0.5038970402952814,0.3275888615726269,0.1075563845903104,0.1489565533325757,0.153373216,0.312502781,0.377142857
0.5597634520592712,0.9484809047160618,0.4593788689844462,0.552820919266277,0.406880815245539,0.3187771870357165,0.1918161454810839,0.911343939633679,0.0003869993645218,0.340772412,0.379295362,0.365217391
0.7475629072887214,0.3597799396886673,0.1981905233387489,0.5910110052938566,0.5604390646912778,0.3599438961631391,0.7838508023139285,0.8993648163232377,0.7991192702215059,0.247317857,0.31869403,0.08
0.2481967077335379,0.94027120062065,0.5235785386616761,0.544117424078026,0.337461184431322,0.3573048655005351,0.2863074252529024,0.5269461182922518,0.3064923698420899,0.322601377,0.300300037,0.6
0.5900202833370619,0.4252048120659403,0.8639690159839455,0.1375865152935341,0.2477423243520076,0.933174697476896,0.0847102332225562,0.0241341533145478,0.2993391737616402,0.151689792,0.38571764,0.581818182
0.6200266713902337,0.5245132237422448,0.4230800720617941,0.0510020693253835,0.1931419431026,0.4289825146424277,0.052389362643969,0.4880701596846252,0.6919216824835341,0.14722018,0.386339053,0.675
0.1204984248173918,0.9548401114024564,0.7299172871579621,0.6550011954134058,0.7452875067335076,0.0849984525613368,0.1427027328265721,0.4835650704063575,0.724066651661824,0.386055523,0.134570922,0.514285714
0.5466673424054649,0.0172644757290734,0.2743146881617672,0.2428460662275081,0.5510722359930996,0.0403186525906376,0.3126495954527059,0.7876010806889276,0.2232552113690322,0.074160631,0.087491496,0.525
0.5474129638853448,0.4201021177091684,0.1024433917100218,0.5451583948440765,0.9630005969685638,0.8223801136642358,0.0116925932840757,0.4528012617036728,0.7970720102254159,0.168347868,0.623335499,0.0
0.1965923706813912,0.8502942285788211,0.1429998901049503,0.2484193004941927,0.8213118774469818,0.2909054886281368,0.8600179999952076,0.5519485015659318,0.9373129660175576,0.472018736,0.23693016,0.36
0.522434598805681,0.6219187523965135,0.9237152614227344,0.6231052110872837,0.3745150417625495,0.3502010057440758,0.3628091741695964,0.2570899910905094,0.8762652262358476,0.232146499,0.328304454,0.285714286
0.1882520096838796,0.237224646310457,0.2872166187633994,0.9658356704036986,0.6180115993003417,0.8780882219147952,0.5571262923007533,0.3955809358062221,0.1683770378372113,0.123581622,0.351460829,0.367741935
0.6047392738336298,0.2407147901147853,0.1802101728136925,0.9587922564954394,0.3337793412555977,0.7999960917468352,0.2253392833614217,0.9281759892349134,0.7852814541013635,0.104507837,0.515818066,0.0
0.6655100163826441,0.222179165650749,0.0659401958332164,0.1369412378278973,0.967552459996886,0.6520763328083519,0.9850179800954152,0.3806549466974608,0.0288753671269991,0.133939459,0.419963237,0.738461538
0.9109877596547,0.4991861532799686,0.2975840044359304,0.304959027029023,0.3647966939885324,0.3817290097024698,0.9762896919048368,0.7691447421461142,0.000732209465611,0.226666987,0.317937971,0.333333333
0.0435217273639937,0.3459850771588821,0.9931492338827372,0.043456453614078,0.5831462152046331,0.5638078770331093,0.9700641857237104,0.6958295548780311,0.2727702735585093,0.169804277,0.315562385,0.689361702
0.8194117796994083,0.8695509458263541,0.2438778112226439,0.6079717735408185,0.9923982173307418,0.3963455955451163,0.4124760858210216,0.5558742188626947,0.5979715949058829,0.343206695,0.426274953,0.266666667
0.0626796605896239,0.4216424266315035,0.3294430655567785,0.5806814026840856,0.7002704947123434,0.7700938442156836,0.2086683923618211,0.8216585881897327,0.3011345995711543,0.133784258,0.414203423,0.211764706
0.1926424772990621,0.6174233159343921,0.3716462997070545,0.9195330227964872,0.8438182963645533,0.9951073580769304,0.3536085263613929,0.1817571470597838,0.8808226825966711,0.243054788,0.60951151,0.085714286
0.5700759018321302,0.0057930618904026,0.0090558635926139,0.7202702681165639,0.5741581387499565,0.2867654998777073,0.7609945006509446,0.5980651984572052,0.4968958274126438,0.065718712,0.41673304,0.342857143
0.4206578986156195,0.8475451985654961,0.7726809600761048,0.0398736924793876,0.6334294344125231,0.4070913710406413,0.0039608605082016,0.7667368409176214,0.3163779654344152,0.283272551,0.499446378,0.6
0.3561497395326113,0.4494611814441559,0.9854906291765744,0.8691117210553905,0.1105056526323057,0.2353035171958809,0.0487612237171265,0.1964279475098509,0.0027047364036993,0.092554077,0.316353007,0.622222222
0.7263736615792525,0.2845990646014686,0.2075526603207327,0.3763478344390976,0.6243553297538017,0.7300489701423225,0.8168389605990405,0.942305069736571,0.681689036746033,0.196169459,0.558209481,0.35
0.1070691039960117,0.335305222592986,0.8729875039636379,0.7023794027912922,0.3822245574191324,0.7571331924816438,0.0252274228039653,0.1431927586323016,0.1694196267051599,0.094776038,0.349188435,0.72
0.1676023604786368,0.4766716062728697,0.183400964983219,0.9857701691638738,0.3464320380789738,0.1049515606466292,0.164912227403432,0.8007264556311658,0.9568136636550396,0.190308052,0.049202554,0.0
0.9502249770964668,0.2362163877971593,0.799587440725629,0.5829072311128523,0.5100082467788062,0.5739568480428313,0.1605139283398502,0.0049624964147055,0.3717504670266832,0.102715165,0.724463836,0.0
0.4829176150980899,0.2091928638229997,0.5396984315292882,0.307274135816847,0.148873932556985,0.8518229681177149,0.2034734553705395,0.2774746106770286,0.1951056220044195,0.095210827,0.625767023,0.3
0.7083973461511772,0.2376374402964651,0.908085810643616,0.9490404791630748,0.4311143973417424,0.7662378416711026,0.9918495920803948,0.0965483307621164,0.147568372580845,0.173437824,0.600582942,0.08
0.4838730420525061,0.3617007060163204,0.7150725112586644,0.2577172675318464,0.8693225472312399,0.4959432902072845,0.0528598751462016,0.851805672003233,0.8090565196546015,0.140585239,0.39509497,0.0
0.4086577234846474,0.2082615022756657,0.8558370429874085,0.2520099889014179,0.9994730900143448,0.4643465546980532,0.8956897121387054,0.8425012820834226,0.4353097008437899,0.100977052,0.303830065,0.0
0.4477713500886292,0.288971420886087,0.0510971242601713,0.5178690839028625,0.0908456268233539,0.3276693825706783,0.4509721755863054,0.080626810324621,0.0397662552385214,0.084663538,0.291789394,0.32
0.3952534054786364,0.7554201952766124,0.154303114394699,0.6301563929301754,0.4219181848827108,0.4102712072951252,0.8893467792953338,0.6618075439192384,0.6416007633571494,0.402624763,0.245805591,0.0
0.2759838907802311,0.6438196840279393,0.6960835602014758,0.4407858281894299,0.973504658305032,0.8423366311457993,0.7239405864200372,0.7144791818917472,0.2630400412916476,0.375714359,0.44817986,0.484210526
0.1946951280403452,0.9487850102700882,0.9467134947461208,0.5086582911308383,0.8519451744343555,0.5975577177557154,0.2925136641314132,0.4230288146674884,0.975249552094672,0.371232707,0.445594179,0.266666667
0.8995983340426699,0.7513658159227029,0.8618430892785098,0.1130340943538644,0.4237445265014323,0.1132578967681016,0.366906981360424,0.9338656961484526,0.9854468994294996,0.336612647,0.324528118,0.36
0.0428945476930142,0.0269120237459636,0.5307498891975544,0.1770169836819674,0.6243784594310632,0.6706718409405749,0.2195017452816197,0.6507600064180341,0.7476783942793231,0.070789917,0.237745121,0.36
0.8820667699921473,0.6432144097103095,0.080215751270643,0.5424979315858497,0.3164219047317318,0.720808537442436,0.9076143859876374,0.1936976334450612,0.9725914977986516,0.325480323,0.551774324,0.123076923
0.2645574490750807,0.9097446180244432,0.7776284731290075,0.4367007756227605,0.4601386593732576,0.7610189205927398,0.4428024137240546,0.0561050510893935,0.7911547967185496,0.609179505,0.347267161,0.553846154
0.9544737207516087,0.6204103099320218,0.4928065704989074,0.1710373765040871,0.7884689895006893,0.1860146408085644,0.946314661613318,0.4088714524507042,0.1663038189515451,0.310403017,0.330262365,0.3
0.3659921593956592,0.622623069901299,0.2879728799244082,0.951358726094619,0.3538103899338842,0.8383534450742394,0.1849330253146476,0.9169956876610316,0.8168910101621548,0.193519088,0.43286459,0.0
0.8541298024236357,0.7280184583035456,0.9615383886918316,0.2259315555018074,0.8788634303806124,0.2577328808892968,0.8913960951128802,0.303801348776052,0.8096964096956274,0.482089227,0.340303109,0.385714286
0.8491267594964143,0.5508943739362374,0.9726263404995384,0.6039736961255101,0.579563206318228,0.7665185950262591,0.2789495952471394,0.7065724101051907,0.1334977059119214,0.22202074,0.703461229,0.3
0.4035570498161005,0.2536724112723449,0.5443512044454868,0.9417534930298086,0.4444089572873732,0.6683908141582806,0.7793710544656592,0.6236494965770276,0.1106903659564416,0.167412826,0.427405176,0.0
0.8478188832371961,0.4792135711994901,0.0320317393547515,0.054270862463044,0.5333252775245337,0.939105670513261,0.8871299192073625,0.2148653295357466,0.3708850411023399,0.201651065,0.555679195,0.385714286
0.1933355569112256,0.3707315017279334,0.0789946662063301,0.1277900681334318,0.0051759110820716,0.7497822620176404,0.8877272269140134,0.9954011922013228,0.2784873269829347,0.230834079,0.418688511,0.290909091
0.5831373598656158,0.7880698470376402,0.8074685699771537,0.0094615403707691,0.9697625836702144,0.5271612522917589,0.0843797380021849,0.9212103092013436,0.3205777170686649,0.243196944,0.379678463,0.675
0.2404663568923434,0.3122061113136953,0.8559038200399359,0.9033039130918844,0.0377182503738088,0.0288360416764819,0.1835787860188161,0.907769775365986,0.9928041945370372,0.125555731,0.021685447,0.0
0.6780000926443503,0.7143400041666437,0.3733910630672908,0.0531604180279791,0.766258219458224,0.6997580031697668,0.3840860350323578,0.9468811071725836,0.649667325935365,0.240247562,0.603534822,0.455172414
0.5039086008465447,0.016324144755433,0.6214464607390361,0.0480833110587239,0.3960632702721456,0.3816653190677908,0.4157424010106814,0.0819554080666318,0.2569217319742015,0.056304103,0.3432156,0.133333333
0.9210257422562332,0.1486255070378082,0.3971181630911288,0.1273353952215746,0.0281540924486151,0.5653347557334263,0.4800106757947038,0.4650089505650993,0.554192538572056,0.095551792,0.534326733,0.126315789
0.70049661365847,0.7911013611198912,0.3384614666559218,0.5633895917760462,0.9027059283913468,0.1922915997069912,0.2699696712890033,0.3691115991731944,0.4680672160836218,0.245797624,0.324036481,0.52173913
0.1721941397636103,0.1626406290010995,0.2080988996464975,0.2767677686401715,0.0985761527132899,0.6416054609444088,0.0919061045658193,0.4446931790261649,0.82607203930616,0.096564874,0.19866125,0.15
0.0732631872451256,0.7216918498030082,0.4162331481498978,0.1027476455928652,0.6496400082698819,0.4436445335822914,0.6468876739941782,0.0248505367511332,0.5676272824166616,0.438562498,0.228419299,0.381818182
0.2780245125424317,0.3145897969911455,0.3476899523869137,0.6633615083760864,0.2217483678338674,0.996156806531338,0.0184540372291379,0.3453505475311262,0.4641733454463335,0.087247393,0.483315082,0.64
0.3506850324000633,0.4533816945594358,0.005772697107451,0.2032441127747438,0.3505580297508247,0.9628454209294808,0.5918291648568044,0.771929153631796,0.8464572215985913,0.259875848,0.513192039,0.496551724
0.0115737361819863,0.4507269286905903,0.1614151730210591,0.3190315544735782,0.9344842659102548,0.6712448524146548,0.0518161381882971,0.007028043962857,0.7034668053663911,0.149992706,0.276376388,0.494117647
0.6961951354290031,0.5459518069737316,0.3781005281607306,0.766271845135093,0.9028840433988456,0.3186827990748738,0.800750991714211,0.3343474255608345,0.0828601808287989,0.23710645,0.277199286,0.0
0.4479996768493999,0.6242917096574316,0.767766209942295,0.3657098920669417,0.933405286774712,0.4549496107647098,0.6854036607152192,0.5830587317624985,0.2363366953591719,0.244422861,0.444029773,0.467368421
0.6097782958482341,0.228806987114708,0.3716732554374424,0.9382742908325684,0.7498422806965276,0.5503992990697116,0.756207482105427,0.3649905860488394,0.4242849881736255,0.136232906,0.419668387,0.024
0.3255253075203311,0.5031697408309769,0.6329855555295585,0.5722036829652303,0.9044378848354568,0.8007148375477422,0.7687710858831089,0.7108403325472032,0.1346329500999084,0.217226173,0.453342056,0.366666667
0.7567233325408206,0.642579815491908,0.8831949440859959,0.0320084298412298,0.6968477028951836,0.751344910827775,0.2825335824435553,0.8714305169371962,0.5839642661580565,0.191322076,0.495228939,0.0
0.4345434475655492,0.912432864839384,0.5412015916015271,0.8109233070851533,0.6076755524677616,0.9667951644605226,0.5061225744837938,0.3905141063207975,0.1664026667229706,0.520998336,0.489382407,0.0
0.9506449067515734,0.5859225051998205,0.3949140457654343,0.5609646837772982,0.1364702272157431,0.5412422300399584,0.9827055258911226,0.8960193980482457,0.2708827122896358,0.298162647,0.520813985,0.625352113
0.7013319326891706,0.2061585062917886,0.932224546316284,0.3997228461177494,0.9557481702363104,0.6707463344589655,0.755858641151571,0.1601684102727107,0.1350372346609462,0.153477586,0.485097648,0.589830508
0.3564958431901589,0.9222502143693104,0.0714131944663208,0.593481494975823,0.8693797734192648,0.6470964263938656,0.8787877725195049,0.985493683253818,0.9285573632091668,0.658868625,0.511780551,0.54
0.8027796085593292,0.7249205570062096,0.493484519510473,0.2659776424390261,0.9567316165042205,0.446673182453779,0.8508041433384518,0.2319767159370388,0.9916230400540664,0.407808833,0.429302224,0.519230769
0.4142074198971709,0.8981112068804656,0.5303028334020425,0.0781542963753496,0.6506528408286297,0.8756332600387551,0.3411550059930194,0.9188474434814632,0.9404030336655748,0.256992783,0.451478711,0.36
0.219372031065236,0.7563039395510387,0.1417531286314821,0.1401192249018245,0.5844169164235734,0.63797247039209,0.428545125740885,0.0387927226125168,0.7050910028577206,0.254408298,0.297802255,0.252631579
0.5895674295553813,0.8546602845644372,0.7298984507138988,0.2399476990608015,0.7915168542136525,0.7817288981925954,0.5101604935826201,0.9790713124909648,0.0603831540043406,0.45386335,0.384361635,0.48
0.4531912054588692,0.9540263151048144,0.2000026094256276,0.3256333863933282,0.2228554259506064,0.6867417646351336,0.2083237499855434,0.9557515706948018,0.8907036737680473,0.402066932,0.423331647,0.6
0.2259103218447902,0.0862768853652329,0.7155316016919652,0.006132564164707,0.6602732943968348,0.7140056985698482,0.0526999230120041,0.7222977366851864,0.383485450026108,0.074483947,0.412747682,0.461538462
0.2993488644009402,0.5155805083848386,0.0303379122231345,0.2359974003104954,0.2182545935851856,0.3842737563099935,0.6133486529971082,0.870580758120617,0.6978644417410906,0.257693982,0.344433925,0.342857143
0.90600045313842,0.613417579204495,0.8478750452715268,0.4891112587121508,0.9719651919186638,0.0536307199184364,0.3684576726943388,0.2947116206735327,0.1313207909006802,0.224202759,0.104988551,0.2
0.3093575952773444,0.1884420579556973,0.3064869038551546,0.651836358682002,0.5622843788950521,0.6989433703269291,0.7422534023829686,0.744126552715782,0.0126213601561706,0.126588871,0.441540507,0.0
0.3758035238915341,0.431607716379774,0.2167119680715583,0.2913568391602762,0.580998994032647,0.1016316390518644,0.7952774893091578,0.3124890912127662,0.488474017707545,0.202062719,0.126118043,0.381818182
0.3842217713171836,0.1613672460227416,0.0992643925219076,0.8779350482326284,0.4845511102016052,0.8893587719394537,0.6403448204709368,0.8431658430569599,0.2730623097434379,0.127852389,0.467751133,0.528
0.8491443771285039,0.7540841167799567,0.7609299295371144,0.2980816750268915,0.0772805772261515,0.2410211192764541,0.6879991576247272,0.4076714098413552,0.1934892627005701,0.421584689,0.364391512,0.109090909
0.2810477711615934,0.9575723991417352,0.6132675004154028,0.9650069171828356,0.8754197015005372,0.2916923948318336,0.0300977961488898,0.3707099251437509,0.4016694833548644,0.423619097,0.297599335,0.350442478
0.7845545888539859,0.7984453369386526,0.545124124227203,0.8981497233492276,0.1558343576628508,0.0352247136073229,0.4923676794989091,0.6015670997831196,0.7557987242544293,0.232737487,0.12437936,0.218181818
0.4641324793243232,0.5186654929311844,0.7698759562577463,0.4746263278479307,0.3340100952005463,0.2652882843423391,0.4222141989227735,0.6386450716896961,0.1881739205959006,0.212443827,0.102340954,0.0
0.8585980994827724,0.8436831706001459,0.7534832529731905,0.4805167156724489,0.1249127900983029,0.3550841832028217,0.823967192583694,0.1598059194909287,0.954586617619745,0.61773534,0.424151416,0.0
0.8865632692908779,0.0985219569907874,0.5902832956603377,0.3616731120208681,0.3674118919026496,0.6646523858969763,0.1373209596917866,0.5672146841550821,0.0159238456859117,0.054907861,0.624766411,0.763636364
0.8025606545267366,0.9195583549806494,0.1313589210414893,0.6479143634627889,0.8055649772123118,0.7689578374289783,0.4777676468098484,0.8209782167233111,0.2058142197822853,0.201457641,0.458506161,0.0
0.7853654410911672,0.2984548531456836,0.7664442603182237,0.1779580465563622,0.9107750054073152,0.2602416662437818,0.0985843319603566,0.4469476344527359,0.9119280910496608,0.115542251,0.508181921,0.66
0.3708753016531783,0.6098429681290248,0.1568442780731722,0.8921199086395336,0.0498236063508318,0.3148217878539909,0.8960684588851114,0.371389782041073,0.0649240069261988,0.254670361,0.306835358,0.486075949
0.2153472508312163,0.0175290941143441,0.1551338336910793,0.9079685497974804,0.4817204960389758,0.8103149782262864,0.936632354681954,0.5438894819378313,0.0165449054835623,0.077489035,0.247500368,0.0
0.9808452220001695,0.2123858250806497,0.8583254901927186,0.6680045384339229,0.7920748877490694,0.9305391906006004,0.2122784125160278,0.7896698830614828,0.1004612438468903,0.077365314,0.433601913,0.15
0.7857403760351178,0.9158702742639666,0.8160094683204075,0.0611222514407284,0.3167017684852348,0.493713246116255,0.2158541491041735,0.0584790157425806,0.9044855455940506,0.439827983,0.395514675,0.0
0.4923140575347325,0.2804623610486306,0.3950633633689706,0.2492735917522702,0.5906912380634,0.838535302506055,0.0354929836258549,0.0980184509279463,0.8502931358960361,0.137864758,0.306691317,0.0
0.4521020093712853,0.5166478761126696,0.8572830780030415,0.8869243142635245,0.743970696100469,0.9914853425780352,0.2574246491938831,0.7490898310416206,0.9603098687730578,0.232425475,0.463139627,0.184615385
0.155663060161732,0.6610626862719193,0.5532320979283362,0.9293417269711832,0.4681781615637898,0.6666547926029651,0.878532899709505,0.1009153342574556,0.338215183295858,0.357641666,0.376619935,0.130434783
0.3239226037308109,0.67867004763778,0.6789691602000698,0.4590666269508849,0.6094698379454038,0.835838699296023,0.0727482666221848,0.2103375395568821,0.5080727371749105,0.135502281,0.424356254,0.72
0.5115234889442599,0.6634064952841031,0.2528520659456733,0.4544637054518483,0.3669644888188121,0.0861600871515294,0.8336261798425637,0.3595447037512225,0.8882718834124006,0.36895393,0.200539137,0.452830189
0.4734576163302264,0.6188369372924121,0.0721772505520569,0.0748165941160085,0.180365844472101,0.2880652919714067,0.4675453410000307,0.0314953821859951,0.0384351098416948,0.13037399,0.191722898,0.15
0.3334252400311621,0.1843144520259703,0.8736458167011187,0.2575162216177102,0.8463562297993037,0.4613835716154395,0.8473949217628091,0.8329387118676529,0.4155074628625321,0.141788421,0.413154244,0.55890411
0.4193055753307876,0.0316022555999689,0.7965201636407241,0.5888743291436593,0.4895876390083971,0.8620014515745936,0.9405606119391454,0.2831673710199406,0.4016504857811567,0.108955019,0.531979357,0.12244898
0.6937520000117163,0.2287006291280743,0.123319552644628,0.6204892840954863,0.7035717175985141,0.1388371075809231,0.2511824412502705,0.7698512304768818,0.0915252713739721,0.077595119,0.353388282,0.533333333
0.8103088896522235,0.9292738950521204,0.7766298591118362,0.1051729415167943,0.6299171331741766,0.6529640590183,0.2148957923526003,0.4514347309936648,0.628472323377657,0.351197915,0.422663415,0.272727273
0.4749848553328685,0.1851793195910254,0.6022537011300071,0.7023882678844219,0.3524006532971618,0.3232031536225895,0.1808355955996208,0.5903121974345095,0.3404063787488273,0.077039179,0.157884265,0.0
0.2435412263473563,0.8884142839029259,0.6987575413427226,0.3680056699912324,0.5141022519769864,0.8490861333540922,0.2756696209716278,0.9767062070209376,0.9047005677711722,0.427540442,0.420735781,0.0
0.0846779467028876,0.0938331335766563,0.6968535819068113,0.0872653284191841,0.8144698055348036,0.2058191343298178,0.3070363518321244,0.2538769022829423,0.6748303657686453,0.066310625,0.100877072,0.6
0.6643865098398044,0.9042389402613844,0.7729339341494922,0.8914099877688091,0.2906577278007763,0.5058629289024136,0.4008463863981824,0.5302957184342518,0.662813879740258,0.352463632,0.257203376,0.0
0.1356724529571575,0.3079056601022025,0.9794182521344852,0.401133911999202,0.5189200087229373,0.2211386532843766,0.0130462483469686,0.9367296573753324,0.6728760186113426,0.194956285,0.11588857,0.0
0.9420935438833448,0.4730831380240553,0.6512383371984608,0.5673006513193833,0.9418830054714592,0.0580932146623176,0.4863547362288137,0.1419167637672774,0.951160589890232,0.134572098,0.367732857,0.282352941
0.8341856542299179,0.0476284804711888,0.1961934337803742,0.0279747769146747,0.7670176134099066,0.5261122032837439,0.6925748316152651,0.0735037015639209,0.6414352938199028,0.093986223,0.571643483,0.391578947
0.5675081540386056,0.7237949491588109,0.7854424835706224,0.4774981809993197,0.1576117389589453,0.0183315973556725,0.6499934761095612,0.0112823265469362,0.8196869623144659,0.456105392,0.095029091,0.4
0.5945126314351242,0.8611257127164241,0.2407797433575449,0.9880335387749488,0.2556857247306515,0.2791274739847232,0.7583183291582587,0.984115120011252,0.0901708038214343,0.42237012,0.393212713,0.614634146
0.7625479777059254,0.9719079441626988,0.2167352709517788,0.910789388131398,0.4662060861549129,0.9566488446347846,0.2067127508892452,0.9066210057258164,0.0975347940104433,0.213967703,0.52598457,0.0
0.1429853571673941,0.2530328115152938,0.6941394150055314,0.2217958402920922,0.9990550197014244,0.4955207289690655,0.1832067593358201,0.9204986195769423,0.374637550313144,0.094945194,0.1351602,0.0
0.5602202939885002,0.9861970115718844,0.9334460522999292,0.7778035570582016,0.7745328977423677,0.9258662544341526,0.6794663195616791,0.1903583701913772,0.926006681276468,0.759661624,0.560683501,0.077419355
0.990614601149036,0.0415246728607449,0.0283697453551041,0.809790198470398,0.1338552604517932,0.1189613572346834,0.7086673806441891,0.6535402172689894,0.6611970927509261,0.089623775,0.271215458,0.141176471
0.5261405113261257,0.9654465238934804,0.0042378140113361,0.9791395509962044,0.9086464300016674,0.6339823520076172,0.1894944197657579,0.4167070991192775,0.924398575381952,0.342780983,0.417760443,0.12
0.9791810461651544,0.6229200489520638,0.7346075437286274,0.2290825906211051,0.5177687188292462,0.076039324072701,0.3241357252535229,0.9867063523510102,0.5607909828618597,0.243629204,0.304699926,0.635294118
0.3579324825412613,0.4621110181634149,0.6550205130820713,0.8093887186428673,0.2104947057938826,0.0751089524755791,0.5867243415656709,0.7777804722208268,0.4963118834055943,0.216640279,0.130889838,0.137704918
0.361966907621453,0.8415906014652093,0.5198755385345439,0.8184389310935437,0.9369801251768604,0.9040168304571158,0.1980583567058952,0.7549042941697409,0.866569957708268,0.445998081,0.0,0.0
0.9494362783358036,0.8430411106008999,0.9290990463005392,0.9804574147392318,0.8342344855740788,0.4094710186065503,0.4976296496443781,0.4204617422508966,0.4781095264015857,0.347183131,0.403672098,0.6
0.5983058217816425,0.9440074366626088,0.7547216006783314,0.7719069132630608,0.3273565141844822,0.1538355320101959,0.8537404252342563,0.730748100355774,0.4659221176012267,0.63666395,0.302375589,0.391836735
0.9551411406392192,0.7220753769788151,0.4238830808732655,0.194951178168817,0.5004628385659301,0.1641255994257514,0.1758496174515187,0.6374935372668447,0.5606542668534232,0.222611708,0.477438833,0.78
0.7891459504550399,0.791364905154881,0.1946869090439168,0.4177880839749225,0.3070848389785461,0.1168358342264365,0.5067558369422493,0.2336770223802267,0.6064088000492207,0.353326673,0.314787197,0.49787234
0.4943721636111747,0.0861069876754782,0.3888461307326277,0.1884205761588232,0.7019963056440953,0.5690602797175354,0.2067566125484111,0.7573751977718614,0.4819849132602336,0.098787649,0.250381459,0.0
0.872073604649846,0.0285789329654266,0.4036405533080828,0.8167168294297678,0.6819078417359966,0.5341147763341344,0.7861005925750555,0.5299372710744166,0.0403889913199646,0.072025658,0.470247599,0.541176471
0.824624153919421,0.7543170153925155,0.4814723122239284,0.4890359359186353,0.7858526871913847,0.7210350873419582,0.4153598710146329,0.8869745533589979,0.0643189152194748,0.247158031,0.532111225,0.0
0.0436352580407837,0.129928040080527,0.3655843351839875,0.9313251177730472,0.8564829720704551,0.1067704486679201,0.3654050757332565,0.1380204660782383,0.4950703549170755,0.061690863,0.065575606,0.4
0.932791968182668,0.891110545183973,0.1313593299175156,0.3460582735524062,0.6617326207001663,0.1279095549880627,0.149974680790032,0.7484103582943904,0.6031435683754086,0.268657289,0.223475246,0.48
0.4942131074184839,0.7939447701249596,0.901887161051266,0.5194470251095141,0.4132502374681517,0.4424302999314954,0.5999358484953671,0.592732253729966,0.3938974256722104,0.626647594,0.364833539,0.545454545
0.7737847498758892,0.3126689835020311,0.3496827725896887,0.7334608331367181,0.6794188704504323,0.5523320782887762,0.6537138360872244,0.05188140139745,0.4236395917863974,0.147018508,0.471158335,0.0
0.0837896873746196,0.7108602823562841,0.7581895285399073,0.8678788179330912,0.4510248854122656,0.4495748344452719,0.3596305182604482,0.3188307046598996,0.6023611569097349,0.278667551,0.121727786,0.15
0.0049152267350639,0.3330862378547333,0.5774965387241944,0.618295096452132,0.5063554788838343,0.4458202520849108,0.5205393345217113,0.4926255140039502,0.4180154939558709,0.146586703,0.095000113,0.0
0.9765741266247816,0.4619613682533446,0.2991999976246574,0.4792828910735015,0.8034837393827305,0.0547721662761919,0.8451912981135036,0.8912374928468488,0.9244045273179896,0.317126902,0.127797465,0.038709677
0.5630098410456902,0.2613936039748027,0.8305710178583988,0.3934701233567375,0.8981380166919717,0.1751467525970278,0.1549396196483888,0.6238941688599183,0.4960811104113664,0.105861946,0.233268732,0.12
0.3953039388109485,0.7582990673393324,0.1288992640163819,0.3695882064183908,0.6780864019603051,0.3494863771018135,0.2323348616503581,0.3169449776030124,0.3390478156237148,0.228234247,0.458495949,0.3
0.6235808709967584,0.4319833349627076,0.3343780885412225,0.0321816740468307,0.199419454242004,0.0504519712081849,0.7023048413226176,0.421509053680019,0.6188203999931459,0.192172644,0.187247273,0.494117647
0.8844928314177122,0.2901237112349311,0.1504315589950602,0.3355969762744087,0.3269028009099326,0.0566076163458726,0.1896129589638404,0.6322049244375578,0.0133303649452136,0.088069043,0.24080184,0.633333333
0.2186172477562771,0.6617203650043492,0.18558357498265,0.922954631363304,0.3595461816876737,0.3392005626539973,0.1870663446569165,0.7674121354253646,0.9075252286154591,0.289114496,0.284592496,0.266666667
0.1633680311539713,0.886408167709377,0.1066667571241805,0.5322556437578331,0.7782382803702955,0.6022450908038226,0.351657201469903,0.2993084176089514,0.0463479855519874,0.231290814,0.292843354,0.776470588
0.8824405018353443,0.2539883023038869,0.2282118998569779,0.6775598664049642,0.1141933371992961,0.7877543153389794,0.9544888476099694,0.9121096720805908,0.4110526247570554,0.141374546,0.539248393,0.227027027
0.27968428936814,0.41640874469329,0.4930975939563677,0.3887928670647634,0.4067321423456286,0.155920910864607,0.2653713834586764,0.4553608150356729,0.5770687013058172,0.126674846,0.132216812,0.72
0.6587632590750595,0.4410969517486454,0.6681365947521601,0.3601083326559208,0.4070775956655285,0.7169347137283347,0.0816411878949512,0.1914025710755554,0.7063540442041879,0.151670835,0.357325116,0.0
0.0735244624313243,0.5620716711780772,0.9983071908930664,0.8773858592564854,0.5514475912880424,0.7898635209451198,0.610851696582898,0.1688856608939427,0.363606310702671,0.405403903,0.304779356,0.270967742
0.3242949302824333,0.8305923779530109,0.6571419154487772,0.3293960950620708,0.6853233736601092,0.3671565153297452,0.5770320375825609,0.4499709709461453,0.9863582617904348,0.491563092,0.310027715,0.12972973
0.95262229857658,0.3245992739952177,0.9284830168142358,0.6527150933698029,0.0675929546986424,0.491733022015876,0.810987061393777,0.1246971130984084,0.3720801616573048,0.2081747,0.313136222,0.0
0.415755118274026,0.5556007783706979,0.6265522453736699,0.0975592469376519,0.1040918017767397,0.1337930575847737,0.8754536860757657,0.825902195372097,0.0155643412202741,0.291514691,0.1486041,0.259459459
0.1150646888326353,0.7408530207853041,0.5349447600694678,0.9460606984929965,0.7053919346949364,0.4812011021212322,0.5415839261866521,0.1300254549868299,0.4877035935978404,0.41463473,0.266422342,0.038709677
0.6146517456501288,0.5612495498907492,0.0526579687591708,0.8057257000307853,0.9779650009028068,0.4430343032362432,0.5685947837168044,0.1449250085093713,0.5872243337168512,0.256977918,0.412825301,0.207692308
0.1335154334108386,0.6303058033973973,0.5084318559623259,0.227203901564412,0.0541258723621982,0.9257466161092784,0.982738461359773,0.5449663463300549,0.8206300412636753,0.344416749,0.434750937,0.458823529
0.1628510205805553,0.0353976433295235,0.5086761739595598,0.7767104144979852,0.8673867432234285,0.4647318415671807,0.2362113484647093,0.006334627122716,0.938874265927802,0.059787072,0.347553626,0.545454545
0.524691456682612,0.3430534183290016,0.478605148512183,0.3810779240888109,0.3511055278989243,0.1332291294425006,0.286998653581897,0.2163573927545936,0.4532511331042635,0.120709428,0.259463843,0.66
0.3716021720418538,0.7390518117812271,0.4423377538616021,0.2584572601347292,0.8035091679301385,0.3858784314983399,0.4353286544979595,0.0839855627818972,0.8627041983152589,0.248263908,0.330607376,0.0
0.4040804857105894,0.7434100663314206,0.7807877406097894,0.9917767114089,0.2190037168662135,0.0920652822110114,0.7966221724877848,0.1355364575460188,0.2348897973614248,0.420057717,0.227301478,0.632967033
0.819638079871365,0.1466935310732385,0.3773856008293463,0.8803985348322644,0.0231266495588848,0.3581596194687566,0.4834406607237472,0.8500565037515443,0.9344597682101254,0.097930198,0.464105703,0.72
0.353877179357901,0.8297529474161798,0.0899700432575473,0.996402752949648,0.9657037402564396,0.6516749532213539,0.6227585429963752,0.340506886430923,0.2140419320185808,0.332894635,0.447035094,0.09
0.7920802626820856,0.0865328730932935,0.4757513919341821,0.8544304605494767,0.1340175717384381,0.6529448001990737,0.717664455101793,0.0606661552769787,0.7630688289570238,0.126110145,0.468684629,0.15
0.3053907869005062,0.17295388679975,0.2287628627282778,0.9497937412750104,0.0532691570075949,0.4101272741518728,0.6542953268336906,0.041269156283957,0.027043089116616,0.124355897,0.255593618,0.289655172
0.1981956467738881,0.3040431724642867,0.4162528022556432,0.3452095602498868,0.7119030139305047,0.1951026002029781,0.8267225120980877,0.7807258489033724,0.7151109744897568,0.21947082,0.186799232,0.723287671
0.0202602679970211,0.7058284195952542,0.4810215663643377,0.8840201098529836,0.7548132947060348,0.7656614350755527,0.4351871466324944,0.9120443920755816,0.5891986870430213,0.203856654,0.276847631,0.24
0.1098430623533968,0.5088277151639711,0.3534717310337079,0.0030890538714574,0.6763749161852424,0.3880243668890267,0.2564493465196125,0.5036886281209243,0.6533092952010263,0.16782084,0.232064984,0.423529412
0.5229650635563733,0.3355248951205776,0.6744107329946244,0.725288853906955,0.1401014107322967,0.0284343048096152,0.6373956644202773,0.9424586366527428,0.7886675960545266,0.232265972,0.046330569,0.0
0.2546901272272123,0.2270078965093327,0.2916597218251998,0.8467251798138213,0.9342836137108262,0.0652754578162851,0.9847602340794012,0.8297031228254645,0.7691536102664733,0.146135702,0.062751493,0.12972973
0.1167096619377427,0.3364774646620535,0.4567359346981684,0.4775607550782856,0.2315873592829477,0.3089632625585594,0.8964904055170271,0.2056159482149536,0.8778424885531564,0.196564764,0.178894916,0.6
0.0545690884018201,0.5804044162218781,0.52078965158279,0.0013695975454001,0.4069505489664901,0.6721531296165166,0.946783149919206,0.0339921086077517,0.6668164768723702,0.259692977,0.262290401,0.130434783
0.1422023265349977,0.2529784418781687,0.1048783265387091,0.0830069129126547,0.5623096113525262,0.0362585367815126,0.867930565988201,0.610376871290025,0.165641680690794,0.113767359,0.067749813,0.62278481
0.8720700431417922,0.7735689777688516,0.1848054514840953,0.9766605056187664,0.2938538576350132,0.6971686739290898,0.453298134769195,0.0424232670768349,0.3776173986650268,0.244717677,0.315729847,0.0
0.2748424177948873,0.4357927754367413,0.0768572879496229,0.2927647441293243,0.4845865125186738,0.5593757427293066,0.4466499535076382,0.3815058088999723,0.4259448175833458,0.144026605,0.353248266,0.075
0.009618650851578,0.2656067561999483,0.6578789936954642,0.5486827492209634,0.7149056826527735,0.9077782379752154,0.8115404744147898,0.5682216546372444,0.743330826558234,0.203383405,0.347072628,0.657534247
0.5046375264243962,0.5461277065751087,0.3732760737491596,0.827189934799183,0.3242290641120469,0.9131993925376802,0.2802597345456497,0.2593953039240835,0.1644644915529476,0.176384199,0.604711153,0.0
0.1458341702952019,0.9944396239418511,0.0482873273987466,0.5984896530442304,0.6514836463039654,0.8310064148390931,0.3871308500331221,0.8510537271479877,0.5918358174230017,0.323835041,0.36899741,0.3
0.2852327066801399,0.9834787684667154,0.8958067363269898,0.9923704932461564,0.6219509046703681,0.4553006789404319,0.3645325886484393,0.1788515482333853,0.255047918324696,0.433977367,0.170890538,0.0
0.6783197370560294,0.1314417567983707,0.3881618054982551,0.4034695174967172,0.2204680940673729,0.1403657078673736,0.5179745492091284,0.2508232305397044,0.549170596448583,0.104821404,0.180177185,0.2
0.5180793006816862,0.3129886883451431,0.8401180956387612,0.3434474190084854,0.500373667655097,0.7292317450307052,0.3242995641664583,0.0541699655908458,0.4028986410779439,0.107272048,0.492392878,0.0
0.6107274535885606,0.6576963971073454,0.3873255610141404,0.4346094026077932,0.9205571628966066,0.6530858913865141,0.3327168588492242,0.6729280452964362,0.8469675669857791,0.277109884,0.483822639,0.428571429
0.3453715301303269,0.1599323588087686,0.9536086532251148,0.4035427553274795,0.3117570721067324,0.8084368767734705,0.4529737126178819,0.2533519635042204,0.732536847090746,0.113262395,0.388225254,0.646153846
0.389498133776222,0.9626126489935504,0.5655890624875184,0.8288584273673502,0.3655298226641368,0.39919098797294,0.342681460663626,0.4735820582114615,0.0118037547899748,0.328686385,0.24896953,0.866666667
0.8934540939185168,0.9082617840490294,0.9330665481649566,0.9118358596666242,0.7754864841097313,0.5507548019912526,0.629280578142599,0.8465705199254293,0.2528120072502989,0.466737422,0.479291792,0.064864865
0.2863522913066346,0.1871270504152522,0.8962859968962166,0.4934451621124005,0.96666343292602,0.1734766087158089,0.9514092336864078,0.6277802747931408,0.1403791764895593,0.135646441,0.253510296,0.745945946
0.5023138586379942,0.6557822209505203,0.5668425885082932,0.0528951158552315,0.5160190769236658,0.671102147346998,0.1447775846625644,0.4223225396748656,0.4823291229133741,0.215430577,0.471650981,0.342857143
0.6795436121870518,0.0659280466499266,0.8901697737992255,0.6628735679241567,0.9433331546887264,0.1110042480876917,0.1676006044994799,0.8402689929759072,0.349222308376121,0.068293841,0.339483118,0.57
0.0581936787026667,0.5297937426362954,0.5392663425453446,0.6497397395653796,0.9125420058190644,0.1479430593887603,0.837736090142327,0.890545045492931,0.0753819317124886,0.269325372,0.089475466,0.836842105
0.0341495184068626,0.6302478682239793,0.9581269210958993,0.4533853417905653,0.9249007066419054,0.2802306425752114,0.4193437161325024,0.9151600382639726,0.9271639312354344,0.232297835,0.1674432,0.0
0.4031365497848423,0.8955951521172065,0.865821778743798,0.0357835239525189,0.5483092371587952,0.4474021783645793,0.5233341351617266,0.4309365236925617,0.0344166723399491,0.535036648,0.323694648,0.456338028
0.3360230402401725,0.1746842773977714,0.6094220703042518,0.9568057778978184,0.6414841969309658,0.8185919646482516,0.0050134062243273,0.3185013534056241,0.0132585280028336,0.070876433,0.311404931,0.342857143
0.2467507831572074,0.9421232679757124,0.5128333039916381,0.2723710194757343,0.4949143240149435,0.0562608660332848,0.4159486020708804,0.9655045265286262,0.2689366000058947,0.361050426,0.097980296,0.0
0.8394300555048838,0.9542201509158168,0.3183226709610571,0.9330893803173675,0.0270974238632299,0.4411418055632258,0.9936608656344138,0.0171765448099514,0.273063887817924,0.780665132,0.500035565,0.215384615
0.2684847070097136,0.1399770923234674,0.5272095641037533,0.7354947901817531,0.5290115936540316,0.5046843372237315,0.9314471385998064,0.4195512241668404,0.9043472470131664,0.12442066,0.373002848,0.225
0.8500032606569683,0.2467677437151226,0.4289450348799941,0.3572029207592948,0.3268066130001635,0.5485550997451091,0.1868704359621849,0.0638091114935661,0.8768471448619439,0.144669564,0.482420782,0.184615385
0.4483135321560061,0.9046808170388604,0.8681679201846751,0.8585361593524518,0.6319870576940307,0.703279972617126,0.8977100252603697,0.4403390462190623,0.7979240458599549,0.644557551,0.469295296,0.12
0.1477235620312897,0.405206608234523,0.8266609228788455,0.5234310412255055,0.0303845809480721,0.3865783250591929,0.2004107571468295,0.0268721815680095,0.6137635661238584,0.165503373,0.24386516,0.42
0.9350430391129384,0.9285077074087338,0.713695462747047,0.081044544776181,0.7493420890781417,0.8315871474300548,0.1533710740042613,0.8898194258885028,0.9820593983887768,0.472155971,0.639676315,0.428571429
0.7098092412659487,0.6600670389171803,0.3871655448226258,0.5622983609475232,0.3551967349070626,0.1843175489753399,0.1601955230370797,0.668843989075331,0.7044901211381264,0.241739949,0.239571089,0.505263158
0.1410791954152358,0.4957940717954225,0.5108931387754581,0.4748317942982641,0.9348389946162052,0.8300578897297564,0.6371320298152076,0.6497203498318519,0.3088797133997287,0.164133981,0.45266304,0.358762887
0.2984931476957418,0.8258314996572332,0.4655467518465063,0.6434698276312624,0.660562179620597,0.9513282661335128,0.5376814612599782,0.2477103104090221,0.6572548873476276,0.590455048,0.427581281,0.6
0.2519547698512333,0.1621006182165114,0.5529430865207513,0.1635551835125877,0.6806645522135595,0.9480716561061364,0.7667696578564777,0.0889096969221807,0.0068828972911086,0.113312802,0.61686791,0.109090909
0.9738399660144884,0.6013986416093119,0.5469564367506549,0.8489590782079758,0.957854219344483,0.0254829041246752,0.3171057459084556,0.149572308255099,0.5527260489233434,0.15194238,0.263912962,0.276923077
0.9512796637276568,0.3954237453694074,0.1614260730220595,0.9826391341714166,0.1988285893998008,0.2233968518844983,0.1951992833787034,0.1792060149633049,0.3050262473731226,0.093627554,0.356392513,0.0
0.564962570444813,0.3872146163205302,0.7591270077244185,0.7923548940152352,0.6964331788074866,0.0640896395234446,0.3224014620608234,0.2375809778328748,0.0860110285608229,0.119922144,0.058408779,0.0
0.3374443130030004,0.4544808435202926,0.5069435388988053,0.7144012723651636,0.1445538227865689,0.6352904426823682,0.1558693265413522,0.8711788025944467,0.8782724484352514,0.190496438,0.354669826,0.0
0.1115073421143026,0.5056608152043793,0.248204358730232,0.1985584310762943,0.0629295457062903,0.5390423465654377,0.7835600868665298,0.8496539828309345,0.6847235871758253,0.183607912,0.246971633,0.0
0.3358895527270557,0.2355801352991253,0.0518025994582919,0.9045372366126546,0.2883980422970142,0.9278701852590376,0.6571132978225745,0.8684325666794859,0.5976953737023305,0.156351693,0.46665351,0.504347826
0.891862915766794,0.1798032148299793,0.9630634004240172,0.1005385141386643,0.5777305952408599,0.5075419735984279,0.7830595511532485,0.4030245129546358,0.9166262709392284,0.154487633,0.527292386,0.436363636
0.466623330108029,0.706270070308118,0.0843033470486412,0.1592436016631073,0.1071063257427576,0.6665662103488201,0.1087932968704502,0.8744219910388289,0.1499008607893566,0.140976387,0.541650994,0.2
0.5363664022301986,0.8498477320253819,0.7756095621556,0.8877067318315666,0.4931578737772335,0.1079723456949349,0.338995448166801,0.1330771870193092,0.3045115212101654,0.253675917,0.296458792,0.525
0.8884119583939052,0.6028233935221264,0.7697364186701179,0.971855857219585,0.2923161637019976,0.1038616140124794,0.2283539465967787,0.1861882237948409,0.6630121961235291,0.198532698,0.20297097,0.533333333
0.2206059232665821,0.2994825750770515,0.6509931605979574,0.7560676998677441,0.6746819029316322,0.7811527419341358,0.6348898032689805,0.1241638734864579,0.5734069325424628,0.147727426,0.387746357,0.276923077
0.2240517473681865,0.1328170237020672,0.9297474685996592,0.4919874783273156,0.8129434990622463,0.8390938606014343,0.4249714306430084,0.1669935477674671,0.3147762375274565,0.084181472,0.318604828,0.0
0.6946511295694215,0.3589524888044844,0.7511762857107087,0.44767692341666,0.5232012928916988,0.8047027889208018,0.5399102238910778,0.4575323117531182,0.0749638659708569,0.147843525,0.471956564,0.37826087
0.7627512688258269,0.1119923055894458,0.6850981142476783,0.2913404710025409,0.2013622461020668,0.9440469423882308,0.2486160433825704,0.7982279231123801,0.4948124300577429,0.057573391,0.670206212,0.0
0.3206422058883855,0.2204070484676696,0.2238202655078115,0.0784407703481949,0.3977133083380032,0.0876119900570487,0.0306292655103519,0.0604059737631319,0.9779264281368826,0.111858841,0.145119502,0.6
0.9607797115508764,0.8086742655096351,0.3251296633954722,0.3435980271148537,0.6238941610074785,0.7531305504201343,0.5387291506600698,0.5948501928609855,0.8187491188320694,0.457187188,0.610307865,0.042857143
0.0256389032118484,0.2984677422376751,0.1808922509670147,0.838764890220188,0.3499567482981758,0.5884657056425682,0.6806168676410691,0.7063367207795362,0.4104542959129411,0.149373021,0.288632155,0.355555556
0.2525210156852305,0.2327265429875575,0.7066485535273694,0.4762123085611571,0.4054040287971111,0.6411146291603464,0.0440907917192665,0.372716541106409,0.6087777030291115,0.082137456,0.403108045,0.0
0.5127278046216591,0.3228275633926014,0.134244933492143,0.1635815625948753,0.8631647624896699,0.8031467347220177,0.1034540822901458,0.1793604596498101,0.5280899224508552,0.090810695,0.572544611,0.72
0.3028300392638585,0.828513979430038,0.2500360666057175,0.0658866156196443,0.219757423471302,0.5232502891866848,0.5201187654622547,0.1190772193984791,0.1448666900744697,0.466466493,0.305403744,0.569491525
0.2898299342545596,0.3159522650850576,0.962959633076814,0.7604993158623391,0.5720705201310782,0.5807602569977044,0.8240105933258115,0.1207956900045635,0.7929630558045085,0.198464117,0.456156547,0.437837838
0.2832887376708745,0.974424762289802,0.4278072877378132,0.0788091275632209,0.1817275956141476,0.0714447733572992,0.0751958527910925,0.5645011499069831,0.6293065115354077,0.410863074,0.084207255,0.0
0.9992212335539148,0.7181459811310809,0.916799886003305,0.369918677555819,0.1708736475418875,0.8384077009728181,0.8390517478354632,0.53000763757245,0.7592997184660552,0.469033433,0.593191266,0.228571429
0.2877403136032269,0.5849979042959546,0.7971196201943545,0.1010656239891119,0.0345149626642756,0.7005462477722838,0.817411270270626,0.9918486740062028,0.9542993072811808,0.288918698,0.449416445,0.290322581
0.2591391300942466,0.3920926276257432,0.9202644410269504,0.0575016833838312,0.0245077864938815,0.4282953199484481,0.8283853791168361,0.7815640471190858,0.6723359317815951,0.19569709,0.30519715,0.171428571
0.8998637710789579,0.0338864252133893,0.9356363119863472,0.3496626101356664,0.0516989413697681,0.8194798463504066,0.1503822187438619,0.525337738131218,0.4938871426723691,0.070444404,0.557734824,0.685714286
0.7498471795009908,0.9711870937557494,0.5449706841621805,0.570977762007126,0.1475792865550842,0.6605182674221041,0.6114408683127504,0.0335223848908217,0.8033052601550009,0.612652321,0.464886489,0.044444444
0.2947588783375879,0.0518922319846893,0.893655061736495,0.8334151739672255,0.4597130442515842,0.7102647039831487,0.0133928054388843,0.6982590785587419,0.0342196305802291,0.070132053,0.057243016,0.6
0.5016162223005451,0.4067534320495889,0.0903951766885644,0.0770830218268008,0.2956652816459029,0.7117464793977436,0.2782398115469865,0.2246401026804064,0.6543414960416782,0.070981615,0.318437568,0.6
0.4583463057475553,0.5622672024286215,0.2970291743203881,0.6917482715667344,0.6840220095619508,0.8087799722635022,0.7077093522361911,0.1291937493322157,0.2251920886050947,0.252249436,0.522497668,0.352
0.5372407233354262,0.918682373607536,0.5657677228807847,0.7028193433735339,0.9798133188149994,0.170487764079975,0.0679353902049453,0.9430614474716672,0.3502927012322095,0.352621474,0.252498024,0.436363636
0.8355781004980131,0.8948902630794784,0.9275028639933196,0.2679699081711792,0.8196090432591182,0.3805555752081714,0.5720315064988813,0.4132447092198731,0.1281608050277113,0.520216762,0.433439769,0.186206897
0.1049721008853548,0.9909774217606548,0.1418996394274136,0.3648630943090836,0.5684944485378234,0.813000285221271,0.7064352401004387,0.8827519042425717,0.140451675976318,0.677425916,0.192388388,0.15
0.4909492977338172,0.0907402545751593,0.1308486514864336,0.5771395553901706,0.5825271665669053,0.0259895538609762,0.6908202392167866,0.4915987125955045,0.0995072043978563,0.090608143,0.126112441,0.547368421
0.0063049947367233,0.8148173170621392,0.4528557320362633,0.5792821928768397,0.3452201893243353,0.8336012439629751,0.4888323217606997,0.1914165234537076,0.2029529883283112,0.283658981,0.322333731,0.146938776
0.4542637668368182,0.9363695152011984,0.3527900943241004,0.3553717992986066,0.7845601655529542,0.4301145480664996,0.0339136246374505,0.1283985558456466,0.2334726332691005,0.303147168,0.452874563,0.72
0.6283851771818105,0.9558081832055876,0.0545542782345678,0.8765135795561502,0.3591640252316466,0.3517481965119268,0.4349734838044032,0.4419016563310638,0.6417590796217882,0.331546852,0.317473713,0.6
0.5714945455311833,0.7066195100547343,0.9274017618483096,0.7605164874003786,0.6467259764146406,0.2853327337769131,0.26924704033165,0.1565849067755862,0.7773144106424343,0.290892065,0.403098255,0.15
0.5235906021632919,0.3844304074981998,0.7360261066626312,0.3240023552235662,0.141402281076992,0.2695878521015461,0.6078182076305688,0.7956671657925943,0.1871177328127651,0.179790817,0.295716036,0.2
0.4537644390201401,0.0588960719360726,0.5158817578178435,0.4012404937733131,0.3354685701084947,0.7356049085237727,0.2719706307957262,0.2365157888670058,0.9710909756450892,0.101295201,0.337229653,0.0
0.8549444570455756,0.2107693864765976,0.8811641962801811,0.3999965223054779,0.5649369970903095,0.4471462823023631,0.2146383421058751,0.2469294922884851,0.054941786302843,0.081644927,0.462622168,0.42
0.1269743642570024,0.3080117748543591,0.6306591547675398,0.7413390511456213,0.7563509015250027,0.2232500380090523,0.9051348240871612,0.8624785907295184,0.351845750213589,0.154028936,0.219766604,0.312328767
0.1484107374165222,0.1483443075886013,0.2381478828431645,0.7991791126185401,0.2474530193094585,0.4506602989089183,0.7517032167803313,0.3425391802149733,0.7089561687679278,0.147202463,0.314034327,0.705
0.3053276803558927,0.3944930308520392,0.7448712328849639,0.7838603279872148,0.72568374920833,0.0983443348458884,0.636653390827164,0.4577616654539999,0.561654799367719,0.192876644,0.138056507,0.284745763
0.6898281505524532,0.4392126715556832,0.1725168136676561,0.3833435866174421,0.40604009781961,0.2632987854321054,0.9293776964542384,0.6949090886880026,0.4144432085969477,0.199151136,0.333432202,0.070588235
0.0523121335278705,0.7123905389395845,0.0494768646793448,0.7330857892062398,0.7772698311941579,0.5835224765017537,0.7967266105661591,0.687213321847453,0.2846841854040184,0.35673113,0.225636013,0.072727273
0.2422186795968156,0.0724220857730792,0.1502375027364378,0.253983848239567,0.1203142097234438,0.3882605490306894,0.887531298812227,0.2778034056016357,0.425694383202034,0.093736009,0.285141975,0.6
0.4663360513128732,0.4734577283792496,0.0896747918858587,0.9601110702786534,0.5087557702670453,0.4893308580505439,0.4879465671266646,0.4936598406312489,0.3288203124642266,0.155797058,0.490137296,0.415384615
0.9929092178505544,0.8655856123095729,0.9960971276756524,0.3861317711228333,0.9292172857147102,0.9907864662718888,0.9910029252727606,0.0921392181245922,0.5963594228285972,0.527932405,0.594456435,0.421978022
0.9191241885248608,0.4800590569195978,0.5187124579081385,0.5136527571033278,0.7910111261288889,0.748453108707377,0.2701369529154532,0.2525345646816861,0.1719224207376578,0.223034517,0.223333966,0.2
0.5004755446592388,0.942932480903624,0.5093977374141456,0.5757347715989258,0.4867324247435193,0.4935362540041708,0.2080983477563874,0.1382106347696051,0.9764508072162944,0.464735662,0.562462848,0.776470588
0.3362278404145031,0.999687314400007,0.5019676802071601,0.5557985714983733,0.3936648676254629,0.2475618303890552,0.6288591923319846,0.0988601115768127,0.7145009682629021,0.685428769,0.325552887,0.583333333
0.7212225621031654,0.2780683138756635,0.4074728071449245,0.2648900363032396,0.751001790236665,0.7925729581266712,0.584214435100279,0.96752769741964,0.5681458576319198,0.187669832,0.578928698,0.518918919
0.3560282096328513,0.6496408361703121,0.050901800147676,0.416020948779903,0.1792395639770775,0.8529330372314369,0.0120656373541464,0.2228598449567567,0.039826501179946,0.183085264,0.805698288,0.6
0.36680500997109,0.4075728216542713,0.3535702329793159,0.4114515865850277,0.9811279754580516,0.3243575064264742,0.485499523384827,0.9145405834576904,0.3026920938185052,0.135327343,0.359983196,0.15
0.7140440799551356,0.5426867189783726,0.271936980782701,0.6668498102050457,0.5168245740884394,0.8826863905798209,0.244299923770575,0.4196244112762947,0.8386660010563265,0.15918982,0.528311671,0.0
0.884190706924694,0.9354111576963288,0.4371436032522752,0.104756623078721,0.1747954284964027,0.6474397608587544,0.2901974389241923,0.3633825009671787,0.1482850791680211,0.450910468,0.525248505,0.514285714
0.1019024200879585,0.4473959007561471,0.6959185665301731,0.0707603027643298,0.5601796337592877,0.2492776952118846,0.1546472101075121,0.5403452423044874,0.8581089597566457,0.113468484,0.189671622,0.15
0.1277639654658761,0.8629140304741044,0.6225109550921151,0.529969002207414,0.9331113929171612,0.7094519000580782,0.3876686241134162,0.4734359015081117,0.1407983949819128,0.312805156,0.352974688,0.461538462
0.7576995976734583,0.3229462861655109,0.6861837606046881,0.0298310334786271,0.0285215974333263,0.2737202638026281,0.9052136310693158,0.8101059819835355,0.9359450167042972,0.175068237,0.396490632,0.12244898
0.3331659163342554,0.4908616201783576,0.3699979256926027,0.2747872920442085,0.4386009368655713,0.7565928053188548,0.7494185572803175,0.4035357833652685,0.4875500617520201,0.231515196,0.487757234,0.0
0.2840160773288567,0.1088721056344588,0.0794074792080233,0.9976017253924432,0.0971874557605425,0.2170065773564724,0.0501144829241533,0.9342158862202388,0.4186136562547659,0.061306329,0.178976993,0.0
0.482338356458705,0.9332479015163528,0.8501338941694977,0.3377644121774303,0.4018295219143813,0.6976953636548662,0.9540892756126091,0.5579021454716684,0.893926772423281,0.644012624,0.430572052,0.494117647
0.5716414751110619,0.1389657375471775,0.6473206631432362,0.1720194033000949,0.5973154431269949,0.4316442815484537,0.7166945084492925,0.0174526895702491,0.8693113137433264,0.135320882,0.371741257,0.127659574
0.8164559182683809,0.4274523029688739,0.4727022492606189,0.5983867234938315,0.6223516865476927,0.6512489434458268,0.7817888587700541,0.8725048907765859,0.4833917806185718,0.24391202,0.503056643,0.35
0.1166422459642252,0.7897032684924603,0.6406093098935423,0.556400387052042,0.4595721024032257,0.6340163065209542,0.2993523361793663,0.3286194513972944,0.7506534644561026,0.046174182,0.419070615,0.0
0.3940138968911054,0.4574529057766122,0.8087795875598157,0.8181602248985071,0.445738535141551,0.7474026475254966,0.8962409938900151,0.9366680950325784,0.5103899842042222,0.21023985,0.434065134,0.146341463
0.0850919216401703,0.495417639292759,0.1647130274275946,0.4152503896744949,0.2228279682466044,0.6003235726930867,0.2630867849597214,0.9153688372142637,0.4231824020426793,0.146038512,0.347034671,0.24
0.3244560496593158,0.965852018004576,0.6733490411961047,0.5635301354386549,0.3086654445633241,0.2701202152847115,0.637373286179228,0.6005219313506428,0.6937858682973603,0.491331589,0.418247666,0.507042254
0.059072764945415,0.5459637540016654,0.4920695053904804,0.5053674862697137,0.8762387039262894,0.7803139926351181,0.343494976649191,0.319993799917143,0.3128046476191419,0.11915624,0.297396233,0.369230769
0.1430434194104243,0.5723626579824432,0.5885720504489494,0.1243038033070808,0.6785656939510618,0.6584642176994456,0.2318726847819022,0.9757386030776294,0.3821646545825647,0.207391761,0.245553135,0.12
0.5909028459919525,0.5400833612337442,0.605688589835843,0.963743279710952,0.6607825442497517,0.6421138232033621,0.3292766117912663,0.9099987237551044,0.1718878940918031,0.174448702,0.522802984,0.528
0.4108967367690211,0.3660387262678253,0.6353925141219531,0.0209755702208045,0.0028141745556254,0.485916132226045,0.5539895747749178,0.767253397618751,0.0185940905182447,0.18414394,0.259608205,0.266666667
0.0314380977599899,0.8737332128136767,0.8527296384815586,0.2937592641434057,0.7190055302743262,0.1849727912810806,0.2197854776607838,0.912209600916012,0.9305853864112436,0.341671897,0.071634638,0.0
0.605128063251944,0.4803229262717687,0.777760388853239,0.6876169819869974,0.1228115436958166,0.0844752234897894,0.2231144729119023,0.7650357072302032,0.8516300857430882,0.16772315,0.241487732,0.66
0.7205474997961636,0.3954989816976723,0.8174808029853585,0.5983766787911491,0.2712863377821219,0.4119310981506831,0.2529626157027241,0.7981418306177995,0.9679143246967848,0.133792804,0.30092582,0.0
0.0981939693585409,0.0775886911547477,0.1747735097659781,0.7746239492985947,0.2579063690299598,0.1140513972501463,0.1199366593539134,0.902047726919137,0.421916589359644,0.065329524,0.140154546,0.436363636
0.2270533700848902,0.1618583581364235,0.0233565221351353,0.220017552562571,0.1214776114470383,0.5741617633345886,0.9608241415757068,0.1061997891828248,0.263869547086305,0.104634955,0.354933967,0.142857143
0.2212653270406888,0.831917842108776,0.0143140607140119,0.5384273614772821,0.5498633246218402,0.2343210096810291,0.8996893235915736,0.8803731743532921,0.6228236138690292,0.459498473,0.250542046,0.381818182
0.748961294728064,0.1306579915113873,0.362695612817937,0.0718814052790123,0.5497953715790862,0.4498455003798159,0.7785268463452196,0.3307448882066307,0.2764612599984473,0.105776694,0.459738737,0.736842105
0.0875959618461157,0.8188919033379215,0.8773241843239827,0.1970159646010181,0.1731196671239495,0.5701188473446388,0.3945867579553881,0.5732201606891295,0.3016252999777321,0.28111045,0.237088093,0.533333333
0.6111889730146713,0.3492964794463971,0.2682549942068589,0.2578835789513667,0.853223486301471,0.5867324593420072,0.0256274348225709,0.0310590222603841,0.6720466149460458,0.117182858,0.517693816,0.514285714
0.7498817292744764,0.4651257835332646,0.5885278733385395,0.8110095686228237,0.4112201356309534,0.0175518878593564,0.6378688961015533,0.238375267171351,0.1821128227794949,0.214767938,0.069113275,0.378947368
0.1615536101266772,0.9910327314252888,0.5761708415983043,0.5263789827443168,0.1917969545293117,0.2239773294479543,0.9655735924567986,0.1193453973393098,0.2610140995248258,0.594413219,0.231362412,0.617647059
0.3858181955403238,0.415150941441188,0.2924670253694553,0.9415202078774156,0.5538156709047469,0.4542123835895071,0.8123274424482564,0.0372217200911607,0.8003290428743239,0.193441171,0.268928807,0.0
0.8708157026461144,0.4601611268370453,0.1925636599540641,0.4418455659943024,0.6714993127257085,0.2467379995988423,0.7798300142563414,0.9890004008331162,0.500287514993614,0.205176769,0.489760271,0.405633803
0.2630088433374382,0.5430566880536414,0.5793414677012049,0.7902619284146317,0.055620970098868,0.8355272235519655,0.7629294675731894,0.5943765341285127,0.5734377083693878,0.266852481,0.403278447,0.189473684
0.04168671570747,0.7331166754044417,0.3060155505500719,0.0621509072091557,0.2739921694742646,0.9415867923961844,0.524275601992894,0.7188935714942929,0.0449484456948394,0.276510863,0.376354792,0.676363636
0.4250054972085352,0.2796537495298642,0.553921441125328,0.2388470567589247,0.5223357778769794,0.1288317234291296,0.0123150800960579,0.8945180480509668,0.4834567882890892,0.085331933,0.225705421,0.327272727
0.0183478843901879,0.5743301385363837,0.0236766629519016,0.2934964058636189,0.1053639134357358,0.2772085596044567,0.7951724933529322,0.20146327780939,0.211291075263491,0.225085902,0.103315879,0.029268293
0.8223138922399353,0.315172759967176,0.6850477575556903,0.6489302239750698,0.0078307898704564,0.1781931582803281,0.5382630739825071,0.7386736982290628,0.990858972882832,0.145197884,0.31584527,0.374311927
0.1344942920752342,0.3696809366353616,0.6924750319979509,0.4949555920585349,0.214439765903561,0.3953628322314041,0.5293173583725971,0.4882707172732052,0.1947084124223708,0.139954689,0.319479073,0.486956522
0.503312659653127,0.3882446624335746,0.3994141388068387,0.2986393422430121,0.9603089305229408,0.6836496370240973,0.8630198111538706,0.2308207976565667,0.1321687945032627,0.202779263,0.495685649,0.5
0.1099781879779034,0.5209907767397326,0.0192586586049717,0.98353623658168,0.5107506547406049,0.6349565559578205,0.8741648397263586,0.7563415408947558,0.1038674690884067,0.194164537,0.30166746,0.367346939
0.9144776957761676,0.4725551305414585,0.7131776089672691,0.3338333360408994,0.2131718646878796,0.0376195250041085,0.5450736074791523,0.5844902944519608,0.7470952322458159,0.238362159,0.118579143,0.266666667
0.351989134267169,0.4439270569873098,0.8671029798852644,0.4666674079147602,0.522612719195818,0.4631143787720854,0.6418621308354056,0.300416494591041,0.4838078246982034,0.209903727,0.390186596,0.329032258
0.971293964213594,0.4441084736782869,0.6620366153648711,0.4196416082117077,0.6285897142232134,0.0727529299061192,0.4193040902657601,0.3382661662946367,0.0153245840662189,0.087796658,0.218955685,0.0
0.1464505447637912,0.2261761110576354,0.2110775585050344,0.4621753658723936,0.2893217228689876,0.3876577911364222,0.5120116477592547,0.9566384537044752,0.9047913927123576,0.154746988,0.302198298,0.490909091
0.4036144926787419,0.348276787293142,0.1102493049505751,0.9331179125167438,0.6884445989214076,0.8742593829826302,0.0086298973092419,0.7303934426449266,0.5714367701791685,0.107428304,0.435979359,0.0
0.6353372732359741,0.6670086259648084,0.7527554487501422,0.6883313903080055,0.6758473197333166,0.9796182692818676,0.6882741408904415,0.5938721216966286,0.738703374713759,0.447191577,0.434865328,0.15
0.5812098076354829,0.7985553600397534,0.4973736233739946,0.4429864275845472,0.4007367335409897,0.9146159413342484,0.7625280179455359,0.1970565088593017,0.7822173143749209,0.607939183,0.652590841,0.15483871
0.5513728523596336,0.3974456881669652,0.8052002985538905,0.1427174132571625,0.5130371888978926,0.9430156983363428,0.1540108999621425,0.2114831670858314,0.6464683749072985,0.153340812,0.369605651,0.378947368
0.5461198447691906,0.3617984885715443,0.4324088259244403,0.7897432995612218,0.734746542487222,0.8132166358138103,0.6250516862061409,0.7732664939487108,0.0535405452053938,0.154592958,0.354595767,0.225
0.0899570996956526,0.071486581007381,0.6642785856710627,0.3855594667601824,0.0839166387321993,0.7520264735493373,0.5824859668436854,0.7618751165543096,0.7603271709368781,0.099198488,0.227146582,0.0
0.1366146369276599,0.5552020751296819,0.2338925247620664,0.5250972112554172,0.4582494769249431,0.412398670640929,0.2731116199757176,0.4427512256385223,0.6052464059187597,0.154803378,0.355722956,0.576
0.2026103155764954,0.8721804058890358,0.9287253509431672,0.6365593894003542,0.7496301656325288,0.1045830120085159,0.3205117939643617,0.8683367722926474,0.4116324614318686,0.300146177,0.048852509,0.0
0.9640472829800631,0.1690713056257237,0.6599421892275837,0.5998653787278241,0.1409959406424776,0.2809600216122467,0.7826642120168942,0.5248209231134253,0.4019330336318805,0.142140674,0.421040439,0.361904762
0.4517441454525767,0.7801845922535041,0.4188820827271883,0.6625331791519258,0.5484634625634248,0.1989600513374426,0.4315609161590187,0.5893152470429259,0.3577299232129499,0.178716365,0.172230331,0.0
0.9042612370078534,0.9880048121375704,0.46040312359638,0.7937963657459473,0.4116467677339147,0.7275419046218723,0.1259619483310801,0.3668462814840443,0.2091725421019634,0.460594319,0.275667977,0.545454545
0.710003942298607,0.5177913148179355,0.0783356723814174,0.0016012323049483,0.5420424150411183,0.0140462939348872,0.8083488195556847,0.672430782869337,0.8407378481547659,0.246893399,0.081590429,0.213333333
0.7629019375377087,0.6296685897712239,0.7633910444346592,0.7033160297855824,0.1847295519356563,0.3480814343522221,0.6701526954741704,0.7511161410195631,0.6090090323416458,0.418940947,0.476504629,0.48358209
0.3978288943465959,0.0528387595618313,0.0315791970376307,0.6494788409676924,0.4161812423338953,0.5512973272520644,0.1267389689655678,0.3807090157344936,0.6088583787516457,0.074147446,0.438036896,0.694736842
0.3318118969464602,0.9108246223606576,0.8128919378626044,0.2541454194934859,0.5003745468713733,0.9457458731385996,0.603701802309006,0.2840105581831457,0.0950076786041653,0.474402301,0.424481095,0.0
0.0171573556069224,0.1477624502857326,0.7317419061124922,0.8219962717239765,0.8193862365214222,0.5993772274793908,0.3724008048641091,0.4220148047686776,0.6413959600129251,0.076996802,0.285123901,0.5
0.8602197506030231,0.0588748719894092,0.4762829151161117,0.045961394937958,0.5681029381000011,0.5190972285891616,0.6819767385594262,0.7810499915939227,0.0845348421959469,0.106486822,0.43781542,0.1125
0.2597970654931925,0.6530995034130435,0.4578109319470844,0.6457447477072651,0.930769532579915,0.4443769876775064,0.8971472217505788,0.5227698683439539,0.6073151421587989,0.26277822,0.408520739,0.0
0.0398568273513086,0.2475550337457202,0.9476955103256004,0.0058759783258158,0.6766529927963825,0.032250928898066,0.6154981862487984,0.0651551592423622,0.8469011603510403,0.149940095,0.031128168,0.342857143
0.1715395000892751,0.4318744134450504,0.7769936728354759,0.8581881959272464,0.5867259364587606,0.1779109856198412,0.1789957987804954,0.5132165825854252,0.7307901968664683,0.126087783,0.229201595,0.56
0.2987682872083055,0.5199416305920006,0.8864417439530564,0.3054543041954651,0.2317769666236644,0.6400524789112534,0.8099007053273762,0.2791265359845359,0.5464879425400315,0.380151194,0.40206758,0.293333333
0.4642330118372081,0.0140915647373945,0.7821273759214284,0.4589047767575686,0.8943008318104886,0.1496628487033595,0.6194500712935136,0.8713505174445348,0.4916097240902037,0.129656044,0.310882617,0.701298701
0.921594523828934,0.1683956965555877,0.9929856902987254,0.2557158996663853,0.758015649824297,0.5252427958793188,0.4713443132421102,0.1971035456864973,0.9360339103694946,0.102864641,0.619791246,0.705882353
0.9047703963374544,0.4633712213869865,0.4353226732246502,0.9746506460480472,0.0916532923264646,0.5465727736915794,0.8833981422429968,0.0363066285834614,0.9066502038472788,0.229881081,0.409944706,0.0
0.8621486812943946,0.8088970665083118,0.7094010688580703,0.4726043086515398,0.7898924390040967,0.8936679070676512,0.0805360355453437,0.5076541571135532,0.6035359515271523,0.217780553,0.862383978,0.0
0.7748949499653864,0.537561578148489,0.2331028214064713,0.3031847539407268,0.3475213990950659,0.5447915333240143,0.6442597928190269,0.0071461555502305,0.5414327591488982,0.251057106,0.45258239,0.329032258
0.8507464374431485,0.2878779266909235,0.7590424931973047,0.4072882421085823,0.8004178814798034,0.6248932822320911,0.1516578671623842,0.8027184757394981,0.8700522028379908,0.072670078,0.67584749,0.4
0.8892323373179268,0.2727047887535013,0.1671465881560607,0.5698791369014007,0.5149940271868438,0.734184064846751,0.2347629946533231,0.6484597311755357,0.5024265824667322,0.06531932,0.601671892,0.0
0.6626334759347183,0.3599446625613612,0.8381507449965719,0.6746227862007009,0.2500195867352381,0.9719245667325512,0.3422350648653162,0.4200117197160149,0.7887209303845126,0.07039128,0.498788016,0.2
0.8572305553649523,0.2461638607364259,0.8252727289501085,0.2226364541133357,0.0136864130973818,0.1406047914810057,0.4501722901919447,0.7978824294253537,0.2116780474951417,0.061550292,0.217829068,0.36
0.1549109509117334,0.7732301703090763,0.3165678011979951,0.9673796030737392,0.0738933950970827,0.7122559888129963,0.1872331245009253,0.8500247008669509,0.1692950198954746,0.243657521,0.290365993,0.52
0.5641193831186959,0.67976946957006,0.1359975944921945,0.7502050637504563,0.1617415224650399,0.5151983109781729,0.323148702520057,0.8485987708698765,0.5759843480009417,0.198886354,0.413524268,0.6
0.6746108460484876,0.095767998475726,0.4042666222699081,0.8830599997909796,0.9613560220508786,0.1205990771322033,0.6633271794774939,0.3180976918755379,0.8441153226789253,0.103609321,0.331645618,0.619354839
0.0588960178566305,0.1379124720985014,0.1783306516516425,0.9463001065018912,0.0749444482935625,0.5084984228685024,0.4255566362428977,0.8407564076038595,0.7297046047912745,0.097597027,0.045465208,0.0
0.768338503998752,0.5282811354273199,0.8464506899833949,0.4164139065420417,0.4061464385412479,0.5072711394995144,0.5115733303483149,0.1846857949097539,0.8454466958563099,0.318288613,0.520461958,0.0
0.8788177371846029,0.2375630604681534,0.976267202795762,0.1771643791739624,0.2134355780290169,0.087629464499467,0.6704867178772714,0.4744623795385495,0.2282074095718724,0.153451404,0.229812043,0.260869565
0.2998989129181291,0.6066098586515454,0.7774092277316376,0.0443146055010571,0.4487148624965036,0.1480504262322486,0.2260601675744905,0.4509048057747199,0.9602198470111734,0.206093731,0.162412877,0.133333333
0.7079195199058205,0.9878218639562486,0.6879285671015994,0.9773910494925572,0.5845914132916255,0.6968525100376244,0.710086166337045,0.7989060789303125,0.1436057021325661,0.618577786,0.248663464,0.0
0.4666534118246414,0.3667384517407305,0.2562930393510257,0.5718011362808818,0.1070160344450003,0.4757573515123467,0.9624707291007912,0.4452531252456871,0.8681715508763328,0.199147157,0.462673809,0.535714286
0.8916958886391914,0.7358825506842159,0.5529301891690549,0.3843871043812661,0.0334813255052519,0.2032091467964629,0.0916828730492933,0.4509657323326974,0.2666317688288626,0.169220088,0.289262692,0.0
0.1736874861422168,0.9860109674625858,0.4384872101247751,0.0396506677786738,0.6709271636735937,0.5960452325935346,0.4864069562008263,0.7415960751187275,0.49586761738627,0.473055416,0.274518189,0.218181818
0.1647671507185828,0.83967804769395,0.7998816917517634,0.3145247798252039,0.8759064849661693,0.8372474291939044,0.0872545382186368,0.1366499704151459,0.7199529384253623,0.311442091,0.371460705,0.0
0.9536574106073034,0.045160867563041,0.9939294362391876,0.1198019975175388,0.3968393168273683,0.0348982127439763,0.8334992047680223,0.1671655724410758,0.892703203836173,0.112904044,0.150611927,0.188235294
0.2434498919239406,0.9384759999916978,0.9500968703009488,0.287864634646175,0.926237783678708,0.7158671351318555,0.2332310481479789,0.3665981777620413,0.9749418164477376,0.401604258,0.530155107,0.525
0.9358607432573957,0.4553274072683422,0.6675372514932827,0.9239579844770162,0.8945554824773067,0.7657946463330111,0.1018321869924933,0.7070953925176507,0.6414171887721198,0.177878954,0.635337389,0.171428571
0.9932910986461356,0.5808405630491308,0.9178332787335616,0.4058921270018097,0.8239381399101279,0.995736461203428,0.2226231358299986,0.4618533525499931,0.3958055058052401,0.236074799,0.591319534,0.4
0.1641129433804533,0.8388622675724715,0.7841283933706518,0.4320761843103192,0.0569508554702767,0.2732017186490414,0.494305109304478,0.2765750740007781,0.4669404159083054,0.326246058,0.185434516,0.56
0.8124900624340089,0.1527235424501758,0.2389814936521934,0.6752008957290019,0.5785024364719156,0.746743546668412,0.8272187530356339,0.3759750250625063,0.8811517469623542,0.105879716,0.504048414,0.472992701
0.7361129478909135,0.213828579806695,0.6896714022769073,0.2986918145109304,0.5011878901079592,0.7191616210397038,0.5567609867036395,0.7502728524214063,0.24531096773864,0.12871948,0.522115444,0.509090909
0.4947967824995259,0.0679663437587458,0.5882359587438478,0.9319503976973784,0.1995720472378002,0.2322515413889725,0.9521653508962116,0.7796470972463625,0.7722158178072311,0.102118388,0.268645143,0.177777778
0.9910396859614926,0.0700934577077092,0.9020290679404088,0.1651402648027148,0.1045996215331467,0.7304665984059228,0.6209849271993059,0.5568263773192109,0.5041248099576808,0.120358444,0.538549426,0.0
0.1467389818035057,0.2730126285422837,0.8453317675761822,0.405345286163415,0.0975484767220136,0.99841801267616,0.6599323132445771,0.2917920110263655,0.5560886013022105,0.153377427,0.300399084,0.0
0.6547906759950217,0.9084882397915118,0.5040605902186921,0.245367302295802,0.4037022243733166,0.0585370001857562,0.2818634626481223,0.7893849884472264,0.312349146713378,0.371951651,0.195940165,0.3
0.7770804035038086,0.0669395619541265,0.4887187443691639,0.3854599853310734,0.631271187348133,0.7371909269478912,0.4121931377107048,0.1248701724320907,0.6465276233725178,0.074767898,0.440790357,0.15
0.876488740413408,0.2263619902130496,0.178248916374637,0.1149904856920193,0.2144365005840951,0.8139788592826234,0.1684842756209297,0.4129989576520069,0.9386279338702876,0.072436923,0.577030974,0.428571429
0.7694522905913674,0.7349473466676996,0.2064827007883163,0.5841886323888095,0.3124217605986081,0.6628170997740392,0.4901896599037285,0.3606649654110899,0.7364546175391897,0.31941324,0.58614124,0.2
0.096058472768931,0.6461458807139979,0.4040279586532821,0.4125844638015081,0.174715005838575,0.1675934543000616,0.3617170787658352,0.3860040647487711,0.4219961132313117,0.163135434,0.133571013,0.4
0.4880088941566828,0.2802268098496185,0.7923916369428695,0.9612695905127148,0.5087410483291609,0.2088263497319875,0.9976905200392892,0.4395643830577249,0.9913688032052168,0.209243187,0.43470236,0.498113208
0.4702008968974744,0.515270982982327,0.7104511213986402,0.4612856399865286,0.7689051337324067,0.256493293914667,0.7235470339370516,0.0111222806664768,0.0326176906446469,0.228494609,0.378644835,0.605940594
0.6697624183717092,0.1739765080118548,0.9035535763409211,0.0863549075757013,0.4997967401126637,0.7388259041223937,0.6836686451598402,0.1930461806521572,0.4721993980849301,0.125058088,0.556574453,0.1
0.9429913864967864,0.66629455432047,0.7370022890124328,0.3500933329621333,0.914226989331686,0.2052357594366975,0.9625410304693808,0.2200774896920498,0.5573387318263314,0.328636733,0.353707173,0.378947368
0.2781576076105242,0.8242447087320149,0.2741888360389918,0.3332592127409769,0.3807519668089948,0.0523947269778811,0.5863698892049136,0.7806478480714074,0.8080842525027986,0.465413167,0.086939291,0.226415094
0.6040250046319878,0.7952971221400864,0.1274456849012529,0.3154276987292971,0.3776079964786677,0.6386241642575389,0.4113630959034124,0.1066524550148694,0.2460522199849176,0.1776434,0.243956424,0.3
0.0732754560273812,0.8649634395638971,0.0082986507582362,0.1604128344495592,0.1485843725489732,0.6500537847897734,0.1334611041291069,0.6548223395544738,0.8728450600520529,0.317922686,0.244696258,0.225
0.1868761919332556,0.279479653052693,0.3966123154160441,0.4970858370401119,0.5916532215795682,0.3358903542930218,0.3262448734115518,0.39542625970756,0.244691632042892,0.105737767,0.153745702,0.24
0.683306628405819,0.4300369699368435,0.2309661536488801,0.4654090297850072,0.790064334392378,0.6501496773675537,0.3248524978865504,0.1495684458031161,0.1893287440391408,0.144713624,0.396010355,0.16
0.5044923386483547,0.0849203174622047,0.1312081624631631,0.3528262506134347,0.9681601572739909,0.4661944840850158,0.9868279297635122,0.169339327017141,0.1524524357103874,0.08154383,0.449809625,0.378947368
0.4879480199653889,0.6412487876205606,0.8625008283251517,0.3878058156878371,0.5833507763519143,0.8433320638050782,0.1300326156121155,0.7508098834366062,0.5538118817409363,0.215990398,0.636653053,0.442105263
0.2015598716240564,0.0331422842146479,0.6114635849215441,0.6348162939946667,0.893765798269076,0.0214101792727661,0.9561470161773804,0.3127950474837563,0.0698557741846047,0.086327426,0.018984766,0.126315789
0.0445402390039297,0.3967929580594831,0.5095983428870356,0.3793704133629264,0.6462629425013552,0.1865015254259678,0.7810089612355625,0.7454268422050037,0.3991601071418891,0.159177534,0.113374538,0.309677419
0.7461040280634587,0.5671939697131656,0.862679958578139,0.162980562064176,0.4349021961376407,0.6976569425416459,0.1601712820118599,0.7563518405640564,0.0228448325545457,0.217826181,0.498042579,0.3
0.1352208415189123,0.4454871834201326,0.009748240527972,0.5160317478237786,0.1537996987439979,0.0287885346789449,0.3930111254778563,0.6329674835894338,0.545130014319657,0.108026771,0.039792174,0.533333333
0.4574447344431189,0.1875859995437021,0.8646849835727438,0.7607927472886153,0.0705798142579721,0.2999095283392153,0.8073651196642311,0.2036271785199984,0.2956536785394292,0.161507988,0.298979979,0.06
0.7996328423864888,0.1250034931604652,0.9463710388501896,0.1337484520444687,0.2571661219717626,0.6247724169491262,0.468631120782727,0.1968688839927309,0.9664185699526324,0.094440392,0.58782621,0.533333333
0.0949019920849075,0.8791884148437765,0.2443052131634191,0.2348143588908229,0.644591705129183,0.1793514127560156,0.4820633876530146,0.7735341030504679,0.2387438416658432,0.297883498,0.087067704,0.757894737
0.0461213527878116,0.2173190827258628,0.5867737928254234,0.6888198594265321,0.0893142125561996,0.8545479152439721,0.9581960482990332,0.1084949716624251,0.8805500023286547,0.161953556,0.402499427,0.192
0.5793174398063682,0.6740885215981144,0.7893984458104373,0.9091568080025192,0.5279629923467402,0.6583926740257537,0.5537679821134524,0.6044446107883802,0.0915173074834384,0.327564318,0.430297499,0.582857143
0.1799387538804524,0.2437073096504763,0.7818097528704109,0.8732058199200499,0.8381640566729491,0.4145398293570185,0.5536035646521087,0.6328170754342485,0.4648290735202458,0.144674029,0.154046601,0.0
0.1863243946862979,0.7620071762742854,0.5115863949290249,0.7449802423370865,0.0387096016570077,0.9384696334485694,0.6006114346157503,0.8511701273985279,0.654967237817101,0.479745999,0.439046174,0.393442623
0.2865208186205028,0.9636020364125184,0.2709323037735111,0.3545334050735766,0.9907032841593306,0.4189390421741994,0.2412702212577725,0.0150278638335241,0.9139882308599532,0.507209323,0.353611561,0.533333333
0.299108824187134,0.7084529788611396,0.5705327171835781,0.9810090258427808,0.7935684493724213,0.8399140288275903,0.9550848754355512,0.6474355191600356,0.4494305398051117,0.324578635,0.48400922,0.354929577
0.527823735896588,0.5146016784965727,0.3344835908248256,0.9859718321044478,0.9755344649197548,0.0735680793126642,0.6715911929988466,0.3536730228528818,0.280673679154269,0.217828457,0.233439564,0.550588235
0.5140012892239368,0.3574400804966692,0.129543093091214,0.3706521665994169,0.4158969576572768,0.1171365251040724,0.2593969640179605,0.7020412765277301,0.2735592879289118,0.121241853,0.133937137,0.0
0.3023508771230236,0.2429160250106259,0.0787410784280553,0.5130308792197232,0.833018162016912,0.876831903026061,0.6879699727130971,0.6222145348254329,0.7686341645350816,0.188081093,0.473619433,0.552
0.4632312133877967,0.5036279219922526,0.251604129412878,0.1977547487031667,0.1907408505538248,0.1778793829669448,0.8302773550985854,0.4579526078796381,0.1962504899432058,0.241205291,0.323522949,0.531818182
0.4903326940575325,0.0012043586933306,0.1559807158782342,0.3272740111522616,0.6476413291694522,0.7056553255299478,0.3741290975315137,0.6954431702746434,0.8600174143530105,0.064802623,0.418346438,0.0
0.8952513465686351,0.1413861450847142,0.2512683257583914,0.1306404867584811,0.8970769576448665,0.3543971145491917,0.7943525945582071,0.0449005750519183,0.1127152490008062,0.128541373,0.279295406,0.517241379
0.8910488882552615,0.7721725486941399,0.6316029590593055,0.5258669292417079,0.7606527549882437,0.0542878196234823,0.8382541908432337,0.9607956667806142,0.5493996498863889,0.448027439,0.197850469,0.444444444
0.6871299112144308,0.7416125108720459,0.5248315985540704,0.3296739354744633,0.0204624573423266,0.8365018322431085,0.184929693118936,0.9627499959689522,0.8594780070229512,0.28897694,0.368363897,0.0
0.0876366031433307,0.1621112984078564,0.8515121997266886,0.9587248535348376,0.3353399790435249,0.7708540368852096,0.8293265606487099,0.6165749413112447,0.0895193706009417,0.172361107,0.257755498,0.104347826
0.5881525770302447,0.7756399649204255,0.1533923276344346,0.4349561726779195,0.075099973696902,0.1748109682772506,0.4670091880938987,0.000207420183631,0.5235236166059178,0.173307859,0.35105834,0.138461538
0.8505338107336339,0.3404290617127899,0.2472604867051868,0.5471429223358962,0.815585788870069,0.1096287788899416,0.7049984149714308,0.8846926602414816,0.8479957748107219,0.208695828,0.234478694,0.030769231
0.4067742060875642,0.2975996277833491,0.1819182933382568,0.5968929083002826,0.899079258779157,0.2739044176338605,0.36538274068386,0.5618668964179264,0.2422608362699871,0.120684145,0.214084482,0.3
0.5643284116831448,0.8136564461072043,0.231034337855754,0.0304599971613912,0.3720594389559281,0.2732865936731604,0.0152506294785118,0.8036731901454474,0.1978706490309069,0.184193119,0.407104633,0.0
0.2078470465127077,0.5075324300666363,0.1221964230966714,0.464780002184703,0.6249872520991593,0.8565358887672659,0.9176129323680356,0.2333069776319765,0.6234535603233986,0.264219934,0.312229863,0.42
0.2135567822934695,0.267308921730878,0.6568951063040767,0.0848306094590121,0.4911011337031107,0.9651405386839804,0.0734761284627241,0.6862213079158458,0.4590820071692664,0.089814553,0.492721655,0.0
0.7160475690511228,0.6912116714020173,0.1195241259601208,0.9546760445962524,0.2260220966754826,0.5248571820724919,0.8682439122945868,0.0361245162964372,0.4114057838885265,0.33617345,0.507663582,0.308571429
0.7518030030646297,0.2171368982405366,0.7230755690190939,0.9711465232336538,0.40595414653181,0.3122161160872927,0.1903848080819766,0.6596213882913243,0.2261270656537903,0.103380403,0.399170392,0.0
0.9647978640524968,0.6236976910350256,0.9005996648304556,0.616846350552888,0.8132254574477673,0.3931120046541944,0.6679869689351686,0.0272686626143016,0.6111419779255884,0.288074073,0.530414269,0.338181818
0.4821961172681874,0.8323497627850742,0.8669983315325935,0.3842670274533493,0.1230489963678088,0.7522042688201245,0.4372999203241927,0.8981488123147616,0.425722493019219,0.471686907,0.497247272,0.0
0.279917580262062,0.8357402854194138,0.8324275125401073,0.0397018662010792,0.3214358310359458,0.4772497011678412,0.3739006698219085,0.1035250238274277,0.0360459494274642,0.329190507,0.124035116,0.533333333
0.0935313705042298,0.919311980204436,0.7522876242850438,0.3700636453505962,0.4947581302153067,0.244261587156484,0.0080788871486326,0.2035133878977802,0.0065376272565506,0.355543394,0.124408076,0.0
0.804951110571335,0.3499071223019752,0.7163450262692217,0.3640594800713458,0.8718326625900095,0.7391437962882125,0.1257930789495236,0.2056731845460363,0.5018370129619067,0.118570776,0.423809789,0.36
0.2303124681352697,0.483759680862723,0.9885847543983004,0.5692211613672683,0.925864098794837,0.9932187977130532,0.3703613441576026,0.6803658760724941,0.329972796180167,0.133938969,0.458942341,0.327272727
0.4750948469768379,0.603945724690163,0.5193149187889788,0.5688202206289578,0.4374717165613904,0.4405139012206439,0.4967519588139081,0.0661161132546753,0.058357193916379,0.145863025,0.097072797,0.776470588
0.1889776537450894,0.6546150657685448,0.8523725261463816,0.3168942574662212,0.9222012319016828,0.7236729792189827,0.5654697458453151,0.4986434102250667,0.3762676689788359,0.343964874,0.330021781,0.0
0.2179372746212833,0.9646820794257112,0.4329798698320009,0.782174315691079,0.8672105049126859,0.2282770983276832,0.2829885330059675,0.5001527571213422,0.5275145320626449,0.471459541,0.138113501,0.0
0.8344150399742509,0.9812445973574316,0.96152731439602,0.695178110183932,0.8907106076286642,0.2524327437682186,0.5278709775314234,0.2407553279809512,0.6303283578281439,0.685529355,0.353507793,0.162162162
0.46310073320711,0.5955660687318615,0.6215512043113766,0.335541030908603,0.8224935065182094,0.5811026120992616,0.9358058096993698,0.8311941441002648,0.3639504704875755,0.270586241,0.456519491,0.130909091
0.9354268656450354,0.1900430554535483,0.3257547961581859,0.4446784252698721,0.4490596434222963,0.5796029674886579,0.474075993672334,0.8802815417841902,0.6163041622963393,0.094561077,0.487035511,0.342857143
0.3404919942063299,0.0626971369200002,0.9959489466508163,0.7968370508450174,0.0195850347522603,0.8859122268232874,0.2311726079371329,0.7091696437681276,0.6621722344574711,0.109249024,0.461103762,0.0
0.9662444554555653,0.7831182283838618,0.900238637244925,0.5863403382927412,0.2338185570895101,0.8382735016308395,0.7011077676716474,0.7004349929301913,0.1518751982825849,0.447216394,0.58285145,0.522580645
0.9898674228467356,0.2451393717461972,0.2614715529265363,0.2243056678342978,0.0234411195083039,0.0868459501748799,0.710107686901739,0.4453131452329242,0.0168023585506614,0.160245487,0.193536376,0.9
0.9987204395088506,0.749920491280287,0.4115288067287626,0.7260978923335515,0.9817648952989408,0.1588385608392279,0.190635279873801,0.5733373161839557,0.6457067630735249,0.284718681,0.178579427,0.0
0.5825860272710043,0.144069691834018,0.0538958343207414,0.3439310761025805,0.999667671275304,0.2324598264024855,0.7567596740418132,0.4236167210444278,0.2050615295552723,0.138738281,0.414198509,0.758823529
0.705972320051011,0.0017107518618999,0.5641781333898727,0.6384605123262103,0.6372855111616403,0.2562280647513256,0.4284112674918559,0.280755328761031,0.1970916439932555,0.051375856,0.318210973,0.3
0.0961256245844841,0.4525392732310032,0.6490900685658672,0.3381870196380506,0.0786761879167717,0.8211423103848458,0.7150667685270776,0.7654095411794543,0.2404301647112072,0.151344348,0.267660109,0.236065574
0.4477863761773869,0.9051748947592516,0.6873486848190649,0.0831777693795732,0.6991546763012705,0.9956125167821572,0.1910295696997487,0.5147862391087634,0.0334058538802038,0.425743898,0.376339603,0.2
0.9359890423140582,0.2898432719426116,0.4910413470882045,0.3666710294496101,0.8836028080587175,0.0242559935031865,0.9288858178015752,0.5971607997151126,0.950956048437815,0.159208036,0.127838623,0.117073171
0.1028215753233811,0.7052878840813797,0.311313710394048,0.3969951759929602,0.1708008464863269,0.666364366754679,0.0713428150279357,0.4212746051549421,0.4795064216776736,0.255620038,0.421213484,0.327272727
0.6644122369927816,0.5511576226569382,0.181790448484355,0.3728235647276426,0.7481307937771208,0.3374902620934807,0.3276963424616255,0.0594451964606498,0.3290305053906917,0.16660035,0.473171469,0.3
0.1828568731758046,0.02541446764747,0.1207624849159931,0.405849054857898,0.9433913921018386,0.6341156891929575,0.2597549501675732,0.1240599648835327,0.5750302662185232,0.037579954,0.412740474,0.553846154
0.3281424395724911,0.5390182804746251,0.4849548083414885,0.4132833114569987,0.094917198429579,0.9875021728774076,0.6351675966561775,0.7744512137696667,0.1935120098813852,0.243914382,0.49964346,0.496
0.8089352664202578,0.3650137385545361,0.7307169637458548,0.8815422252178905,0.9297001046936384,0.2471139110886935,0.3221385653279703,0.3500599588361829,0.7841111606150059,0.120241454,0.432184424,0.36
0.0974929115136308,0.0224016002655206,0.2343226897373841,0.3719605149737912,0.6748664325201505,0.4427496485004643,0.5597409897075651,0.9043071459695016,0.6986098270579489,0.09972915,0.259299058,0.465671642
0.8456785916353264,0.9042833185396172,0.580692593643763,0.234162889181823,0.3489818356362439,0.1702648623707102,0.4170923011233681,0.6150618239154984,0.5339364692911487,0.384821369,0.321759483,0.218181818
0.1575968647694172,0.3097782246151062,0.5743492773453094,0.7632161945654068,0.7197905811442459,0.8324337591855698,0.1066637218380887,0.8327353631138357,0.464952208301446,0.063907899,0.259192734,0.494117647
0.9158074619754776,0.3925728136948596,0.003299451157783,0.9165016485061174,0.4564062505562662,0.1404719055367572,0.2976551213300489,0.2376481706939281,0.2682677600407833,0.142168829,0.301588597,0.461538462
0.6460827911860775,0.6001219385267887,0.4404214441883181,0.1927577008250218,0.4077737044601003,0.5277931640127401,0.2224342949577837,0.9105938610900796,0.063406062718294,0.214017778,0.483825453,0.68
0.3765344567061867,0.742014986226853,0.7605533465663521,0.8373665656540189,0.4034072694427725,0.4582592294390869,0.4413761557795667,0.4347381628666095,0.2288875934614983,0.096996925,0.312132055,0.45
0.2811752841589282,0.9162660669684324,0.1044892989673527,0.1638081387773048,0.2497888917317263,0.2795585885921665,0.6607111100298857,0.3187290880187158,0.9376780626558128,0.403998988,0.185140068,0.0
0.2267181320521289,0.7462784450534073,0.4150188123938685,0.8023275367373918,0.937178413929629,0.5487807097350541,0.1905333014678734,0.8856749764651526,0.5262888878281583,0.173826786,0.54752461,0.685714286
0.9029677304815482,0.9814872265933856,0.8915289440660283,0.5409552486649726,0.9616258661789544,0.1476590177965107,0.978670583039104,0.1068590567102777,0.9184673324414504,0.824361281,0.355512945,0.451764706
0.6436931471144799,0.063329829057171,0.621799116298138,0.0976069898373728,0.7646356739734111,0.8753911507983723,0.4138634826962442,0.3119156383829422,0.0064984476730177,0.042566131,0.489987112,0.675
0.4253605345380696,0.746973332208532,0.8417188813929274,0.1837823469636157,0.6706007077750358,0.6604476910548046,0.7142073081874457,0.2128439354276444,0.3862379100065963,0.460947437,0.482456924,0.4875
0.5946652369436092,0.7464428412698801,0.4973827759346017,0.500054607683818,0.6753141192733482,0.169796603503782,0.118756827798617,0.3677770126040517,0.4988213063973065,0.284669566,0.30118648,0.533333333
0.6626370140559492,0.0918613682330513,0.2090823741763491,0.6667224465880357,0.6434308849856094,0.6743081248245435,0.899973187257211,0.950098836888658,0.9614969121763612,0.115817904,0.453333946,0.0
0.8655914827343651,0.9784563271885466,0.963469678202126,0.7738620438882562,0.2808137204702087,0.4489366193615454,0.0208484657612266,0.9899236546231576,0.4336191481024961,0.509345724,0.318047633,0.092307692
0.3715342630639799,0.4138324301664111,0.1332432267262133,0.1680631878202192,0.3579018865619829,0.9271784790578624,0.0013481391389178,0.1097882252780894,0.1373160534719081,0.07886545,0.564182519,0.45
0.5643913838898683,0.3304288974171327,0.4628808111603546,0.1859583638260421,0.1424584085557411,0.7439487867846045,0.7249995256759652,0.6721706946060638,0.7691599167805385,0.181426428,0.474774483,0.52987013
0.9071655505276288,0.9670497317151516,0.2809950983034386,0.9901449418585192,0.2366321004701833,0.1191786319458674,0.2102662410626536,0.2157366530786648,0.1407754909502363,0.398053015,0.287612454,0.733333333
0.6545132322499743,0.3735874702560691,0.9027112973585852,0.0079679618644075,0.9474559989498432,0.9500583488549804,0.758812658978738,0.0605722283649012,0.901497818636886,0.25938547,0.539715551,0.34
0.3568213436779908,0.6433503691797334,0.891771794608805,0.2604053871913924,0.7418954647063641,0.751721784661214,0.2951360916225425,0.5267943340039,0.2842304180594539,0.127594434,0.323191107,0.0
0.6527549107556588,0.3136448131524311,0.3194434415183307,0.2015449608662359,0.3702561197819383,0.2577711861154471,0.1874627284483778,0.7465207254973797,0.4788426667642086,0.116203814,0.405774354,0.4125
0.7754750251543638,0.7510308015539763,0.8693848233882502,0.7659524603211324,0.5870109533966161,0.1327544291037704,0.454239314602062,0.6911220914884292,0.5479387661201294,0.175518681,0.238060596,0.2
0.4983846084292721,0.2205440125665593,0.1698771820391816,0.7829507507138156,0.4092994244421466,0.3471830294299717,0.7198109180600343,0.2176783346186827,0.5108789233892966,0.131875505,0.351777942,0.502702703
0.5058605119938705,0.0779667889907012,0.05545386721562,0.7969287501973922,0.5518690852911008,0.9375087064268696,0.9198563090154418,0.2836039231036912,0.3521650843918777,0.091110319,0.420192194,0.0
0.3247522839943705,0.5640245696443031,0.3221066248743035,0.9155223798067984,0.5017366985607029,0.3016690094363718,0.6503295500842932,0.0410000031165707,0.3348967669819698,0.248230261,0.303763508,0.310588235
0.6132811903800401,0.9501090007670664,0.5619573193044071,0.6031970686244795,0.8612431094275579,0.4581414191155389,0.0561146852934735,0.5326172743782374,0.0754177025047293,0.345608006,0.436373185,0.553846154
0.9004418905164501,0.545086030704241,0.2235225742134731,0.5010825366628786,0.996462358601209,0.963668676722779,0.898777403640725,0.9859291535658504,0.9695771812740424,0.255840264,0.607782219,0.293877551
0.4322627475247553,0.615145503364174,0.1885074171982272,0.0577866186637391,0.0021177859063575,0.6774025192340832,0.2531912735154661,0.4960851383017137,0.7385394183018155,0.102075004,0.485493044,0.436363636
0.8757315435758888,0.6604805177435947,0.7898870361231106,0.4215653294346926,0.6705808498558304,0.5074342661957953,0.4358825999276637,0.8722362492742927,0.4519345631817524,0.265167756,0.516254542,0.184615385
0.451036563005167,0.8690573198105218,0.215069935249174,0.9381061164207946,0.1715238246370835,0.7332606052702922,0.6821683147560099,0.4424890455409538,0.1292236188105687,0.392516885,0.302499268,0.105882353
0.967436096503387,0.3277951805681542,0.5716386127001205,0.8115382069818402,0.2491948636299301,0.8761558276985499,0.7661995327584179,0.585190741351794,0.1179541276697448,0.132221275,0.570471534,0.177777778
0.8952788307214292,0.3676022722000386,0.60989599086645,0.1097584693890499,0.5564056645973848,0.2552723530722529,0.546912873150109,0.4315003745478984,0.2729411162997071,0.181382375,0.292629435,0.031578947
0.0220408509630261,0.4968714043004736,0.8952445069055306,0.7212680042477554,0.6973639888287834,0.7604107600414871,0.8290695800463417,0.0475701791228305,0.2771421443813204,0.259641924,0.25047632,0.133333333
0.047978024822287,0.7026641873542752,0.3874444198172584,0.8043176352583358,0.8304977413010755,0.7813319105095338,0.0954413129717024,0.5714465579243235,0.609703940334667,0.303876623,0.147169087,0.0
0.9788162533287204,0.7998215623709409,0.6933068340808097,0.9143369921291292,0.4021087773132095,0.7573991640823322,0.9331023795718972,0.3981591613079428,0.2779184031491278,0.4207712,0.592236979,0.114285714
0.5717438955047472,0.0155776521060803,0.4314570432162998,0.9533542310889944,0.5297640290505063,0.3083147054133182,0.0111349489005891,0.9092911921981944,0.8891712914476264,0.044315844,0.238410281,0.64
0.4964731771062228,0.6757085539051393,0.7107060339835758,0.0815628957747618,0.7488030730824204,0.1244525578039349,0.9393654379320092,0.7422044964545507,0.5918602371924512,0.363135527,0.289093197,0.491566265
0.3802995185616111,0.8509940977106806,0.72052931113672,0.4433721611334806,0.5358177780057618,0.0384690846889337,0.3005066238772728,0.822820466533543,0.8135044357484171,0.391058726,0.111597468,0.616216216
0.6393590340700944,0.3117909731144335,0.5040170506928711,0.9778913469860292,0.8842318010723522,0.9332004280721826,0.4246602011624467,0.6678245352295172,0.7903411185642202,0.104271909,0.486985602,0.0
0.7748956981558944,0.8133055215652651,0.6018223957876646,0.3326892797647299,0.3841402627562297,0.3531642393798353,0.1574888488038974,0.1988797029322428,0.7578124945551836,0.336116592,0.367792376,0.2
0.9146771358353256,0.5245395844742897,0.5367535433605931,0.5786881895249407,0.8010226213255188,0.6068135034818433,0.1318496521535194,0.2982917313451583,0.480804153483893,0.182316601,0.573348729,0.184615385
0.0695814050456438,0.4338467724818798,0.8789367816188342,0.9981394373259131,0.8258766517815535,0.3636200462102444,0.3088472774444556,0.5746746568691369,0.5034647584159045,0.148155909,0.117303003,0.085714286
0.0227623717698456,0.2538346626449939,0.783244613315928,0.148581277528052,0.931139484462124,0.907262430928352,0.6026984383910039,0.1754742362258403,0.4204953721192553,0.154575252,0.280972641,0.123076923
0.7275691451684452,0.6508116375027366,0.0477181958239014,0.3179357831281735,0.6063922588490254,0.1555284461586547,0.2553348637709509,0.3300048878405065,0.5381433420995306,0.234191699,0.235618055,0.141176471
0.7624309943170466,0.9757588139577676,0.5567925619861803,0.5755715611157841,0.4544704982006414,0.527964615864987,0.9677232087690054,0.7204729387535981,0.9173421877231772,0.62348637,0.465033194,0.04
0.5232388374515169,0.660306019587626,0.6025117039594303,0.8814218376382774,0.5093842440473231,0.6252192791170426,0.3362978886373655,0.037216427514042,0.3402240576854688,0.216661454,0.349035799,0.0
0.264469865145491,0.692365639513165,0.160444183607451,0.4434545868941442,0.6604718794663225,0.1597463861159033,0.9105249838084988,0.225435685779773,0.7760394337224424,0.363545802,0.242116463,0.692307692
0.024573448789916,0.7465881946073847,0.5772856402421411,0.4892778118288813,0.3756970041171895,0.3281176142900526,0.2459229453818032,0.2661374397256861,0.2592299942681335,0.170905793,0.081371781,0.0
0.4663332347342689,0.5239402747947894,0.3796108795073143,0.8024749652204423,0.1006413978465037,0.2679157966712501,0.5750702022847137,0.2862791050878982,0.408819930899073,0.272513392,0.344097339,0.438461538
0.6046297466953526,0.0902695864286973,0.1207631379611029,0.7531745015143841,0.5487191236171092,0.98902874220851,0.9221196318180702,0.697561398340471,0.468560151543983,0.096472078,0.567557112,0.531428571
0.5509504847597771,0.8230386935893036,0.9219175424177553,0.9528897786805972,0.8445667789314978,0.1657124763576193,0.5465122628042285,0.8254753545433158,0.132237238764594,0.504484627,0.204629358,0.282352941
0.981440515444686,0.8989324730412794,0.1450165046385365,0.0104494101053066,0.8839525049415108,0.5723199672674665,0.1335760271222263,0.8878181235665578,0.0823452985042831,0.39280346,0.363047423,0.78
0.7914211843831354,0.1612709019004732,0.1047963365911712,0.7300140605052281,0.3081471657187005,0.7443622947586749,0.5284175423757557,0.2318418807136706,0.1860360891453331,0.100526387,0.590140146,0.0
0.9138424696889834,0.5855240464207653,0.1116157823651358,0.5218154745609633,0.9170644381385432,0.074709021451281,0.4620958076597466,0.7048141818886334,0.2158736940507873,0.23824009,0.169333116,0.36
0.6667521547116649,0.3713795324694691,0.6118031475579143,0.2280271010720779,0.8244228177359042,0.4479338767010695,0.4902889534250787,0.5531642570730834,0.8073920576323518,0.143357747,0.355899598,0.133333333
0.459990607377768,0.3197696834105462,0.5736385804708386,0.7959511282522249,0.0214527026021377,0.919306813656383,0.8026654077680027,0.4503808337601593,0.1419756190031665,0.150378941,0.375257213,0.124137931
0.7567830316990702,0.8345909579309172,0.8101229804952905,0.8766697992024699,0.7411234371646492,0.7205108370502368,0.1698619433806633,0.020623230742754,0.9005228538377082,0.294602994,0.533685602,0.494117647
0.6012861828993413,0.5383918057853911,0.7762402138394882,0.4836483986697139,0.95832263138407,0.3353917515335792,0.6478539357415567,0.8581788589140095,0.3130904896791912,0.285322249,0.365230882,0.145454545
0.1469936969206318,0.8710935251207509,0.7255174287870204,0.1158659070676949,0.8940972107315992,0.6117570850980726,0.7482589932109107,0.0479585232812005,0.0871113979905011,0.556901927,0.320311344,0.39
0.929897889521238,0.4470167713564397,0.2709023159458386,0.1919711093857977,0.1742940770089425,0.2213764465677614,0.2111052388119958,0.8503389788776028,0.3298861195353763,0.113382087,0.481156154,0.0
0.0481188381428878,0.0577994805355301,0.6074610978275389,0.2174835892336757,0.6225518297327172,0.8125101557847707,0.4014807583583042,0.2067592539095272,0.1574475092275966,0.070093775,0.257171827,0.327272727
0.2407028924262566,0.011012449284679,0.6279239235066908,0.1223919927098204,0.5922393748045239,0.5091386225206476,0.338259972400535,0.1460346811776283,0.0695251223296236,0.060479296,0.411634577,0.533333333
0.2087573730008938,0.6370469813947841,0.1273642647373032,0.7187045291395698,0.886649710977948,0.884867962367968,0.4480128037667796,0.9538021274899235,0.4448949559352531,0.15722289,0.391060506,0.0
0.0835000860579081,0.5996152439987128,0.2107419197636434,0.3741597387059848,0.9011421714018564,0.8000810611127067,0.6552985565089501,0.3056500607326697,0.1094334189175225,0.283292872,0.337686905,0.294339623
0.9748729499042134,0.1585155218776545,0.509837382930579,0.779621984158403,0.4806489624970969,0.3627520011376397,0.8336801492400977,0.5405341792476839,0.0024056163205443,0.128126315,0.312494486,0.64109589
0.1009246897065876,0.1240072610014288,0.0120715953437726,0.3319801887105654,0.1439868130007785,0.069759928377092,0.7450546616371378,0.1603430030205981,0.589008145673804,0.111466182,0.051624224,0.024
0.6237686220841345,0.0528795382555729,0.1503928513937041,0.9375589576658864,0.5697210408241853,0.3196510905959061,0.4491242625929025,0.0280266036244324,0.7426508201777133,0.061161186,0.335168549,0.3
0.6970636657318425,0.4778821555132332,0.4565772094482132,0.2797278255304848,0.8308469554029079,0.3727304049340564,0.2187012229489603,0.2273849404410822,0.8542234069749416,0.171363595,0.450653586,0.430769231
0.2753773583935295,0.5341899872753395,0.4682392232868353,0.7448314844591455,0.4180624304582435,0.4096694595736035,0.1683079260338292,0.8098975116455028,0.931085052288622,0.101649178,0.40306666,0.276923077
0.7316829904156298,0.1097106708838662,0.4114702873080702,0.6203345493925104,0.6882160646288603,0.1863970993217487,0.9080618626182804,0.5954248630236074,0.1660687537057472,0.097258844,0.218178594,0.0
0.3079933360461633,0.3814802977358041,0.8962999152850664,0.0702585816756296,0.9264412306976184,0.0216680708348259,0.2611073370663821,0.5378017270294669,0.4423116147519761,0.229693696,0.073580951,0.675
0.547298445616992,0.7904750300605281,0.3585171396698768,0.0546445794219065,0.1348462606079206,0.3832727777809437,0.1005125046589591,0.4915109836726107,0.671627420827661,0.320688271,0.187216865,0.12
0.1058962724099494,0.5256314006334517,0.3143573716375409,0.9622319532563938,0.5482425669562451,0.8915133261332399,0.028765251176508,0.2616515519830755,0.3617036152543725,0.176223392,0.455355678,0.24
0.3175743676687734,0.5021225894900808,0.2141699489886684,0.7801719784115849,0.2419796631168185,0.1125741274012018,0.3135295790906643,0.6569853780465359,0.9456444763910988,0.16976756,0.120794998,0.15
0.1885668887208854,0.02917789761315,0.7990857294929161,0.0029031585483176,0.4245726112025324,0.2081966396115615,0.951095039139701,0.2342759463069412,0.51414263305574,0.11591532,0.158111008,0.533333333
0.2346711570245948,0.1286850181739689,0.1691908063770225,0.3538540850153764,0.8096037127965211,0.1094252408104929,0.3392792751359574,0.965005457326104,0.2196323558043468,0.07588227,0.13154214,0.0
0.0969838156590815,0.2617379555989252,0.8031942187390201,0.2451560186105819,0.9559598668105568,0.0150456636137544,0.3078016196995801,0.12294705678401,0.2633325906406802,0.10623587,0.006571773,0.15
0.8371127255762589,0.9119620183292928,0.2257765136455721,0.0744222265836211,0.1278305828373021,0.0606657362035194,0.3278444047008289,0.6415428574201538,0.887477373857773,0.405412693,0.280715565,0.72
0.091248220049062,0.429896218074753,0.0842533060095148,0.7063536674290267,0.7092969918018893,0.4362234767510831,0.5959930252935188,0.1769640508595157,0.6588745823720167,0.208582169,0.307920002,0.44
0.1475722034815499,0.8664226968183404,0.0257474884272527,0.975895614223818,0.1358043968774865,0.3307168612830212,0.3913072966991265,0.0277275967523298,0.639264252374298,0.376014249,0.232805908,0.514285714
0.2002052064487464,0.2973396402475972,0.5047229556782246,0.6146201383368898,0.4160484483221253,0.7764195227439102,0.3728823310026847,0.0175404804695002,0.7382994622942253,0.12708376,0.37989573,0.0
0.0628599979078448,0.7483360762188451,0.498676584170511,0.5291657450683049,0.2195825620587852,0.6839183624547615,0.4461743011248964,0.3737013155414436,0.1076697783952844,0.144145313,0.311991343,0.35
0.2530575901900591,0.8158611875364342,0.2987318332460881,0.6457298599725757,0.6674302360261593,0.6759731717970393,0.6097186141245455,0.9084856018677716,0.8114459505468601,0.465976131,0.423136918,0.327272727
0.5528939403156499,0.1666774259431417,0.9814046552899248,0.0470669398269745,0.3082389956896002,0.7946765513372618,0.1673233850411746,0.6793774257844105,0.3091049649187218,0.043963809,0.715885456,0.4
0.0705280463097467,0.5004523062486628,0.3590673711367257,0.3842626368845983,0.8883652325211268,0.9530827284783578,0.3198975323360942,0.4324198360455858,0.2244444267721651,0.146061851,0.193022014,0.109090909
0.7518054881483144,0.6092417464802699,0.3262975903927354,0.0234348274356491,0.5216464331203502,0.0071051606062318,0.403658703907192,0.2193262430203995,0.4284445048750782,0.147208795,0.052137092,0.423529412
0.0027418916250522,0.8944270740738818,0.601700096073952,0.3933047398145447,0.732133595014279,0.6371230412771313,0.3376378038195041,0.3171999344489363,0.9345563432365178,0.354985394,0.208871848,0.24
0.0121602756010655,0.0678569987891425,0.4683838924006731,0.3792905779805307,0.7735762789751341,0.6320915357175189,0.7545236547056104,0.0562756782815956,0.6941565745967544,0.127962768,0.30686832,0.175609756
0.2269422856684689,0.9933810686763862,0.5952086322564744,0.0113020083794905,0.5651819435898116,0.6748068306858613,0.4414902363198015,0.6707901626197948,0.570010591205449,0.345712014,0.499721315,0.6
0.6494340611153819,0.3462219262472276,0.6020913193304734,0.5241663154125972,0.3036013622230636,0.7484299426359741,0.8806673091314602,0.6228168060401555,0.8673816328163465,0.176808884,0.490948607,0.346153846
0.0202317766193276,0.2885004798244202,0.0540481077675418,0.4591260424798764,0.961856341442515,0.0612407514767747,0.3421177484568996,0.1451458081221381,0.8182024422494643,0.086762164,0.062513629,0.32
0.1825848415953241,0.0335219841553647,0.9449586470633584,0.3069989204334494,0.8158236916759523,0.0884693665745496,0.040426833358844,0.9742147076606932,0.9405802366284172,0.106602038,0.093554997,0.6
0.5643128817651341,0.5050264488057793,0.2837736962380426,0.392132988202439,0.3281805058124453,0.5902696291848255,0.7757706523763299,0.2155601459220739,0.2386990092446688,0.241024319,0.411505797,0.1875
0.3970095338159314,0.362449718681318,0.6202077625807113,0.9211010998967954,0.5652177565881547,0.3710253104327953,0.3486754200363046,0.9506286262208024,0.81590133380439,0.107339704,0.308723477,0.24
0.3984527114546269,0.6161444500341164,0.9302282670583356,0.3028067707540245,0.6529528029959772,0.4987529593157842,0.7465737622475214,0.1345756655280044,0.7991951790153413,0.389003033,0.417052161,0.06
0.2926528578709358,0.4411867536242733,0.858577871906721,0.6911232202204639,0.4376624770881977,0.807768019046484,0.6750653432423503,0.0009258273945541,0.9478575293466656,0.307548425,0.417469932,0.123076923
0.854807605312802,0.9576291884646356,0.6268260362509149,0.1228240621696973,0.8666711524471338,0.7756325286031436,0.9197928338671312,0.3146461552795685,0.2501357700243406,0.422696395,0.535226218,0.448
0.3664511910208131,0.0886206667070527,0.8864985941360425,0.8057646664216875,0.8894321989509585,0.6052842365294111,0.3476584834609703,0.2242626727835204,0.0075283107691849,0.075285567,0.048050506,0.0
0.2873492575052484,0.7151491249843738,0.966238624903532,0.0797206924205183,0.6244860900802405,0.7603169840350856,0.7861665372161628,0.127331740759247,0.1637361615285648,0.336094981,0.434422417,0.315789474
0.7871633608508933,0.8824414329752254,0.2093928881438699,0.6711238312791636,0.12005607648422,0.646962156946344,0.4859932171367724,0.9225551797274008,0.9137627640551876,0.467474267,0.512570892,0.096
0.526964662185011,0.4027394985110544,0.6142843149809926,0.4767279101632106,0.9338441473919348,0.7861303274052965,0.7966173384306541,0.598220935889194,0.4147199540916246,0.220506148,0.452159763,0.292682927
0.8511343255125339,0.1367959918387929,0.5133759060663108,0.7291988241700023,0.1655416191604387,0.9305363265893302,0.5074821132417375,0.7822409352102039,0.9279720647628548,0.156992697,0.502283397,0.072727273
0.2125788755613967,0.5138637832611652,0.3336209416573595,0.4647845217961257,0.4154550854235026,0.0580731825077263,0.2915160319301472,0.4046482198565199,0.3330369410852688,0.162188762,0.044424647,0.171428571
0.1262437952662518,0.6912973148067587,0.9813968213622812,0.768875959683234,0.1874790254257257,0.8700408860302884,0.7789384328097987,0.0097575961179381,0.8128936069834749,0.364964107,0.262921432,0.0
0.1988010643716282,0.3909396061411998,0.353015187454513,0.5953754871623532,0.601947719244102,0.8387199717453584,0.5195625227254824,0.1982641145205571,0.9238085022535104,0.187394938,0.388942947,0.08
0.3011193481939083,0.3522657959165202,0.7733254058148404,0.9524434706564668,0.5049776950159531,0.540315887690209,0.1584940532847945,0.7008012162890811,0.1449117184627325,0.117571846,0.406099656,0.705882353
0.5960954177480019,0.7670168650313077,0.4250798417809277,0.0054961761466866,0.8384718997469681,0.1571158700113565,0.0914591663173894,0.9227923652020952,0.3581028740152023,0.214011273,0.159889666,0.276923077
0.3787799394422378,0.693979368676487,0.4718765524361002,0.26202064505737,0.3518710848081281,0.5977030116420862,0.9467235516023614,0.2584329612712681,0.5882177348826234,0.424212707,0.384928642,0.285714286
0.2665940306305178,0.0492923245488513,0.1962458649995669,0.4259097419662763,0.7172863926037217,0.5676522281815941,0.5589123372931046,0.5027508304810917,0.08200656373362,0.097884365,0.33227418,0.561290323
0.8460579713129132,0.0906014811643147,0.0953519767701925,0.1608248316187265,0.6071444004708716,0.4311711309125631,0.0355019204131428,0.7189597798954664,0.8342833204803004,0.073272941,0.500028379,0.0
0.9843424942488928,0.0504230575267121,0.2292395745015907,0.5193665816271403,0.5828560711253352,0.2321942728399897,0.9237630320399756,0.6253335892906514,0.8143033811747097,0.104771599,0.432767955,0.027906977
0.6917042599728241,0.6450150831126182,0.1650515219113718,0.9751040130214824,0.1960578275965285,0.540095560845196,0.4494013351122613,0.7115281296995956,0.6751292371586818,0.105789026,0.48181635,0.0
0.2120967701301391,0.896277190690062,0.8131092717180584,0.4120471905741449,0.3484199665405417,0.7001193409212215,0.5134183663973307,0.2668382450158019,0.789334935233984,0.608254165,0.343037951,0.637168142
0.6704288391886266,0.4407177401887057,0.4054074558704363,0.0249491822376513,0.047802559534002,0.3105100445879144,0.6662537452616142,0.1430282272737981,0.7580580203915172,0.305187202,0.505435896,0.706849315
0.8745734315746627,0.9103218592078084,0.4438946544700233,0.6679284555357783,0.3958262071414525,0.7009685610295665,0.4000209238029415,0.0047247702700833,0.752763238949153,0.172544579,0.764862048,0.4
0.4511734365223967,0.8018929597103553,0.9409988640660104,0.543971921195358,0.3663135642116599,0.2112583616939249,0.5156420486636882,0.8553663402019441,0.9587196932720016,0.521001256,0.27861942,0.362790698
0.0334413830532696,0.8019236332577268,0.8534447729518446,0.1852974610259379,0.5359787488899498,0.1936898838513224,0.2565613151815603,0.2667010393659752,0.4656962354996553,0.353213249,0.137053457,0.48
0.1370603623568118,0.8190612614096406,0.0134243609733381,0.4715229837370952,0.0734393026797119,0.5985457761428224,0.0049939793549621,0.5693306756781431,0.7895628572714892,0.298966245,0.246290421,0.0
0.133033815187554,0.3028362985699895,0.2904192291640866,0.8387719400577119,0.8417547411773213,0.16525089374678,0.5475486724304728,0.5702751463183188,0.7937424638584848,0.152857841,0.093983782,0.0
0.5054084205492327,0.0749319160121612,0.2716885863484056,0.627094396876015,0.4663313666374129,0.0681008348700609,0.4478101795309468,0.8184394527843727,0.3030523206838081,0.081458514,0.091033816,0.171428571
0.5392026964915234,0.2137852634682361,0.8403366229116968,0.2066615115826348,0.0050258054439648,0.0970371074588345,0.1493243803183191,0.398215650933431,0.9074064443735912,0.081486795,0.218605421,0.4
0.6518609559763179,0.1402487170574112,0.4862136622414441,0.5037344665037219,0.7117844253947196,0.5091177977138294,0.2381390467527996,0.245645109348856,0.1683501162334528,0.067092759,0.301839746,0.282352941
0.2634287491630324,0.6482244692437413,0.5216161794628071,0.3771154545760717,0.424992144962817,0.3048265306879434,0.382999631054517,0.7759503661240132,0.2052361329357955,0.185331527,0.199899558,0.266666667
0.7720735634560763,0.4776185776774937,0.6830990538307778,0.2592476388239181,0.4316986136465447,0.8137631354682314,0.3518750402524172,0.8594134080340509,0.2270380405647674,0.096673726,0.671910722,0.0
0.6084047192340032,0.3664055765048841,0.8155053185357469,0.6320789622625785,0.5519375956073479,0.0749849909874934,0.0298094726442851,0.2573865226259474,0.4863933041854253,0.159540966,0.222671063,0.6
0.2604313689869389,0.3273208496685207,0.5565838515036591,0.4550477416339838,0.5164211661280544,0.2265437299125713,0.2562612846453684,0.5857745821593965,0.6711823896551573,0.096979646,0.219211521,0.184615385
0.6841467870399228,0.9164586689521752,0.6588751560847926,0.2589893298953156,0.3188521859326992,0.1838554909609124,0.0220300211321873,0.339512572551114,0.9057560731987544,0.41314915,0.334691272,0.713513514
0.0809281729734946,0.8764263518237934,0.2900743067395156,0.9014797776800116,0.1923387427042381,0.7572776891071638,0.8057458751155956,0.8862579130284625,0.5700353985018765,0.470667898,0.347662059,0.046153846
0.4169932597000411,0.0151568389868644,0.4362857361763539,0.9334628786826672,0.2871064060563811,0.7283672563227139,0.5100314525726262,0.3908936855929967,0.8623721730897681,0.097405421,0.460359662,0.087804878
0.9045671965716644,0.09071328951304,0.1465574381513239,0.4480079398310795,0.4207689258670047,0.6581274916269538,0.4089874928941387,0.8393500059465704,0.2975385295065597,0.066851178,0.376862716,0.24
0.0165922948238861,0.8619529967026959,0.3173309847891132,0.1144972966207996,0.621056053162143,0.5799563678674997,0.9710208482054958,0.4150258783177299,0.743621771683902,0.552650504,0.29287219,0.631578947
0.5247193842836574,0.2557329864794672,0.0317765670335398,0.3539335308369254,0.7457444365979178,0.5028160011579383,0.3677163085074137,0.3049173992605326,0.7247633177124992,0.083640038,0.562035374,0.430769231
0.1473600323206993,0.530893327749471,0.5436152998058652,0.3597047900884437,0.7840626534863878,0.0892061945886829,0.627243169023178,0.0493988381172799,0.3976923961346819,0.260883831,0.058764997,0.0
0.8776750080511193,0.5455561865873888,0.8007200162944165,0.7476857499965484,0.7399212735221653,0.9278886303795978,0.7442538877882731,0.6208104701352042,0.5060994277018033,0.295406006,0.526224611,0.45
0.6921468561135807,0.7094644355789568,0.8140157921471289,0.1109201169937141,0.8285677894276252,0.8007861998219856,0.3960210627201214,0.9383310181913136,0.6836577708314239,0.149065155,0.632587224,0.564705882
0.113114251998019,0.4040973090854814,0.780804023890871,0.8102888702444794,0.4376944345828933,0.9885335960494268,0.5277684595647266,0.43903596810377,0.9814882441366666,0.25676409,0.311875024,0.16
0.2005503601130979,0.0817108158865115,0.2996876948156853,0.4858298684559102,0.3769814973356745,0.1487817435211881,0.2170906494178482,0.6302250243566334,0.9160564283381996,0.068054608,0.205541596,0.454054054
0.2767669584419663,0.069944861303537,0.9993025415593962,0.850193751037049,0.0776006029550637,0.4737609395779246,0.5385891716101507,0.7529718710032947,0.2364281819995809,0.110161847,0.318967744,0.218181818
0.710086334869611,0.3987655885950421,0.5492938256706346,0.3009801647986744,0.0654145492176413,0.1782191243060463,0.173026176380273,0.6232421935115338,0.7942676930912562,0.122221164,0.333651131,0.6
0.7390088426458138,0.604351580671339,0.8033021636763683,0.3538024245940817,0.5352178348080422,0.9968531848766056,0.2745253969735445,0.0390701610969991,0.5564931410912461,0.192346081,0.559555143,0.507692308
0.4452884043473312,0.3853596210616112,0.5928131325044756,0.5932189066543598,0.9262490538045226,0.898233431742299,0.8776605285513597,0.1309211432021707,0.5618671322371546,0.214103301,0.517916874,0.48358209
0.7409349652035033,0.7708414123809301,0.6568362839019346,0.7143162031107987,0.7997124638305328,0.3699582661417547,0.1357683873138492,0.3844780049317587,0.6412110308620681,0.2982783,0.424395358,0.6
0.7670904622942875,0.9332468374959308,0.4092384225832423,0.5418725021297274,0.1582052028067223,0.742588679995349,0.9699480913129462,0.4822859223067332,0.0733872610061937,0.587490425,0.422107391,0.5625
0.3588680950848775,0.5826969855333829,0.7212840824956138,0.2359991510813163,0.6585679362633345,0.5936668690572836,0.2726232694716095,0.4716672534930298,0.2032236079983803,0.191613962,0.399178702,0.654545455
0.4000667318088282,0.2710257302966561,0.8057054061368206,0.3349122002985456,0.2541601743843173,0.6732115101602564,0.5685313560472413,0.9216785813609606,0.0304701868510814,0.147333809,0.419036475,0.768
0.7015991333746726,0.9829254918889871,0.7355053339415344,0.5813794596311284,0.0423645352441723,0.7509741391471715,0.1045554849291086,0.0561324947858394,0.1715856320519851,0.478125726,0.479374332,0.141176471
0.3585272751371193,0.5421439377341458,0.4099224315293427,0.4180011407861239,0.6478020985371237,0.207882335230382,0.7987425444931466,0.2737430768320087,0.6794917283147854,0.18820783,0.157892567,0.0
0.9323878853792176,0.5591235304436456,0.38082272105591,0.9401014855395632,0.542905800609648,0.2812964113551071,0.0608104171630584,0.4620751870683969,0.2676530505281729,0.157619574,0.326911058,0.8
0.2523226419977913,0.2577554436927545,0.9287378820435876,0.2782416888132942,0.1864261747883118,0.1232912973735461,0.1649438624989878,0.042607571579422,0.7823812325930706,0.11385158,0.295146451,0.6
0.0193241591820609,0.6464369302431257,0.3715693848417217,0.0877690272428139,0.3655615835332776,0.7284928252983092,0.6529129075274089,0.0125159311326595,0.2889901892136332,0.302458505,0.283607732,0.472727273
0.9428947218173224,0.5006472092132904,0.1590098748486281,0.6246917047225251,0.8201885068371032,0.0957415543879725,0.8842777675903932,0.3371701245806964,0.1281280773868266,0.190476497,0.26374082,0.04
0.3831340292555881,0.2627172289777936,0.9987673306303152,0.3104735662838069,0.1674817153938913,0.5878424681731024,0.6616946469768561,0.6381223349262327,0.3410325818199442,0.105542622,0.472918283,0.410526316
0.1056315917372918,0.0712114602430631,0.4909052376527256,0.2230238764631363,0.9876773509248372,0.6181190224354395,0.2969205146792181,0.3464273090424012,0.0854765442670133,0.089412792,0.375842285,0.728571429
0.4083836399884221,0.2216194146574397,0.2591449491433339,0.7953810014754851,0.9590741670589068,0.6197720407686641,0.8148005176257589,0.2771213112708192,0.986348528373902,0.159823417,0.346209694,0.207692308
0.3989419305330708,0.4324128310262073,0.1777460946337379,0.7207298713763207,0.0308880618209043,0.5939093338823073,0.9678468759019732,0.7056074309141642,0.0495169726380486,0.243830882,0.394744771,0.638709677
0.7086270489152144,0.7580356733901795,0.1568879108229544,0.6848971309952434,0.1430107237151696,0.2736289170071966,0.0072855914383642,0.7317124504030486,0.475062196604168,0.180980621,0.479014366,0.163636364
0.6466002396360585,0.9908361506780998,0.620120178007326,0.0332554941370025,0.6751965521723442,0.8501561614075056,0.4680669020653082,0.0245450749404422,0.5789003780964884,0.492251604,0.57185961,0.08
0.6608308344574111,0.4596169881989882,0.3026253890718452,0.3958375071617734,0.8343644201229778,0.2366781917103331,0.5409308377095001,0.1770994453801558,0.8514881597865063,0.222901412,0.41926144,0.254545455
0.010395245834935,0.1717896655272573,0.3763077653580245,0.1763442160361918,0.3232975217552351,0.764037187300584,0.750443743379896,0.021666911528567,0.9409667298032984,0.125289804,0.196627254,0.073469388
0.5028317305922413,0.1887188517434593,0.4761925995638519,0.3083005702646318,0.5404515886291483,0.7139002308802784,0.5590563819878515,0.5357524283798102,0.6892017364541602,0.149247511,0.33726487,0.104347826
0.0026628450718549,0.1927674709666123,0.6552438146071113,0.5062698799467119,0.1162530320309542,0.6357396943467972,0.9606614284156856,0.850863973981055,0.6277204610044098,0.164630773,0.213658444,0.276923077
0.9408189624529312,0.786501475890908,0.8478372831046225,0.8703945434099943,0.4000932629974156,0.2092853352594791,0.752496452387019,0.1011001857191018,0.7443635441602682,0.518096612,0.36734006,0.168
0.5791262806495558,0.8824992309083123,0.464033236097036,0.4343271898771773,0.5458590415268186,0.2022735362784239,0.9786773857948196,0.8688033816890255,0.0566706558083609,0.419705694,0.342308429,0.5
0.2354836018418962,0.4432981966063576,0.1952088784201016,0.5170492938291417,0.2582687432869031,0.1521969106837398,0.9149223689118182,0.3924110631335795,0.0545644345282754,0.173282098,0.167970113,0.5875
0.0661518898890872,0.3558775095187668,0.1027418638798247,0.403678969427298,0.256201226688861,0.591239322367364,0.2234999703791299,0.0561003902918513,0.0893146599158575,0.103521701,0.247572457,0.0
0.3127859314586627,0.4633115566638116,0.2767305170056421,0.1637758190886622,0.1555329142139404,0.7336230784887423,0.1037882864572246,0.1563135295853188,0.0297245642765545,0.147528842,0.140943719,0.757894737
0.3508896292487076,0.7170131653366499,0.390974078158102,0.8493184767885517,0.951187821380319,0.7787902477051278,0.101656198409326,0.9833953622210652,0.9930129772348516,0.299395131,0.368546044,0.342857143
0.6684961824833681,0.6505196061258693,0.0156687094377652,0.5354809954152822,0.5979826866560367,0.1782060805310591,0.9107030654991952,0.7109730837563984,0.0072015349535762,0.260031526,0.205756412,0.84
0.0455847696759722,0.9889924942876148,0.0394928195434292,0.679318174205966,0.5064565680344051,0.8489568617866707,0.990533557870692,0.1455747310056648,0.0897356773736629,0.499844529,0.252015185,0.211764706
0.5066518352244056,0.1006270696948277,0.0035292892541445,0.5659168702654037,0.1616699339868466,0.972980694288156,0.5932628516448173,0.0767416574355638,0.1553418539652844,0.094177388,0.540761562,0.092307692
0.0575374598556118,0.8347789230426019,0.0917942637586868,0.7235110059297485,0.7015481533758725,0.9260732538410812,0.5334153056862062,0.9753990074349668,0.8003084447676855,0.428807406,0.348860157,0.137704918
0.3070010391447115,0.8873409327883709,0.4353843749796767,0.1409055455779623,0.9477736297563653,0.2105991816620928,0.1186173742182855,0.8571746137403794,0.0148197670347137,0.273557452,0.181783205,0.0
0.6141008457321749,0.3461027591274977,0.0898123078066958,0.8433207708448112,0.4808678712695754,0.0792138624146169,0.6966763027743771,0.765507593092172,0.3583831483922837,0.184762425,0.180844014,0.182608696
0.7677382087087273,0.9944453471679728,0.586532443870123,0.7535027737527563,0.4873954177107806,0.0313816861456734,0.8282784646294392,0.5221464051784763,0.8385188802711661,0.69797639,0.152773187,0.295890411
0.0467695070391549,0.8303201417956785,0.142084619570693,0.6714476430134877,0.982668506265244,0.4814229279398704,0.8409706608886636,0.4939527984827546,0.787624635013375,0.491943829,0.226537556,0.346666667
0.5457302359530299,0.9138034018863156,0.2007611831438371,0.2849936071253529,0.986983117217279,0.2271221548435961,0.8402687845748839,0.2820723854014486,0.3842899112599719,0.672392919,0.358718142,0.6
0.1752062679905387,0.5418567599057627,0.3641423249631359,0.3255086444772064,0.5020001518800841,0.9654182625986488,0.8628224178381381,0.6154415904677636,0.1854053843258807,0.198485373,0.395756413,0.39375
0.322172943427482,0.1480062377680806,0.8330036145291841,0.6689509388097249,0.7066934061666674,0.7103271342154738,0.5673084571874767,0.6214671921111252,0.9184712323006224,0.14679043,0.5301659,0.382978723
0.9966282225803736,0.3897483813844663,0.3444140190492427,0.1425808775705903,0.7048382783421723,0.2795876831171807,0.4330694576451691,0.6418136314605919,0.0548528544349226,0.158865098,0.491484351,0.461538462
0.4924818840859563,0.7935893502492118,0.7819409375906795,0.972478723837454,0.2750284379200357,0.0247102465613767,0.5570180016055141,0.6082644823919598,0.4958011139405546,0.500718895,0.055965182,0.106666667
0.7596173423877923,0.7960177640630287,0.5863597965679136,0.3614079021751279,0.6514031423389235,0.2162641045295046,0.0191216641517463,0.4134277628433029,0.3070646240310715,0.249167925,0.352997724,0.0
0.1832825690767139,0.553852648475244,0.8502306209820638,0.0161490152825248,0.36640756138816,0.122875308300098,0.2997217506210285,0.1939382947505135,0.3768992773536228,0.205957474,0.161113121,0.64
0.7011736988470865,0.3344054776294124,0.3184830579192969,0.9408911099188526,0.1226489628951267,0.8024400755819793,0.3274944692571985,0.6609676422493223,0.2451475361163787,0.120056527,0.337444129,0.666666667
0.7838141831852092,0.573762960362787,0.01967702442132,0.6216111283902678,0.9668772303842788,0.212538788745934,0.0261542748740856,0.3130369128092544,0.967825157253456,0.163652479,0.285752437,0.72
0.5331027124228626,0.5951226134304581,0.7308624762829082,0.256489397791962,0.1756411135902127,0.008230755229136,0.8897469303568469,0.566270964483941,0.7658629891411827,0.331402838,0.079139081,0.671428571
0.918991102807164,0.1889512077553017,0.4099533136037453,0.9403330746798,0.8668536865914607,0.0483152145816474,0.2365680413471197,0.2784624859707925,0.3882106227284152,0.080823806,0.224667796,0.45
0.5373812973980634,0.7831414639114944,0.9725732356827532,0.5205469731238954,0.1516459817463475,0.1823712332961048,0.5534794558867298,0.7141769812274471,0.9892009275823328,0.569883234,0.300710298,0.153846154
0.7238453632594103,0.219327790592235,0.2048772443095409,0.0064983383591998,0.5913656028031354,0.5039837583098202,0.3878138915625002,0.8176908892786069,0.1745557271421687,0.070614925,0.490728537,0.6
0.4780871349076598,0.4389513547007198,0.5658775443860612,0.1468791528602624,0.8580720580622428,0.2618166528787278,0.3282001195593073,0.9215170380193074,0.630343275205559,0.111299899,0.384063753,0.092307692
0.4569789856246703,0.9071640051027025,0.5073696883443722,0.414741277175238,0.4762573941197414,0.6457068984435084,0.4757002939271805,0.1128007910102403,0.9926832961654996,0.341958993,0.304077611,0.378947368
0.00611506148106,0.5777512476723321,0.3455386472626082,0.7318979186634408,0.6286526672936896,0.5052599686020122,0.5414780182931443,0.9045648765150152,0.9297414305451224,0.343780919,0.140789388,0.123076923
0.2745903218645009,0.6595119794171033,0.5034603176871841,0.9268975816578444,0.4824492582780553,0.6693620974685845,0.2916358200812982,0.7690095414734616,0.7991455282582928,0.185257184,0.390752974,0.55
0.1406718431760218,0.8773730865134608,0.970340441400912,0.6512439689943216,0.7592133015900251,0.7376602863182216,0.2973776702301545,0.8563219097631362,0.0529778160630972,0.354211055,0.266649357,0.352941176
0.8815219883396678,0.1233782619143781,0.4117161608537018,0.557631785687572,0.6300873115360784,0.7347105588341372,0.3089590444494994,0.9715260439882712,0.135961318359837,0.069450083,0.376345462,0.225
0.0128401557964213,0.2051157294737019,0.2156278593592206,0.0804236124441405,0.0005579390965845,0.5546451364779407,0.8300149027619741,0.9516357449159776,0.2809521615166659,0.123551641,0.236335165,0.527272727
0.7913270407274435,0.656902063061772,0.8903878296273563,0.2687526815055923,0.6447477753136718,0.8055694825829814,0.9431821794291472,0.0891244010529286,0.6491782609282171,0.335815492,0.577176351,0.125373134
0.1939049082056733,0.2124305377671059,0.1571036475347041,0.9568830655771738,0.6600401879522951,0.5801698856557646,0.2074887759702836,0.8582244256035244,0.1906075000235577,0.062043279,0.213550299,0.0
0.3854271750899687,0.2675872353920898,0.3172465581282343,0.185404746280718,0.8456654739924736,0.1953008386930986,0.7140420993288729,0.9210805712042752,0.456391948682622,0.161119728,0.207480799,0.1
0.6455605047796958,0.1462319535595304,0.9475184027581488,0.935334573628436,0.7995084349646557,0.4335947384758664,0.8470214357547627,0.8873002758825785,0.0070914258217886,0.119077727,0.294447358,0.327272727
0.8622416073056818,0.7900032874318302,0.0600510192522238,0.6657744616306165,0.486821251621342,0.7227108572692612,0.6727882377153197,0.4581618314448646,0.6133078518790425,0.494409291,0.549463414,0.2
0.3639369385456439,0.4217199436931826,0.736614115730721,0.6459533780858379,0.881477356001067,0.8327325969339068,0.1329468283691616,0.4608163495971137,0.6879071112473686,0.159454338,0.299094293,0.0
0.964539626610712,0.0407683526775057,0.9093540068001398,0.1068612459973294,0.8455905170964254,0.5637864252236146,0.021716591967209,0.2865490027184625,0.616458617483434,0.03599304,0.444894313,0.0
0.0484006424335662,0.2901529074830051,0.1943587893691036,0.5728897672137225,0.8048415684548982,0.3547845337115884,0.2882674791026903,0.4076964945477916,0.588533904509128,0.072853175,0.275347173,0.24
0.450394098114626,0.1059597387967498,0.9586709067366764,0.0314574259262192,0.2813697381510949,0.6954704499859466,0.8677347186760005,0.2902336582309369,0.7833930713307218,0.139331601,0.490885428,0.742857143
0.3540392039856359,0.1539163203593029,0.9252683294657068,0.2821573360989544,0.8167869100142279,0.2967052835387197,0.8153703146034651,0.1402981930183706,0.4605670892335755,0.133508183,0.305232718,0.115384615
0.4427372281192619,0.2948295344404859,0.4817106268376838,0.8439422236169074,0.4082076727503732,0.0463014886733078,0.9816779092880316,0.8593521504111868,0.4558969548433577,0.148036284,0.056377518,0.0
0.0057406961730173,0.0834561116569237,0.2873274760031611,0.8938852999197601,0.446870154294862,0.4701921012124544,0.2573066429003355,0.4140827857425186,0.9314398143713856,0.087195649,0.190583625,0.189473684
0.3171208792775429,0.4492419857140098,0.8343972021470459,0.2196870146316026,0.6873643008566781,0.3462033019452036,0.0887713732511004,0.5998813937491343,0.3828231701906076,0.121848013,0.40360304,0.675
0.6261115525435753,0.1011642856928078,0.18903749890171,0.3356626327476613,0.7923850283580546,0.7266510033853516,0.105842197926874,0.2117703728410205,0.7733326646129656,0.100532167,0.497976337,0.564705882
0.7750651822051159,0.2682055385761918,0.9490609792739702,0.9337389157569884,0.9251744008295478,0.2705765671254181,0.9602204804752272,0.5049772109937196,0.4205293347625617,0.145307221,0.448745574,0.227586207
0.2978103548296622,0.5690077013609827,0.0359851687798115,0.4056504106157916,0.8847123083358777,0.4197100253216587,0.4423770738324779,0.6490196205939761,0.1572048576697768,0.137887542,0.30944675,0.24
0.7014461840670757,0.4761662015699318,0.892231385662753,0.9365384170242363,0.9986022508884944,0.3989713281652789,0.0443846414082274,0.2836679277495127,0.866836234219612,0.174099998,0.434767885,0.0
0.5192727562119129,0.2525682732134237,0.0676794945396018,0.5312968903217389,0.8490977273630961,0.5169341493784823,0.6962590054288982,0.4018597427248789,0.9929780093172386,0.148202434,0.467899461,0.354098361
0.2870041703012238,0.9208839839691518,0.8907769433148951,0.277830470143495,0.8686704697545995,0.8502784448709432,0.11000464153823,0.5858649561372262,0.6906369857034753,0.393170136,0.492622592,0.631578947
0.6910828017211607,0.7746901925288444,0.976069218415598,0.3565334246251409,0.6932744190403101,0.8249590038506971,0.7669709566037065,0.4640694981409373,0.073085217676757,0.390278738,0.420021643,0.232258065
0.582444023472714,0.9567740906415448,0.2462210617362806,0.5753384807767588,0.6491927345867974,0.9742771186909118,0.3742143497138049,0.0148796434657243,0.9049112203334404,0.352550736,0.427873077,0.145454545
0.2723387528438957,0.7730111221338749,0.7916453522047677,0.8903381687737111,0.9637105193416704,0.6132239138803101,0.7615829352135601,0.5590221205494698,0.2660975770058836,0.489788087,0.324764521,0.375
0.0728540732448427,0.6156729765707335,0.961081308555086,0.8507128183005344,0.4822043139368352,0.5620284125528294,0.9527613588066646,0.530766452794365,0.2904753405477133,0.316184662,0.201297138,0.293877551
0.0331431686911798,0.0018461697982001,0.4464389230638557,0.8511004131606114,0.7626277096362492,0.8702616102123355,0.1790103536025535,0.2098993126110385,0.0916732020998335,0.059371716,0.231588063,0.4
0.1722389060894247,0.4847342191192614,0.9758052833567616,0.9438943156675518,0.5636930595476758,0.1253893517178393,0.3464918611712814,0.5254493361658449,0.7234967417036688,0.18444972,0.045490333,0.0
0.3973765223681722,0.5720986971178323,0.7601912376434626,0.7287281260384402,0.9949591618171798,0.506942867932614,0.7006365326589471,0.7846556809430674,0.3862568626337456,0.289813296,0.403903534,0.214925373
0.2026968282306781,0.6390412781030516,0.9354990490165266,0.0748899394236886,0.3212599401461987,0.7667924569145321,0.3987930452758182,0.282018987894522,0.4801796098584765,0.214265803,0.279713562,0.626086957
0.1427000500461454,0.4626399293572336,0.0464804969567114,0.32983574200228,0.4543970055839471,0.3286508411996703,0.1685952472973572,0.9316484198324976,0.1309311713752864,0.127502664,0.057685548,0.553846154
0.6360653744768782,0.4601410581951655,0.9116854698249408,0.7920223857595989,0.7289413980690723,0.0927128130937748,0.6842738049416682,0.7237344436379319,0.0785894351295971,0.253353061,0.08218975,0.036363636
0.8787907773102935,0.9356856272962674,0.0927251062999761,0.34795246155752,0.6917919963320158,0.7373877851121142,0.8341939012910844,0.8176600657689052,0.458223610708689,0.53993963,0.587996024,0.47027027
0.041742546602157,0.1874606280882805,0.2646654941485662,0.6866399174685742,0.249954423468891,0.355695247033843,0.0553792728328368,0.870862384466892,0.2567446969929795,0.089322756,0.214367874,0.369230769
0.3152768088765927,0.1419483409545611,0.7329527510081066,0.0251207554432324,0.8000272284314371,0.5306860934752516,0.3586741388645057,0.6161453355008513,0.027984138488071,0.06333974,0.262034884,0.4
0.4985446744651838,0.7400502067684036,0.8910231475439834,0.574712508531066,0.7517547209735291,0.160849754580836,0.2558494006156258,0.2839854135392765,0.8378834871188464,0.30442182,0.145191821,0.48
0.6112717940675197,0.2147448052626425,0.6377798520098766,0.615089085800948,0.4728687659484756,0.6207433486968689,0.2233250455546438,0.0179235922878187,0.7305489651414597,0.111992248,0.550359853,0.457142857
0.9505260650877314,0.3460143510680611,0.1676281025283115,0.9384531234312368,0.2300508969236633,0.2294403861866946,0.4352869562143729,0.8246911000216707,0.190633090838209,0.129004218,0.287308648,0.54
0.2598503108317531,0.5377165441233482,0.5413499112551593,0.2225326584846428,0.9639462166280516,0.096308491277799,0.6431161802617077,0.9834354670853463,0.592069110278349,0.232802045,0.185198352,0.52173913
0.4683005397663978,0.0167969917251044,0.0077832380525378,0.3315579713415347,0.0279837750413601,0.6939338372565543,0.8770251023020705,0.8043080876048183,0.9533202549143204,0.11669766,0.326288149,0.0
0.9776922713376992,0.2849807932717491,0.5295801170221588,0.8221298745572393,0.1471924819359814,0.1465706777095773,0.2520731724470618,0.9630725682116326,0.9726342160970074,0.090559997,0.41264486,0.36
0.9176680015626988,0.8291389801690161,0.5797057276311843,0.9128067614346728,0.7997877187570911,0.9967905903319249,0.4047856194924334,0.064871406981125,0.2616904136916023,0.219823913,0.765258675,0.3
0.5362210903091413,0.1563149959609334,0.7919091078687915,0.2364763000078782,0.6754881204490806,0.7739797638674749,0.8008063365600108,0.5238770342485605,0.6921537319381705,0.15889503,0.555243487,0.530769231
0.9526082928199454,0.1832134207034927,0.5068703140672032,0.77960814907095,0.2733374333154267,0.3295758365475032,0.1265860035909289,0.6131099849929441,0.5092645370973895,0.080928451,0.470199567,0.2
0.5314348855221468,0.3885897268960643,0.3404026121427451,0.2288868481861957,0.0659341610427702,0.1856770649965105,0.0917067439881459,0.2213228706050136,0.6322061976637049,0.191454883,0.347113378,0.821052632
0.0848120577227445,0.165716225315781,0.8476262338778093,0.9652188021229272,0.4929114372983679,0.6500927666023107,0.3484358313309889,0.4411958025022047,0.8118806549381762,0.116082208,0.327769581,0.3
0.3924457641970671,0.9925420168031842,0.5196007701342626,0.3528229932559745,0.9842028195056176,0.6888648029951182,0.9275961235416736,0.5646219162440788,0.2000470975989247,0.591580238,0.427810693,0.052173913
0.9722544944588872,0.4830807903792242,0.3007736319193845,0.3290890559879481,0.8785373402504144,0.8046249052309791,0.244604964359292,0.17023423189699,0.106986162695333,0.153326473,0.518626702,0.365217391
0.5888573222368653,0.5552679376774706,0.6856641450837929,0.4545423837907726,0.1914984189252562,0.0047396167322341,0.3311320598608271,0.7966626787758534,0.1803199144423021,0.190692458,0.027457864,0.545454545
0.236321302918706,0.677239576527381,0.5764293878960611,0.8242354357921479,0.9899394712282876,0.8151212515716263,0.3834735842807647,0.6072080721260708,0.3729993439761733,0.174240075,0.47704845,0.0
0.4232511084100187,0.8373939522923133,0.2555024489559686,0.0248205793979742,0.7746098971872984,0.4122402200630455,0.2360467117017053,0.8024630978098354,0.878443524218528,0.307922192,0.274901472,0.685714286
0.6577048602779091,0.1599597378982953,0.4744496589778666,0.0057467502053802,0.4604489052273326,0.2008586484879724,0.3916999905570728,0.496091979645184,0.758362943291452,0.085430479,0.287750797,0.0
0.6412159027004994,0.947112536788129,0.8928110945975603,0.9598531881605666,0.0703551162592481,0.2822138725302013,0.0751761140685161,0.1386828328962009,0.9425724048983256,0.461165978,0.297254756,0.0
0.5334808283321646,0.4027994025351396,0.0836930180410663,0.9671914249892692,0.7653958020744857,0.210402185328739,0.609683865069414,0.6487728757535195,0.3989241685277286,0.179125493,0.261019166,0.046153846
0.6238103371923421,0.7108106604320681,0.4974375075239063,0.3738845556449096,0.6238315148239223,0.7635498563320994,0.6176186860617788,0.3191280295751094,0.7000340828718822,0.383156426,0.5147669,0.72
0.857747777850202,0.613668092921747,0.6917840707985619,0.1498280889485281,0.7146130219003203,0.3863762772250054,0.8868404535017025,0.4749020925275516,0.2705415449058475,0.32017538,0.46365909,0.348387097
0.9099258254921444,0.9326164140564392,0.1919452012750266,0.7594301983018492,0.25036780522211,0.0482372458312652,0.761294795319158,0.585281340040572,0.4688773043584088,0.544361866,0.277440598,0.534782609
0.0534454746871146,0.6210769322014283,0.2817696811993314,0.8928827684207665,0.957330003366634,0.808575038708762,0.577808734720042,0.6252096010715326,0.1123010692446588,0.31798004,0.274636282,0.171428571
0.8986353155455189,0.875502548715426,0.5187720579673256,0.6520733789594172,0.365682625973172,0.510093504819014,0.3479841501773192,0.0972477891238335,0.8481993238721925,0.262347503,0.628709241,0.64
0.8823076002015197,0.256886517270204,0.8036810184472549,0.0838548282561801,0.5691771340922948,0.9328407380774948,0.8066967033870295,0.6404145362292258,0.2205656145732846,0.155720775,0.62809489,0.658823529
0.2354675260614487,0.9665966103239227,0.874175328160851,0.026025291106447,0.3482606202014338,0.2233963964856001,0.3189218383504061,0.5792844051752251,0.963298316429274,0.430134708,0.138332183,0.635294118
0.52009928577076,0.1723241599451175,0.2435565994562762,0.4693131698815866,0.0435295325327753,0.7406041767913252,0.1285145906549434,0.5057691715894634,0.8085206694661696,0.083204698,0.45050635,0.15
0.2685470480309515,0.3477710169854789,0.9246047987972374,0.0819320052394441,0.1919531235903456,0.2658487716889559,0.5105813815397037,0.0595488078794541,0.7343516758129595,0.209816848,0.227946772,0.249056604
0.8866677866732733,0.2970007025532326,0.0969725919002199,0.1684612335504826,0.3161925731374485,0.4960564100468243,0.6990619140388303,0.2155740927596651,0.6949650951723185,0.168634096,0.481642086,0.58
0.3780219246381751,0.778015559404186,0.0037763999341626,0.8642746252805061,0.4798758058946289,0.5442806948324833,0.8892543712871288,0.6940069884011537,0.4736731498633298,0.373906887,0.394513904,0.4
0.1070227035827429,0.7482748731342392,0.8823915830704261,0.0281115084717776,0.1269401121494597,0.8607744992346582,0.4823463413696414,0.3130683878498514,0.584622693539228,0.209724645,0.231737966,0.15
0.3275513310275422,0.8076326094097153,0.5956640033717308,0.8890995718180713,0.7071631527204398,0.8617166542792277,0.504333102687133,0.0669984631554885,0.2024159127930678,0.514693255,0.289004275,0.355555556
0.3561150606504266,0.1239232459491905,0.7162050478266804,0.2753089585515764,0.0035549790873234,0.5403813063280655,0.0191142303463928,0.0161326554261241,0.8038863678652363,0.068893843,0.445034638,0.568421053
0.6052773718661691,0.542389349978145,0.2021326439465646,0.5152169139516808,0.1998482275252481,0.7879788261279286,0.2372219937035841,0.515204059069428,0.687636730988431,0.18150489,0.607200941,0.528
0.2583473674001602,0.0353275428160357,0.4265309957881444,0.8684279705756721,0.5612657022177636,0.2311964909407473,0.3173932483444395,0.575290485025446,0.1802743288064531,0.059667853,0.127391544,0.0
0.2187079750322376,0.7858726574528315,0.3322393794637658,0.4296917411097408,0.8861364752462741,0.9279311326697204,0.1982793815247948,0.3396935881016569,0.9270796920470464,0.325203208,0.436447018,0.0
0.787383369400238,0.5886522232618747,0.8726070228167025,0.9816420336398508,0.9763048050264976,0.0373557932731803,0.3859242665480232,0.1729976009364791,0.9900665627945662,0.229886512,0.301904835,0.378947368
0.0873318315490677,0.7863765992367548,0.1356892018719626,0.8999349710441724,0.8309513109457644,0.8942968113685317,0.3186297730479843,0.5211574765348804,0.5155449257040708,0.303750001,0.35812446,0.24
0.9111212118328966,0.6295006848191964,0.0732432368812838,0.2119685440135809,0.54150169302912,0.2483857181373129,0.7014306721665289,0.8066474628130842,0.0228642426819017,0.305888441,0.423873353,0.75505618
0.6259834034439965,0.1280678571511672,0.9361877263132375,0.1039967819875684,0.8566627189987538,0.3117120226433305,0.5425577600779139,0.4883060762002595,0.8492951186537975,0.138136768,0.392428259,0.421621622
0.6001825858877164,0.0725210025873016,0.4698485766804769,0.0880131050663495,0.6257442341215961,0.5631121227685634,0.3489953297695591,0.4763795479522587,0.8378060174585774,0.074260159,0.486056914,0.257142857
0.849871472721084,0.3193813089065503,0.0693519898986291,0.8872432070505619,0.0698576397492143,0.4373063183325426,0.7273156583446309,0.465283576455798,0.6852556088071035,0.177600453,0.440972274,0.38
0.7427793666503142,0.8756369400937282,0.9945731141537802,0.5298707418450328,0.760584282253169,0.6596406601509408,0.1937963149644758,0.4316217969731538,0.1208508016939294,0.352582442,0.366666679,0.092307692
0.631138335827161,0.4568769774709499,0.4219719714116086,0.7717556013189043,0.4835196160101835,0.9264502926356504,0.6105695855377701,0.0537172647055615,0.997432522656346,0.309514717,0.461269913,0.234782609
0.5352427876455865,0.7291731757014087,0.5623992263568991,0.7806956356279005,0.8565481129558237,0.7224690693729855,0.9699820879777992,0.694202884745988,0.3650520520656645,0.356571129,0.535298293,0.057142857
0.0660357521546411,0.2503907789409891,0.9122050255309364,0.3858712274552428,0.4745441261293168,0.7088796075718184,0.2248298188307743,0.1439223148049462,0.4162667440734514,0.113963897,0.27888543,0.369230769
0.3435025815882349,0.4562782710680861,0.260273325776179,0.3624769113771131,0.3382349726287673,0.3724093539354551,0.0953817757352505,0.68803525141989,0.3456322803488539,0.093643994,0.259633533,0.092307692
0.5772789075861997,0.8764802959583113,0.5191573047476264,0.2121043070572867,0.7434826255593655,0.8137286186328158,0.257339112039461,0.8728182160562874,0.5470924507967552,0.311839652,0.506531039,0.3
0.8608068749332571,0.3062664227338765,0.8780360515211978,0.1830219530413185,0.7111113716646484,0.1606879333337699,0.8295228213124027,0.2353015436660064,0.7017620449567953,0.170439805,0.261357817,0.153191489
0.0595506816575844,0.9242077761642136,0.5602507353164573,0.3512826103912794,0.6469889547849884,0.2377559173365535,0.532049054659938,0.7286464914947544,0.0141523179791996,0.394134983,0.121324739,0.56
0.3550861926192602,0.0334373861349562,0.6432816539956949,0.8221720844445687,0.0942173864780039,0.039431429249288,0.2733497377938712,0.2739051488024656,0.4281357201573377,0.0397612,0.028070453,0.0
0.734937265413315,0.3623177607345854,0.3369353303902297,0.2409883273690913,0.9365906204563332,0.9769958171551536,0.4527452662457104,0.1514574657485542,0.1748857224702735,0.100416288,0.617952194,0.514285714
0.4554316434132178,0.0730549825313483,0.5537988939913595,0.9035974068742988,0.5010825157059575,0.6994040964322263,0.6798532933440685,0.6414691595402623,0.1702949414412824,0.071320315,0.34578819,0.066666667
0.9806162587404444,0.0033401439438848,0.6475996062039076,0.2661164506863904,0.3157690675465074,0.7072383278889095,0.39655218794767,0.5578124435904117,0.3178404451326674,0.080600232,0.222638748,0.0
0.9228246960877984,0.8229684861904079,0.2584995486615776,0.9719705395875023,0.867341005455818,0.7167518464309268,0.5026034537632552,0.4885467334995538,0.3830995840158536,0.406001743,0.383569017,0.0
0.5667598578465991,0.7474593041104979,0.5576698459315297,0.1544801086962174,0.9260078161293144,0.2442240664340795,0.599689945481256,0.6476686416674573,0.3354499775690657,0.418530006,0.388510349,0.710526316
0.0390608214136252,0.3265895050830327,0.8515424774677948,0.6419683470616961,0.7011427593666718,0.6306669178856541,0.0038008524264394,0.847981771136157,0.6240881039758843,0.139307942,0.210135431,0.0
0.700984865243632,0.1133785426296321,0.5978033516052562,0.909809149532134,0.1333242193462435,0.7320714582099975,0.4957878530838467,0.5018109438041296,0.4153908804701431,0.088133961,0.427235948,0.55
0.5994439677342899,0.9460293160073592,0.0153716231798494,0.8814220341642955,0.9662294214628916,0.2127679006493076,0.5734865979480752,0.730765258839589,0.190079776451257,0.568584324,0.317786149,0.370909091
0.6969289884450622,0.6906700815107811,0.2627208115103103,0.5632572251034189,0.6071527091858074,0.8660289026153812,0.745397896543415,0.4844884566714544,0.7990236021429071,0.381953928,0.543162452,0.648648649
0.7351795262458571,0.9461705663379332,0.3806759260607525,0.814323773462093,0.7620120811316263,0.6247222681586226,0.317765335155486,0.6907915558216735,0.7186726165733555,0.294100772,0.550799959,0.0
0.0888872216905912,0.4931186352523282,0.1676738756353731,0.7794877104741151,0.6102819445449319,0.109207634407189,0.0790959458385397,0.7828427685194156,0.893126207240324,0.141176699,0.149729995,0.494117647
0.8773553968233779,0.7704963962720067,0.0831434544555785,0.8732484271989531,0.8143662592312221,0.0666950620553377,0.1398043511062644,0.0071917713028764,0.6800263385925973,0.287143811,0.285290732,0.6
0.8341373382603434,0.4267392039582589,0.7661068350414492,0.3153358543225436,0.8377954224653588,0.0995741321917532,0.2465587214818317,0.581655897465956,0.6441977161618281,0.13304869,0.167011024,0.0
0.8147414595459752,0.4935788867314233,0.618802062737682,0.1355917378420448,0.3421261789378512,0.9812506808061006,0.954286860250375,0.4564934003560712,0.6062904751195757,0.27389403,0.562176273,0.32
0.8227689734009028,0.0980143912372771,0.9010551924199612,0.944433459870038,0.1674715284882949,0.9643860073636048,0.6859303703568955,0.0928214407544057,0.8347930921944136,0.109198115,0.509862593,0.257142857
0.1296802682642516,0.6099967201466292,0.1572881999281737,0.4821035558366942,0.0156661072174456,0.5850610815545806,0.6497896584577868,0.9284612268896524,0.91939102825763,0.37378537,0.243145094,0.063157895
0.793967626979627,0.4311270330160155,0.4219486728349128,0.8875419875210089,0.8558291807684678,0.3860829849737899,0.3980422774342034,0.3691363462092422,0.0798904327484483,0.101758042,0.503248231,0.757894737
0.4562447827435534,0.8413918269963949,0.1104899734507707,0.0412909874981974,0.0952102233461358,0.7049607284481112,0.0348322621556762,0.7456745404591344,0.5174230895324271,0.510893542,0.525857387,0.24
0.6628149674420966,0.943375425207708,0.6775563723918863,0.6208980472214946,0.6399981010323572,0.7001787169679472,0.5043182469794734,0.7620335754694807,0.7096162540916077,0.84618741,0.516957609,0.0
0.7208449622437216,0.9600605883832404,0.3770978656532523,0.6538562017607177,0.2075745570088999,0.6457423473089863,0.8663921434194779,0.3487489396012116,0.9390698648816592,0.598369118,0.426173037,0.106666667
0.6927274909642821,0.0819269199623741,0.3022525208672059,0.1580002445659802,0.1272304157889946,0.3340654235476311,0.14704440611446,0.4467208785799186,0.5778261037303687,0.068670337,0.306720809,0.4
0.5908388502882852,0.5071774608011154,0.4901484178640918,0.2966433111408936,0.3213799406178562,0.6996258864568781,0.272786022197158,0.4670565434225305,0.2370526914479664,0.188904681,0.540632887,0.4
0.3516955717276353,0.4864248508956142,0.617194019046019,0.7040020943100186,0.3125345941241766,0.2510133078340719,0.0295360481480109,0.1552951725546637,0.3083850362120923,0.150804218,0.262680885,0.211764706
0.1810261117559485,0.9524743108783092,0.438291985835036,0.440570538979931,0.6684745310760457,0.7959407713794379,0.538791665619099,0.8885308911859057,0.4911050928070162,0.524294685,0.375312255,0.046153846
0.7150724816898544,0.2179644432324589,0.8188825790655238,0.8664511948824742,0.215051435978505,0.7004343784822279,0.4673173304662569,0.9653050506596248,0.3380228114022214,0.085124762,0.492852369,0.0
0.5891841714752593,0.97107956179429,0.1573836474085177,0.8249120887459129,0.3068935918592363,0.8575767196010111,0.639175641987563,0.97849326614677,0.7028063875786785,0.457568428,0.494163645,0.0
0.1767170131831372,0.7274784426909433,0.95947659391455,0.5743265659169986,0.7251218926526951,0.5998135029795775,0.9187761936841952,0.1862876564516931,0.9280928349325888,0.440277758,0.36420244,0.329032258
0.7039859768457489,0.7235114693803869,0.142502842922901,0.3425227362674107,0.1397297522467316,0.1841883541902683,0.1710766711744947,0.599852534159985,0.2067249875633485,0.22887031,0.264322194,0.0
0.6379310615023712,0.3592413335552228,0.6944527787347423,0.6871835361036543,0.456577806577247,0.4371605526347856,0.8820001431206139,0.1147101920266592,0.127139044329533,0.169951429,0.463441444,0.171428571
0.5673310018713795,0.8841193900262537,0.2648439657762055,0.7606296724978076,0.9413309900879618,0.390838505654573,0.7333776575943783,0.9780123754915366,0.3960309779471658,0.573265796,0.416007692,0.452459016
0.4267142704798978,0.88323128245882,0.4007320078262959,0.6369549526972118,0.9404887370931376,0.5107090510255557,0.9363362321732654,0.3342657886713934,0.898032646489105,0.459849538,0.348564912,0.16
0.5774015756263425,0.7709460101482808,0.6404329623095346,0.25973492286553,0.3755483773340937,0.7653382912141349,0.7941728321285275,0.1667292965293142,0.8900883975782985,0.460398955,0.585198932,0.436363636
0.1006790859905891,0.2409189262006337,0.1252845598828829,0.6473362933269668,0.8244583839396991,0.7493484063352994,0.2731364331811429,0.4490587439115644,0.1638940677855319,0.105032605,0.287011749,0.776470588
0.6126536392720596,0.4624740029846619,0.5958400461635196,0.9847228602491648,0.5714782781885581,0.9462668346908384,0.5706329097101941,0.9274432031715591,0.6675958291447301,0.206931754,0.524580276,0.0
0.646790936688388,0.2927364492509202,0.3052265673916609,0.4251563833238839,0.8952431241192063,0.0828860614900505,0.9668733487296556,0.631848071327301,0.2706763820095832,0.169781873,0.241676709,0.634285714
0.1382976041889351,0.8443856539173713,0.2615734790902385,0.6784516525375388,0.2656821762122702,0.4631888167524494,0.5870827215070294,0.3719610169463189,0.9116896654154076,0.496373464,0.287274847,0.516666667
0.5851975353445902,0.9697819108068512,0.1218209377132057,0.501215755008718,0.2521142638754071,0.3428798730795073,0.0549017597593158,0.7898747624947562,0.668297787773864,0.379363612,0.347083258,0.0
0.4421114099910581,0.3304781359531732,0.3123878074710787,0.3989141243521841,0.3950382097095557,0.0194346297004367,0.2319824475102376,0.3666973246165447,0.7809999900771644,0.112450693,0.092009528,0.488888889
0.7962794474639457,0.8382940667399933,0.2660219056611576,0.1816253155617991,0.0753608136914837,0.7745837976997282,0.2240624249968563,0.2606691917291979,0.0332820208485934,0.212141898,0.440576569,0.4
0.6900427742825994,0.1938885811179008,0.8458116688641512,0.8408045612019228,0.7087593278339692,0.5034703925349652,0.4207529721231228,0.0975149211793233,0.8539351395438228,0.133571949,0.403706774,0.6
0.526477463258273,0.9231421524973596,0.5361400950069592,0.683193995103586,0.2131736002923783,0.6440643148281772,0.478269551600935,0.2893647499526101,0.9584331101034668,0.484976059,0.373963239,0.0
0.5245329265449088,0.1904892598409209,0.3035766044050798,0.8246854554579512,0.5479150916791398,0.0762609272827447,0.6921166210991154,0.541186200901496,0.1019222056338093,0.113437474,0.218371889,0.739726027
0.3099540134264223,0.1385090712696914,0.2974016391977234,0.6624292974235483,0.1794248191050134,0.590890410140358,0.6352797200461436,0.4522438645834841,0.6696140009071707,0.10292675,0.416915001,0.0
0.9547283178770752,0.9719494428139648,0.5757873192713323,0.0573657042492493,0.5605463474398554,0.878643154350043,0.4855230986076024,0.6566101847616272,0.5124992594389504,0.317943292,0.59770968,0.4
0.678840834897059,0.3304695191772312,0.8207741177646105,0.6705912986994238,0.5702312380759291,0.8242135689662344,0.3055604953310094,0.0479726967348751,0.0294431297114093,0.105693646,0.358106229,0.514285714
0.3698546173331402,0.9010116903520808,0.9820025160573423,0.259729019010215,0.3564309756215876,0.958634384567009,0.5335340952634243,0.8961571510862187,0.8524110094791083,0.548272511,0.530092184,0.2625
0.3129114202390942,0.7641054318248377,0.3826321663202056,0.9302206532195476,0.7342789290773883,0.7295027441537424,0.8877934030512644,0.2219808416754785,0.5960547469669175,0.389294456,0.398151092,0.044444444
0.5264484896173511,0.9207918391869898,0.1804805216633468,0.7491606946595297,0.7043896530949056,0.6202907633731297,0.0131269378861025,0.2219329846323332,0.1917520529719421,0.280683877,0.480117761,0.461538462
0.930287569336078,0.625459654060917,0.4285052700228396,0.6915764748672483,0.9555822671448316,0.6120988793832965,0.5569558818435655,0.5440929465214072,0.7245875295834063,0.329892919,0.496952796,0.138461538
0.1706120667452991,0.012710395751842,0.0044453654791828,0.2981347910064924,0.3694872788698324,0.0297946585112802,0.178370474382946,0.0264977908753395,0.2037199936763565,0.053752704,0.046330653,0.257142857
0.6227428709443732,0.1956767889037626,0.4698976942780054,0.1025013054199168,0.2705118487867486,0.4905918314862521,0.9144379722353628,0.1551060693948239,0.8650851522045591,0.150597389,0.481303999,0.452459016
0.7293292931531858,0.6125583412930916,0.838496572511506,0.4974958950988802,0.4753004752132163,0.0767007213901854,0.4552491852286446,0.6065959139363959,0.3569814132329945,0.177614712,0.30058294,0.8
0.514212849838664,0.4641744403085998,0.5592452391396313,0.2646506226562148,0.500063675053658,0.4450002897786573,0.6863550914822388,0.5315424926529522,0.1729974741930305,0.196478202,0.431121408,0.615
0.6831385377433743,0.9108248540591544,0.8787030690483105,0.0491082038190592,0.6003502498238632,0.1369357776550427,0.1423631926863511,0.1814714831614896,0.7777382057241163,0.424934412,0.347978204,0.564705882
0.2628325458120054,0.9835475255391576,0.5533359929947885,0.4087896177020296,0.7884592536276492,0.8205051092796023,0.2484770949575674,0.0627052649775399,0.0789205644916003,0.324433354,0.188466272,0.36
0.388009102611687,0.2882055937925558,0.9153268666824448,0.3387828157188343,0.563024100583755,0.7438337726049082,0.9960139874988496,0.9504376760305584,0.5408495800799086,0.232675874,0.350637964,0.324324324
0.3764544477885637,0.2096971891378749,0.6476716345782959,0.5646948180671365,0.0581097018067506,0.0699517444942485,0.5170930678648582,0.181706945076764,0.4319629959248251,0.132217951,0.170297679,0.288888889
0.887949631539106,0.1587165355021487,0.2938549767072104,0.0773713272044601,0.505484809278992,0.4279306949923406,0.4367878758909749,0.920694131020717,0.7575185354814125,0.075951195,0.324701352,0.0
0.1284863325696253,0.2032382285188374,0.4270759135451549,0.1677707836752487,0.6880841195952189,0.2808370296344856,0.3008714289926038,0.2039066244988893,0.0066371623689199,0.103086214,0.106213422,0.5
0.748832094824813,0.7552150447408373,0.0676329294385179,0.0108217126465243,0.3507350012776725,0.82991993577609,0.7913507715342016,0.5229864003223692,0.5558396676914756,0.40701191,0.552360195,0.436363636
0.2202274696851509,0.6478931277390706,0.4873361271475506,0.667859625656528,0.0623957738568992,0.0362452060970763,0.4226243699121356,0.982333461686634,0.958433453423284,0.265258891,0.061798523,0.6
0.1521667390897969,0.283703976421627,0.9599164214013116,0.7798466762572435,0.9901482553558342,0.9039502709861592,0.9211352253435092,0.1453518289701538,0.96665018337538,0.216516026,0.459354436,0.571428571
0.6285891824956953,0.8677895754319981,0.147671539636864,0.7658014752395157,0.6289672983796184,0.5591914760944815,0.3200341895437475,0.8854062261778165,0.6933615287667418,0.277389001,0.529427332,0.666666667
0.6273046744236084,0.7565162679160679,0.4725410955339993,0.4393155096486494,0.596485090534936,0.6950881699008545,0.1390035400637801,0.2951647237871481,0.6535763051289722,0.256065433,0.561502928,0.0
0.136293850404815,0.7784780256732617,0.620438971405181,0.8930161803271764,0.4682338876765366,0.2787444423646322,0.7053559703779861,0.6442103147008307,0.4691632332793902,0.388816186,0.221458737,0.177777778
0.6953088798149095,0.6751769089860655,0.5807458052551241,0.1749146430245259,0.1409701945752657,0.4174037260520118,0.4226413203746946,0.0264164986990742,0.143978056100582,0.183823065,0.481434135,0.0
0.5729594190865346,0.4756380435759452,0.6737398710541896,0.2922817287805899,0.9863345713363474,0.8999996635909535,0.2153320589715122,0.3431878010336463,0.6772149088570849,0.212440151,0.26586432,0.654545455
0.9590579441679016,0.7102975343009925,0.4148445414189957,0.5011424226415655,0.5877167675489219,0.9110033714113652,0.5832244297192695,0.0154395992866669,0.2730346112083038,0.354263786,0.526333402,0.467532468
0.0500251473069252,0.6892094816719206,0.8519400750759474,0.5565337478975407,0.8073167243293585,0.4972336573120779,0.4575298963886832,0.7952971190502599,0.8727244540045709,0.325655303,0.067770531,0.0
0.1693586239357521,0.0826316669828753,0.8273298355159618,0.1945915982326633,0.7335933841955058,0.4290690722096991,0.7289686440027191,0.7484154501614506,0.3383627019554936,0.123342922,0.161850381,0.246153846
0.7604511575946838,0.8625213058224551,0.1669204289642005,0.239580671345107,0.2412466447741865,0.9812087656454808,0.0202465667437443,0.577470758372166,0.9294257490945248,0.335179278,0.558859786,0.085714286
0.0498260333803768,0.7316250367721963,0.6266704921974605,0.4471652188649359,0.1256166682108204,0.269497170464741,0.7174363817276678,0.4521854324511983,0.0310295654165658,0.257183955,0.080857196,0.044444444
0.5545729761966522,0.584491592214109,0.3972797907448743,0.0088912811163351,0.874450882921983,0.2795155890875834,0.8349606132043198,0.1727046396304842,0.5450570669281269,0.294172989,0.352633662,0.274285714
0.7940815896620749,0.9285183600337528,0.3763343549491414,0.0940498611247373,0.3534601166073914,0.6690171236103802,0.9982400852084596,0.5117050188384995,0.3786284287787502,0.50255773,0.513783999,0.518181818
0.2836836561202325,0.4516669971095983,0.5027526819539806,0.7341582805531303,0.0104863115519779,0.9718244988516463,0.1593015453425952,0.2070276377635287,0.8061833507890316,0.179438222,0.584536257,0.0
0.5294755530533903,0.3796344119475506,0.7682224601658919,0.5032606411845263,0.3363550826618481,0.8097364167817186,0.6052033604353743,0.3560131207321698,0.9016678999467368,0.277010946,0.507921573,0.192
0.6710704037757025,0.4460501694026634,0.4822422379925374,0.7644800755832389,0.2830203353659229,0.7688849247641966,0.0206894082043387,0.3427281988634219,0.8051344601475746,0.167169384,0.360525546,0.6
0.0510620909304864,0.3020127391490609,0.8778928103591087,0.972953135851788,0.7851983277031688,0.8145291053523066,0.0234958141275163,0.5989566652795865,0.6463570708347699,0.075387594,0.425971235,0.36
0.797469164983381,0.3430628130077106,0.6428071416137934,0.4705654566868212,0.974573104592874,0.1200129845067335,0.3429091528687421,0.3098997093674028,0.8657266104886943,0.119179611,0.250351332,0.0
0.8496924936182767,0.7498684884726708,0.3481122878904605,0.5234568924300299,0.5458887563281493,0.9713285834507344,0.8995969482563606,0.012842871998373,0.6431158867076846,0.353376194,0.667103171,0.0
0.4211536668399596,0.6575757887416771,0.3645748082639313,0.9558473769129748,0.7729779647711209,0.112829771321891,0.4028850614913323,0.3644163304656518,0.6282129937682258,0.144298373,0.231293337,0.705882353
0.7898587184856147,0.4249261692858308,0.0784799078551086,0.9539061386506714,0.806453559516968,0.1432855645500715,0.5436754078737891,0.3694412539591991,0.7343773149430107,0.170802844,0.282643248,0.295384615
0.4177224213731821,0.3111907629533262,0.7482584067404194,0.7633647247689503,0.3149596043547504,0.9052104954560763,0.0258853283996152,0.94054604607149,0.7634655809270122,0.106660373,0.362951322,0.514285714
0.1729585011805146,0.8834574429279032,0.5394510148169765,0.3839061280626642,0.8143845949378995,0.9181883212859668,0.7153139427885246,0.0033911176295826,0.6653599042144787,0.721768079,0.479790524,0.672727273
0.0193977016331001,0.4254323611372046,0.1007871684777048,0.0804077670663854,0.0732788765341485,0.5912786876755826,0.1071199629392755,0.4465738189715081,0.6847204468425255,0.106739416,0.229776473,0.092307692
0.8831377840065346,0.7918363219676016,0.9298357056971954,0.5964902901765387,0.2638994765145875,0.5672134870832061,0.2130483102696424,0.0012032929663414,0.785689172586424,0.3915657,0.396421766,0.436363636
0.670178449969945,0.0460652027082025,0.3508715438576756,0.2170535236115159,0.1802124773291183,0.2234746051238869,0.1279641614317898,0.6912897377011886,0.4985888175725511,0.059634863,0.418734572,0.2
0.8001343417400779,0.583268896572818,0.8448705125545681,0.2258734558755732,0.5935660476992342,0.9619684261756716,0.3153244690573683,0.8935893549548745,0.5525923395753324,0.196909495,0.715403197,0.64
0.079176091722898,0.4225441520650758,0.1130890891491835,0.473755803151952,0.0610984890872361,0.125513188067982,0.7517713473503106,0.5772146427235167,0.6622839431970843,0.196704237,0.133757109,0.573913043
0.9995337428655684,0.1260394930740556,0.2399872069386233,0.5589768104112991,0.4221376777949766,0.6949322401732363,0.3385998063846488,0.7950590372044929,0.4187847024999106,0.076216138,0.658505322,0.0
0.3043831996390191,0.7221560218897703,0.3115376941719503,0.5699990039554509,0.946271872697462,0.7055393909025884,0.69712588594844,0.5397709232614097,0.7134630155598176,0.362944834,0.463824511,0.4
0.0146127468653409,0.0419337575294143,0.8156063623587959,0.2076476786828334,0.7244371130180358,0.8757785296785655,0.4274219578348884,0.8528962140752653,0.9920438671084996,0.082824295,0.232718974,0.0
0.3006656913759745,0.6131582912120742,0.7390093674833741,0.8312110925866227,0.8337833480107334,0.0464345744781378,0.4237122126555332,0.7539504889424543,0.432527028396536,0.11962861,0.050854118,0.218181818
0.980916280381656,0.6532467247504897,0.2608033674750819,0.6048039886333131,0.8514776038113425,0.8365519771147409,0.3174668099206046,0.1718292801149856,0.2801961509293788,0.166785957,0.477590393,0.685714286
0.2389707803838849,0.0848319958282467,0.9015280004333232,0.0814651693544034,0.2433780939883839,0.9293579082385804,0.6617152850520068,0.6028368315518274,0.2161370622379675,0.096690389,0.360754945,0.271698113
0.1282688724083315,0.3893916073982509,0.2188960640404875,0.2933051442957438,0.7132672775812432,0.8868045041604806,0.5157280008754903,0.007050074399308,0.2166755680999322,0.176730379,0.360843156,0.293333333
0.4724736332296301,0.658565616620457,0.9774861870343786,0.8365754648595014,0.1288382413548247,0.4850405829524242,0.847802782460633,0.7540450061287463,0.7581416929129124,0.306312856,0.371097052,0.018461538
0.8030724861336483,0.830197146678082,0.9422335266012716,0.6442586125184633,0.0019762181720008,0.0012237428627265,0.936229820970234,0.6365178943719427,0.8035638242482263,0.589717142,0.080501268,0.35
0.725567466958316,0.4034795666601124,0.4545657726199048,0.0213799594140317,0.9544982440334884,0.0979621420573588,0.9092480156438344,0.7849746612817555,0.3136629669657583,0.21720224,0.223145661,0.410526316
0.5884825562751064,0.1711083357261452,0.8192989841646156,0.641068907166541,0.594695952548591,0.9529582412528612,0.2491125559469824,0.2170705994956743,0.0265312568911929,0.077339429,0.547343956,0.15
0.1593253125501443,0.2415378006083827,0.1604830893491617,0.0944950107370701,0.8725651764254861,0.5687333170506235,0.2302511843749356,0.2881746055001316,0.5750141556228491,0.124558873,0.335692304,0.514285714
0.658117366757732,0.6600039638591416,0.8609750855058037,0.6030212239851469,0.3516439419973084,0.580753572512052,0.1256165267839091,0.0742190425108062,0.29379938798722,0.232611818,0.290307926,0.0
0.4163965483713029,0.3303241490442521,0.95466222891582,0.5848414374526516,0.7844031571892318,0.519898233481334,0.979515788697662,0.2587578156732663,0.6255576722741937,0.257765546,0.353493191,0.43902439
0.0251910080854438,0.3941992956815493,0.9468524208392,0.4602551314973496,0.0674654636513346,0.5485206499126708,0.0572252522294659,0.7353019941263175,0.9283034413227186,0.142433604,0.08249063,0.0
0.9460693683623688,0.919968071277036,0.5949729631813072,0.2899049412676844,0.9464155137724698,0.1651603376340618,0.8331178945316418,0.4226714377365146,0.564197335882829,0.693131558,0.357770692,0.075
0.8563336709851286,0.5372378745161667,0.9054175729063204,0.0121339263101767,0.3035301019423498,0.245306743956066,0.9792611674349372,0.2504276813183981,0.8051264801549982,0.350149175,0.326112262,0.189473684
0.8623048899998174,0.9381205786763904,0.0189454425346261,0.3171522964366716,0.4628734708291001,0.3415499794696985,0.2980310488525384,0.1978631174394206,0.9881801232988332,0.375984158,0.372453757,0.342857143
0.4479374468231551,0.8982583567140278,0.8979433351701653,0.2753671284469432,0.7912183345709484,0.8521941086619733,0.0925179033643622,0.6086039255123714,0.2551521877281937,0.310871271,0.56983646,0.4
0.3123896856265669,0.5343800476054889,0.8370639734108184,0.7654913904111542,0.614526915277883,0.6020425481288972,0.6402438249876742,0.7911130627689665,0.9035586648562006,0.245881677,0.392564737,0.109090909
0.3745242700423792,0.1374461896459344,0.8783609647515938,0.0137501438300469,0.3420442097208439,0.627456683694492,0.4698795914828462,0.788861835024977,0.0761914867532587,0.088266514,0.284976679,0.6
0.0897755283019756,0.7149529456981957,0.0962464052855531,0.3962682932248534,0.2438435667680167,0.9270045764752752,0.2489962939411485,0.8449494321130671,0.3111567814402278,0.21629965,0.39786838,0.4
0.8479443085666855,0.2590482532623901,0.5040068634444651,0.8278137204927544,0.9261766576030558,0.6881033038551724,0.1668740053127306,0.9748762139229452,0.3333341304088928,0.070568877,0.547246335,0.436363636
0.9639792119177396,0.4140304971209283,0.5237091234557435,0.8666144781514212,0.1611467817203064,0.9399500493579244,0.2344089912031107,0.620646280076547,0.9203107833936364,0.159439479,0.555442341,0.45
0.7941120222218431,0.4546432652808833,0.2186280192975542,0.7796762998394069,0.5579419954592278,0.0564258670900943,0.3373797944977422,0.02999619933935,0.3391259394236504,0.120105035,0.150460067,0.0
0.2760821941726904,0.4273299673670035,0.7373399125139303,0.0263578024184215,0.077841285657131,0.6864317253103577,0.6186042268686731,0.9534773043028014,0.9837330627798468,0.226378825,0.474318313,0.331578947
0.5196770426870053,0.5158524080539962,0.0803899699759662,0.7929481107456917,0.4980275577672313,0.1804037501891339,0.6427250595724682,0.8282709941847938,0.7826009468136503,0.275488857,0.349761702,0.505263158
0.5940633409080152,0.4085604942524053,0.7772425286080856,0.2989559814332232,0.6547374878384753,0.8997686821252506,0.0795803205429297,0.0106386579480666,0.1293384183214799,0.124013928,0.21054587,0.171428571
0.3462582734895814,0.2331480480164097,0.8808108553376004,0.0784270594365602,0.6256112421545921,0.6288989873966504,0.4498706198500422,0.7040124247715643,0.4993108121382258,0.093964207,0.333771556,0.75
0.2312351572979623,0.460340989783494,0.7580771923638879,0.5281602697088326,0.8145255088738336,0.3690855394008392,0.3425051409267906,0.8583941561266978,0.1733662463093866,0.12662356,0.097221647,0.0
0.682492905001667,0.9363957795409752,0.4265021150256273,0.6270959215131322,0.7320572326188992,0.7689959041898826,0.5587538597218592,0.4925014165205632,0.1367981344096283,0.581330601,0.358538555,0.141176471
0.5983544663881513,0.9961037742476102,0.0031007054985383,0.6398462720459686,0.8082710291795336,0.6792566313332197,0.3117839219288593,0.3898704323800193,0.2339273260025366,0.115796886,0.56920229,0.0
0.6422315637331115,0.7562597017925751,0.6091491413703651,0.2684056663699875,0.83020240389409,0.8674622407056994,0.6468078275954083,0.2909734142645308,0.5419262634005431,0.427178969,0.534492747,0.0
0.2893505758555853,0.6122269328060985,0.4452672861553539,0.8329768674415209,0.4232250673013568,0.6974676606541037,0.0952138088264682,0.6859413904968915,0.2873923362801301,0.162980613,0.646187057,0.628571429
0.7908582527525116,0.5566010926595152,0.5283996837916989,0.7146217371090906,0.0938560243386603,0.6635410065195575,0.8236228657129149,0.8927918833973771,0.5444088339562018,0.299497324,0.520711968,0.547058824
0.8287469496950425,0.1770585678858783,0.4342461111737112,0.3909870271770939,0.0458725936476429,0.0018183850216808,0.3108688680431192,0.1280377224005131,0.932542619677871,0.076778393,0.024734947,0.0
0.5176833631535463,0.599031913429834,0.236717713568034,0.8081272807776305,0.664066306717987,0.0584525651795934,0.426899959250908,0.4448231699259446,0.0108940707474518,0.170448358,0.17810726,0.790243902
0.0304801348652798,0.1547904425132407,0.957973809465778,0.6222248132249132,0.1293902963668387,0.8126903338273295,0.0834164161785083,0.5120077893893175,0.7078672518939727,0.109324203,0.38848743,0.6
0.8899884543555856,0.8011546734227959,0.9651617905901728,0.2903756632338646,0.054205431886335,0.1320284471404634,0.0245209278579876,0.7810777184209401,0.7678790431574666,0.482047602,0.269825794,0.4
0.8374874754004894,0.9221752153099736,0.356906164899206,0.0477378783894,0.5955224736612692,0.0174873950841486,0.6398422523076502,0.5387444915877675,0.74862755660202,0.69003123,0.082235258,0.082758621
0.1756084635557409,0.6952573884913777,0.273987646555117,0.6048213145741818,0.8566613699999548,0.5318706594552396,0.7254274449606188,0.1164004572532615,0.7409167265142826,0.342994387,0.268253164,0.025531915
0.3904097793469775,0.0755449724412382,0.4151548075261179,0.200034407824912,0.4632840226391159,0.7680529556117509,0.0237904399129266,0.3532821385637212,0.2152223152929079,0.08128512,0.403667506,0.352941176
0.3676553204862648,0.3401447446633237,0.9252326112496938,0.7943451853088064,0.9770051293459836,0.0523086652918366,0.3728352981051108,0.9280380808170752,0.0967885704770392,0.107579167,0.112853209,0.675
0.1182224552323639,0.3521723990136176,0.3387080792519741,0.2176769688011288,0.1033811255824823,0.0782103935493528,0.5562075750255591,0.4464356354404488,0.3298682676888773,0.162685122,0.120992584,0.58317757
0.621670069468765,0.2234662647529421,0.9864490476527554,0.5465424075581342,0.993557908378328,0.526395338495201,0.7813333961606448,0.2075487117841767,0.6123703126363114,0.12985538,0.565450832,0.203389831
0.9715204220548164,0.0376884186565088,0.9286630164185602,0.4316971319785452,0.2021181532674553,0.659843693873686,0.6610482569947924,0.6007226527475278,0.0236263113800042,0.093452779,0.483664711,0.613043478
0.8852620406938472,0.15735929428898,0.8018562267570198,0.9209437757132616,0.3990948997538192,0.2181161268340258,0.3519064478614565,0.962187769747534,0.5701999020335257,0.082483221,0.406600978,0.56
0.538613226292748,0.1156552050915397,0.4157444474374878,0.9368068700718042,0.6833469322446899,0.0975381456307057,0.14176376291737,0.2796142573618033,0.6629816003644927,0.118909546,0.112480747,0.0
0.4344281657735744,0.3137450479052297,0.8302117305592402,0.0416138746852041,0.73783373983377,0.33111951213587,0.8865780552026086,0.6665377345713562,0.7402105192521694,0.175055691,0.403418449,0.51627907
0.7558367460187004,0.1853772397370866,0.2638177943920241,0.1711820226382794,0.9505999884002464,0.2923448021421524,0.5474159688553064,0.4489928477163754,0.4508353201698764,0.125132493,0.464734861,0.6
0.3792549022388189,0.0302250792540594,0.9596346851834432,0.1602840934172708,0.9614906477767592,0.004137400864829,0.7447295666487566,0.6951965113709068,0.816085671456673,0.101553809,0.056092207,0.321126761
0.733632108617042,0.706421209718308,0.417941001775871,0.8178119103458776,0.209124133533425,0.522887305024992,0.4338135541038708,0.1307849741193584,0.6301852027523772,0.184349332,0.527344627,0.428571429
0.68875959791571,0.2765357247092059,0.2370631859748446,0.9349342101583764,0.5654886886649866,0.8059001782622672,0.7610881881870636,0.6883191061415574,0.7285825406693576,0.127647839,0.53172969,0.0
0.3055640565297093,0.9432800073446076,0.6443288682407237,0.6745748592118757,0.9960302326867208,0.2979648382184339,0.8611680523072233,0.5709522432194455,0.3019228944220015,0.523834225,0.409699552,0.568421053
0.9775994036869258,0.3997938953915753,0.3830331325346497,0.5985646688471568,0.665527764533452,0.2105294883298853,0.8602745356550562,0.1462739791251431,0.0573400927521547,0.161849406,0.323528042,0.282352941
0.7193728846136527,0.5849432841404867,0.4159210222810249,0.4574543021842721,0.7418181784708151,0.0560277224257115,0.1956824940715987,0.8731956540854492,0.9437875021060412,0.182943382,0.091180527,0.0
0.1214439485223434,0.7741950161504155,0.7012378775459434,0.803962087965755,0.9904632755504404,0.337927629741517,0.3482203001997642,0.7636703943849591,0.5801320881865494,0.247118953,0.277641911,0.266666667
0.4245844089313948,0.1202034143229227,0.2017345482948014,0.16528152158132,0.3305001315320165,0.6873452800541748,0.5579275198725004,0.3645952671280583,0.8211339722891947,0.130765146,0.415248595,0.323809524
0.4507742089111066,0.6764110026648119,0.3847707144075323,0.5341156617674893,0.6097522963936189,0.9411513563009124,0.6503818737072857,0.2588887565432887,0.0566192783192361,0.33025339,0.506082214,0.508235294
0.4945268018924941,0.3913241581274451,0.5929817770095532,0.3589447870248541,0.4277073134543522,0.857497240406283,0.0141127308067118,0.4903795308828809,0.0649984957084078,0.065847524,0.22265358,0.5
0.961568930685459,0.1399434652043316,0.8215521799027803,0.1623286287840525,0.4278699907031087,0.6014217730749404,0.5975468012519503,0.3944649277229817,0.9096831465703732,0.128832307,0.495354283,0.0
0.3931555290729186,0.0953911559537565,0.9690092506370914,0.7702959700838068,0.9572028433963636,0.3110100504471575,0.8491567245306375,0.2043520298006044,0.2524346908623373,0.097049476,0.317506511,0.534653465
0.5208430493100211,0.0633422085638023,0.0504108953471486,0.2071008454375034,0.831148470461708,0.6734046941550473,0.9191826964590042,0.4653166623988432,0.4811182830381293,0.083567705,0.541423849,0.04137931
0.5903402880454105,0.4553473390000008,0.1664798762162928,0.7256161580097505,0.2456123027910374,0.345816323147851,0.3613285788548069,0.4316941880954003,0.0382674783444976,0.121571596,0.3877387,0.45
0.998548540641847,0.0010888265504853,0.8034989978217548,0.7813169999411406,0.6047378343269713,0.8714389507940783,0.0807315689893991,0.7137823930944552,0.6624257614791721,0.055309011,0.600816931,0.228571429
0.2878452093285405,0.399926379470624,0.9140681630587132,0.4032920380853242,0.1812803614264231,0.8559025930986061,0.935672913102758,0.3105496659417538,0.9810537079113388,0.194045383,0.52143915,0.45
0.2379202278593137,0.5376525569165863,0.3049709140086342,0.2873501286183826,0.418543223208745,0.7255092937726461,0.3646598943754459,0.8577444642627224,0.9513752753736914,0.13099089,0.403025964,0.646153846
0.7654628698416257,0.812275041164914,0.0162659972496843,0.2978659492890499,0.7653663819658457,0.9471105947728572,0.5556090304408332,0.6874664099402616,0.9157997945020552,0.50508768,0.631771856,0.0375
0.7276898114813166,0.481984263034661,0.8216973905631502,0.9640606383830532,0.5043512559757609,0.6945119149761916,0.1384161232739066,0.5852519057216623,0.9204688744462044,0.147004593,0.533248488,0.266666667
0.563502530038443,0.5084435986633854,0.3828986495395133,0.4927796411183761,0.3089470986504231,0.2295045251368672,0.9006820006669961,0.7814646192585771,0.289071743879385,0.249564092,0.37100757,0.64
0.2702266698302515,0.6107114506312611,0.6703036842279337,0.9773296486842188,0.8674802761065619,0.2846853811711818,0.8035943769924854,0.9153411154007892,0.1645995165331857,0.301062634,0.340292642,0.617142857
0.7199460089561934,0.3832615653684457,0.7239527039098815,0.2882787458882665,0.0464767249246373,0.8064338701623623,0.9533884100870448,0.6673209169783473,0.6298071255946173,0.200599201,0.562284299,0.404081633
0.5105511371059328,0.7106056012135596,0.3691702148674184,0.930501074517531,0.258880622515223,0.822448797393073,0.1283161036797653,0.8460687526376719,0.1816813772619782,0.269154082,0.481613271,0.6
0.6526031757284416,0.037675409302554,0.6263018261317962,0.0715038303153633,0.3302458487013894,0.6926770073117018,0.8427614489971649,0.0903395959946163,0.382199148144409,0.119709956,0.619637916,0.626865672
0.6179957480050814,0.2627971711267071,0.8582085411300864,0.5651505422366897,0.2186604817436755,0.8874178859938759,0.4789834550857279,0.115783729675005,0.5452562213050497,0.103728598,0.595384607,0.469565217
0.2291075890000139,0.2635918162171975,0.5211482388581022,0.3243301672282267,0.2786572522718439,0.4682119214206842,0.3062019545728718,0.4096999122442516,0.9982290783150908,0.110736095,0.309621377,0.0
0.5042901775079696,0.5125837821357557,0.6204571404569261,0.477376529140327,0.5311658182784632,0.970217405050127,0.8477020011253551,0.8203433690006252,0.5741408301390372,0.306178227,0.547036972,0.09
0.4067539143399636,0.7374335033473131,0.2881386882402991,0.6930673873449242,0.2871421397292027,0.285308672084649,0.6432981618989527,0.2015093481880783,0.2377542888439076,0.397705245,0.420049514,0.72972973
0.8752031680983884,0.926349175280602,0.2217981715457658,0.6189250505904762,0.6334607306304694,0.2168124489227642,0.0105527907305165,0.0781016168626855,0.9805961584212416,0.456375034,0.280360307,0.171428571
0.7919417014617949,0.1301553067388933,0.8305026474935518,0.3094031364337245,0.0584188777778122,0.2688697071034905,0.022759295642268,0.1452880706063941,0.6774185131454838,0.10805485,0.448374894,0.666666667
0.4065026845473127,0.5882699303448273,0.9319404730103136,0.7158208351713738,0.7888133059738929,0.8354222804068095,0.2310891119576393,0.5641671511837022,0.633380323904109,0.192280088,0.79590181,0.0
0.634712183315367,0.4521288633209612,0.2935784165951256,0.226356892909661,0.5171645531830072,0.2855374475353939,0.8891457945938882,0.7990954139983566,0.2013608946368379,0.180821417,0.411858982,0.213333333
0.9703520909809878,0.1945594372692652,0.4312576252074562,0.190684572914716,0.2585871377740038,0.9037608347861094,0.3769195296436382,0.8094063964531979,0.0873499122719978,0.071356727,0.436761737,0.36
0.1867862936877643,0.6687757565272247,0.6490127642740066,0.8327226985224242,0.7014817045991233,0.4869184533023446,0.4906158952325986,0.9169717004647376,0.1787111018798279,0.134770051,0.421175961,0.4
0.9355965172521572,0.3532680602907566,0.1394447927362059,0.8014790016067435,0.8607556708224496,0.1428808383863411,0.9627616886441218,0.6586842813547004,0.26150400596335,0.159983027,0.30112004,0.310344828
0.8169956870253339,0.0635144102433886,0.5361222632385955,0.716147881357059,0.4143882062898423,0.8929361839413293,0.6496892965668728,0.341731054019139,0.1592029541974827,0.091601491,0.545511651,0.063157895
0.9748356096140603,0.8477982931976284,0.4558001462497651,0.5767597993147231,0.7502290820057569,0.5425902153954648,0.445090704057271,0.5123230694051614,0.0750241655407173,0.304379659,0.453938854,0.514285714
0.4838813892787782,0.6260707556061457,0.4350024146064994,0.3660646121302241,0.1077699230902695,0.9448800103217776,0.9521666229594844,0.7316485794743866,0.6666650489916418,0.314521422,0.441135162,0.508474576
0.610940188430694,0.9767582058099484,0.1348277492772972,0.2292284874634697,0.917480449982172,0.5234219438981479,0.2271586611942959,0.0377417443544122,0.4280969974629777,0.340794677,0.488140886,0.24
0.1960767395404529,0.9748794650342726,0.0455319692194655,0.8116158268224561,0.2029226669611944,0.1237344732825721,0.2754464613043559,0.6400763723817864,0.9531129998336112,0.456137774,0.151815752,0.581818182
0.7562729117778583,0.2269213266664445,0.0398297966096852,0.6857282817877918,0.771857309329507,0.0241562399927763,0.0221186287873015,0.867720253500047,0.3995273792087417,0.081126992,0.07664644,0.553846154
0.541030602216173,0.9036559624439948,0.1812965542590761,0.4311882241979488,0.1257120851290185,0.5194375631929374,0.5835744465310256,0.3659044761593868,0.5297723878577884,0.503737299,0.414906152,0.494117647
0.3978547691892549,0.3281498839176008,0.9306305670314992,0.3333748261123171,0.2434189678002241,0.0461371284237945,0.8310119462551538,0.9987981371516416,0.4397137933586615,0.193940679,0.084926253,0.181132075
0.6858768601951901,0.991233885908156,0.6685083153418141,0.0594889138932231,0.3696201537749916,0.142653997060815,0.7936811133371598,0.2612764834225063,0.2119722817030207,0.577228589,0.319396602,0.323076923
0.4830861168057989,0.0136654756871036,0.4979752290095728,0.917049905594534,0.9461874163915632,0.7585787301278056,0.9788453767743523,0.1189638094414926,0.3091629646313263,0.083582475,0.545659478,0.394285714
0.6949315475890905,0.3369279599757325,0.6534437436652136,0.7012287887160316,0.5585824265192365,0.4513718358553985,0.391902867948473,0.5275865310317648,0.7571662968695864,0.145943177,0.493681793,0.0
0.9320712966858068,0.7151256942855575,0.7668469560964302,0.0316909169155205,0.5909827641003776,0.5587971951423608,0.1107983784195048,0.0135010374400539,0.9431471193861388,0.293610846,0.45717916,0.16
0.3675226165049307,0.9915890239199578,0.0306745611864691,0.387984060043376,0.7331832128979688,0.186304025316139,0.7806613414465897,0.3139578807279878,0.8016564471493001,0.589438115,0.240466955,0.127659574
0.9357587946432396,0.1581010145117348,0.36356203145193,0.5575221088235071,0.4656370849671903,0.8311124070442877,0.4768233556743063,0.0329463708152233,0.8837874151347126,0.096735634,0.687131857,0.218181818
0.4169426045494352,0.2076260103457834,0.1390978756386851,0.8837835645204727,0.9181178748942106,0.8192121910568877,0.0955948224143303,0.6968941245544112,0.9945764565264584,0.084355934,0.46482719,0.054545455
0.3593671820774706,0.2185449804797337,0.9480865649837136,0.6708078827527059,0.2170226623333999,0.8143399264964305,0.350760582037952,0.5698721917477518,0.5066183965424278,0.084190342,0.508723432,0.329411765
0.0655316006185596,0.3686088958820076,0.96402171071407,0.0033998528535028,0.3636611038375906,0.1664820278257643,0.4688618783953996,0.7665393042839745,0.0007149862068146,0.113389303,0.135570927,0.857142857
0.2656821854294076,0.7363677946719541,0.0430138722224289,0.6006213237312007,0.2695579400069422,0.4379927006280639,0.179548668619323,0.2294685742453147,0.6698956061915986,0.221859485,0.18811659,0.0
0.1683805265107025,0.4710083249879145,0.6523581354532215,0.5833844052304598,0.5647845096918865,0.3559864059934237,0.4044299951243212,0.981061023390569,0.4023238587803318,0.132844628,0.278025047,0.375
0.2085213453491734,0.1606474618590408,0.0491358576195154,0.3447062030033959,0.0448429150287469,0.1972418795595301,0.6988438861429184,0.3968955233332256,0.485947701688371,0.109949953,0.09833373,0.245454545
0.8481135696354025,0.4314380421244407,0.7318958699232102,0.1366991299574576,0.1763669814135773,0.5138399730729188,0.3258333802730269,0.5834365439692352,0.2932724199065312,0.187361984,0.362483454,0.266666667
0.5141506589472613,0.4729149279263552,0.693707740658717,0.1023632120215493,0.0360871524554259,0.9204053884808364,0.946641259578391,0.4653351172278223,0.0972190296333164,0.215874546,0.514604397,0.204878049
0.8854710185527599,0.8687542552467282,0.5171957670543006,0.2460284986087201,0.0229839092216997,0.7897163564141304,0.0886629200330799,0.755519852892777,0.1148044160098875,0.32524954,0.325594764,0.675
0.080792426174991,0.8620035419985722,0.4964985667261028,0.3732586761063337,0.1650277305087754,0.0084006281476808,0.414083569997365,0.1241675672528123,0.9461828755742212,0.399610603,0.00742722,0.276923077
0.0138797232381179,0.8124833594480187,0.4164477557706988,0.8858485217659376,0.9637386866735812,0.6882907279567576,0.7204767345990998,0.49527571343035,0.5355253262952059,0.376239529,0.289380416,0.276923077
0.4774229979166572,0.7274854004764887,0.3813461167448604,0.9760502144647708,0.227203553639792,0.8063984271165127,0.9079102710838676,0.8225924110838154,0.8430414391586026,0.375992875,0.473559576,0.0
0.2709664406377394,0.6279718625536231,0.4103777183657001,0.6056508085508204,0.0400594076175726,0.808102340109983,0.3121868236732806,0.7867530761489194,0.3129761149726288,0.180123889,0.444697138,0.6
0.9958450569079736,0.2551773079426868,0.0177319453500888,0.418395988945779,0.4469701437316284,0.0493927050518804,0.4532475906289069,0.7602820327753415,0.51146785131481,0.11123764,0.22882585,0.15
0.347101038846019,0.945088616668472,0.3647589588613751,0.1949373446360964,0.8943722896987246,0.5760512109187432,0.4172206741855705,0.9399161978719128,0.6555963323466422,0.366282132,0.322524538,0.266666667
0.4897169081057422,0.8273800039767091,0.2164289395058489,0.29869727291248,0.6106135315333362,0.1974805713807188,0.6509597650111545,0.1533989205992688,0.3797856289733142,0.473943839,0.189581892,0.072727273
0.0446029800685802,0.9491024211692844,0.0432669420140481,0.1031026559223746,0.9399550277289316,0.347426293317708,0.5797066417357915,0.0106665404789561,0.3385652087754128,0.46458111,0.216946696,0.6
0.621338223136725,0.8819232323670302,0.020918457715382,0.4686963984576389,0.0674351613515777,0.6780676458248327,0.458977986681601,0.3334194678958433,0.2301286538769283,0.284204033,0.539188224,0.7
0.1212972634294105,0.4738861423464391,0.3684497359344547,0.8961024575276683,0.8253057214919898,0.5292079834729897,0.0715680804106989,0.3128464449727806,0.5491118268940448,0.169686749,0.245127903,0.0
0.4594269484465828,0.2391938480193592,0.6406715483639124,0.4458211640461808,0.1578795836639192,0.5207540695148027,0.5037111011858997,0.115534673629001,0.9956966984931356,0.168402214,0.519394338,0.485714286
0.0793817657288661,0.6551945330751152,0.4836757329995553,0.0853919732548734,0.2823356053280642,0.3424712522132729,0.4255849122195585,0.3890775296809893,0.8793444311685531,0.201348127,0.193509831,0.15
0.461364107108006,0.0440783103594252,0.189834236356593,0.1268613713020547,0.8096938853527509,0.3484504070702353,0.1857778430316696,0.6534850969738798,0.1265983428161012,0.023432447,0.379147643,0.0
0.7595702434040736,0.5244337403327772,0.8071721106770123,0.5076521939154819,0.283534881819066,0.2431964246579285,0.223083328449096,0.8438460078835612,0.2799374862902513,0.137805066,0.187862616,0.0
0.8598494892356223,0.0573826960011309,0.2982290896535587,0.9781665949953968,0.2632400657001719,0.747401213239093,0.823623903989264,0.1209083268081437,0.1177010683383901,0.101541504,0.432320629,0.181818182
0.3603818038220303,0.8126393037224947,0.6446053117447185,0.0009339513157313,0.1711186122373095,0.3016634634869082,0.6615448089210427,0.4041882874287469,0.8361702199268221,0.558635572,0.209199689,0.18
0.3814347555069782,0.3396707921811609,0.5552074569816492,0.1037604833350195,0.0083287224823302,0.620578929072197,0.9843668010671106,0.6268017226456822,0.1797393959699158,0.151175567,0.429086523,0.52
0.1334867511705845,0.5151260062194726,0.4753702880186896,0.514126723187154,0.0742674687472815,0.3104116279751592,0.5935743892279559,0.7703255980857489,0.8299178111504352,0.282861996,0.256462454,0.5
0.9704645305877142,0.1021942348361872,0.6345284435962041,0.0182282823054521,0.5911040857833643,0.7216115448563604,0.8586493078661569,0.8009620562990343,0.0653081874869113,0.089984544,0.563389648,0.08
0.8088020476383371,0.6869665414152352,0.5494874868046814,0.3007722131580999,0.4985348802122725,0.3532532442902065,0.095063163679205,0.449520186810988,0.0287170026822539,0.301867419,0.159217382,0.993103448
0.4113816446278654,0.3409578824767111,0.9088790753493756,0.3667714010471219,0.51125343246424,0.5247859880486264,0.0748874825664769,0.2712670622468837,0.9115291895960316,0.131968969,0.366543525,0.694736842
0.2484860554576704,0.4951721505174509,0.8023312266869113,0.580125765379323,0.0224974580549922,0.1124913114335903,0.4142323400937846,0.7167007453015076,0.2220457011650095,0.148225785,0.115674429,0.266666667
0.8415246060350206,0.74050948583161,0.6066559516780694,0.0815561626903111,0.2920313764447544,0.0239025511170957,0.698418220885119,0.0344334720850837,0.4376184418904835,0.570530337,0.134472003,0.530769231
0.7236077999717256,0.0904427783149649,0.8022823045835062,0.1161868031811814,0.931353343394335,0.0561999202255797,0.2564247373282207,0.8860724626686937,0.9320480468655205,0.063415298,0.24390183,0.709090909
0.3707817160497441,0.3185080450294502,0.7647452469693338,0.5236475395461183,0.64918020460867,0.0936819258309759,0.4703914151279075,0.4018550494995149,0.779609260464726,0.101041103,0.222674073,0.466666667
0.0834882208985409,0.6878866298914779,0.2300520274767854,0.1206999758780668,0.8325792133462646,0.4131847269784042,0.4444326915738295,0.2809286341426662,0.2014810900613051,0.252138809,0.236086693,0.545454545
0.0537091886930239,0.9988397550630932,0.3259215960624374,0.8851623548178948,0.3009354228336243,0.9050782339240429,0.2952755543301852,0.8693782210864622,0.640547831248214,0.467275114,0.221719331,0.0
0.2833310593771813,0.8894491413292577,0.9672320412418332,0.8016292615049618,0.0549173402543561,0.2304331552129742,0.610676091421792,0.015070317633266,0.8600741736438076,0.609874246,0.20404441,0.0
0.7282437054547602,0.4133444266787529,0.1065613078194218,0.5879367524768013,0.2256630496542183,0.9441045913500516,0.6174034973580789,0.0548375336569577,0.3959191434437898,0.201966424,0.597179955,0.123076923
0.2966909727325378,0.0631768029947458,0.3306186118889767,0.1081891950207921,0.06360199864209,0.1021389069136087,0.5476207339236773,0.4650035655559428,0.7001110672009858,0.095591631,0.146439635,0.125
0.9443902882497324,0.1193239725404222,0.3894039205474742,0.026206951073325,0.1584509631949613,0.9903446408428096,0.3043852275566415,0.4385850702168321,0.0969500145382469,0.02590793,0.632071642,0.2
0.064845907572666,0.9699444214675146,0.7415254213013669,0.2195652757737497,0.98395168919268,0.3133232959299306,0.1742951194453978,0.4696246351454943,0.2820317505445519,0.324928071,0.238636353,0.507692308
0.1758430881571412,0.8913131620292343,0.1899508372857394,0.0158310203077786,0.6568581763904052,0.0362704679291864,0.8025400954357956,0.4650418576028274,0.9540548150468808,0.480973712,0.073123559,0.512727273
0.2445590871084987,0.988949601124128,0.3046873992869058,0.7781430950996091,0.941287612836354,0.4425154910207975,0.8956464811153565,0.5675976963020828,0.8080743778885866,0.696337727,0.418373571,0.440816327
0.8570158735878001,0.064546088206856,0.3039557147184196,0.3063971172530435,0.8382540927417786,0.083627299768263,0.5605213316593749,0.0148332039096459,0.353753350303932,0.092780123,0.243385154,0.174545455
0.9800886147301818,0.7379681223122241,0.3997077747446237,0.0442524418781912,0.4852836195853366,0.0190921480361914,0.2799966254653626,0.9720537978770124,0.2584899235924116,0.256867726,0.108208337,0.763636364
0.5715301695579944,0.8472679521312229,0.9145023081048408,0.4524703980841426,0.4934479044627862,0.4032092574848938,0.2787780202283813,0.0677385451091868,0.3335523092067254,0.270828604,0.448314362,0.490909091
0.1364675327528315,0.8296220656285671,0.3958846298430664,0.7781856572144438,0.3763913008409688,0.7479723644812806,0.6847587309510199,0.761595456351103,0.5592868333599194,0.482898337,0.41278744,0.259459459
0.2230517759055398,0.6895294134473618,0.3986554397892086,0.8191800922773248,0.5627648538122046,0.7436119533124488,0.787407289881633,0.9526062747187348,0.4540390993108062,0.337388647,0.451001876,0.405882353
0.5325441161072296,0.4117847273193878,0.038798622654406,0.1017901055795247,0.3221822383036359,0.433833746792948,0.2491412489466904,0.7963931183810709,0.3639198304352603,0.114737232,0.500592907,0.6
0.7077167659611879,0.9449702390800108,0.3435411088493553,0.60177274602836,0.9053216704470042,0.7602437626497439,0.0058409304653131,0.4252606077759957,0.9304263072931268,0.35320311,0.470974397,0.553846154
0.651514236790413,0.0910948253309525,0.6506876651477624,0.4564036142516042,0.9896887288222834,0.8173544258246304,0.5866638482450146,0.8825458822273494,0.2059510407621864,0.141376852,0.452492108,0.0
0.3206349951753598,0.5994927605793204,0.4722277278288809,0.5932645276201557,0.3705395082255942,0.2195675784474132,0.4179310083403492,0.8936026836668856,0.642237146183005,0.192357221,0.368456985,0.428571429
0.6047230703153824,0.5646885275618684,0.551336654762775,0.971437542047166,0.261455310084522,0.652719389542458,0.2655385349597969,0.6813459015127766,0.4718546171259573,0.226595264,0.509512674,0.0
0.7611739349424655,0.7998664775670201,0.6481818700198335,0.4345942463145404,0.2623242499247746,0.6310474678202048,0.176398719883585,0.5630201422901905,0.7838478086579915,0.338545358,0.495976741,0.3
0.7244225776903506,0.6786735879028585,0.80337423938903,0.8513805579778756,0.0216075617027627,0.1808374706353472,0.3404411222653827,0.930045937847343,0.7575994578204026,0.289970175,0.368547695,0.272727273
0.461527825289986,0.0463698045783952,0.810524956027013,0.8560975845829001,0.5238505836358732,0.4647857128770238,0.8308488988475331,0.8361144684617824,0.1629200222822885,0.104106525,0.34657708,0.171428571
0.1533121543719867,0.2280545142931326,0.9356356768707804,0.9984060224307024,0.7554516653670745,0.0221397161855499,0.1656893083923645,0.6026356925139092,0.5305562489831477,0.096228719,0.024323345,0.48
0.5113826195862236,0.9856265941741944,0.7998993950270054,0.0529409096699899,0.5413294697751099,0.1520533523714622,0.2984678512320668,0.0005176554609022,0.2263036216909666,0.360809527,0.111842478,0.0
0.2008338101570715,0.5790804186369357,0.0368340750796469,0.1006905869276694,0.9490519641077656,0.1385313493514877,0.0128245138156363,0.094917148948584,0.4729401680790503,0.200046685,0.08213436,0.32
0.7502835588298078,0.4109065512985914,0.6910516409025079,0.5308827942016113,0.086247533663786,0.7142197106281419,0.679901191613882,0.8530968655029068,0.4396191664059248,0.206505945,0.548544128,0.085714286
0.1232320091645046,0.5414309678732019,0.963971380882044,0.0548960270261288,0.6648130090893611,0.336659466635303,0.073533782283228,0.8550528095591211,0.3160363806463631,0.145075453,0.29420425,0.6
0.7421943500919904,0.2494626303496581,0.7026163263480735,0.9469800027085024,0.112226557714175,0.749685129924083,0.7455113970986773,0.6440836094866108,0.6770101247688721,0.146623101,0.485939867,0.08372093
0.6206766129691005,0.9568641423690384,0.5505651808293698,0.6751855140965956,0.5791178816905544,0.9478810703489235,0.3612438504439796,0.6326064091563546,0.631110262445189,0.404283518,0.60651464,0.705882353
0.3771897408014404,0.8951951774064454,0.121789724901986,0.0301009228170604,0.3261325596267623,0.8237348532302629,0.887254149722877,0.4434421491398496,0.7179673216079925,0.622049799,0.454888985,0.484615385
0.7962729558347702,0.2116154191249361,0.0272873228090947,0.1457741321825406,0.8435494184494374,0.8661836874843962,0.0313664137051843,0.827402794075173,0.8854086812612447,0.08103648,0.380955867,0.12
0.2651638123397727,0.206220947459126,0.4499188996709669,0.7738400025576117,0.9491399193541812,0.915141319878794,0.1428599896446385,0.4034646918430246,0.6661458710588143,0.089626716,0.503671257,0.0
0.5166988239830571,0.4946219547095971,0.3024992284583915,0.0332814327732614,0.795302394777953,0.8785859069023662,0.9704082406999828,0.7767745742208017,0.5623255166036436,0.297159116,0.522534989,0.088888889
0.6510760107277345,0.4582411632760172,0.1135983682521575,0.4237450715355653,0.5379803056897203,0.3258657239343591,0.3739117502604824,0.2857032828875778,0.4360065632013169,0.105477459,0.162967042,0.0
0.6881745565385881,0.8974749489404097,0.6984141894032828,0.2398614230996626,0.2440700102438739,0.3952553901884623,0.49164748065966,0.116617629839123,0.3707006754189726,0.210934373,0.351980624,0.675
0.3360755237917734,0.6485148566807191,0.7106169167341309,0.2937921415065966,0.4204070339718384,0.0682540171379239,0.2597311388683833,0.5438722331147676,0.926728966855382,0.210489336,0.145584898,0.733333333
0.4308180654006773,0.096745945259221,0.2676004394944044,0.8655457491227829,0.4521083079248359,0.415321976097627,0.540531969597305,0.0023472225392455,0.4656281288912229,0.089135393,0.203776951,0.0
0.8796571345323959,0.301025574451731,0.4123801163373494,0.9793560829964656,0.5270883949332279,0.0377380595444996,0.0130467213970496,0.7863304350322748,0.3725416365599913,0.102966997,0.207313621,0.514285714
0.1423949405082932,0.4441057365483792,0.2783632562795878,0.8402339975504713,0.5341271219792829,0.947034792823831,0.0080582634225512,0.2640220906972184,0.084950546551346,0.161678101,0.252283186,0.64
0.521038918140308,0.9610370767126624,0.6533121708976367,0.6428078735588478,0.11067380447307,0.4210219762748123,0.588665986461322,0.9127868100035702,0.8114423515206893,0.713719678,0.333400135,0.0
0.6305319255403812,0.6727005404617394,0.9074068552316152,0.6827093942001776,0.6183347492351442,0.2678877440468792,0.637318401743125,0.4380973662017386,0.0854739616577625,0.336115032,0.2906957,0.05
0.7675117458799406,0.9347875496218432,0.815942371589995,0.8524550595041582,0.189978884611865,0.4267102260144356,0.3298393464346996,0.4087337628104502,0.9697097378468608,0.39648966,0.400068061,0.12
0.3224585945125661,0.0682884890369831,0.1483223844329552,0.2868011716046521,0.9793080069362226,0.6386983855350378,0.765320838408632,0.2852545086564011,0.1370168269452387,0.100077872,0.381664765,0.430188679
0.6356802952206295,0.1721896693510283,0.4626175241406224,0.6427088813625511,0.8116195334385234,0.0663713121961646,0.958611812054448,0.204990567629429,0.6857341968552442,0.115496642,0.150236868,0.070588235
0.8706408555235791,0.6977149959237824,0.7036005260105825,0.1547805474081948,0.7867813249476174,0.5794269943689674,0.3721067712627611,0.1590166157549246,0.0689651320415151,0.234443251,0.343290159,0.553846154
0.8429619099226049,0.3685431405703613,0.2313581663291547,0.4777986870028432,0.9338565445827958,0.7418399019109704,0.7197319386851342,0.7066500989301753,0.3295808198749536,0.13863007,0.537124336,0.181132075
0.2974706305770845,0.5219424959019708,0.4175897550963249,0.3222029863683721,0.5698147129749056,0.4207124565671907,0.3155058275912541,0.6326570450526996,0.748835004784077,0.151823674,0.210733501,0.0
0.6652911292489788,0.920667844614426,0.1017673013369327,0.2798634433554779,0.3887916342302161,0.373802547455114,0.1789839571313225,0.6539451008527003,0.2314538425789271,0.206767372,0.419327546,0.0
0.8289524468632469,0.8407074047704652,0.5435760962811049,0.9553012836103592,0.8924122644054138,0.1806330190663477,0.4321841683793789,0.6475195850552171,0.2164452992279925,0.2929145,0.409705638,0.66
0.0221490693375638,0.3342724378550208,0.1018439970561024,0.5850878798761955,0.703604210828136,0.0830436453646122,0.119924039453912,0.8594013724961453,0.4466631568117853,0.11878655,0.081254426,0.571428571
0.4019224455391572,0.0983360978129909,0.1028507975119499,0.2405391096716522,0.0538534770004399,0.0094996061402444,0.6055512448622237,0.3611747064216386,0.2608638128902755,0.105438388,0.044028713,0.365217391
0.666909908923158,0.8837616270179217,0.492816159061097,0.7295446300684706,0.4758698587813732,0.8813467554545613,0.6268667171759655,0.5749223844979345,0.2649260228590788,0.496461706,0.499279437,0.075
0.8008328226487599,0.6648671448432639,0.3697296140709226,0.7581265118366345,0.3431394434063175,0.1197317287038041,0.3074628531684054,0.9247724345334046,0.393518133052732,0.221811399,0.298355396,0.573913043
0.9774913436977748,0.6562154560992393,0.2557226497147965,0.1678628052045129,0.7099906430732703,0.989781391116909,0.2717206729217593,0.4509236711106502,0.4343680909726682,0.281996484,0.74906308,0.171428571
0.2242873390440065,0.553284955031991,0.1823319597872017,0.6292605587765436,0.917883494100878,0.6645137961105113,0.4891594818769385,0.7900061786582792,0.8771677037189682,0.138421559,0.367326109,0.085714286
0.6476769448293633,0.6946505898382848,0.7299359618718941,0.2316072700008438,0.6800906554506262,0.5862931952780429,0.5247505773650358,0.7521496137646683,0.2319177990789481,0.345563036,0.460634104,0.092307692
0.4715380722236183,0.4761997643921711,0.6201953115037477,0.1771622857598147,0.0013938430435895,0.8627550362674397,0.3711734452398095,0.2193653686032574,0.8262871559453226,0.178130289,0.545453535,0.109090909
0.2221839756383052,0.4921078274164273,0.0870878219477179,0.5655172645852968,0.0622671551002844,0.7561808997059615,0.2376199798308944,0.0469880442009187,0.2036573573252726,0.109711213,0.454929003,0.0
0.260144750786583,0.1078618641239032,0.2912713254077403,0.3054233756395457,0.7377058675581498,0.4617933803124125,0.9765380699967972,0.2654428756999804,0.8656860768472642,0.118739358,0.214171735,0.0
0.2828283002508829,0.5020781451177853,0.125517230791442,0.4837702239133871,0.551328885387146,0.0605978822125449,0.9704240682258534,0.7342069547855815,0.362840366820138,0.225471352,0.134317788,0.613953488
0.904765945054606,0.4126315478034374,0.2433339983523176,0.8684458301175253,0.1406378982869188,0.5546384242358373,0.7283826398650154,0.4728661684952039,0.1867856859518037,0.210417337,0.55611043,0.054545455
0.5698087554567219,0.6635894790814618,0.4536945533304811,0.2054988594633251,0.0248529629054446,0.862080278971663,0.7907333076570948,0.3858227018213556,0.793176567424345,0.435211818,0.477320325,0.325
0.4210490670510816,0.8608646237003112,0.6412224598579357,0.3180738260167436,0.8339354920037799,0.826297309284641,0.3244141123143872,0.1584936107591404,0.5406603415187546,0.264739287,0.50060108,0.384
0.9408996013682792,0.0832511421125642,0.4462822347902717,0.9020696247477838,0.8809112484031311,0.6888977166574825,0.7349772540685241,0.0471052594743195,0.609096288789712,0.081138259,0.500793871,0.0
0.6801439472209424,0.0967059236193521,0.2223085860161742,0.054511162884587,0.765841498398243,0.1083647217793043,0.8044624540190619,0.2547277434029504,0.3682373951648515,0.107935028,0.198547739,0.097297297
0.325456972535817,0.4442556930546019,0.4200634162936595,0.6330754599512067,0.158802482676183,0.1206237978673486,0.3566822726829836,0.1253024463597959,0.4952465533320307,0.165079076,0.119772968,0.381818182
0.8333128483914082,0.404673734684427,0.1449408701371224,0.124432587958992,0.3523178750966091,0.5768739028553753,0.4463938095840215,0.6969194592398313,0.6620953692174856,0.129332132,0.280874502,0.36
0.8860893995268002,0.8551263644555623,0.3717365453011113,0.468719753673579,0.1767637157827342,0.8895598757702406,0.9327642620215234,0.8195707835902906,0.4111013568009733,0.445739931,0.592284768,0.116129032
0.5255203197788777,0.3419597230415301,0.4273413076610851,0.5103580209210231,0.6599766031258152,0.065102051833965,0.4813588875015904,0.5032346421791287,0.3420925041355058,0.127354165,0.071720199,0.0
0.5388771017463605,0.3615365644595638,0.8879864227403992,0.5850677236958204,0.962017879031153,0.8629036457858279,0.9613559550245444,0.8514570514008681,0.2036268825697385,0.227717338,0.575396439,0.0
0.8379875087050744,0.8551455021335302,0.540388940022684,0.2482245019448911,0.9338650356802752,0.8463538501442828,0.8686062906664708,0.8684498265952325,0.5473800755649948,0.601919546,0.560502277,0.408
0.8971474665626185,0.541876836268823,0.0587315472244088,0.0354476838592042,0.477043882340451,0.909724069381271,0.3314476186801501,0.3081272084892822,0.7535034589329743,0.195380661,0.587639419,0.133333333
0.4772574719850599,0.5878958738539432,0.7188124823029003,0.9289443502525266,0.9225263840102834,0.2018770832474949,0.157864101454594,0.536645042263077,0.2095325004951985,0.202811203,0.238812635,0.413793103
0.3602810944249274,0.7501461131627285,0.4283246171183685,0.4977438500559188,0.9046299322138304,0.6152008585578403,0.4103483446986916,0.9911942546784804,0.7282613654744481,0.32024893,0.332346645,0.494117647
0.0464007850811342,0.529172498362336,0.8406464747642253,0.9952743004713452,0.961317607263802,0.1343723654370461,0.8253057332466364,0.160821446954977,0.6785423572093707,0.285361985,0.124233968,0.57721519
0.2839907665061902,0.1917223589088792,0.4696437515779573,0.7696867557706846,0.0578120229401203,0.5810018057769267,0.0259138168540482,0.0492884100276607,0.0670567314285525,0.073755387,0.37016072,0.64
0.114359523968716,0.6845294983585222,0.7462551552425251,0.8951716368349877,0.3223627545873714,0.7487577867094556,0.7462820749655277,0.768489346618745,0.645325358824399,0.401456509,0.253088685,0.0
0.7522162161226718,0.3961500490859363,0.391114398399263,0.6284145459804005,0.1621806178628831,0.0067625060513295,0.3385573760627095,0.3474279824012191,0.1883831924797757,0.126558596,0.062828318,0.32
0.0679595006932806,0.1080546737357872,0.3390992118107246,0.8116299806276585,0.7059507396266107,0.2583089567015377,0.6494264315254668,0.8977801657926057,0.7663055589698115,0.136767449,0.142714414,0.24
0.4993500642007149,0.3103753667639403,0.7174995310971392,0.5307708453458159,0.6164995951513526,0.2014198340703247,0.3231945912890271,0.0899154044351177,0.3040758990193951,0.11486786,0.328873524,0.72
0.4621940755897139,0.9279835712831976,0.7554370611292924,0.0165989261286233,0.0936946253247292,0.8021312420476298,0.2881545315504521,0.3020025407315737,0.7311999996556653,0.372449372,0.534023478,0.537931034
0.6657856738295986,0.6566954118330692,0.746330249629688,0.2780791049049611,0.5604169528738772,0.6904710341612329,0.7870169520265634,0.2412481092359139,0.2042769460235349,0.323304556,0.370873659,0.293333333
0.4982329054286728,0.534119842966313,0.3641424016355825,0.4244302433615031,0.662812046650978,0.4243078653759945,0.1920536045001392,0.6344925349225516,0.8418946402672254,0.219874936,0.351408277,0.505263158
0.9095122049015736,0.0420119315967063,0.3899603186159985,0.282374567037239,0.6580632856320474,0.654044140120462,0.8127057175488092,0.2720634871976916,0.2911704785535769,0.090165856,0.463000636,0.377777778
0.0548340559752311,0.8237711335114684,0.5564647133680111,0.0514332220800771,0.0309240244984114,0.6830258275958234,0.7498968267982158,0.8487378885209821,0.7896657125623836,0.565440176,0.237798152,0.124137931
0.5596555373494049,0.3224831961961669,0.6940615283321342,0.4224707171149581,0.8966447308843303,0.4845531667386273,0.5135686709048957,0.4720748958429545,0.5389098956512532,0.205878906,0.477488506,0.105882353
0.0035850511851366,0.9152454051359104,0.5237950794007382,0.0248587113123384,0.5450141133321583,0.2446864597356395,0.5479484065801828,0.5720550175343461,0.7494105232617725,0.614245053,0.058633612,0.034285714
0.6375718991695682,0.0175935268033859,0.607093258096089,0.030554558767459,0.4115420555070234,0.0494057437308012,0.3677947911920604,0.9377863743869992,0.7702198960012704,0.067284828,0.123574546,0.342857143
0.5356834732035927,0.3744520380455419,0.9418413126960996,0.3632528369014888,0.9044717194109336,0.9985447348084724,0.3942591964556247,0.932934153121063,0.4084642328649158,0.134417874,0.46486968,0.2
0.99776320528894,0.993701058351922,0.8566677824053297,0.5462742589264163,0.9209125648826442,0.5094344778815972,0.085973151358589,0.041050844749611,0.0059111924759828,0.212709119,0.282090971,0.423529412
0.8651615427100158,0.5367611697290026,0.3859421703968666,0.1696032991653053,0.6410532137541658,0.4722183354988835,0.1972017249800466,0.247375353077272,0.2970765877442261,0.174400372,0.441308372,0.15
0.8362013133704229,0.9876444387216752,0.0924005929626456,0.2318689531035892,0.7303560299757751,0.1674828764391647,0.0050967760093499,0.2944232309864347,0.2247382108512136,0.335846869,0.355381145,0.641860465
0.3775769339276237,0.0365158216472955,0.8177403157910218,0.8693849425880711,0.0313023163218432,0.9427126237187784,0.3319288759502588,0.238238749322535,0.739451070416388,0.094747232,0.57071704,0.6
0.3203650336718286,0.1721028765878783,0.3688085617800829,0.2530827441903531,0.8497105316593606,0.3286944156521998,0.8920396697755522,0.3083286882340177,0.239125662151477,0.160387212,0.353758402,0.555555556
0.4519250611989998,0.206603051056593,0.2479060731822298,0.9699829506533854,0.4537408373431491,0.6717804109544647,0.8054900348871742,0.2878630753686082,0.811973339802,0.119076643,0.40603839,0.0
0.118642030112458,0.6952281732076783,0.1115819060607713,0.3847308325838087,0.1507948962230284,0.7194475123873564,0.369287982996839,0.4849185431278247,0.6605245811899498,0.217173269,0.229543974,0.1
0.0624754069486593,0.2354255740572219,0.8811601351236207,0.1768439544560544,0.0990811673540135,0.959322137704796,0.2506931495900628,0.3263020258998316,0.5448954494797444,0.117726068,0.225818382,0.313043478
0.2366184197966261,0.3343133001882187,0.9175951213216093,0.2527639845113993,0.1631446787660552,0.7009274587512329,0.8009789626901326,0.5287109554397704,0.3517242489119407,0.191168929,0.389163636,0.054545455
0.271703842794844,0.7490921726704242,0.9761803435531226,0.8187442312143544,0.7961117760069361,0.0242401842942741,0.6841666510458116,0.6271709379996583,0.4440476510146794,0.439847298,0.04145504,0.0
0.97130533094045,0.5786846127073458,0.5643304027104554,0.8050734856544759,0.1226494884145253,0.5776864583760962,0.2792426455443925,0.6324510427997693,0.4315636514821142,0.167064474,0.624462888,0.3
0.0602106683267055,0.746692518886392,0.1882241893759317,0.9213670115550484,0.9316499770983074,0.4725398774344841,0.3587415569819511,0.3447010659995569,0.8712109934092722,0.403163149,0.212625642,0.0
0.772766282821184,0.2581104963209721,0.3629453991173794,0.2724396392258424,0.4322094865461684,0.4333691039162931,0.2046032497591411,0.5946062947896511,0.4213268368819055,0.105953559,0.515777465,0.436363636
0.9592909757917696,0.4062424296659382,0.6140138837883521,0.8244915629454931,0.125041145227404,0.5234816579174022,0.3677967569746148,0.1406185082207548,0.7318572382725241,0.140716245,0.420204457,0.0
0.9921002210172452,0.2275234883014185,0.5504866169363639,0.3064614257681211,0.3431923665429527,0.2730008560529271,0.8470304152921535,0.0077675815520164,0.7496668001816233,0.170564557,0.308781536,0.0
0.3215619660318297,0.3622166437115592,0.8076103352609602,0.4848907546147417,0.8579554789742352,0.5399432626371906,0.7895677770285788,0.9756992013727288,0.516847987027325,0.191197988,0.29585428,0.428571429
0.9045112018804548,0.227656580890457,0.8815254504589968,0.6658751723549512,0.4350084452356838,0.3397425375872277,0.8469986599384417,0.1631796405676532,0.9686286162647084,0.177062167,0.528771562,0.553846154
0.5472757128172294,0.5015852997577207,0.6995413684015757,0.2410665416547783,0.5147719938146873,0.5835777701217761,0.047806828581358,0.6412225710947642,0.8428067496566616,0.170697654,0.361840933,0.72
0.5446273939608529,0.3854156411869411,0.2938508569099602,0.0588315474834528,0.4128499764914457,0.2345789800151336,0.7813909410351778,0.4111828032478651,0.7909630668117601,0.21214249,0.381943787,0.617647059
0.4833947795991278,0.5375008965361836,0.0005765130802317,0.9453392235959048,0.4994419967513618,0.4238120213556735,0.959492073486348,0.980635474176652,0.1800572002150253,0.263176896,0.316163339,0.04
0.3516574642649439,0.7329213905500108,0.3776381800934393,0.2910615500135849,0.8816606451988349,0.8089080086630221,0.3434788911365215,0.5419745294464193,0.3692798210709443,0.193789347,0.247766779,0.266666667
0.6076956038238954,0.1099632621591146,0.9215759978937832,0.8112250443967026,0.3840072622321585,0.7580871149129259,0.7925378074496552,0.988665807433978,0.7900495689041014,0.131353846,0.539172813,0.447761194
0.8106712891613645,0.8467692748153042,0.4517033688003457,0.0749851663014649,0.9086556889850896,0.8608853508811164,0.7406004871001067,0.8422905069553827,0.5253314171765836,0.549590768,0.587665798,0.204255319
0.4662378346700759,0.769479983165057,0.610642659118741,0.1138836001285832,0.8234160662214385,0.8887615514868521,0.2479744825097594,0.1327964338367613,0.1470749853154956,0.250040046,0.533022643,0.545454545
0.4280112529538138,0.2069980396832652,0.1129910965276139,0.3469139560130797,0.7060665383120461,0.9060666371420408,0.2849603793601253,0.7393254422404788,0.4798266793238859,0.089355599,0.435059808,0.6
0.9623692190683016,0.3734499607987401,0.0629046168656968,0.8032699740717834,0.4886646675956854,0.941321741831429,0.4710862804452219,0.1085125529250261,0.6947270583075612,0.125897869,0.337276091,0.0
0.9804517761775616,0.5117851340247404,0.1698471877893907,0.8264991437096711,0.045986357358763,0.4747265705812059,0.8000306155751811,0.0825992170276516,0.7321447133372635,0.262624583,0.59885776,0.48
0.3788004359030638,0.1900144422843729,0.1402058106413406,0.5291005984322469,0.9979537540433386,0.341416256653158,0.6246070327851645,0.4873856837299075,0.1385670096008915,0.115080038,0.382466307,0.644210526
0.7204445271806821,0.0870667615490123,0.8494186896368521,0.5850221856543004,0.4093502834504476,0.5562284790915103,0.0058997439299154,0.6179950817675735,0.3671682126566464,0.062432082,0.19698342,0.0
0.0817948278125046,0.6721888257320665,0.854907260781942,0.7214046624446759,0.9938855732430092,0.3105018314352299,0.6294743368946929,0.6374234973177733,0.942652129243098,0.398607584,0.160304687,0.081818182
0.3653163575774507,0.7969933842243795,0.2995682682950137,0.6209584260069789,0.2549026391284448,0.6991837812454728,0.8170502282538038,0.3045238205656828,0.7510610508502908,0.448867227,0.428173668,0.35
0.0699888228856909,0.2883407366430962,0.6113745192471209,0.3690812537776816,0.5678026933624234,0.2318483074313653,0.5128358307874816,0.0654317607042367,0.7783436112424229,0.149284212,0.229474351,0.484615385
0.3517578590337702,0.6460860047891454,0.7803661656358969,0.0603660598844609,0.924350755058984,0.6380566775263038,0.7849345369731668,0.8531308109697757,0.3528900479029168,0.282594904,0.399505219,0.3
0.2177569205759487,0.8430273561399569,0.283317318508422,0.3060410133682252,0.954437478407308,0.4381322224721761,0.1121351174977162,0.2103730481639643,0.4028098214408359,0.295581274,0.337423109,0.784615385
0.0478418046305682,0.9954354495626062,0.3496867590486293,0.5873495542768653,0.0320408852689716,0.3908595541501889,0.7312837926459046,0.4010455918418427,0.4499375223688507,0.555361357,0.185991841,0.368
0.3434652340945835,0.2399422279607054,0.6003865829383913,0.6187684122607591,0.7406493815702556,0.2290233552094537,0.548218528595734,0.5678903848983232,0.9078533583648885,0.165416148,0.323983221,0.451948052
0.2746365913581901,0.3599402213937098,0.697958666436106,0.7735479196264654,0.2701822811978137,0.4127078535003623,0.2868404415352509,0.5545511226695554,0.6466228024685143,0.100784921,0.144399857,0.266666667
0.7861543486086876,0.8476689685913997,0.1203645870446462,0.7880214581542775,0.2602036094238711,0.0135136723491702,0.1396124308687756,0.5758576229572242,0.4844260977748269,0.227711856,0.039076593,0.0
0.2260608772907013,0.7161882410548696,0.4850436392510988,0.5780797090728513,0.7785213768226271,0.4027331914410306,0.1601701673709845,0.6665212422676202,0.1243386724460395,0.28056834,0.258154732,0.694736842
0.6253157709619319,0.7270324248979755,0.5321552042446576,0.129427820431313,0.8026862719816424,0.4997386347056771,0.7989384829016585,0.179109797147591,0.3982300247804459,0.356871573,0.514838803,0.142857143
0.752579706225145,0.0848657063940511,0.5879247892345156,0.6074639310149001,0.2537726926654892,0.4462323253257839,0.3228564104718319,0.6083073090685682,0.3060248263323037,0.057694195,0.296145413,0.635294118
0.1895103248491224,0.4385615281215602,0.8819602495006151,0.2874092320722691,0.4189834970686861,0.1128975752112151,0.9328795754913763,0.7171117876874366,0.0334714280297601,0.166043004,0.098737016,0.75483871
0.0884925645528679,0.1818772389098445,0.4047023413875231,0.2803000274954932,0.6756661930012866,0.414360364320444,0.13086402228345,0.8598218073798203,0.774608657164754,0.089421036,0.266022632,0.0
0.2462402482379847,0.1858134894865715,0.2729909500079104,0.2042312468317167,0.5086525739097428,0.8680985812385121,0.3586330166639571,0.9684884185778934,0.0933498412210199,0.066338811,0.575385318,0.666666667
0.1808783844146697,0.4081917529320549,0.7772105721875431,0.8984622811623424,0.4741949951890896,0.5241434546287421,0.1320604152760047,0.8709217322559245,0.1978629510629741,0.154701081,0.252603931,0.48
0.3487499881140262,0.6131116428008726,0.6681422207377851,0.98955710752347,0.1916795690082385,0.414940059783108,0.991646001218906,0.1899521048533851,0.5718875404923834,0.281876633,0.450237032,0.448598131
0.4298752218879733,0.2515503352393743,0.5270396102877416,0.1635651238922477,0.0181342219965945,0.984120024590552,0.6054086031637547,0.7665997777885353,0.8046759847369984,0.142670046,0.527322899,0.456198347
0.4155482266692781,0.0167060082461649,0.3960100703653378,0.6730061758474916,0.759284543852839,0.6275110789160371,0.2058836444471568,0.6185326797573225,0.5676348926421206,0.062487309,0.466689355,0.171428571
0.3567231899253916,0.5393394864685849,0.9878691287428928,0.0751216511661239,0.8309559118541447,0.5958923189615062,0.0268257754506425,0.2890266936452131,0.8202245652999894,0.297843481,0.378532951,0.48
0.7035931715768847,0.2750548431455424,0.3862847322814239,0.9008380313187672,0.5998535796070165,0.4761298061511357,0.2049217857897542,0.9365607507300194,0.6531337731565007,0.046471809,0.428645856,0.4
0.9687837282412896,0.552386824051995,0.4765962736584731,0.2661185196427825,0.3507422319658952,0.623809665305993,0.1108593264469177,0.0528584857057775,0.6329927253008405,0.190448686,0.541253279,0.32
0.9297903424462702,0.9985427166313856,0.9313421049964884,0.0744239023274474,0.677104556597956,0.3840805979383537,0.1664307778160015,0.126537972170489,0.6516567675810901,0.633258567,0.482326392,0.369230769
0.5831766420843949,0.6536198676697165,0.7343330531756832,0.4758356014474773,0.962740458368904,0.1879889305277008,0.6323215953565418,0.4505396769482844,0.3016912849461793,0.253325603,0.227451159,0.21
0.391974535874048,0.1295714352428856,0.3978942976717511,0.7244346945125607,0.2325067452803855,0.2563165917520447,0.9502860580276252,0.6264168025881236,0.346387842963349,0.115473557,0.321334106,0.66835443
0.4230867742595157,0.7030297013783087,0.3047173183854716,0.4793754006323881,0.4309293649373756,0.230858091107835,0.4851473823167536,0.8613345369354144,0.7399963868560879,0.27332951,0.152991594,0.0
0.8463105632504555,0.4377428146922665,0.7161152205516724,0.6402695261409369,0.8018546145173789,0.4638916201678988,0.6186072540145915,0.843064007233349,0.606909021926112,0.271182551,0.487495613,0.427118644
0.660441186092178,0.2666526394312977,0.4779887878997627,0.4506329214381767,0.0138780903761751,0.3691737324592336,0.3672019592248491,0.0285839190050983,0.2863594401108597,0.079881101,0.388279777,0.553846154
0.6863549507436476,0.0789639324193319,0.6282983156919463,0.8004973554822598,0.4689666147635724,0.4996273852934058,0.2976430322478828,0.9603341848009874,0.2569915577303193,0.058927662,0.381411481,0.0
0.5721370534988877,0.2649790553220408,0.2567568349502263,0.1056726450090237,0.938268637448905,0.7195430241073051,0.87142704911242,0.2173590035289221,0.0732010879706925,0.136610852,0.421072839,0.631578947
0.3355479793852141,0.709764210585782,0.55433858660083,0.4847298160956782,0.6940914851218684,0.0373391015838238,0.98711166789923,0.7881608595202326,0.444534070168455,0.379395651,0.108293575,0.546835443
0.9369908631742436,0.690560853989458,0.9819637632167878,0.0910608998785476,0.1565857815510171,0.1076333491281691,0.0346162578446606,0.1365366485637915,0.668824936187715,0.283456185,0.279853388,0.08
0.0024891061583662,0.8732974856083688,0.0032406822728203,0.6151070521694598,0.3511522591141606,0.1495492348331197,0.0551092580143161,0.9217287461462402,0.5662482692157271,0.227465059,0.052066789,0.4
0.7856869934283679,0.5606013745770828,0.5801959091083922,0.9450728767932832,0.9856877021825716,0.2064809396070765,0.1806442596012155,0.2849181488894553,0.137735549673186,0.190333301,0.234924735,0.24
0.8910403403844374,0.8730956615359708,0.2456180040321962,0.9336559810093292,0.576312189604761,0.0332315786003856,0.5616507817784392,0.0234883167452718,0.4069319414575052,0.441574299,0.137286079,0.290322581
0.6627511292575238,0.567913436309169,0.7782072207673209,0.5673932926930839,0.0832349234061684,0.2415552424515042,0.342845954064478,0.8907713104029851,0.0452591991984091,0.190453025,0.211927452,0.844444444
0.806967510256705,0.4412156511409113,0.9994384794555544,0.8594803641907275,0.3143856479357351,0.7922633743209334,0.1751490511556137,0.3995699749659035,0.6169525175800196,0.171026474,0.561591441,0.15
0.1922077531003511,0.6276586796034931,0.4513438842404779,0.1526856652210604,0.5623387490118622,0.7793859985658026,0.5750041214696978,0.2987887765116177,0.0269127269637279,0.240338235,0.374467774,0.6
0.6123876073699925,0.3575831219513327,0.0834060745347684,0.3293886997445937,0.3029335250909114,0.1233084203929874,0.3096375934610635,0.4316389799049294,0.7169664862770332,0.118642125,0.457353335,0.705882353
0.7533743623587779,0.977952007601292,0.906056480808646,0.7006839238814592,0.5175426731394926,0.4720532551883382,0.3650512530515258,0.1642704612989892,0.0531926834720132,0.375188129,0.257628585,0.675
0.1129314101427135,0.427972136148392,0.1752603590758363,0.281297559383052,0.2472856636470053,0.5364105500244672,0.3040601365661128,0.5117532862975519,0.4764056093361507,0.126349371,0.147341958,0.0
0.7116660242737556,0.675290107191037,0.819691629024411,0.6721262953956955,0.0744195269023585,0.7194218598969087,0.5443927490109151,0.900789354298004,0.7703657383125656,0.40022881,0.53467797,0.410526316
0.3541505226701844,0.0604631074756415,0.5042481588655965,0.2901769635275891,0.9095798104431656,0.0529382373087276,0.0037768267439981,0.1092027483790322,0.7081958777845794,0.057048591,0.135726266,0.6
0.9186358083066476,0.5563308508075674,0.9420519301952536,0.7957518051333509,0.4881275326947321,0.7761302935536163,0.5260643581272015,0.3392580060961063,0.5577269261300963,0.221266506,0.522592896,0.0
0.1755007433774282,0.7834510049499469,0.9503023800187128,0.958798887053909,0.5779526282052458,0.1357139790768694,0.8034469507113318,0.5759296751046046,0.4404931273946511,0.523069427,0.088976005,0.0
0.9973852839975764,0.6271733808018144,0.4516957245803223,0.5722455384816092,0.1748181533286359,0.553977698755433,0.6907731795038442,0.7682023585584037,0.339801598654105,0.283116424,0.484115763,0.145454545
0.8442676601670185,0.5892311206768971,0.8948387472276494,0.4595722615566716,0.0382852124053111,0.8057077100623401,0.9684955283889236,0.3698294507961072,0.1977024382214255,0.349716008,0.566235341,0.0
0.9706598592618406,0.3371682818546336,0.5007463440860661,0.242534134227506,0.9114922901282106,0.3546259763862679,0.0016027147450885,0.8051434467425227,0.6718417356581842,0.133249712,0.535082338,0.6
0.493621178620037,0.4431701633448281,0.7348761717286978,0.1292112473392473,0.4888576340193663,0.389214926005091,0.9076325848016196,0.0102118333534214,0.8639099497463704,0.20288531,0.392689748,0.147945205
0.6603176093662043,0.3770502248893289,0.1856790812070664,0.7897089962930776,0.4236031316398828,0.6723215955222859,0.5261653441854184,0.3851127745129922,0.076571331111454,0.136292791,0.436235765,0.259459459
0.6393712759914261,0.2506752354396349,0.838086017159538,0.6187544428189928,0.897722826666971,0.6644163533176416,0.8947370184794536,0.0656281136160379,0.2678202927129657,0.15049823,0.500612038,0.0
0.0393535266945834,0.4268252839269433,0.9549135316206157,0.7675070180150876,0.5941362558063149,0.5691422333959759,0.0270745139506677,0.6806754293416375,0.1963903231038657,0.139940149,0.185242472,0.32
0.8841717316496879,0.6890496103524204,0.3927730732034185,0.08988827277587,0.2529801163188008,0.7752218192967343,0.2886407842269862,0.657223599367983,0.5889950536960511,0.353535701,0.299936887,0.24
0.3618631872354936,0.1886752363450742,0.5542438416361811,0.5870666012066492,0.822226744353046,0.9127015069314648,0.7514903127148832,0.9976443161622488,0.4556070849058895,0.151937473,0.620509378,0.194594595
0.5434316773637057,0.7088757816814899,0.3674467777445547,0.0044638475611337,0.1632672317042148,0.3846368151757343,0.7417426761668382,0.4823165591145197,0.3485575069979721,0.394727963,0.403625838,0.109090909
0.4634830633460284,0.7479844815892075,0.5015411219344132,0.5367066997549692,0.936567038591864,0.0421854673790192,0.0414603159396055,0.490924153395864,0.6781888351863153,0.286797457,0.162902338,0.681081081
0.5797866415412907,0.8341195269149121,0.472671786030998,0.7031239136433391,0.9150178310442574,0.3417919316092265,0.1355933435214139,0.5612050573681564,0.6422555410150855,0.344517248,0.380451992,0.1
0.0575045203927339,0.8038374424331539,0.6382768386346832,0.6830116633441892,0.2071934575774149,0.9539607693259792,0.3808062473925131,0.9770041181591088,0.0802182718684407,0.378227789,0.175963699,0.5
0.3142209175616316,0.551309832900614,0.8157537121922049,0.2036335104723791,0.0928836402574662,0.9728084902117288,0.0799675232660458,0.3169545483909385,0.2958397611047922,0.243949491,0.536900273,0.3
0.0387753021836605,0.2652100257431471,0.4906908895389498,0.0490142500470347,0.936188690372813,0.1703951239136206,0.6887461561842632,0.7559789194468342,0.1949066078617098,0.130606637,0.127583637,0.568965517
0.3299630766423326,0.9448854296967972,0.2212781880547019,0.962394247805582,0.3184967580121793,0.5055715595776247,0.6254649007070229,0.0226963933848439,0.6436116359234011,0.627883325,0.423996502,0.528813559
0.6698259544967272,0.5055217800539022,0.7612611316359225,0.4003089865500719,0.6729728285796123,0.6237091923289725,0.6082593463897196,0.4363642898762999,0.6142096328970567,0.266000059,0.515489012,0.211764706
0.573651492794715,0.8799197462622882,0.8753911784960835,0.8155259599144397,0.9441071824190478,0.0351665799453975,0.8826373783006743,0.1968663798578698,0.7086607272314304,0.541258343,0.081395383,0.0
0.0934474239987683,0.8868352391367267,0.8715123951997568,0.3226543757188564,0.9177245037313028,0.7519033974129083,0.7812222571605266,0.2374352036710313,0.9915976795741926,0.705553036,0.24848211,0.15483871
0.5514179434391198,0.2348649815755202,0.1954895242691265,0.8708034549773099,0.9035740629402638,0.1106933667707997,0.8494072396132422,0.1908120281268435,0.2870319915211901,0.128825201,0.249657417,0.294339623
0.1867864457531896,0.2025789809246486,0.0966567227525089,0.7785982721700913,0.4813873681051519,0.8628843388656815,0.7685885809681338,0.0838595876359633,0.253248412800136,0.090634922,0.444010538,0.385321101
0.1156423003540111,0.6168918614652623,0.3788132752428306,0.596601342319515,0.6711746231472183,0.9355184737009926,0.6033886119318239,0.0259822189712666,0.9964164900816922,0.247063515,0.314868288,0.0
0.9792014449552844,0.3651045521677148,0.3131081163086286,0.5493853382328999,0.5995381695120807,0.9126797786612484,0.467696964527999,0.536703114858633,0.7872947302669384,0.147283765,0.61539674,0.0
0.1060588845910787,0.0522786645753132,0.3834540556620937,0.975158352313481,0.9213856989650964,0.3819860558701541,0.1074735063534736,0.917649406143682,0.0536877237186975,0.063360094,0.410801316,0.786206897
0.0537789108224433,0.4708547659776136,0.2343854745022877,0.4558127446566494,0.6713759155683422,0.4719406330696787,0.1886535172256801,0.3603926513775365,0.3395251539841133,0.135994472,0.238741453,0.45
0.9198708261034954,0.3241237576656747,0.8484900116588185,0.5350813042113357,0.3103889141702386,0.0671517376572162,0.0973737196173138,0.408725009470185,0.8541310939979265,0.106634841,0.20063517,0.088888889
0.499471552136729,0.0556657574566501,0.5867705598419043,0.6537231966374225,0.5285901332623147,0.7022702153092945,0.9471871030831006,0.2163272477513504,0.9532409146627908,0.121593096,0.478443427,0.0
0.0673666169768509,0.7083507102081669,0.5442239755554812,0.9115124807438242,0.913299278108404,0.0409346195164174,0.0328390723125406,0.717442106634438,0.5478358628127072,0.247600565,0.098304272,0.52173913
0.8136750853034636,0.7976495138652618,0.3530814288503919,0.8275918084806557,0.3899721427162784,0.9438168448762132,0.2740139573617818,0.6631420093594097,0.2868887599189347,0.33706784,0.563558781,0.436363636
0.5187687703981096,0.479354776516064,0.4050823401589457,0.8334017134160169,0.5864077912960036,0.5508597791080267,0.7934424420410797,0.2911626153428245,0.1364272501225104,0.217214875,0.339433294,0.213333333
0.3321288104788531,0.6688767960257691,0.4508157423936815,0.5421488463714794,0.0985832951517152,0.5356599637481466,0.742979829284245,0.4707082657407054,0.4311271107949204,0.319608669,0.260971316,0.0
0.8734129311736135,0.6651524374934601,0.9306192660035036,0.6149081659264557,0.3345120511342475,0.3959677792315655,0.8252087776824278,0.7845554009267673,0.88643521099016,0.32128119,0.492586293,0.266666667
0.5007353863928052,0.5013398648607578,0.4233813592527521,0.3843896167155176,0.5894122620229639,0.9920865161938734,0.2544012744726294,0.3264339854375412,0.4507885786316997,0.195803483,0.347444004,0.56
0.4425803520465385,0.906428681096689,0.0495843504236451,0.8467023911565211,0.4164947772088152,0.2317891251578262,0.525743695647208,0.1347710291370834,0.6901895479216443,0.446727632,0.42226582,0.49787234
0.0181904430275466,0.965979388338488,0.947028686817018,0.8784455049044207,0.5918508352744798,0.3034563817643877,0.720435986540332,0.7595153019711716,0.8735962910234626,0.603436536,0.137045621,0.037113402
0.0272496148698994,0.4976557067693686,0.5364977153685336,0.5928157290757449,0.9765013599961868,0.4987731186469921,0.3183249794806104,0.7356807041744973,0.9575307373819096,0.147662402,0.250503078,0.432
0.9367497461194918,0.5452802010466657,0.6037234980880825,0.4770983023251973,0.1437544552179679,0.1803114835610062,0.1607712834713025,0.0252268228823132,0.6185542169633239,0.122814896,0.486225173,0.78
0.4665212860067221,0.3088504480573046,0.5842010733681922,0.616080419407041,0.0371293952303264,0.5603366807493576,0.0740496124512608,0.9970164004649056,0.6053121252270516,0.124993262,0.444967081,0.133333333
0.2543991595743847,0.5762289995421033,0.1809569089841327,0.1548845970132497,0.5942859381426581,0.7363352325679298,0.1401469164507803,0.2102538531106201,0.819655723677277,0.190623599,0.400421473,0.141176471
0.0478783272538728,0.2425199798645775,0.2071560074576549,0.8987603520557276,0.0732906447398035,0.8681179192116163,0.0684014638970308,0.5654468986352275,0.2957523602707236,0.088675058,0.375560635,0.36
0.0167393505427368,0.0607065493943463,0.528727769908511,0.663444418032941,0.0167756992874176,0.5767522441397591,0.6769192096393253,0.4550702216717619,0.0660624260536369,0.09454497,0.181302669,0.333333333
0.9869177470547662,0.5476907654017721,0.0262582352885966,0.9683582582104816,0.5900246575686047,0.5153674279944574,0.6690122355424809,0.5810720302678488,0.135006260882753,0.188120212,0.458325826,0.09
0.1557751562922376,0.5747161461122714,0.9233210292028208,0.2125089444354607,0.5461774131955445,0.9928720444731498,0.0532406662853688,0.947989153153638,0.6451255263585179,0.125670881,0.179169482,0.0
0.2249222206238418,0.5070186902019599,0.7809690674161626,0.6048187399696769,0.5076262748959453,0.7796189650255293,0.2471648966530064,0.4687019908182565,0.72418462625196,0.143904609,0.535582773,0.171428571
0.6921501553764293,0.1431118488642594,0.1914425171511642,0.7438669532088735,0.8342449595467964,0.9527190033522508,0.5310578402835543,0.4037144694014725,0.5643947370545429,0.098728974,0.52684072,0.375
0.4338728888801366,0.3200916172707889,0.8019617829968532,0.846703699847025,0.404639333565264,0.2487145706529018,0.8051645038260398,0.5643326924620152,0.9649604047758444,0.212057665,0.15676585,0.0
0.9676953311479038,0.0516063080187478,0.0072714134017979,0.2794473176392752,0.9076281037123513,0.4255483655960457,0.8823124076220676,0.2485696704301769,0.3973476007603912,0.081736123,0.468337648,0.444
0.7463188989047591,0.6463412051014024,0.1149456500167843,0.6883530721511607,0.6960895204452223,0.9828013996588576,0.1272302896706739,0.9648539718031603,0.7140867790977207,0.161262228,0.425312039,0.1
0.8041538114433978,0.2300244097006772,0.8410002183208466,0.178101862549567,0.903609789492632,0.0961366243452876,0.8310166853730839,0.5026298049628257,0.3404161090596176,0.185245106,0.288424365,0.568421053
0.363193717686517,0.4905219963387488,0.7051593121130094,0.1515467222754065,0.6002532545817346,0.8828814418433313,0.0498610456214957,0.0730889161740675,0.6622966671924738,0.265074943,0.679421443,0.2
0.4137648527513273,0.7983587459406243,0.1738121483754778,0.3493832784017182,0.3933349451294522,0.3930518333130008,0.1304206427324002,0.8710115947430971,0.693348131706185,0.286941237,0.403887803,0.352941176
0.4224425926895943,0.1118236623226267,0.7412316413293661,0.6706351952730223,0.872314994269854,0.4395316316409814,0.03670840125751,0.7618546234690522,0.5003850656181922,0.101183325,0.396945984,0.0
0.4492296341276499,0.3922311796938205,0.4433649651313991,0.3584159791295911,0.4161866851042768,0.3986067594296595,0.9614590003352854,0.9642483763631052,0.8856673441618025,0.190411957,0.298502605,0.0
0.997230966596422,0.1784860224680395,0.5665465484485409,0.660640447729545,0.0218343492237501,0.4427133383398305,0.6421831184351179,0.3675563331086607,0.1363981786244967,0.121506229,0.452340561,0.0
0.7052743496936309,0.0733311899940956,0.685981892703701,0.8947913649277184,0.950078139464726,0.5579874963750672,0.2130173789534808,0.4941535976445164,0.4179912018512585,0.075211565,0.475621609,0.0
0.1395240175948825,0.3406769571312622,0.88559549329323,0.531009475604806,0.4743539327650021,0.1951917701447615,0.4967703711825153,0.3969017828116742,0.5536199173155082,0.116913164,0.04156722,0.5
0.0699060660264646,0.3134702587522102,0.8059417033213844,0.7675083821150507,0.3208458039006493,0.4617161995313084,0.0851184415409398,0.0549526102324037,0.3503568779150068,0.106266703,0.227217542,0.266666667
0.8576088569868842,0.5801824859984699,0.2654760462353678,0.0071038348288011,0.2775956052456362,0.0988390022236864,0.7379633220432373,0.8521243100872302,0.1124964781011369,0.278288049,0.175815646,0.028571429
0.5597614485252044,0.5047070687887977,0.1459074708086721,0.6288061674184441,0.8362859176190693,0.5207432460175105,0.8203972218645695,0.964391466065788,0.7728793923056022,0.295123594,0.432934859,0.144
0.9670331305894558,0.3335474878227198,0.0382803023721808,0.9449325370580726,0.127784633667417,0.3945854488292651,0.6025001289540951,0.6130563486537586,0.5441595912627154,0.232125524,0.441263566,0.0
0.4069604523816879,0.8392200045171742,0.2722262786368143,0.2164609782601958,0.3918621106934289,0.7406230609443364,0.0404201721652706,0.1967385293554318,0.5605335521479411,0.242391271,0.430231158,0.0
0.8038715118694373,0.8064775950837091,0.5114270888491163,0.6371339421609161,0.2361519404550744,0.6640038606301496,0.9644836789991076,0.1740351988199763,0.4702570073640215,0.518923883,0.517981981,0.072727273
0.6739521122487485,0.4911430771610275,0.3400558201505715,0.3818507692874435,0.0369394529502133,0.0934736706981373,0.7896251915097713,0.2579500084191983,0.2639993195511458,0.257242885,0.24905885,0.681081081
0.8870442860523757,0.8453935784530485,0.8296086530063959,0.4299097860713945,0.646264149676601,0.8274947433367299,0.3467767221023673,0.0920192463976542,0.9744706884245964,0.351611326,0.300361315,0.0
0.2860609365600581,0.5012738131268083,0.9383190393584157,0.4008627702940998,0.200642996597732,0.6787983511011123,0.980999362353651,0.582532941034479,0.9192251969884436,0.336920675,0.408378522,0.408
0.4620559316945246,0.8842037918363289,0.2876115913436555,0.110753922871943,0.0824370100764755,0.3294723735244345,0.6988694270393008,0.2286223532038076,0.8589442989839692,0.515359138,0.280368349,0.0
0.4999450680129584,0.2628136959711936,0.2527525921366437,0.8733076158777319,0.0174798712317737,0.4881050977695959,0.3555556146779582,0.1257091422009492,0.6632729957759881,0.132907228,0.380762647,0.0
0.1885489335742329,0.6367169256080595,0.8191680059758242,0.6150434085645904,0.7232943704779767,0.5956205718286428,0.2315728617954634,0.0939476726581083,0.9397784448418066,0.259167042,0.290800294,0.0
0.6171195254331663,0.3244143548817305,0.2016547656871642,0.925120928216142,0.1203068470028173,0.1623145968138735,0.7257988958481281,0.3500127343616189,0.787604123165251,0.143261013,0.172426068,0.275409836
0.4898696595919051,0.7225111982537942,0.0894776641932135,0.6985704700458056,0.0962826120997972,0.4002004136090245,0.4994330482538782,0.0146878569398646,0.3361263719588186,0.227239024,0.251799164,0.0
0.1817198894365701,0.9166090072705964,0.7297672322262159,0.1021335015447745,0.3075594906254675,0.4823385333967988,0.0863552185902053,0.9113167764923502,0.2301505907755162,0.358061446,0.146597864,0.2
0.7787172461134195,0.8993280535708719,0.3461814650634467,0.0569670254942434,0.4403335141414124,0.8674252198087448,0.9031668644342192,0.6958984201390446,0.4904268108054829,0.752174299,0.539886778,0.490909091
0.6321148427179768,0.6649294047512873,0.783636793308683,0.5039708594672871,0.6756715062356397,0.6247995820334752,0.2825164220568936,0.6143713639887936,0.8441641660951071,0.310846606,0.569984654,0.6
0.1983721187202662,0.3403897345521744,0.4875189976585106,0.9895028496538006,0.3812531050045025,0.6977874826055009,0.9085789599380302,0.536709767880223,0.6777677830574393,0.197008916,0.282721454,0.031578947
0.5485286891307511,0.0805984763361812,0.2242226403644515,0.979919130516325,0.3848389534213831,0.6599999337153621,0.8026688600125695,0.6889587696410762,0.1280542534057482,0.087399026,0.43971752,0.0
0.7486384764816311,0.3732685906405968,0.3421840978423276,0.2021716927256973,0.8623544904550791,0.971134791339708,0.1274045585429803,0.2832688386696652,0.8024912843140315,0.160587463,0.391930821,0.757894737
0.1134381411449885,0.7322501577707695,0.3026008254745962,0.4128584597746648,0.7608627774747289,0.68931669194174,0.715421514504081,0.8936825254471936,0.7966043486486423,0.49630075,0.30735245,0.0
0.625355351105834,0.709886555367166,0.3219744721549089,0.1943182351944304,0.5138483349418727,0.5460432838828073,0.393424948161942,0.4909314691213584,0.6663248832326288,0.199763959,0.669409854,0.553846154
0.3252819786853511,0.310005558437387,0.8983698778692597,0.4397612990311426,0.8110128948145994,0.0573844138527991,0.1280987012618012,0.4114269315087571,0.0993082280730653,0.104510403,0.073775304,0.428571429
0.8426601722417074,0.8538895991394012,0.0190330434354102,0.582814286977827,0.2957885655907236,0.5022652430989989,0.8703759449557544,0.7502272550932463,0.0124064464909293,0.372444588,0.422948436,0.677419355
0.6762313517954435,0.7730977839650989,0.464330923461651,0.6401195218921357,0.9168269490707656,0.4300823768936512,0.8685582094650789,0.909839792724619,0.6466892351119045,0.324874694,0.495794397,0.335483871
0.5848456550111953,0.457993119836079,0.5570836073412442,0.3357141183058302,0.9854797719722996,0.2652243363235786,0.3342412122579492,0.3088677832033286,0.3707120697429706,0.132216329,0.280187576,0.0
0.8564531596396626,0.6782160697011455,0.9592512612536096,0.4611104292288072,0.4233621360353813,0.4079820121251006,0.542705373570138,0.7169876781601486,0.9233780973516252,0.445621362,0.482065136,0.482758621
0.9220537519571388,0.7015743519832851,0.3366764458964094,0.0508417494124575,0.6484942810742791,0.5648230995773391,0.5946851301716856,0.7813133021218718,0.8092825604153536,0.321219362,0.520248223,0.290322581
0.8815599018214807,0.6869426268158337,0.0006107526719429,0.8866035239056381,0.1446315683144358,0.0032001108385586,0.6607948587629067,0.7372303656578509,0.6995197081290176,0.356803517,0.132088624,0.6375
0.4424574034719429,0.4605998115763964,0.8508876606925664,0.7945353412687707,0.7275806715609623,0.3246133959888093,0.4208182213871964,0.5610145641885024,0.901445990331123,0.174059826,0.323551234,0.184615385
0.8140888471918077,0.211004969896153,0.355535366779953,0.7188042388754508,0.7547654052709053,0.8950185064052496,0.2172262433468277,0.6717201779204973,0.2752295274406451,0.093972489,0.512316985,0.171428571
0.0354299046394799,0.6362535198031154,0.9539603894315212,0.4860792388352507,0.7628409879902533,0.4449527221807279,0.6725283871692517,0.8825324152259745,0.0852437952387581,0.296336322,0.108593555,0.0
0.5504238057547903,0.7159430755509611,0.2763261241816342,0.5593489658804871,0.5086687844635585,0.0587075969077226,0.0655341055270533,0.1147774821696572,0.8439831433481658,0.304150794,0.100127874,0.685714286
0.9504660404691976,0.9138227762922896,0.9250401586163478,0.438691889554194,0.0324257060038956,0.4350966862176328,0.2715729290528044,0.70986319315726,0.5612274609028809,0.182261916,0.622912987,0.0
0.8923242708599387,0.1411973999848517,0.0045305809583673,0.7634283421601259,0.2715165284969577,0.7307338153379275,0.9604641542002288,0.0224742486875703,0.3016557808762999,0.098691074,0.532588367,0.284210526
0.1582644918329087,0.3233982917972355,0.1562577862317019,0.9238228290948644,0.0195102486209994,0.0866051734200122,0.5110892210147329,0.4432554059649878,0.9531576512256076,0.163005161,0.13446246,0.562025316
0.0575405786858813,0.5356828702075742,0.0289156190766565,0.65084065813233,0.5088039025535278,0.8511091162085087,0.1784669109790904,0.4839865420142978,0.2577022084315605,0.164412536,0.252337609,0.620689655
0.4474165941620226,0.4055479803213873,0.4634540473722748,0.4662470414290708,0.0065285433185318,0.1322527394422553,0.91542869781015,0.6804278101904238,0.3765089870684629,0.206372864,0.151961921,0.249056604
0.0329760554466782,0.4191446455673222,0.4077143687273411,0.419283268718687,0.4610656760960971,0.4723082540439904,0.4555215611936757,0.0197890948396844,0.2750758140355113,0.100426697,0.20307705,0.654545455
0.9171325658467036,0.3926423073476358,0.4497179245065927,0.7261071508181589,0.2056508972867351,0.3145285380149715,0.3976484428898598,0.4844080605597778,0.8145966643013245,0.193518217,0.436390933,0.505263158
0.1359008387780544,0.1884996470543272,0.5648255662016778,0.3597395958260843,0.6722663464071261,0.2141764821930681,0.7992397123205768,0.8997874237787608,0.2138115797379193,0.113468021,0.17592619,0.218181818
0.6512242522383707,0.206300852638913,0.0401753503444387,0.6285076313976264,0.7274328217622109,0.9335397068280292,0.2961028992949382,0.187096466820136,0.7719904176401333,0.050798047,0.476259521,0.0
0.1638861334815038,0.5289079570117486,0.223581193034544,0.1884026143873435,0.5904913343936057,0.1872839939678113,0.9186525853874336,0.295826021492772,0.5010789181765332,0.32642236,0.139487494,0.683544304
0.8256672553994652,0.315612283379466,0.8536834049318041,0.995796570626884,0.2499508237161553,0.6614024880289919,0.6160520580734926,0.7391053790020946,0.654088035941852,0.218201782,0.624586783,0.0
0.2494803120947868,0.2673817936915131,0.0968181254986768,0.681453515733693,0.7022486007461322,0.2164559080449868,0.0611816984423775,0.327010138778149,0.470240987610665,0.11398963,0.161257502,0.36
0.0168871285585475,0.5426575545369601,0.8625365795824418,0.8136676438193423,0.0727349201476491,0.659331199088357,0.6195267235180854,0.3503591961732704,0.8268778869074715,0.241029273,0.292057861,0.505714286
0.9989649914311144,0.6766152576326276,0.1265151277003299,0.491489200482313,0.9487402053352172,0.9068930533273538,0.5678042921091742,0.1983291432734079,0.4097468557749447,0.301348993,0.56998677,0.024489796
0.7440112069296116,0.6477641023985496,0.5069926770553567,0.9206386476734798,0.5525711906122465,0.6165914328284734,0.1159798891952488,0.2138890996658237,0.5082043468791222,0.175632488,0.371024053,0.0
0.2835082909737827,0.0003793881232206,0.6792508662533183,0.007705483113568,0.4040892635710711,0.1541830962130955,0.0204159307685948,0.3897164883141905,0.8597645675415206,0.05593188,0.072575626,0.133333333
0.9997525561165604,0.3782193841873017,0.5567252844127505,0.8674847080570234,0.4767191944017362,0.7474411008180201,0.5760337830066591,0.3958893423227619,0.3493270660383051,0.183794308,0.463645547,0.27
0.9844704530114716,0.3854468913230173,0.2016785425630969,0.9932069010334894,0.7988249314482809,0.0568625631427249,0.0936706343008451,0.5574880321711765,0.5765347396340312,0.144428689,0.200268816,0.0
0.1957126806225227,0.6459719839372994,0.464205112359873,0.1261419430724684,0.8854353148362615,0.4041201318620802,0.7983477253966887,0.4235550701979994,0.573868912385258,0.299799319,0.320274003,0.372972973
0.0417474464393475,0.389443474228808,0.7019434383167265,0.5899826310309814,0.6319248741659785,0.0128700605328236,0.1030176084185516,0.6908802750734274,0.6112843534317356,0.175924166,0.014746053,0.48
0.1502695780731012,0.6980270647940428,0.6072498202616525,0.4468593291102879,0.148554403470951,0.8248658511418797,0.8927746814437676,0.3067997009949578,0.8420287002374968,0.522984245,0.328697217,0.104347826
0.956941912298775,0.4264415505074849,0.6178345409382635,0.1305178341115594,0.2377794654716959,0.8356776657880085,0.900871831589544,0.3294718283232152,0.2019300145647166,0.179546132,0.481156769,0.345762712
0.6815098562666426,0.7818149640759039,0.7629706858619052,0.2760277502784456,0.931901446852757,0.5650783600476732,0.4181277425172777,0.7434859292453793,0.6672326411448165,0.292028122,0.515339554,0.4
0.0100898465125194,0.7903084081934882,0.4137662445707493,0.5437925641093748,0.610944189439755,0.4815587471234703,0.3306856263743526,0.4636136048019268,0.2535425418660074,0.207490365,0.156113631,0.327272727
0.139585888397661,0.1894730748102457,0.7544925213917011,0.582369421653361,0.6711495317853089,0.027656848946996,0.968254476717885,0.3103394962148212,0.4610524105664897,0.128651317,0.038753122,0.229787234
0.3149983273078027,0.7841846945840484,0.1155552838458822,0.5322209335102227,0.6385611852880093,0.8455630617582163,0.2201856159957647,0.2789617170126316,0.8583598664831964,0.286713941,0.3337336,0.461538462
0.9142114644918572,0.6885132708714131,0.3684048472298412,0.5649939150696504,0.3189669075028457,0.7039628061924775,0.8482435951959285,0.2872751372268098,0.5839032093364421,0.433251412,0.48033583,0.0
0.1602025532317555,0.6651660723881129,0.6450853799981717,0.3328261318587799,0.1903509450187059,0.2015287173652415,0.0920325340463281,0.0898433819342972,0.7191334184568324,0.23916934,0.181065543,0.342857143
0.9363667835304376,0.5953359804381665,0.6575666169304725,0.6791684837830652,0.302726364982365,0.6256894540925304,0.9297655263871094,0.9801724917181888,0.2095588237840924,0.252913027,0.496059957,0.2
0.3503237911408861,0.5391444707503019,0.733299474211243,0.8542767037390621,0.0194797679534269,0.3127060715354991,0.2313848578790746,0.7864268936047046,0.573859509042238,0.157683101,0.213863558,0.0
0.9658909154687167,0.352664064307494,0.1709564174404841,0.3051766665949104,0.4607673674934732,0.352438313181002,0.6753183666192055,0.3952240469540271,0.482342661604866,0.145603731,0.475391495,0.548837209
0.240441955483168,0.3183556974108774,0.3001300574749094,0.9969833252045156,0.1042464284690696,0.361770272321813,0.2475019351664668,0.2818255693051918,0.4295111336477234,0.137986203,0.378769996,0.757894737
0.3397904341436496,0.6633986694748886,0.5687096454715095,0.7482601824456497,0.0225887045276391,0.2519795713768317,0.5313327221420958,0.7909428777972122,0.1119968647173992,0.325499107,0.230545534,0.308571429
0.0102563591335159,0.0598766183668261,0.5929002300393861,0.0807109826840367,0.0507886628082097,0.8241699257335241,0.1920095223855157,0.8866128568730745,0.5330781116809491,0.040617517,0.445495031,0.4
0.2512829668621731,0.0803562443569442,0.4306764689597862,0.6780382131112332,0.5896039088445049,0.2556096382327822,0.5068349073659543,0.8650729096077712,0.4005276392125406,0.093925197,0.273993202,0.353846154
0.3348454099162937,0.27283974704061,0.8607803099669763,0.984824191944036,0.1824188245451682,0.6847205477073018,0.8367827577227733,0.0033806606280812,0.3442631655687909,0.176620247,0.469579874,0.367741935
0.8329472430543781,0.3348494358942528,0.7977035629551136,0.9849873199195928,0.4708681191457593,0.2416008841991821,0.8064072583555663,0.4181668329315232,0.8896402366022105,0.231452155,0.359079411,0.166666667
0.7172624184495502,0.1114433734103982,0.1430544050953001,0.3227239889592677,0.5774679550221924,0.4065759230899874,0.2258290431704618,0.6404431760887186,0.5252131053136222,0.098870395,0.29915497,0.666666667
0.3122830060871365,0.8303089487766642,0.8136144821831816,0.6958371822949309,0.6507491452580788,0.0150064173696792,0.3985549171529607,0.6733473215625955,0.9623145868492572,0.333941064,0.020923933,0.0
0.0780736221490747,0.2567860543693603,0.327944656884645,0.9524621529200074,0.1363030002414708,0.6206044726125652,0.6967219363656248,0.044122791664291,0.0102543823554235,0.122523719,0.217923982,0.628571429
0.9119999681311932,0.9171974650755074,0.1597685086796894,0.5271633835045159,0.8774227026901638,0.5004978533541395,0.563649864011639,0.7535048844933719,0.6627649273683303,0.482952993,0.44740482,0.0
0.6420632356575303,0.0718609239072558,0.5323825965323296,0.4107589145649057,0.7753018622512181,0.7528516807026648,0.0806555064277954,0.8101167906458286,0.7494457127881177,0.048367463,0.481979833,0.0
0.7506310024805976,0.9169272657414558,0.4281455671551051,0.2465986700094921,0.8020420982795189,0.012730720733651,0.1252369081493278,0.2251426847090424,0.0267669080692206,0.357992687,0.060661823,0.0
0.7347572313500368,0.2491946831648028,0.2629343035568071,0.2807490684905795,0.7212373710599917,0.4688409172711287,0.2949325746258991,0.7039816984544948,0.2472334185797877,0.062006638,0.553920853,0.741176471
0.6153160692606789,0.0261895399792897,0.2443570359073338,0.5155627632202028,0.0879413029447853,0.1183175415981835,0.6531335850770662,0.5105878422396627,0.6105309768229419,0.082899462,0.278409879,0.654545455
0.1138704214985891,0.7635366766139166,0.793394493410711,0.8398654674698122,0.3188622093705694,0.936816172370779,0.8999511195781663,0.5913311104043493,0.426281699769538,0.502707382,0.347811635,0.272727273
0.8799076647011393,0.8916780751067319,0.6566843716368723,0.5528990348407038,0.9360795299882144,0.0624323811431863,0.2968160602369637,0.9253337466900372,0.1381573481672773,0.517799813,0.233395089,0.735483871
0.4648951941392701,0.980240387209397,0.7452296174521228,0.951373591706477,0.8886473806425332,0.6229801493475944,0.0386396755906016,0.3779630865261374,0.1142217257192823,0.589047371,0.444469178,0.0
0.673678979481784,0.0260871663678218,0.0092634996760737,0.6251069043746238,0.0389391986944304,0.7127692361437672,0.8486828884183253,0.4157888536275165,0.0028672167942263,0.063261652,0.502508321,0.654545455
0.1120634760202217,0.8853616124803241,0.4590936549614968,0.6172140634047969,0.1083191090048691,0.6529397838624823,0.3414568987391885,0.7071771078938244,0.1049240717980369,0.315280911,0.403667604,0.514285714
0.2288863078999088,0.9668714408252024,0.5416337122211848,0.0664674252783009,0.3753972815891017,0.7274012205650335,0.0002985216568051,0.5935466130489809,0.7406650648201303,0.426281443,0.353530982,0.6
0.0553246626537207,0.13017020048505,0.8457794909980271,0.9902683477344096,0.1878015002756423,0.3833137804309168,0.9331373484053228,0.6926696964820033,0.4610580753604001,0.141433367,0.144600819,0.04137931
0.5870808391014685,0.0334533145842697,0.5400180856944933,0.2492834969543151,0.8499909244085957,0.2133387762583646,0.7026497785202108,0.9806664982288016,0.4591770153062599,0.099129551,0.299248846,0.163636364
0.7649315288910276,0.2524468309009933,0.1448425728380364,0.5032707911123012,0.5101716796200778,0.9746994625017829,0.5617521696746732,0.8812620261054169,0.7190967922527213,0.143396909,0.543481715,0.104347826
0.6522968772237394,0.9782038764708192,0.0277493977728731,0.8078543524110653,0.3101248906042575,0.3086804940306032,0.6894870910126202,0.7472810654189577,0.8080300073634037,0.632705928,0.213613505,0.0
0.4968074508897473,0.9987586591913378,0.4302888649693799,0.1734702394506538,0.4741711208616126,0.6534774782536225,0.538576949710119,0.4515906470275315,0.3680177333499635,0.65804009,0.455267033,0.254545455
0.2632427418522804,0.6644731902163018,0.5696438518499111,0.0137047041375407,0.4349993307716996,0.1892959886051166,0.8692265264548785,0.8111542419034581,0.9608622555748406,0.406868696,0.149952834,0.276923077
0.5659996912093198,0.370403018309711,0.5230664629722791,0.1153239716848185,0.1183304288700812,0.1452399608085378,0.6191117110177952,0.2846257617029299,0.1140839174787348,0.194356632,0.220140273,0.375
0.0677028026498277,0.2851260891721825,0.2789352537669569,0.3519665036579722,0.2513209475065755,0.7713361280183896,0.3251234982442925,0.3895577762963983,0.7193407109358619,0.099314441,0.318429171,0.0
0.2148922740182319,0.2724912022999234,0.3271251872101012,0.4107672227044112,0.5843082540931936,0.3200548779797745,0.4062286025311047,0.6796112462221701,0.671058879977918,0.11368754,0.171625108,0.092307692
0.6806347733866033,0.967782596160218,0.2749128785623276,0.7285615389034139,0.2791934879683206,0.0266792416278507,0.3037612317188869,0.2854581300887241,0.058191885156731,0.360574466,0.10350668,0.553846154
0.9572407144064364,0.4764347421025675,0.9170701639620428,0.0835291690487756,0.3559221401784325,0.4008268703425438,0.6953533959631559,0.6644486808067425,0.6528331648067502,0.27929275,0.49959005,0.275
0.5420629658587258,0.0184700759536511,0.4245201463993601,0.2953168582252511,0.8646629793696264,0.0980763002568727,0.0458032100538933,0.299921747727714,0.691290239993532,0.064780032,0.132393993,0.0
0.527094793793075,0.5370398122153078,0.1532274137702982,0.6351618164386929,0.9531408253777732,0.1210018468742851,0.8312731668251243,0.019354405818211,0.0650693603493163,0.252013206,0.141347513,0.375
0.1277512367485336,0.012520533827746,0.8896706000510122,0.7535948449252604,0.1206435277775801,0.9192403827705724,0.2513990678794207,0.0113246323014358,0.8371347745009419,0.077475605,0.332078186,0.42
0.9223146233977678,0.4928308583433058,0.8497566332274029,0.4005010025602549,0.8137672019289125,0.3353536418386609,0.6310637009950775,0.0064070710456463,0.9938695651105552,0.349008124,0.410382241,0.0
0.3355898400256348,0.6849959691140735,0.6159029006969182,0.9957291258465928,0.960269678702687,0.6801680242636583,0.2936632857721819,0.5373807772056335,0.9593916231312094,0.308201652,0.227926375,0.0
0.5679577930712144,0.947504724778116,0.2324033686499846,0.2064504245347647,0.3082773220402174,0.2115427834506369,0.947438174410084,0.7456928680257424,0.707886323903256,0.680860757,0.37196931,0.486075949
0.5036120562126368,0.520765844399298,0.695879066155455,0.4941096964849149,0.4227321873791352,0.8767104606223319,0.3397783112895345,0.3649510020589112,0.6245295788121609,0.176339449,0.431799541,0.528
0.7807079991138448,0.6168954577949973,0.949309841485644,0.8607733429247865,0.5216873121390615,0.50657267539256,0.4517483243289224,8.125756808052831e-05,0.620616639630956,0.179682648,0.46018678,0.0
0.4691840634159205,0.0105524107033081,0.7121540943648216,0.1476278241346016,0.9518591495443562,0.1290568291336729,0.3179118906935382,0.8731154275622919,0.206003210692017,0.044230862,0.277438361,0.461538462
0.9954503295146072,0.9230445296975748,0.1518069464347607,0.658189427184305,0.2475879040967842,0.7855781593444626,0.927868691079326,0.603330384767052,0.3030665019719134,0.438206458,0.544142714,0.0
0.0270439548058554,0.7850793883043719,0.6543593021437482,0.347470382491621,0.4254034264785682,0.9204709948843196,0.8930528995741073,0.2666331738335349,0.8660797069846852,0.400618644,0.307362978,0.366101695
0.3240142440671417,0.2294366980040975,0.4209896066374063,0.3206727828122512,0.6716971557271495,0.6913553140151345,0.1291169596691671,0.8263937548503909,0.8828757292176257,0.092304705,0.46944729,0.133333333
0.9367128555987564,0.3203583281261094,0.8297250791226521,0.2374302754623429,0.8133466023852446,0.0215737282570945,0.7679816140522925,0.527600786004749,0.2107796078387195,0.164024466,0.188242121,0.716666667
0.3312432279266192,0.6281571260492257,0.1482666487035049,0.6532844620098017,0.263706440368072,0.3347935431144586,0.006472163882803,0.7460030350618254,0.1600273409596626,0.08544184,0.484793798,0.646153846
0.9391426940186722,0.9725935701229914,0.1875778197434204,0.9989097947922178,0.0082013845078381,0.3909055206149766,0.2289951908610825,0.8508018847368756,0.3701941034164508,0.541727168,0.704623531,0.0
0.9691864026121082,0.8938910976902993,0.5311944541107884,0.7848096035841124,0.4601935857519857,0.5004616826184906,0.9791650056197952,0.0202611419390384,0.1864693435901963,0.457136491,0.457561572,0.533333333
0.7594045858306545,0.5087920082657147,0.7632338617384576,0.814980787011894,0.1300560966196979,0.7323954162351519,0.5312578695897818,0.8819970685049829,0.0192146197927818,0.245016965,0.417286192,0.2
0.1105701429959276,0.5645531202462698,0.7189119132016786,0.6754522557159792,0.6904263750362766,0.3582275797361344,0.8976144312231003,0.5049620249712847,0.6215526423250353,0.286283869,0.175910766,0.4
0.5674705881030786,0.9583857394738898,0.6635170137036905,0.9370267052802476,0.029613073735624,0.1756122357271291,0.3118773529450266,0.6783706322609394,0.8565920059189516,0.517075207,0.178277369,0.0
0.7108177244140446,0.1682095566933432,0.2584205859665197,0.0152278141364905,0.8653783825096258,0.8276976759206215,0.5791064015226508,0.8291844772104644,0.6642554198682428,0.122759638,0.609607835,0.035294118
0.2838429805428712,0.2906216341629247,0.7891940400740082,0.4283029540355615,0.7655216558034691,0.6755620454311579,0.1988498027472069,0.7112280467037334,0.5826638318528458,0.123647747,0.450845236,0.2
0.0483911383252372,0.88420362567613,0.5694685241356887,0.8826923254915049,0.8479117401935944,0.3866544605846209,0.6541556596275008,0.4792305058250118,0.1263230155252432,0.534116124,0.225092369,0.649180328
0.0383798080066689,0.1350967523702565,0.0021604310381299,0.8873465100722459,0.1393008338833062,0.1907189115537516,0.6722434442047795,0.5697634147286633,0.8797381694672403,0.139567792,0.166434579,0.65
0.4027350399885049,0.2409493950967508,0.4529392452458183,0.8716735788716815,0.4744231917605475,0.0361352912242006,0.987133215445002,0.2148817865470613,0.809673743343003,0.170687032,0.043460655,0.0
0.6183301613594641,0.3212004880837461,0.1660854489733048,0.6822002804700081,0.5221523841284712,0.8866912559960017,0.49069727696262,0.9836368037646708,0.3713828485952622,0.074729224,0.569751997,0.6
0.6504385838689286,0.7962286850189201,0.3064581961562598,0.2081129679708319,0.4759523969332776,0.9646664645225284,0.5593105979374607,0.2576005376896502,0.5571190524766182,0.603151905,0.539683469,0.474418605
0.6136104737411061,0.2030276980683006,0.3164694911052105,0.310676272892747,0.8276399917615593,0.3797381213660074,0.429737346075889,0.8509040863756676,0.0103020214361343,0.074268185,0.143627905,0.4
0.3569235349741391,0.2051301049729481,0.4159789466423484,0.4620196126569564,0.1111639583590047,0.5759928929599083,0.1693017417984108,0.3951062129452526,0.168724586263557,0.087552943,0.462010066,0.48
0.2908010637742387,0.1324314793148259,0.044024088222724,0.8291826192995726,0.1316875223424612,0.3133868945903391,0.5011042735882814,0.9397567740935294,0.7878396835480632,0.132825205,0.185643426,0.0
0.9606248237461726,0.4221678398620174,0.422858355225145,0.2919544232708496,0.0920904483995694,0.8497187942754548,0.6335015667842541,0.532177846154632,0.7027804572941685,0.267286306,0.636740133,0.214285714
0.438754725112785,0.244502766048037,0.9267417725552096,0.7343463355940731,0.6941152741520662,0.3603974948994461,0.8378233853759851,0.2213204583198739,0.8031157214365114,0.179533842,0.213439134,0.0
0.8425062973454424,0.8526813875722931,0.5790263996355817,0.9189252601556394,0.6137572579949635,0.431120974160773,0.5972155493641089,0.155263048857736,0.7381663653416003,0.568028048,0.356813182,0.0
0.1860790382404767,0.5860833777461398,0.2709792186761878,0.077555083818264,0.5782884266236179,0.8131770078736745,0.2862214121263876,0.1994384662841217,0.5795735929819091,0.183022133,0.406322184,0.218181818
0.5515741915710722,0.8571240734225588,0.666064782270986,0.2558939635012054,0.0975746269021192,0.9714712135538296,0.9310211047606156,0.5657319954513972,0.0961820280324927,0.647643524,0.478589671,0.366666667
0.7408111500838361,0.4785968680822664,0.5311525867067288,0.1876006870113536,0.2977143779195939,0.2987741202936892,0.8852789929397694,0.3256355727863431,0.3496436154621467,0.16638872,0.310162892,0.0
0.8330178394033179,0.4126710044944986,0.7670787268032048,0.2820272143431835,0.9632759202794652,0.0716839850482159,0.991788518191869,0.0511975449692522,0.9494367143422302,0.167623075,0.210522718,0.082758621
0.1493525961148282,0.2345378918443694,0.2207933912094331,0.3709572629564638,0.1600278265076233,0.2763055518305479,0.8302911648309204,0.7432596122743484,0.2397695052614118,0.147070625,0.213034573,0.51147541
0.9106414663338828,0.519138159656181,0.0196988319162625,0.3351108484994495,0.589235548824106,0.1463917650355019,0.0428032226207598,0.4998258240144452,0.8418014088461236,0.159461053,0.296561987,0.141176471
0.755975294420345,0.031736255717505,0.0991854816946058,0.833718797452863,0.0633855042129998,0.6688558822990192,0.2336454525658042,0.6852429578471714,0.799507800203512,0.082758721,0.598683663,0.0
0.6402690658856937,0.5490110409573352,0.5443971854644524,0.4790094114867194,0.3734119340182272,0.8565239522407245,0.8396166436304053,0.9516432165370912,0.4817233434313339,0.311294463,0.633814824,0.257142857
0.3086407954513475,0.93371619333733,0.309027280682115,0.5978898280603837,0.676384192578923,0.4535772177312615,0.2406767210764333,0.4923263129942208,0.5778155210849384,0.366023387,0.44787951,0.276923077
0.6187803979302823,0.5065141573493533,0.5651322753079483,0.7524827084726611,0.6164271950862451,0.0834587588418503,0.473133155671565,0.9638820184868194,0.4056062262293191,0.134290467,0.247855049,0.369230769
0.7779697605437635,0.7132590466333165,0.9082183052943852,0.420746076535926,0.7265930905516433,0.016136803855469,0.1833784351187309,0.0115233990587998,0.2695539317238062,0.212621027,0.106168828,0.84
0.819065801360231,0.4294983941796494,0.0414683733737537,0.9908633773897892,0.3529043100713583,0.8180341996080179,0.2734693124006022,0.3619506269499754,0.0346191571182942,0.146834276,0.43917586,0.0
0.8689697904125147,0.2392377839193066,0.9580127089670094,0.370157391227889,0.878364424069793,0.2160209765256999,0.0312538054165792,0.6852365058772484,0.6267267207565539,0.106124179,0.328210359,0.342857143
0.5716658103892969,0.3683100865973081,0.65607388524276,0.5755786268921146,0.0548077004524628,0.1235008610421734,0.9669717336006298,0.3660744370728914,0.0194775549025215,0.250312025,0.138842865,0.587755102
0.192439968352306,0.610998350186981,0.3058455416796953,0.6203048024233923,0.5723212334431138,0.5424034088370117,0.5095452040551387,0.5115471139243317,0.8034854433565836,0.328027943,0.351700554,0.415384615
0.4564501103536621,0.3812889574216554,0.8416330152086499,0.5579303912772728,0.9317867377714248,0.8499629313222877,0.7364980186864832,0.2998473219537616,0.9690770950359652,0.226442426,0.48915833,0.33
0.1986979107174531,0.6834523297696137,0.0535392006940955,0.724342070559121,0.5214796207732219,0.7100470571984582,0.5927878696166258,0.8061594583971186,0.2469832634199487,0.287906691,0.44590265,0.434042553
0.9812848125611608,0.7710525022768775,0.1861586218458103,0.0845160105344056,0.2963248102358439,0.34148172964579,0.0004884919927092,0.2626044988226752,0.5770393813693673,0.266883497,0.432326751,0.369230769
0.3769953681453872,0.3613189884140707,0.1764909124615911,0.318676743982525,0.5491118537967418,0.1023860972546001,0.9509914509848804,0.0390380993390014,0.7852990470122166,0.212249071,0.136122034,0.141176471
0.1825829824333775,0.2537730867973244,0.3234352565845662,0.2277087632387286,0.1045188721176497,0.0789773923182264,0.4794283882897757,0.3715908160876303,0.6539894303642576,0.064484316,0.099704416,0.666666667
0.0230762188425339,0.4281213501838946,0.6896679398355722,0.2332414317001545,0.167925140743282,0.505044231879408,0.0865408621609912,0.6057601464460048,0.7771374902065173,0.113428691,0.233571998,0.0
0.3419630304451381,0.6928077675343415,0.2203793131093955,0.3860138407699646,0.1053195978911314,0.0403251688722795,0.9058113292254708,0.8987593785015012,0.8131731797409056,0.350740545,0.060711665,0.0
0.1761799868363409,0.1255451854328481,0.1031134633150864,0.0479873240683794,0.2604925777678223,0.685690223391563,0.1553484546648633,0.08051636595297,0.9018959515432972,0.085752525,0.390428147,0.092307692
0.7832425566264554,0.1315755875979275,0.4050058749808077,0.8513450012165038,0.9674330787504798,0.1660258110328637,0.0915540772091882,0.8262277103204699,0.3276366189209816,0.06244714,0.332167065,0.0
0.0551106504989844,0.9236390020694268,0.5138876838614349,0.1824476222762905,0.7648853368434153,0.8597797108551938,0.0015486170644003,0.899887143158302,0.2829057652755848,0.370434597,0.305498783,0.0
0.6185964539962603,0.2075621026556905,0.6874246863406086,0.0136239878336454,0.9466192088831498,0.4228963464240803,0.8516042100427194,0.6878844049632419,0.6297876915249424,0.15765301,0.382592118,0.126315789
0.9765237033312714,0.2474945487285214,0.3795844496187294,0.3104460511171217,0.1110511941614184,0.61151499034172,0.6537624455144239,0.9892690375805956,0.2233505540663081,0.130820915,0.588514213,0.0
0.1571090794796689,0.7533098074169478,0.6143830008206886,0.2287155863821628,0.7699718490306134,0.9112844020213624,0.346566337299937,0.2800594622799813,0.8527459468248654,0.305519324,0.293713033,0.365217391
0.0521416648816202,0.2006923567012372,0.6726431659901608,0.3874556754415708,0.4375289435372834,0.641736908174352,0.3663272302422924,0.110284105036835,0.2286508968292334,0.054989795,0.318269393,0.821052632
0.5745349603040802,0.439441831867268,0.85573029104647,0.8332353836104178,0.5459386537042162,0.5684024491917496,0.9323833556109868,0.4638190432780276,0.9367320514478504,0.218849233,0.53647428,0.266666667
0.3390702378906942,0.0790565064732125,0.9040929933262138,0.2704872088371107,0.836892293825279,0.1695970459106663,0.1708919173156089,0.681531517549327,0.7995961116840118,0.086605691,0.229244084,0.4
0.1016427034921294,0.6895999442527061,0.5182260653492472,0.2208806362487749,0.3740493890388365,0.3744911637520879,0.2691249159004345,0.1257961109466318,0.7511469926059894,0.287249349,0.201715828,0.461538462
0.8886632289139887,0.2219420985721599,0.8170759410977908,0.8895469526171476,0.3636339560708582,0.4689588564571633,0.5321650898183035,0.7380402731312324,0.8154009299901337,0.149452781,0.428263265,0.024489796
0.3633278995955895,0.8010977454203255,0.3835667731234087,0.998540837084928,0.0157848531088095,0.2457954610576619,0.8811820575860015,0.4671995957868499,0.820332724612866,0.599551896,0.299067505,0.570491803
0.8104385416000688,0.2883261885510851,0.8291845731247219,0.2943792263409376,0.3461556268084307,0.751760813575829,0.9761084092444202,0.0189524554311411,0.7629597947511036,0.176219569,0.537567384,0.235714286
0.7341213976446751,0.3293216215344589,0.3793482498899715,0.3991543076396793,0.3201785989800912,0.7786168017162604,0.3029775087717611,0.3213043525229202,0.0331305961061945,0.108246855,0.378488712,0.0
0.5563354346538772,0.5467833577601409,0.7876232924142834,0.1917531036366453,0.5057084145854237,0.6632101669200517,0.38153644676147,0.0190188574584889,0.7853356427390498,0.239818302,0.510842626,0.48
0.5753011104124727,0.9288098786566464,0.0345688948146222,0.9783022057943416,0.7053279043959034,0.9607502728135064,0.6302567873101131,0.4527978415527085,0.4785503851100212,0.546316613,0.637286318,0.05
0.5115714640689465,0.1915636115451998,0.0926883163650629,0.4835256898754764,0.2081134301970338,0.9020497601697972,0.3690106656969462,0.0409313843228544,0.8951110502364734,0.082331901,0.438269425,0.0
0.2392044834121677,0.4738349181245596,0.5657545066623492,0.8772398698444867,0.2440364023217144,0.8378172806306311,0.6165652549792657,0.0759742416279734,0.0936287762755332,0.176421931,0.398002983,0.43902439
0.3106901167060897,0.1466532474258443,0.2903909611507224,0.6305592687313879,0.7137285391050013,0.7257703919825833,0.8324857603306213,0.5727626813761205,0.6456978342580029,0.100796303,0.423056525,0.10212766
0.857421985334105,0.1589134438118472,0.2325415147439248,0.4646971247829645,0.1475543478119013,0.3350643308798456,0.9363356781819736,0.2797472085875736,0.264285557748288,0.115080905,0.381292011,0.354545455
0.2423621235046967,0.6856728949665142,0.916360778131292,0.3590162767088699,0.1658551806674012,0.7030031912257948,0.1628479482911491,0.4806461709625338,0.9656022507795358,0.185624218,0.501334835,0.0
0.9025663894924144,0.3331561229781699,0.4232097484942685,0.1559989062364966,0.5084417913294814,0.0976280228446747,0.185237040909159,0.2546981177619903,0.9389232304638192,0.102454639,0.291944463,0.8
0.3592066349494798,0.6967320114557952,0.0419701727562823,0.1172861043655916,0.5878471760853194,0.4762711252592977,0.3251795561207146,0.7311977531789716,0.0051450714371138,0.186787972,0.41076495,0.342857143
0.1812339983928986,0.2672366485146757,0.9006385088928025,0.3985515020497542,0.0346772254445117,0.0897196987196238,0.1370306301053744,0.8633870780039484,0.9797901663862753,0.109703424,0.180913988,0.675
0.2293004576673909,0.6547906921956697,0.4189465102996513,0.7879170619429352,0.2519984949705437,0.8606168376929382,0.3407420195601569,0.5670789233541842,0.1546609133732361,0.194711972,0.396306156,0.1
0.9132105607733552,0.9177653745754858,0.2116697576156692,0.1520771204982791,0.5448660791249212,0.9685896610825584,0.23291251352414,0.194040906748557,0.6784264337637329,0.364652493,0.396098989,0.0
0.9875198204551622,0.196476297123457,0.8368521437733358,0.6429271293434808,0.5227731726661131,0.5177095447469495,0.6938463341808675,0.7580016197360855,0.0049657389579962,0.147121116,0.328405709,0.829090909
0.3660689406342265,0.5684030475576799,0.6730593243763524,0.1388814237561539,0.5930099570514465,0.2403399234900366,0.9640053735521256,0.7618504069878954,0.6116045173303344,0.281042324,0.399248319,0.507692308
0.8042137915037207,0.8100291294478691,0.2109482312678499,0.4476226931714319,0.8754455864099573,0.7888192983875915,0.5277200011022375,0.2786122009548065,0.0134814772238706,0.320058876,0.479742726,0.62189781
0.2382775372975109,0.6815019595313558,0.8812949700832922,0.1651113197265641,0.8304481926149774,0.6440299908447713,0.0760784105879779,0.4654251369639339,0.5830403025023241,0.325854552,0.454765876,0.0
0.7443648773580172,0.93721636065605,0.7649236054833471,0.8391058286674805,0.6016719254011387,0.1709608027160731,0.3689119782600422,0.7872917463390904,0.9003644100575662,0.373176878,0.305251214,0.461538462
0.89632279727892,0.3529387771551,0.686357224301881,0.2220499424069579,0.5326590959055848,0.3517179401846363,0.6186680462472558,0.1758712194551883,0.6684925523053039,0.216889793,0.540489339,0.470588235
0.8439494061022665,0.0696037043763596,0.0278186397641936,0.0765151101529499,0.1065852184748076,0.0761350746998901,0.7729769920435589,0.096483038611064,0.5430522661125922,0.097270383,0.274355816,0.649180328
0.9519523922183412,0.5232531715127549,0.1170379611606036,0.9425487127694802,0.6596678060038078,0.9958935593079956,0.5212655961050943,0.2658325403922905,0.8510041315573688,0.219531927,0.519676979,0.157377049
0.7223224915675723,0.5030347068924963,0.7614095165086292,0.9692522180072322,0.6930930416083747,0.4907889190727796,0.5386861097948932,0.975531616523264,0.9640789626183612,0.257295359,0.473708225,0.323809524
0.5277828922744406,0.8910572930727587,0.649323868645064,0.5486414550713221,0.5375415742788223,0.0728935826672032,0.3729443326903728,0.7173035671850168,0.3574707678851285,0.341138077,0.181418111,0.45
0.8615290148376662,0.3205742799873099,0.3284692434163081,0.4755974109416471,0.2035414206815475,0.0040541744941136,0.5016042642508136,0.1811308573826481,0.3883687828828586,0.15857802,0.122839495,0.530232558
0.7406677457360036,0.7122984575577492,0.8237487222456917,0.6053261527562476,0.5786569692096302,0.5159390991395326,0.7176608371263088,0.5946083085071711,0.5797484082407871,0.326900241,0.546096745,0.533333333
0.0115013637251433,0.1004341580915211,0.7564251235478447,0.419987784239052,0.5153158294443169,0.62091407808249,0.3178838368843903,0.2911916619096028,0.935996482229456,0.085328309,0.218231717,0.133333333
0.3836376226673426,0.0680437723882201,0.4790647094367057,0.7110241667564369,0.0176118418865398,0.96485435418021,0.6321706890758984,0.0840037608721857,0.84968142805984,0.089477226,0.481079057,0.0
0.5594694598837203,0.8048242175803274,0.6050100321734406,0.1665173211621579,0.6523700029171279,0.6472760624304313,0.565995283364374,0.7992967875161883,0.8633941205150731,0.488696924,0.432628295,0.417391304
0.6194644679306457,0.3527342479536381,0.537746110642882,0.4031620297940339,0.5911907271114052,0.6749682608548346,0.6329193133047503,0.926389543996574,0.3850772926779668,0.183121315,0.511429135,0.571428571
0.6880643148474536,0.7027577522108722,0.0951348919267931,0.1643294589931747,0.5841056515524705,0.9368090904899096,0.5024455078143516,0.873245072068092,0.071626285985715,0.272155347,0.443623791,0.3
0.291766583286036,0.0588403098735645,0.6709743922654136,0.8220324669659396,0.3340302009854847,0.8331044082423794,0.799690079612152,0.5706866032957464,0.4185212231066736,0.114769903,0.286958482,0.0
0.0533104097166289,0.1290737964587252,0.4988940394731802,0.5699377105321651,0.8518581691109058,0.7930558720241002,0.3809027297863657,0.1886533646276591,0.2373935223073974,0.075939294,0.27050203,0.2
0.6433267075798837,0.1100539200641138,0.9954279361697804,0.262223226288228,0.6444421419918009,0.157705462335248,0.3453607673482638,0.9451305572434292,0.2798356284518845,0.067926685,0.199216765,0.32
0.0634788584858198,0.3319303015553987,0.605825045613478,0.1027975980549391,0.5530715970712964,0.8925562729957606,0.7870329645057696,0.6517317396320937,0.9597668875102676,0.221831283,0.336675375,0.496
0.1314085192029794,0.9696279740083664,0.9506478356904428,0.4331374754409244,0.4739521866146273,0.2777866212742337,0.5465739621739264,0.0896368402601192,0.9848661839124552,0.672323454,0.131243619,0.0
0.9774789398959812,0.3934369458065715,0.9785820743806808,0.306581018801526,0.2588543414821216,0.0129003070911918,0.6724435409337028,0.7701415157636652,0.2100289334466407,0.199131058,0.066589206,0.0
0.190223312271675,0.6392528895558263,0.9461543038755044,0.9392777481239528,0.0042478170651598,0.6297727299321537,0.3582376384826859,0.1586268600685229,0.3135522639398888,0.224462089,0.320100628,0.0
0.8385728550658121,0.3928238574007735,0.2965271065095523,0.3624183792729483,0.1750968503773597,0.5904588327194829,0.7753080882454344,0.4747428794355456,0.0975503871581486,0.167761098,0.430505491,0.45
0.6305065118227604,0.7106476312545049,0.3252877521752605,0.4544091093896815,0.5269399467712553,0.0557973533753198,0.9357952316711518,0.6770131528747783,0.171522728964098,0.329795162,0.238864085,0.662068966
0.4229712143510901,0.6695556634589335,0.7380018056351435,0.321379172487336,0.581412211034135,0.1190317651211324,0.6825677479823091,0.1199380289412778,0.5580649569761407,0.412475806,0.251378205,0.552380952
0.4087064813397814,0.1296342536647884,0.4417062840658284,0.7521884387257948,0.3603282486866321,0.5647198439063058,0.2193114212640173,0.1804196722488431,0.3970000174151875,0.067439456,0.427372592,0.133333333
0.2836826732213279,0.5596522556699616,0.5643512295538347,0.930078041927002,0.0076867951211367,0.8234309817526737,0.706022575790211,0.6371823429936462,0.8832686647072023,0.296188407,0.318506241,0.0
0.9031236610048304,0.1212443950071945,0.7452314655017949,0.7026557709526904,0.8730975511130912,0.7798678621882709,0.6624234779475677,0.725831935943832,0.4486956149665267,0.131580931,0.526196138,0.139534884
0.2235604414611599,0.3817826933857997,0.4279335586594883,0.2089927714177774,0.6697070047010889,0.6073892962116114,0.469218262660634,0.9501716959957734,0.4096089434636919,0.139052491,0.176456818,0.0
0.797285870927571,0.0554253014239125,0.8855493980779455,0.0965514928316965,0.2899767938002817,0.9380235375730622,0.4454262325775928,0.87789331669241,0.6418901884009339,0.092100653,0.456772461,0.6
0.2578601287726541,0.531120041694386,0.4341563657731732,0.0588440581214354,0.46835037247491,0.6371241708949219,0.9187257550860138,0.2008276034563612,0.2905282325608942,0.240549662,0.359421559,0.029268293
0.3752160235294263,0.8528258950960408,0.3171484789096234,0.2944483505027202,0.0991760676713083,0.0883009912137421,0.3115385618499104,0.798621238285185,0.9617900516385758,0.212484763,0.12044321,0.0
0.2533828368511291,0.8264426961508972,0.5959305388218126,0.9421942901902862,0.9865849854046472,0.241095143785623,0.3126493654385526,0.3636179609466882,0.4254196383848738,0.210816013,0.195433331,0.375
0.248379439854254,0.228729191770336,0.1073703920482965,0.3881444206620149,0.5444544301568227,0.8493369237525932,0.2063547547272251,0.3200268908187735,0.2928845248271564,0.081240776,0.178273511,0.685714286
0.7129175713091536,0.3916810515565789,0.0159603228640433,0.1571808303912454,0.1396998787193705,0.5288625688106563,0.7590976699618812,0.011188505805633,0.2755654770024868,0.153459047,0.480509983,0.394520548
0.4744760909501323,0.6857061654435622,0.1815825722922468,0.9597172987374856,0.0969745731268356,0.1505027052712768,0.2139125083904998,0.1002344798659272,0.6455845822903913,0.225926716,0.368587598,0.6
0.6095838510828965,0.1163147676901006,0.601557415069236,0.3016837227523897,0.6611074245190358,0.1619172695959572,0.5074071348058606,0.2493831233088583,0.1493610324058668,0.105035863,0.332123878,0.391011236
0.8320335394687812,0.3014215289720051,0.623768343375153,0.9451395706821308,0.1876623742948646,0.5415450732501074,0.2145258264135402,0.6196596753256844,0.8464328281438414,0.108901444,0.366017635,0.0
0.7778774668820813,0.4093593328805218,0.667066369464777,0.0911752589755523,0.3260338732058436,0.0298981925036921,0.8222493387237068,0.0973537396574818,0.4404079376788987,0.190677463,0.183730581,0.453333333
0.4703071365870421,0.3375911639612458,0.2031568042516199,0.4209143702457704,0.2773031223256386,0.7851890593429607,0.8421667151063991,0.1640420712478253,0.480904838984742,0.185889421,0.554224579,0.0
0.2543006324780228,0.4873549558191222,0.1475032512332257,0.878344362704978,0.0340177316727244,0.0797369759108577,0.0941027637414261,0.477340785410397,0.9554852477757874,0.157245605,0.124221988,0.589090909
0.5549638525654951,0.4976613099645489,0.7834531303355556,0.0823175103870029,0.8764658905129867,0.0264810167175756,0.6367998640001568,0.6437208944907699,0.2053906865736398,0.321909273,0.052924317,0.354545455
0.5254568996794647,0.8694384095394405,0.2921069083385923,0.1693551417696832,0.4957221666038054,0.8434644641564515,0.970514238346322,0.1522718188300119,0.6332536541092552,0.491321309,0.617873318,0.512
0.7310782851630802,0.95460669409954,0.96303549863994,0.2048039805927215,0.6911127633898319,0.1313252904490693,0.0428597537489021,0.9665897712910584,0.3295977118583812,0.348331678,0.337715838,0.553846154
0.5221630629294671,0.7920323483651409,0.5623095295293196,0.1670892154360534,0.6456564541006917,0.8052494261949701,0.7301480368322638,0.1261541101395128,0.8841844904445448,0.588797347,0.531542637,0.483870968
0.4104415749473041,0.1354506564687794,0.6951523996087874,0.8114222530422999,0.6160024529894051,0.5637123040930433,0.3104042850677488,0.4178565882817102,0.2269865271765914,0.085850866,0.342859364,0.466666667
0.4657159566050098,0.2902194439035829,0.9391456326277065,0.8365011065245822,0.5740199950429105,0.6819350021615291,0.4667554672106829,0.6619020783856221,0.4216577386230031,0.076822269,0.427064489,0.0
0.2194965780084701,0.7269169289235194,0.0894560259167946,0.5486340139203875,0.3059877035397224,0.050630985767247,0.6351077556854801,0.500804591689626,0.4042135067130197,0.379346118,0.089731021,0.466666667
0.0287754465735913,0.457847001354304,0.2095079550479587,0.8298455306446767,0.5710011273583627,0.8391946654525445,0.2875190808135975,0.9854269454326752,0.7777735810632651,0.138377333,0.221141369,0.553846154
0.681660316474227,0.8621321430621676,0.9559806341438536,0.851175437597573,0.2982937462023777,0.4929213080489931,0.6556560930910745,0.7557109862100386,0.8595078909292888,0.44734613,0.479975889,0.189473684
0.9869967321404048,0.6760614035498455,0.8915268387418105,0.388515712552883,0.1547011465134758,0.181647975377781,0.6859543823764526,0.7713625204937433,0.9223741354773995,0.426323961,0.320814118,0.24
0.9262176664894418,0.2846391969144287,0.2305717418308579,0.9469960506370376,0.6718970219413825,0.6391237110146448,0.6861747347426437,0.6390098958736371,0.3230004244989081,0.159807147,0.451921575,0.558139535
0.9677834901839996,0.7810807655947081,0.282263328636621,0.1588896331273016,0.7685569854527718,0.4592297803611453,0.8393067322021728,0.3324786562529014,0.729500631004851,0.35875514,0.599560129,0.0
0.2413095894895014,0.1297296262629027,0.2879631106439395,0.8018349436979031,0.9084242324858844,0.527388734080853,0.2200997978130635,0.0954882426065727,0.0972159143840726,0.064024138,0.262833214,0.369230769
0.5532447463311463,0.0393123897054554,0.6375335612863368,0.3770113567293605,0.1697479801004062,0.9230097957249542,0.1499551865618102,0.8030907352329539,0.6300888017574385,0.05750077,0.467708384,0.0
0.6391315111594753,0.9878032142429016,0.469199910767934,0.9694636533586062,0.6511324160829379,0.3698163966926753,0.9230978735255652,0.1800803282450621,0.6735540732646608,0.554364637,0.414682241,0.14
0.7164270930182827,0.8323372731089743,0.9690855620746552,0.6797341641897818,0.881682427321583,0.5945550549253242,0.244603615565092,0.9729179217448044,0.5259272456135134,0.316177951,0.416627049,0.4
0.6232117785991955,0.6447109612945572,0.8776980515776387,0.1408349304551486,0.1709066032055716,0.4124530237939491,0.7504292099970458,0.590270341878674,0.4455311860433194,0.272679833,0.49049114,0.289156627
0.5428040912019653,0.2700527964011038,0.0091957073454087,0.6407323033138452,0.6160775703842682,0.3332065358456716,0.5955598931930723,0.833979231663441,0.6560648128333302,0.138364755,0.328279986,0.0
0.4465103595873655,0.7145395550937991,0.486266222696194,0.0267522522513025,0.6744011315586133,0.9698665071989042,0.5352573090513462,0.4688984316132875,0.7340897077903474,0.331135692,0.430842684,0.345762712
0.3778079839374423,0.949567286009644,0.1945391683896806,0.8146255277846787,0.7738329857261985,0.5830689439426152,0.7186036994608747,0.5294268613970139,0.1669978432246849,0.525970172,0.421303339,0.498113208
0.8871072809406195,0.4590984585962732,0.4106026593838195,0.8945808363869918,0.7571995699216042,0.0536571946972133,0.6179013825018966,0.156275989742361,0.7136945686373183,0.233755733,0.222103542,0.195348837
0.1952705161579666,0.4271387868762671,0.3309738892366903,0.0606348211520239,0.2082394007496707,0.112135909326628,0.8573393280194995,0.3367398664650585,0.9821201764932578,0.197694589,0.142496134,0.688235294
0.0921681304221119,0.9272279600521892,0.2351825021367978,0.8017526738514543,0.4370964706592829,0.9277759877577438,0.4350656039792301,0.2994922955338487,0.9932370403913716,0.366638742,0.49335228,0.171428571
0.2381488693595032,0.970946748266568,0.148094308331192,0.7200589284044094,0.0656783103186116,0.6344981595238361,0.8998997562475467,0.3221392292916919,0.8301373152167835,0.406516843,0.286761129,0.0
0.9421271098616274,0.6759340226969953,0.88146834648147,0.4585846465743066,0.8811704011815538,0.7257017887318856,0.9659639458414436,0.3099581204999716,0.2400198321439689,0.282750769,0.560794628,0.06
0.6107311829436292,0.7278105801886904,0.1183882811894938,0.2430885115614703,0.1532241021317363,0.5029909620883068,0.7653090726285074,0.7286356588094438,0.4083353488934689,0.347623421,0.446975422,0.0
0.3245276548873267,0.2854073228602664,0.242324768694495,0.8642863532254881,0.7320765007969515,0.998638399909595,0.9170014054749174,0.4538170882002269,0.308601474470871,0.158183424,0.462776868,0.0
0.0706296453525389,0.8784060108535101,0.5242050439629461,0.8901853543567486,0.8249749574537084,0.5338641850874785,0.1224643500994976,0.3243740926947274,0.91026276843009,0.295430786,0.224901486,0.1
0.576630208902909,0.2725305411493238,0.0812779844849288,0.8009260169475,0.5601645688142984,0.1194017654345158,0.2738536546000562,0.2331258478561066,0.9597560301580556,0.091990739,0.200972782,0.65
0.9625602026044048,0.8019411309842644,0.1272250463876189,0.2824326399589809,0.8312780814821737,0.8294171624480565,0.8612870135437272,0.1986123696023515,0.1032802721674569,0.365711866,0.512416139,0.035294118
0.4579342313194756,0.4241720576158132,0.3757063501570216,0.8937100951209316,0.8970049485647275,0.9400838556920031,0.3673174761223012,0.1922860225389693,0.0557872798876227,0.08605892,0.509778789,0.0
0.5304193963702608,0.1191648578589205,0.5696758402494244,0.3110244327248394,0.722709502872637,0.6026742469879389,0.5850607713992182,0.6894580635490465,0.1075367331290119,0.104710784,0.403169267,0.46779661
0.6043871069420503,0.758460102551666,0.2331481942016996,0.8736877253140135,0.9804609123365864,0.8885998783215762,0.1261767285740711,0.7878316856702335,0.6015137616450369,0.305104198,0.536125461,0.092307692
0.3732381843947443,0.903684675073267,0.6426362661870463,0.1639887502403105,0.532946427371285,0.672788468144836,0.2786713922316123,0.6115387777838147,0.5110505369957441,0.452764482,0.446247452,0.0
0.6730689447688712,0.0621390574813941,0.4162745075715047,0.529978421075082,0.6956134023727154,0.0574781996439032,0.4385802790989863,0.8203292397195023,0.3750343391564688,0.062737448,0.183662015,0.757894737
0.4833061114399917,0.5918281030867529,0.3824356150620451,0.1669963285666402,0.8538974476901138,0.7463477967656489,0.6967276905468048,0.5852788264014018,0.1633076261815405,0.258279831,0.476749018,0.422535211
0.319954551954138,0.8987436148036001,0.1044426478278388,0.8727144008346559,0.9397501362720868,0.1225054779929391,0.4986686891728364,0.2374635425220748,0.540219817024576,0.285058251,0.197851174,0.0
0.1204712132779326,0.291320691009112,0.9024584650517614,0.8144890546109737,0.1955473132756133,0.6903216154617314,0.5056586589506896,0.6495020207851009,0.8899068831837682,0.162185266,0.277484765,0.0
0.610219137328883,0.9961905870632892,0.3604045687568992,0.8902131435938698,0.9943196143627036,0.1223087252663333,0.5945476328177851,0.7960298878081934,0.0487214296512228,0.641227351,0.163646438,0.054545455
0.1558804419006697,0.8570325865081337,0.8972023159518796,0.1174170185361115,0.556872931562001,0.8617815488000387,0.757276400216152,0.8035943018671914,0.8289920084385605,0.445477911,0.355815355,0.0
0.852467077699701,0.0376862554981343,0.5752009193893779,0.463139969585062,0.2628056734396014,0.096618679296261,0.5025070664541095,0.9855880262514468,0.2003252193018165,0.084473221,0.172263988,0.027272727
0.5589073057158621,0.3651590514380644,0.9717982845509489,0.4424867787207232,0.4392437058081918,0.7005086320107605,0.2941670230965321,0.3773569816341203,0.131440203534209,0.091554054,0.437171409,0.369230769
0.0994671047795457,0.8595005649647584,0.9393893803783698,0.8769295793143381,0.8388592334383285,0.2142217456945533,0.0181965937998982,0.3841895149023178,0.6044279199857755,0.551182323,0.183246544,0.72
0.335417596807114,0.651227270486346,0.0496918862016904,0.0245316449660797,0.0912034823932516,0.8536871137240205,0.4603537564501123,0.8835546561538792,0.4238384597034998,0.175327895,0.574203188,0.0
0.6491850026170818,0.8960543625288454,0.2829390979887524,0.1524066259445747,0.8982940181274849,0.0384586469588613,0.962191251035078,0.2348459527423181,0.9813275772067545,0.455611988,0.145540857,0.65915493
0.2021455352279201,0.6554035784166363,0.25883889029551,0.4745550203610057,0.7708688309904375,0.1073843844738614,0.6771546122645538,0.7310448537483433,0.4407818255480029,0.346970657,0.089951483,0.188235294
0.8393950839089752,0.616304845480585,0.7077726803297774,0.8006758333233317,0.9772465516016255,0.9860165265110976,0.3238248474284751,0.6425420737715186,0.8005518154315558,0.207696171,0.544871601,0.428571429
0.4241739838882822,0.5054418057266138,0.2056345575566328,0.1345881414130084,0.5344157200644559,0.7512344685483435,0.8341380848345509,0.6551241704240717,0.0740226129566181,0.181751539,0.386595614,0.668181818
0.595769888977941,0.2255627714582708,0.9031089651754792,0.8085244471063932,0.8112064261740273,0.507455749591488,0.5402787893323656,0.0777061651719298,0.3069259869549534,0.132954172,0.506877041,0.455172414
0.1802650428005608,0.9017814109031916,0.5367646829335513,0.1049035936788378,0.0120055909392882,0.914169736619488,0.1672255081651568,0.1596338883864301,0.2529303105416673,0.407105156,0.275111172,0.0
0.7998919397821858,0.441155932398435,0.910920896035685,0.15734368622615,0.786153239884468,0.0550321850640478,0.2573540639909171,0.1610286864633441,0.018075164422681,0.125210502,0.160515762,0.66
0.9053223448963688,0.5764671151323857,0.7710677824614213,0.7577380038219701,0.3610141569721623,0.7768982930842895,0.2331212600225934,0.7350751656376224,0.4138322802757357,0.239055643,0.568314039,0.4
0.4681236149930452,0.1514924377601448,0.7081649226286545,0.0995247314861409,0.9284700514772424,0.8951115009834896,0.7228358609046092,0.8337547362469372,0.3623530906792983,0.130626174,0.520668192,0.55890411
0.6058968591166676,0.1583946034053015,0.0016112304239701,0.8746764437946158,0.2772523385779712,0.1642701904383633,0.0124866257678176,0.397129987311718,0.5511492325687696,0.078315192,0.273491147,0.276923077
0.6047384577537589,0.1633421443772637,0.9764334557584504,0.3038698840446859,0.2907421644851842,0.1339171198301234,0.1880225813826227,0.0053369073827864,0.0503062622406357,0.084944994,0.233177243,0.208695652
0.697782850928514,0.2025510057076571,0.9777889157155252,0.1954260168468981,0.2679381739874824,0.2465941341464531,0.9954073001936774,0.2928577996720433,0.5604022014038798,0.141913896,0.371638152,0.754545455
0.4604904936912339,0.7492767637066793,0.4529175721167277,0.5927942930611856,0.8271723730221869,0.1042156710729557,0.6859911013536596,0.3807918198556413,0.38989690374886,0.386894782,0.197595684,0.495652174
0.8952981233948429,0.8666676232442586,0.7697707265826003,0.6465403578993636,0.8558261782263181,0.4332761628718836,0.990151724906361,0.1111128633305282,0.7098371672246294,0.509891147,0.529158344,0.0
0.6644461726356005,0.147409334314176,0.9485799146289812,0.2616550042820671,0.3879518213924412,0.518251060616422,0.4148553755102203,0.2198068706050451,0.8888756806713992,0.077450865,0.407996556,0.276923077
0.5835963052285305,0.2368853930021084,0.1925863182346182,0.6641514470154077,0.8965489016797757,0.4877270916837619,0.6582184569709572,0.8486124028057982,0.9596749990389816,0.150560731,0.473315633,0.501818182
0.063555636752804,0.0275951334746105,0.91000732085749,0.4309936126162852,0.3409334298723381,0.9567230545323254,0.4879188889731946,0.23974665842332,0.4388607360823753,0.060017314,0.366784381,0.109090909
0.7452360593632575,0.0820858059147018,0.2656083375864214,0.1643798366389108,0.1840400612335054,0.4085848519978672,0.1928185796772243,0.0418750080667275,0.7973559117292354,0.091810222,0.451090713,0.0
0.3344444288263197,0.471713283051991,0.8105758074322231,0.4486256192293441,0.1141933329115486,0.7078439007037655,0.3707149797709052,0.5537842860326032,0.0567662264117385,0.096424507,0.403109033,0.0
0.8248409271934479,0.0131042481707281,0.6799166204786655,0.3626617587274153,0.2327444207562207,0.8458762441331853,0.5775327121164426,0.8591723741273285,0.9967036183050368,0.131589473,0.465538108,0.205714286
0.5402778480088343,0.7553096542256058,0.6136517744676049,0.7227833763642165,0.1063540507403512,0.799814493304709,0.1358536094382941,0.0751430170400119,0.2011399010749054,0.246932017,0.470040894,0.327272727
0.3652894143533587,0.3278509469912428,0.6087359167121097,0.6457835756532543,0.2799514839449427,0.4101441772376466,0.2310613636997336,0.2288120977068872,0.5745366129128935,0.146884226,0.233782066,0.576
0.9273833731827006,0.3689450452866086,0.1591722842665208,0.3412840981636356,0.3789492788187113,0.4629493844764906,0.3575963718859442,0.995731453972757,0.4771721361385732,0.112659804,0.553413386,0.092307692
0.42490313059742,0.1927716729935793,0.4413206908536213,0.3752939830036811,0.7938622345293751,0.9828522490381062,0.1222275056944958,0.6448420601919395,0.7173218454919643,0.082766338,0.47878255,0.369230769
0.6570688260875819,0.3929267208882305,0.7518566476941538,0.9823877586987948,0.0041529505872528,0.9189608752383548,0.414562228713315,0.3230159662264799,0.7920088816613835,0.179654136,0.53873945,0.45
0.6559939248189159,0.2745857308662961,0.6059668944316504,0.3288765963639024,0.5353748834914652,0.211490582606293,0.5500723598096303,0.4324363105588407,0.8936498988137993,0.138073527,0.420895866,0.4
0.4501829339813754,0.4460713252543936,0.1365517546912819,0.0506141323915604,0.5245324442357794,0.5130491035792307,0.0476184288257339,0.5545639925243874,0.6498259176062957,0.169250488,0.170203008,0.0
0.7460596846960782,0.4120628538063241,0.8793125417840002,0.9174637751098372,0.8399243472322601,0.1666584050790227,0.620081877863802,0.8553374624808365,0.9028924890993532,0.290423918,0.319890108,0.492857143
0.5211015995961227,0.581552452715636,0.4257302135205775,0.5655525549352288,0.9773008029627126,0.1260425144728263,0.4450061671029508,0.4003704600110628,0.8117313505946615,0.16737235,0.323056701,0.417391304
0.0065303536945382,0.8607961093491387,0.3470951444077463,0.944231672627424,0.60142577247787,0.7111541063279764,0.310154326097237,0.1354669185865928,0.2203327885231643,0.242596621,0.253961475,0.0
0.4432863670561456,0.2787476888767278,0.1393715412753466,0.8772666976634177,0.6379370325554625,0.1024186050099885,0.6715677114616435,0.6514219945852341,0.5655772143570608,0.198176745,0.205008484,0.553846154
0.8034357152958014,0.3192159492513582,0.9251956235995864,0.7912544326140288,0.1608936055611418,0.8954968150816203,0.1894130867146756,0.2043423285713724,0.4219775563918988,0.128068195,0.531174596,0.485106383
0.3400734638740752,0.4447540682764543,0.2774758074157055,0.149049894952981,0.6719306927129538,0.1394935562660221,0.7451872888824004,0.6848917436210923,0.4106735412578493,0.21663302,0.155540305,0.206896552
0.3602775635630206,0.5737505540780287,0.710140293323405,0.5511199674403453,0.0528023599415883,0.2352533394035114,0.7624441331373557,0.3117581601644124,0.0413536552235105,0.234224638,0.242950056,0.57721519
0.5566808436574165,0.9465696908234968,0.9840109013014696,0.8108352381564461,0.7070029556117163,0.9575948638494725,0.4236273280728002,0.9014585529281308,0.003656481417818,0.515848587,0.435271555,0.6
0.8035621343126205,0.298084440181893,0.8959389660619635,0.2033547067647028,0.9648055868136676,0.7450120090306022,0.7268548593925626,0.4289222078832195,0.5547872493758073,0.174335322,0.391237415,0.027906977
0.5940275511269607,0.7477529730803525,0.6773845769607236,0.2419404337276763,0.086142423349485,0.8963720591758174,0.3087774987805141,0.8165159644517955,0.1097340132940383,0.322657359,0.465154123,0.2
0.8399353454379141,0.2777950012418403,0.9026154176165456,0.529291619311247,0.1628382643680312,0.1553216514621455,0.1201842600641089,0.2340166928252902,0.2858227964938291,0.124643219,0.20792406,0.553846154
0.043165644980426,0.6375043730672885,0.916135112543302,0.1682985130317941,0.3857007980713969,0.8357255956544984,0.834930818002732,0.6077480154732148,0.6621592271744026,0.384704857,0.318930095,0.329411765
0.6475840568285227,0.7991706766384136,0.1982156395504022,0.0186256815876446,0.9556760400809856,0.7382131928494372,0.9814426803238474,0.6004909050596581,0.8057915526508737,0.44575981,0.586055343,0.545454545
0.5580114064433478,0.294451610370155,0.4036231686683066,0.2719536792552037,0.521363397100452,0.557546359096236,0.5527386035511865,0.3752337671774531,0.3151613546392174,0.149037362,0.508289438,0.510891089
0.8811664893639959,0.0604315694483297,0.6130404712413111,0.2501429586230099,0.1710116903154084,0.4016825653240163,0.6646557711343428,0.4697924467173074,0.9898483565563644,0.123882356,0.547484903,0.438095238
0.222807596745742,0.4232250144968987,0.3697694936737637,0.4381145232832329,0.9550618045932854,0.2813269265394109,0.561879425000273,0.5049016370957217,0.1051809812357715,0.247578516,0.187030705,0.576
0.8238342129747459,0.8488222030382884,0.5570927221650159,0.9590434267691752,0.1668190767791983,0.791676937466581,0.0318640865402188,0.8739336040080319,0.364387617308925,0.306146992,0.391726976,0.461538462
0.8844871155815637,0.7121505992973556,0.6341788627904295,0.1940456941852069,0.6161847652612716,0.8828927513808885,0.5650519159637339,0.0125300402833797,0.3000765540042089,0.389081344,0.538149136,0.313043478
0.1915000047822029,0.0895018102790824,0.6126428768141006,0.4035152743554235,0.8906219905662073,0.3001623691235058,0.8017544961066088,0.7005262593418786,0.0200767120832423,0.09098245,0.180551748,0.491803279
0.9105150428968938,0.8991698543451142,0.9684255719520036,0.2270838174475632,0.4040186457738436,0.80816469561495,0.3851189590764799,0.4867071141489512,0.5662247764453723,0.278530633,0.573133748,0.48
0.5827064370584298,0.1993546889874706,0.6931445126683455,0.4068989912403717,0.7207453903612827,0.4820677448046422,0.8381515552459433,0.4893604791600865,0.0880309405220104,0.103214592,0.516417746,0.681081081
0.3077487145194206,0.9954334135866724,0.7775475522291111,0.4803214360722901,0.6413293909708231,0.920315857941576,0.8535127637752877,0.7467523056235517,0.9679657489899888,0.708644673,0.515700115,0.118032787
0.2852912037714702,0.2612714640226083,0.0616316593687005,0.1835915494074075,0.4150147249568576,0.0935529658542497,0.6859712122951394,0.66933386587739,0.3690149145246139,0.151669106,0.125232757,0.39375
0.1986570478123062,0.5975111031578614,0.7391671008262712,0.0703069580669906,0.3570661270298824,0.8577832631353483,0.1752566587372891,0.1876509106410421,0.8115093419339854,0.257231333,0.437444505,0.646153846
0.930419208402223,0.6458368009154014,0.6079914916253452,0.7766203029378227,0.9513561140914296,0.1174798052359827,0.6907817909945698,0.1310307946644189,0.0193309330012487,0.332656379,0.210415796,0.133333333
0.5784483613582891,0.4767680800114231,0.5491392043275484,0.492194629451438,0.4451227749723045,0.7295102343291912,0.3268438810897111,0.4328060466579961,0.659429190214432,0.166054734,0.58512383,0.285714286
0.5152548926584459,0.6513648563378958,0.8651982664777274,0.2318080769101166,0.7032796557351021,0.603898894138329,0.0166961751712959,0.5986157856255853,0.3884224246007203,0.20608952,0.356000605,0.6
0.2255045600091196,0.0185619063514637,0.4632020477268928,0.0424170963840436,0.531268000125415,0.8115630185633425,0.5336749542776843,0.867656783641733,0.9753286082201968,0.114107974,0.358001968,0.070588235
0.9186112693977012,0.1516921685241391,0.8442042611815812,0.91872922683895,0.0917512653514469,0.1214176511597291,0.7587512825143251,0.7900956532027696,0.4865157922541525,0.100547742,0.265325715,0.314754098
0.024231193648496,0.5904421262917475,0.6884019593706754,0.471852878396496,0.2551252596372495,0.0916408348855388,0.4466902642149506,0.15698038824031,0.8544959813640423,0.135045474,0.059745574,0.4
0.105695521035469,0.5621640516826221,0.8818723648190772,0.2432853414748981,0.9884407538815704,0.3084657199394853,0.8366301614560537,0.236260982363987,0.3680174722176815,0.270464551,0.307892474,0.528
0.7991801680535092,0.7438568445340269,0.0579428380990355,0.4835520086681114,0.0968563408592504,0.5702727719923409,0.6758085577695248,0.1292711955525318,0.3528656874374634,0.431844049,0.485198984,0.0
0.0281390474211865,0.8036847886155621,0.3247125217548869,0.0573045194125387,0.1067424939897508,0.5880327378792573,0.0279345206659037,0.3376300058414296,0.4078007937722766,0.367847081,0.248812217,0.54
0.4518939064761129,0.0090863423574553,0.9102104420441564,0.765571540982333,0.6611193681589858,0.2334690080442665,0.7383036466104955,0.5013256620735274,0.4500418040635631,0.109410022,0.308739433,0.392727273
0.1128986284400608,0.9871739527439112,0.1795726669004311,0.3979761632615302,0.2876702633523069,0.2472426976361706,0.672890408146905,0.9499859976273776,0.8364882465738037,0.580993015,0.095218805,0.0
0.5135497797045419,0.4721172516393732,0.8159981921402373,0.4952148162492865,0.1310389857574823,0.1640980962284647,0.6901661173369519,0.2693064024939039,0.7988767525699553,0.276687423,0.260305566,0.670967742
0.563123313425828,0.6894785669187053,0.6253817398361718,0.5516960629483502,0.6892906743614031,0.1517574442059789,0.9247446995264612,0.438394437239481,0.4175896130230745,0.342380419,0.347150467,0.518518519
0.276081898684502,0.284908091915498,0.3722273646204067,0.554132854543743,0.10203358048888,0.0713903784894915,0.2923715520767069,0.1634611312362559,0.0148064039468543,0.099497452,0.07761564,0.929032258
0.3843601841441437,0.6050105300572988,0.6738027707820999,0.3397873219951508,0.3634546020567994,0.4729168158423827,0.2186641958840931,0.3676328084913142,0.1258723875647273,0.164010133,0.227272327,0.133333333
0.9529364193427972,0.223649128827741,0.7320029484585897,0.1495763680985858,0.0357540442326443,0.8959812007063881,0.0669239155378491,0.9359506990145046,0.5849466449578334,0.109912353,0.571903355,0.315789474
0.1654871836790876,0.1974650165408489,0.9147016685504064,0.7195030077995211,0.4197854302685768,0.0659066605908204,0.6123419819171112,0.0088128242507409,0.5026583833851281,0.148642724,0.073660919,0.24
0.1292428509052158,0.5607257923470189,0.9644573836149208,0.138419292004998,0.1098506991522845,0.1509597047514494,0.0412697493652599,0.0621249533545045,0.0444044194222498,0.199573741,0.130708131,0.730434783
0.4074643739435045,0.2401448494999127,0.060064581953939,0.1259504392990676,0.0373083376295337,0.2114207111740346,0.1743636498076073,0.1859117635861277,0.117756098549716,0.113302251,0.266571697,0.6
0.2505928984017079,0.6846257486770522,0.3594056312191301,0.4820936934444273,0.5666005848627236,0.593616104937711,0.5425704592500846,0.2007028964416112,0.8028159278248661,0.372401746,0.375534098,0.291428571
0.0830442400372601,0.9928832978560034,0.1087457085332858,0.0835092042897982,0.424437846412882,0.9288193021185072,0.0019324068654158,0.6345104575482623,0.9087910197316303,0.415324455,0.362615449,0.1
0.5561987907288625,0.0573136695736956,0.0857954423447237,0.5442756420522572,0.8389964798746322,0.4716652343840352,0.3783214040840724,0.8512205296036961,0.5637945244622447,0.052022391,0.4638774,0.276923077
0.9866647819507316,0.9315958079556652,0.6542683867147555,0.5503800660252635,0.2523329796520623,0.7548929841116286,0.0664984468506383,0.916969069160877,0.1644264831251802,0.366022348,0.478692197,0.6
0.5612453707128204,0.5123318050627604,0.9251332493655524,0.6272894506395152,0.207905952443006,0.7042134907236621,0.6702487157966872,0.1949168258077471,0.5406585862756469,0.223103675,0.503006005,0.462857143
0.3152192339381786,0.6613836216951322,0.9790065652802216,0.5352289239489738,0.9680725114187676,0.8425023202825258,0.6607449011968981,0.7725450587798081,0.7594385652908552,0.480821086,0.383252506,0.0
0.3234887119674309,0.3399359986469842,0.9955893387782676,0.1836840351684501,0.5547475877851085,0.0494340830653177,0.7808694393694763,0.7658380336525001,0.4310843860628096,0.188449974,0.078821771,0.283636364
0.526141676994736,0.9503145637353482,0.1664695092205153,0.2612415660656461,0.2438330968591308,0.1953114438041414,0.2484140121980159,0.247009357258685,0.363386864181954,0.446126061,0.309671576,0.378947368
0.0013395316239291,0.4473835493796004,0.9177921873880824,0.3408442913456228,0.1101296883877493,0.4818100736547689,0.7807714602149068,0.9470246888358826,0.1343645194795172,0.211067668,0.187941952,0.45
0.7389891757073278,0.5585491147864164,0.3130600273921614,0.7424303955546548,0.8296643360794165,0.3485075658068427,0.6311483608199087,0.5941696601341898,0.060116857884923,0.250434078,0.317139582,0.642857143
0.8770507889109486,0.3042978754637497,0.950327800512376,0.1426862804188803,0.4042495391999234,0.5553365973110301,0.1163349783726948,0.5488576798106654,0.3351269556470311,0.105037169,0.387228543,0.0
0.6738402401305829,0.93607073470646,0.3620667633081608,0.4211043440665702,0.2765564281266121,0.4766360088451238,0.6634698513090248,0.9360784255097966,0.1474780262446127,0.655765895,0.461170426,0.12
0.1510183843032616,0.0293818861396126,0.545176079066378,0.2665735850034595,0.4124638425276229,0.5330801115967619,0.1753552415231054,0.195644469899842,0.0385997751862481,0.060054823,0.245884649,0.436363636
0.2799784415901173,0.4342050041267907,0.8564812875965272,0.5050137751805651,0.8964143332255663,0.6240470750835739,0.9300157024760506,0.6588438004446837,0.7972061379657847,0.234589826,0.338697808,0.0
0.8021482684631895,0.4151904489053898,0.7271058863896401,0.8663059308927386,0.3005030123448454,0.7380987227845232,0.7945341458368038,0.8944010125743705,0.6788686591482771,0.227826222,0.410065021,0.023076923
0.5676104989360493,0.008875920718266,0.0388646227563743,0.1050441313393598,0.1377664857153976,0.8423553637555128,0.3124651536212408,0.4439543951432717,0.0307858220181356,0.028472899,0.529414626,0.6
0.9856057226467854,0.431483149171335,0.8839707614588155,0.4223468360599646,0.1077430185860855,0.9180733951627168,0.2671178331907126,0.552595770139914,0.2870424856250962,0.113569723,0.606568467,0.171428571
0.070162378601095,0.4919780228578758,0.0577028238908088,0.014578060592544,0.559070248670895,0.2386164680760912,0.6314896826575029,0.6716595967555251,0.6731374378206546,0.237599823,0.216061157,0.552380952
0.7998517409036088,0.7878106758540426,0.0258877293924363,0.1845153540178836,0.4512860507383524,0.4690068466517667,0.1834027627981893,0.620611861728249,0.6814781528975062,0.251901352,0.383531389,0.733333333
0.6593863707088298,0.1208538129301661,0.0684124449075015,0.3430186969520321,0.5818208869371837,0.6952015557873495,0.3818678418991579,0.5593975130798181,0.2635773225068174,0.078370391,0.394486045,0.3
0.8708546290957807,0.3566648099961101,0.0646214839812161,0.7693274470600814,0.5182544178381301,0.0771679023825921,0.3619685259104939,0.0910805635980107,0.1270337879039605,0.100067809,0.15954642,0.3
0.925855012932962,0.6611898489541633,0.9580697047460798,0.5420975289377338,0.1799668446328792,0.4566869896455172,0.7205529586499079,0.1496402456273159,0.9020474400637956,0.327899701,0.269069917,0.0
0.4465524205047113,0.2952921398258824,0.982084520513906,0.4495551568396071,0.0054338265583294,0.9888430060171062,0.3839107436447609,0.0826875899268825,0.2717666728803988,0.074354007,0.615650305,0.133333333
0.6889097766772134,0.010072543237887,0.2327420785865914,0.6318970019085517,0.7987788405202728,0.4505387416663282,0.5758990268073705,0.5906752644603236,0.5710674808389954,0.11024563,0.488456682,0.35
0.5746812382190528,0.5933183846992769,0.9053939576496544,0.4705680698650012,0.2659467089572203,0.2689677953310238,0.5853102723544128,0.1595301359337662,0.3620331912021193,0.282679281,0.27203161,0.05
0.6851694773444458,0.979421696644838,0.1587300110857716,0.0063686513734261,0.476030315201974,0.967739353292292,0.0554571037585989,0.697103824393435,0.9888893561526252,0.375808327,0.452107555,0.15
0.5379263767918231,0.745436714897265,0.0712784159734625,0.2250140541801694,0.8066601224421343,0.541574305865328,0.8579188895346067,0.1442254622150736,0.6188234398575974,0.419977418,0.426502079,0.342857143
0.3384203358229504,0.3986144609038397,0.3667641852902353,0.5155305757557361,0.160076692175496,0.1115969991139883,0.6879179423054298,0.6158046871570064,0.9748794780832968,0.219768214,0.212380076,0.464
0.7304669795214358,0.4218790516546576,0.8385801677452914,0.7190560974869941,0.8198046770121112,0.9591847319911656,0.6144082322429829,0.9161211388117696,0.086496323162069,0.231106462,0.388985565,0.381818182
0.8221524154317842,0.1813794907742743,0.5336011677631797,0.4787790489597697,0.913622341545702,0.7835645676692484,0.9731220665379884,0.196802520346511,0.5499894689414119,0.142562387,0.461678507,0.106666667
0.2063927458546232,0.5357964859991787,0.5003418382747363,0.6112094790014841,0.2013010758824969,0.2557464147972518,0.3233397454862246,0.9651105204502898,0.9305192787391152,0.163407483,0.1079478,0.32
0.8349490064430596,0.817186653788666,0.4722173219164852,0.7504260215735573,0.3519396649682297,0.1274485544857067,0.6091553311647969,0.9650306033673732,0.1007242183432893,0.422270531,0.153051441,0.0375
0.0628976091859054,0.0756018240241472,0.9313191174958596,0.3074222292331934,0.4350860301991611,0.499899444096847,0.8068118090439245,0.2361419085428195,0.0820350122000826,0.08247635,0.162350316,0.0
0.9187087790227714,0.7055298560534288,0.966748048214211,0.5498515933997583,0.5834340266947797,0.0104324050968571,0.3176756256932613,0.1279149870786844,0.7257576213714111,0.215568273,0.063352652,0.646153846
0.5360731455880153,0.5322109389326096,0.8845937482987859,0.4194323507314446,0.0642764551567769,0.125003998245631,0.9506016033978848,0.0328723765858363,0.466469771359797,0.32336324,0.317367253,0.648275862
0.3043413438244472,0.3890943291365514,0.787108640814903,0.322392261988268,0.5621476550984802,0.4772941023610084,0.4770999807413817,0.8950990599976953,0.3962430412483829,0.061550048,0.450718078,0.6
0.1888366422211622,0.1225031257236526,0.8215497808605864,0.9003545118524215,0.2128346112829903,0.3115745013059486,0.1242383337271839,0.7520251295547815,0.1451762191149069,0.069084378,0.208151373,0.133333333
0.4630512276282902,0.6853915586872242,0.3025567828195374,0.2146356310388187,0.2034148317413097,0.735239613865906,0.0862146944181831,0.4837817152274541,0.4642880757861957,0.287204618,0.478199742,0.3
0.7818710906290648,0.6619840890594182,0.1444273938760218,0.187146531617884,0.2687408924784886,0.8238561826825495,0.6604712434041606,0.5585270902131364,0.8003728448742677,0.404887533,0.566929013,0.528
0.9365999416496688,0.5093303507519509,0.977820629744729,0.1542301636723504,0.6844008832407287,0.508733470675434,0.1763017158679148,0.0860816659620125,0.0168784669448054,0.178677196,0.424402061,0.48
0.8685440270980865,0.4466238609739444,0.3217205266074091,0.0295398766170651,0.0024498480299729,0.8133889185717803,0.3458547149230555,0.4235116507292822,0.0754589354587247,0.13325781,0.494118107,0.369230769
0.9245303779832628,0.9283113474662436,0.6774374585324632,0.2452809604870334,0.5578797217516056,0.2837668828934345,0.9082390139794578,0.3358375551170941,0.5221997413213147,0.550590796,0.370366758,0.376119403
0.3828330090024452,0.7293154959844999,0.5868869430287679,0.4473583435612444,0.871186363911018,0.0128188563807877,0.7863172282561463,0.3798963642806081,0.3084216261420861,0.36496769,0.07411642,0.663157895
0.6243819608904222,0.4570958346211857,0.0821648236644847,0.2521460146939629,0.1042088708316406,0.2050104853964508,0.8966266951672851,0.6583961483761653,0.3563367788011694,0.213456443,0.373875041,0.619354839
0.2492527638513405,0.2978098559687308,0.0870511129796598,0.3578173916337426,0.6261413942516758,0.4720021700328299,0.9262354332656432,0.5194353369583431,0.9199069471586456,0.139736379,0.392178948,0.494117647
0.040210602322357,0.7886933199975685,0.0587933628473872,0.7216094840400745,0.797387933017065,0.2636923113900675,0.3473368342324409,0.5491154764649326,0.3868671768840857,0.238659243,0.112661836,0.0
0.2666776558672268,0.5598896990322493,0.645851321704999,0.8074199927012395,0.6784308681253937,0.8771682575047745,0.6837388479818224,0.448032732340261,0.6406580213580918,0.349364673,0.379769776,0.0
0.9383475967212218,0.0614507133607857,0.472171324821847,0.1734490423999445,0.2590952998322434,0.3907251990106732,0.3559778168108308,0.8139760382852641,0.4843079160875122,0.069173101,0.613029325,0.48
0.1842737070970882,0.326730897880829,0.284704456213196,0.1803798694931071,0.0068505232904019,0.0324572454450198,0.7576410114592346,0.9446486457057066,0.5532373617154848,0.159332797,0.030767183,0.0
0.5507144987077153,0.9437691243378624,0.9241541411252432,0.2406863530284879,0.3763847840327811,0.3854228104810873,0.3540799971754591,0.3230726966010945,0.4245834347578288,0.37328731,0.333067858,0.133333333
0.9515674701729814,0.8620127502905189,0.7230020146437252,0.3517985086821629,0.2729195940621692,0.0409514400446735,0.4287805888446786,0.1645617890924334,0.8373414472316897,0.31173392,0.176796758,0.171428571
0.4473891588596483,0.1787995534717857,0.2096318315201066,0.6502896942347814,0.2800455574576265,0.5082350810685455,0.8301488506014347,0.9754907416754316,0.9292500127513365,0.176069914,0.371092199,0.09
0.5475706503494872,0.4619299011043362,0.005070384265277,0.2404010007499545,0.1213184997772165,0.626219000016182,0.2360318437965285,0.1445749244596101,0.3644497465170654,0.125572577,0.450770749,0.32
0.9088257604218746,0.1159384279917025,0.7472883012669276,0.4200868924858154,0.4526257587499087,0.0584274386303049,0.3111117798347641,0.1589575073792456,0.3821196473277155,0.056850582,0.295341806,0.0
0.1007231593716437,0.5682790045394397,0.4024833986589772,0.1063682061231313,0.3601116664265965,0.19908402633487,0.9524494999305394,0.7910070619845344,0.3219339437322502,0.240120754,0.100723793,0.052173913
0.3918234607340775,0.0073531884235626,0.1788132310466124,0.2285238116612674,0.4404465992240105,0.3837098374161551,0.5265371863713442,0.2616181863690561,0.615806693049152,0.089193097,0.34138025,0.333333333
0.2968357707864217,0.9368257088672736,0.0291627513446777,0.1484179787466238,0.5388615478781544,0.764397446868838,0.7098750929227918,0.5001257699733355,0.3528237043752208,0.510228436,0.465600828,0.494117647
0.1655986368551941,0.4879614980468292,0.0219170539052691,0.4842283644628431,0.6782491497391567,0.8807112307388238,0.4045561758131659,0.6805345112904593,0.502130400013615,0.151152624,0.250503684,0.0
0.6883562684365503,0.3670029960850743,0.3635839736450438,0.6927317279527875,0.8153839866062328,0.5542130272560092,0.5925939289918131,0.944378279681958,0.6602344581633064,0.186107051,0.367760348,0.0
0.3255829641253508,0.9843329745149006,0.3178588481937714,0.9498097272749756,0.4044417330174191,0.3835175175103649,0.110339890403228,0.8009383371355381,0.3307627848966596,0.457790168,0.211823869,0.0
0.9831369646455234,0.6002584288172366,0.6065982472485344,0.9247787170718954,0.6128255501701885,0.1956592329665841,0.9056674809611792,0.1304124234338393,0.5186607962201111,0.263070679,0.438598321,0.43943662
0.7157401337025915,0.5610854268092156,0.4981688907428853,0.8822762667322795,0.988495767372432,0.4993485623817885,0.0787335851408972,0.8853675914581686,0.9106179407707696,0.196233934,0.549601026,0.0
0.2579583549462295,0.460054000234144,0.5933115060258647,0.9442892880752942,0.3303531700639603,0.2814898922806524,0.8744241642274138,0.2029636320524585,0.3253617724994999,0.186770514,0.19033825,0.0
0.9423296865166576,0.2158359217033399,0.4230852595562178,0.757022333454189,0.8110812231856849,0.3798433283387074,0.3360602436088123,0.6314128988927169,0.1669178934669816,0.066553307,0.272046258,0.6
0.0282286422443831,0.40517513921639,0.3194220198984717,0.2309445209255105,0.1098634893211221,0.7335400367567632,0.4124162738704233,0.0961676888348396,0.8456826589093697,0.161507263,0.217348109,0.428571429
0.4335918803202512,0.1884906440740508,0.6066097417360146,0.3404608906731216,0.7914392999785486,0.6439816907897665,0.7179365332916529,0.912586969531732,0.0170876089522011,0.118690013,0.273826013,0.785185185
0.9668714961137872,0.9553400689912338,0.8529554070627109,0.964427997918292,0.6024199858167651,0.3450228326529529,0.3708460751160111,0.4220909040695435,0.5027544487123263,0.384807241,0.450551955,0.0
0.2175448339404286,0.4421044633936806,0.2737444256016644,0.2200235329219462,0.8509728044576349,0.1428387188939327,0.3472475013590257,0.7563351912932147,0.4186301667165667,0.139813402,0.204713376,0.571428571
0.1251409219250097,0.2608703871890319,0.4923737025486102,0.1172051188960264,0.595172337818538,0.1613254906350636,0.0907626526039708,0.1249839121333458,0.7636545793524084,0.104632636,0.132172628,0.6
0.0040161947678489,0.4049865387244203,0.563232967915739,0.0282243385618331,0.284110290483511,0.6226357905421089,0.4373411076090092,0.9870688178819784,0.5763352157727594,0.144727158,0.278949132,0.48
0.704718185527382,0.7229162444617173,0.7251970848281944,0.7648910378176953,0.5701078280148463,0.6610692060318537,0.7110540531466756,0.6714279018576318,0.6366924428635413,0.434812199,0.492957604,0.258823529
0.8049056418956887,0.048360189440134,0.7210315511232601,0.859792969603446,0.1758590981833584,0.6093328693403185,0.0893181365128967,0.0838415591569426,0.1271185608120759,0.058531364,0.522893158,0.308571429
0.7286120852971318,0.0733753490051574,0.1984706891781185,0.0964184827716949,0.1122997413116446,0.4718259638849965,0.4733104721294205,0.1411665863087529,0.3430178760672999,0.048204624,0.576641376,0.494117647
0.5688090452553801,0.8511816618413592,0.8481799219884326,0.2929228037145677,0.5713296631504409,0.9725917571729322,0.7949758931474208,0.3810502613768538,0.9794322796667962,0.592954607,0.507411946,0.171428571
0.4705430108034243,0.7616587553179408,0.4929517483056131,0.7120564220877282,0.3462353636934393,0.250574982239149,0.8393611680763974,0.3144537065827022,0.3835420791387735,0.435793172,0.343030702,0.6
0.0606273607221379,0.6220091278775175,0.8432119060814648,0.1792891553651973,0.0178974784326655,0.9164460724081512,0.3134490758465941,0.4029646340757968,0.5888584462541401,0.199651592,0.359465402,0.0
0.4948215091890228,0.342962255201742,0.2953317240193018,0.5346111155914735,0.4868175268845045,0.0715506155541648,0.119613641478852,0.2668299976259748,0.6789228981877461,0.115862427,0.098657154,0.461538462
0.7812248206221322,0.4030768116250252,0.0683224397082917,0.7222117186543401,0.5662136518377868,0.1637815087423683,0.215617071063782,0.0622516463441911,0.5469035225982232,0.134057493,0.379956861,0.436363636
0.2801479261335796,0.4139208006464558,0.4921291900427806,0.9092834997471864,0.9850639343227426,0.5985087877935987,0.5776104473878649,0.2634071858315184,0.6280561969775478,0.175709318,0.303044842,0.0
0.4597066330970685,0.2714383635969739,0.9875876333587594,0.2729301956249772,0.0957839450651948,0.7491054275704907,0.103743694042805,0.0126648072568857,0.199185803889468,0.124948996,0.285038183,0.4
0.4950137779542615,0.0821988538900023,0.8162427338482069,0.3579697859179122,0.3595918823676116,0.4726042841124263,0.0860639610021657,0.3089504950189288,0.4728787841839112,0.077293934,0.495456437,0.365217391
0.1169717592334588,0.3286465815771148,0.4608406815290808,0.0546839397551739,0.1487329120992035,0.8063939064446418,0.801793420152832,0.1235169583487528,0.1174837494871189,0.18275544,0.27912042,0.177777778
0.4160227651823339,0.8489903328399578,0.9327454632627727,0.9448581023404355,0.7107387319338925,0.9484662386992324,0.2196745957590506,0.8774369036142864,0.9236602356897816,0.426992754,0.666554319,0.0
0.9477260334193944,0.2160281745996969,0.1483660243828855,0.9357014136631552,0.3488612040447009,0.3039503023980098,0.7773239002731193,0.0797853914592467,0.5134508643410272,0.145596045,0.374834615,0.0
0.5814209821180143,0.7963164426241922,0.4239018567425487,0.2506166773017915,0.4496562977556837,0.6465591086443631,0.9776947255367628,0.6731564907029784,0.8210364446786037,0.393880696,0.536040611,0.0
0.8485369075783434,0.1446289795897127,0.3286609436766997,0.5133045781147045,0.2168046859954313,0.9403255773099216,0.0976602226803213,0.0728738911432159,0.5986968801323617,0.051835103,0.553042514,0.6
0.2516826832531416,0.5826841154875513,0.2782725016311881,0.7200549400107835,0.2577221592541601,0.182665508547142,0.6430491855063197,0.8241997914126657,0.6433424285169057,0.350907456,0.210524254,0.307692308
0.1936566255190213,0.9254095835857216,0.9648933215712274,0.6018415533722038,0.4344726945842868,0.3500229202744284,0.0861054971511072,0.4212882638842804,0.419497122791816,0.500754455,0.081672726,0.0
0.620633625623948,0.5637255512681021,0.083126163201934,0.8728707646584892,0.1332517082001215,0.9778857345442284,0.5489087779562452,0.9601285649697612,0.2773182637635082,0.240287014,0.481796733,0.12972973
0.1175555473431319,0.1944433913954382,0.9126173906701296,0.7786020226082413,0.7822129520673805,0.7397103842458446,0.0963800913792615,0.6364867410364343,0.194872337304329,0.106949269,0.312461008,0.685714286
0.6849878564510828,0.311166021980258,0.5716387457034203,0.8304326670267835,0.1208864569955536,0.7313374743859922,0.6616760490025746,0.9305976211274564,0.6084858720353021,0.163485215,0.529743048,0.0
0.8431431905575291,0.752553649522082,0.3435483666391604,0.0095457321139578,0.8088066769400472,0.9060754658581944,0.4067118268889879,0.2911729227375468,0.9763947886308824,0.337053518,0.440906958,0.0
0.6075910772035484,0.9022977455857202,0.5645048992404087,0.9769400033968058,0.7764449211915899,0.4292703973264345,0.8099969509257441,0.4236710809171973,0.648857766879135,0.61248628,0.444897417,0.342857143
0.2526863315176737,0.127386090433559,0.6447492470742701,0.8588827064451242,0.0782323620768492,0.9188093418001768,0.0822158472667029,0.875774766162756,0.6448669176691461,0.084710552,0.346888391,0.4
0.0092440190469055,0.479678059703955,0.8802871746593451,0.9108397651024372,0.8984555075526982,0.4628898859664947,0.3857186324373161,0.235229569457282,0.1899995547109602,0.213706843,0.137408326,0.2
0.34572583699476,0.0866833192648616,0.2498692953720159,0.0367856617961388,0.7262193564664355,0.0192982278724734,0.7719660178405503,0.9070813739350224,0.5211566533257851,0.096555756,0.063342588,0.418604651
0.9029596943007352,0.6123213535665482,0.2161525359436801,0.5689937114393565,0.1276075792662708,0.1539517828353708,0.5234960604410326,0.9871224818161384,0.6450715348060246,0.301522397,0.389543362,0.332307692
0.4676351711337806,0.6245926310980408,0.6746506840003171,0.6283494666107083,0.348895056310981,0.8800366281424357,0.5134078946618857,0.1873098267237681,0.1941950162832368,0.302091789,0.441078006,0.123076923
0.5867537315531833,0.1921417965235027,0.7698908702134752,0.9769244306180512,0.6583711884750434,0.9122403778007871,0.1438919974635435,0.5895754527416438,0.2184426267333322,0.10394924,0.484523308,0.654545455
0.5096973574226288,0.9424404514632246,0.0086525976643371,0.99373237801419,0.5742784287665138,0.2450816084560638,0.3282950761402824,0.151425238809293,0.0158559872671182,0.340785662,0.150203054,0.927272727
0.9366368874655931,0.2291557708226859,0.12366183605993,0.8632036941173599,0.1678202294096223,0.6478918544900819,0.540602826650943,0.8091465180802043,0.985087856830589,0.15973765,0.559467249,0.111627907
0.790174136109515,0.5587347872574214,0.6710190308620939,0.2515054799614926,0.1724954672874243,0.3572343538722923,0.0132174945682492,0.0283911421012572,0.9748805882748224,0.170453208,0.426983094,0.375
0.4864710194202355,0.0475441220414026,0.0438863122258247,0.0685459295063491,0.1347754496424944,0.8930179587077742,0.5471131684835895,0.2867718363569359,0.3948127931384526,0.082838138,0.48179244,0.0
0.7680673607866124,0.1024509244625022,0.058149043395614,0.3965494216475288,0.0906957505073415,0.1667832045268021,0.5839715295774405,0.8767094820284901,0.7763692255467073,0.116602542,0.295658924,0.139534884
0.8765083401644885,0.8998331495496382,0.8099122154720604,0.8355860991458046,0.7972825977552356,0.5004193952694534,0.4731510151491486,0.884516092334502,0.7234921844776222,0.516400584,0.326854798,0.0
0.6945134354762853,0.8562692313713185,0.4037678555265245,0.8190617306078383,0.4743026439460271,0.144615818076406,0.2201151506057889,0.135957684773563,0.8815260494970192,0.321406446,0.280193896,0.05
0.8966506241492881,0.0748564132773227,0.0262437514250014,0.3473559534865811,0.4844812783213948,0.903777203624272,0.608673278458548,0.1479851317148279,0.856149200034925,0.109639012,0.666409012,0.171428571
0.8265912879616935,0.8821215491829955,0.5721343155390647,0.7180939417441947,0.0438282477436395,0.3226989653934692,0.4496240280033686,0.7769313679337871,0.5735071687818193,0.414231395,0.453669496,0.6
0.7006199607279447,0.2981263917706495,0.9380641671242946,0.2397059651160816,0.0075274909725817,0.0541716442551291,0.4109470031848242,0.911336284016229,0.2569932339827604,0.122564753,0.192306366,0.72
0.1308952477270419,0.498271736510841,0.8023397576656832,0.6603030308398941,0.6724126383995442,0.9207795983984244,0.9443075420188743,0.2932412558547226,0.5963833485278789,0.2545572,0.324966052,0.035294118
0.9432749345825548,0.7808825723289362,0.3531952071007959,0.9269103405565108,0.6022739128469957,0.6301352663614068,0.0221155423946739,0.6129801130985028,0.8243781324764151,0.279368556,0.209721417,0.0
0.4059914159558142,0.9303519395507208,0.307317290621147,0.7207570507701214,0.7817645161990845,0.6035400786087707,0.7137165689884233,0.1366228733452593,0.6347440672465724,0.665965449,0.461273306,0.38
0.8597169987005312,0.6183813215471046,0.2513953076737377,0.6515913562827854,0.390646441534895,0.1929221278339657,0.0960925931746728,0.0456263840212276,0.4229860869624987,0.155477984,0.388798525,0.163636364
0.3788709547804383,0.9462189720844316,0.6481641379122787,0.6837672646944308,0.8695159392519035,0.3679571531706209,0.7221658214625712,0.6273491850906424,0.3001916867954464,0.636082199,0.404761234,0.253846154
0.7808050621692469,0.508830264286661,0.6436118897892688,0.0575467262963843,0.6041194805581301,0.7534930119358191,0.1538478157059001,0.2604222895460488,0.7241436556745289,0.194356677,0.512051354,0.514285714
0.2431876476586165,0.5425176355379768,0.5177936586417627,0.1913635482878232,0.0016860616966281,0.1675456252755257,0.8081118982622149,0.611884604706124,0.9567709361094506,0.291296625,0.20333748,0.454545455
0.5441535107031599,0.1397066089673395,0.9755838475924804,0.5613605720883489,0.6824484623690806,0.3287664454445913,0.1445014925383246,0.9562132772502104,0.6280504001487277,0.108073641,0.344741914,0.48
0.3821321454673563,0.3381427645875836,0.7299181623272762,0.2126653390692713,0.229824682513417,0.7000308830941167,0.0147332849026823,0.7626208289753305,0.2638420366915369,0.120964272,0.315242356,0.0
0.1799157311043895,0.7358991470575231,0.597332003579858,0.3723928509425569,0.2496676918750082,0.9175122210572018,0.246584782719725,0.7985432080477414,0.5090005781010372,0.196163096,0.57792196,0.5
0.1267475470572806,0.8931416369772912,0.7239728657281848,0.3659136364371637,0.0688594266796863,0.9326978367909434,0.6693105023577708,0.412640597085211,0.4120649030333604,0.510746908,0.336633633,0.0
0.39042235770229,0.3360687417811535,0.3282036133511279,0.5890564234572991,0.5072493507120401,0.9826887419487704,0.0857338168767968,0.4722492994571341,0.5387648134377706,0.146538096,0.69865489,0.0
0.4869217353410181,0.9133120802254244,0.1824120386600787,0.4237583009340283,0.3265466326894538,0.9627176694798018,0.5095062215722387,0.486393511074279,0.5857570627343787,0.490894767,0.469873497,0.391836735
0.0968972042679007,0.2465655807653456,0.2986961295308598,0.9918612952513832,0.0310951557694587,0.2290009444003599,0.5351846112548934,0.9003910829649361,0.2434209261950977,0.112790825,0.078443035,0.0
0.4457260623924209,0.6431553055780317,0.8638730712521018,0.035878190542415,0.8418052442603994,0.7793126273380235,0.9733025473250104,0.9207285471101684,0.3252051689432681,0.289365925,0.460735141,0.368181818
0.5979184912583395,0.176114811684577,0.6412794783694193,0.6349523691365796,0.5665529185285169,0.8017054096657126,0.070081545482653,0.6675824389401399,0.8155154536827479,0.073944768,0.449577778,0.184615385
0.9664940840101544,0.5453477018543131,0.2132279919231772,0.4005472146279938,0.0460597366841337,0.5464374680010845,0.5820847289911918,0.1754448214643753,0.2652215972851208,0.187662321,0.523925137,0.656
0.790220548254884,0.4078277612638635,0.9541128285964008,0.2124534146857172,0.349125754747437,0.179830646539284,0.0483142268563632,0.7571577553238871,0.8559818432982558,0.144593425,0.316083891,0.507692308
0.6006240702303529,0.3838744291765782,0.1703967469480464,0.2993955115448615,0.2140697162256023,0.272855593051778,0.1874387614331121,0.4919137995039027,0.1099695640060552,0.120676053,0.322743705,0.7
0.6096330177600708,0.8169598809291727,0.5807045495671963,0.3973608536279188,0.774821631121203,0.5338251145225672,0.0990311585429621,0.9972634492571926,0.624220531254728,0.43308084,0.33832476,0.36
0.6730810987095098,0.0688500749137988,0.8890949693212913,0.310724363611668,0.4325045934167115,0.0333144177731916,0.7952265658820528,0.8840266033295493,0.4833038683595205,0.111021926,0.152498744,0.509589041
0.3905859259843318,0.1255738501285139,0.7446675269400408,0.4789282111652382,0.7963000516589898,0.8043162914400678,0.5153401047855992,0.4545833019580855,0.5114392407453067,0.121994247,0.507840728,0.305882353
0.0863777085174888,0.3556913118130757,0.6329806698400449,0.840761289166098,0.5372753098868147,0.5729417915537466,0.9438327480068648,0.714726970187923,0.7554988170315476,0.185756496,0.277096559,0.210526316
0.8017800460708001,0.0539149724581268,0.9178745392345106,0.9783310591244648,0.8631919948583048,0.9565166425748324,0.0117957220585048,0.4416342732629554,0.433728026081952,0.062572529,0.753308009,0.0
0.4457330093904385,0.3547590707097918,0.9893376243060732,0.5081681186281045,0.6955227885954888,0.154615276308613,0.8641731259147709,0.0657979774351571,0.2995148028378923,0.237293314,0.247851825,0.046153846
0.2418096433852068,0.7545443527467792,0.1216277448512006,0.4192695941458622,0.0518975170992618,0.2261958418396258,0.684632289592009,0.9933936224774996,0.8248497353352531,0.371027429,0.305923069,0.534653465
0.5642737858648684,0.7532460141526226,0.2992582047072259,0.2049643041326491,0.023355373111448,0.9125825504931236,0.9457678970668556,0.580444559908045,0.7099773012334121,0.373740187,0.556778225,0.388732394
0.3375151611933124,0.1731246088827865,0.927443904019734,0.4025476313701399,0.4579518623329933,0.773483611417935,0.1626448790891177,0.9344342390940128,0.9707815344081242,0.088022888,0.286446457,0.375
0.9074455908248892,0.510441030465463,0.7040747869071778,0.5367080110209808,0.8952045208101904,0.7535077592898825,0.6451731822873569,0.6946161995071508,0.559008922458303,0.27930152,0.430523167,0.306976744
0.3812867912655382,0.3269142106480387,0.9111521063228728,0.416929187625758,0.2144681140261071,0.1551364922765893,0.3461330473136438,0.7598883981288602,0.8052284307159892,0.136608312,0.233979558,0.4
0.8674937157930364,0.4935833193539847,0.8491682393125387,0.031468173446166,0.5683373903570926,0.1310320619938877,0.2915614973112258,0.0671840922200239,0.9520015318726834,0.164120967,0.46219911,0.694736842
0.0194877593712872,0.5690483236711833,0.5721502354793758,0.8574596775939943,0.9520392695391412,0.8201503190278494,0.2490947253454167,0.5406028079071544,0.5229379985867998,0.257515585,0.243353468,0.514285714
0.9303673590097612,0.7277579599268879,0.2637865788565907,0.471099386641281,0.4642608621074215,0.8145164428801001,0.7056319229748198,0.8457758473350846,0.3184758270659786,0.297043187,0.590196708,0.161538462
0.5766327950316534,0.6452542382530387,0.1962347364270937,0.9397030294975346,0.4193502376443598,0.9229887492487754,0.6254975765316688,0.7554029540565972,0.3828801816878067,0.252394601,0.5377747,0.0
0.6994269485783412,0.2896603052673354,0.1978691296012981,0.6716144919208105,0.2287695784249696,0.2601734690294416,0.1498039922134211,0.2388496664690546,0.2138547369248805,0.087404948,0.465097044,0.6375
0.6680299564722021,0.7605475578604498,0.8203071576343139,0.5118039372996258,0.2469034272165978,0.610707938173381,0.2500800724024691,0.5364344898769952,0.9580221643288608,0.271486994,0.380001893,0.0
0.930985434143386,0.7115011837467289,0.7057832020968405,0.8804809947997457,0.7836100903320473,0.4150162853182882,0.0522137283994178,0.2200564364125586,0.0602770967334966,0.279922468,0.35410867,0.171428571
0.8431673846109602,0.8785110561810885,0.1735557647500066,0.2579177550910996,0.0787122484056958,0.16957632552667,0.9923306950274756,0.1771617726420881,0.243739526611837,0.390661189,0.389059416,0.454545455
0.5002755526479942,0.7688871895042335,0.8032963619891919,0.7752797168147564,0.255654296760371,0.963491562574327,0.5530570185289015,0.8744170340959192,0.7910777207156124,0.457639375,0.388195107,0.0
0.1733334940665387,0.1908113359845032,0.6180367833072336,0.4828357682453953,0.6973482718998334,0.4603532525382114,0.8646434226947181,0.9180341436241534,0.032227343327029,0.12977427,0.223740826,0.270967742
0.6249135674556949,0.3043606391521498,0.1003321322747579,0.95518618614925,0.985822727876969,0.2238983130481184,0.1243809208323059,0.5242221460348114,0.5629496387975161,0.054402977,0.424489293,0.3
0.3227052261513942,0.4844987195213365,0.8060884844898926,0.9701189178888676,0.6791241338868447,0.8793949183109115,0.4749961484480954,0.0416431157723738,0.3350295948255927,0.181564977,0.498437157,0.432
0.845359738384802,0.7326841196299815,0.2096917397673774,0.3197744510283947,0.2074249368054018,0.7185766294811351,0.2269003268975817,0.6475854088979495,0.9166604629807056,0.354943376,0.591321375,0.3
0.7681195015126595,0.2726130686562903,0.867488019602858,0.2684995817143719,0.8556134652671841,0.9104965433352368,0.5054599814622355,0.2833121554541828,0.8680870683418798,0.170115176,0.524605959,0.327272727
0.725151993875167,0.4205336702154596,0.7243803111619868,0.2629350293629754,0.8063499010474172,0.791730160158754,0.4668486116985813,0.6968298127869988,0.1016046106345585,0.147078845,0.349644856,0.133333333
0.2370868807178239,0.4991876482312959,0.7699153078257585,0.3092529678468277,0.2518275585420373,0.2403656996448845,0.9593629165851716,0.2981311592404256,0.3776755209171442,0.271444916,0.166791656,0.16744186
0.9808995519210254,0.6359320613769586,0.9079523328272718,0.9207424571253148,0.5146435953735188,0.6474547745817607,0.4973975065862946,0.9364045864853678,0.925990191076584,0.250508733,0.479112024,0.36
0.7566307586904937,0.4967276634768601,0.635494038807531,0.4881779464728816,0.1297979623898637,0.1162279152597056,0.2584953771921782,0.5875598918826122,0.3731189358371772,0.147079568,0.198353314,0.15
0.308072785078447,0.1337347158485455,0.121244705529824,0.927813993454132,0.4783227875297462,0.7061603047622459,0.3998929192193701,0.6145553361017853,0.6910499298150422,0.079648909,0.41766418,0.0375
0.4441697049923588,0.2630387511179305,0.6517967228520056,0.9741722532040038,0.4053474164283527,0.8924601756631225,0.7692653745491093,0.7893070223035189,0.5516189066600339,0.118402957,0.550475514,0.0
0.0999040011002562,0.0327049788236861,0.1645460489902849,0.1630480372504028,0.1036417218501344,0.6544227159421703,0.7883043137077158,0.1233871813531855,0.7516920067233053,0.096961367,0.213247602,0.0
0.495362706811179,0.0094431765751724,0.7837508374711968,0.8334311465498342,0.2273792727840803,0.666233563748136,0.6414692289752412,0.6409941814035579,0.3184538107489163,0.095678622,0.462511853,0.348387097
0.5808234320334804,0.5790109168772221,0.5210666099876446,0.5307464299462106,0.1872408013402934,0.9660721171508416,0.3574334940810171,0.146305614806979,0.6052061160883849,0.151103171,0.604818108,0.56
0.169610279857635,0.9527712880453388,0.6207900462991596,0.7518429161654093,0.9039558379371414,0.0445083009932715,0.2540316429902826,0.4885218245163141,0.8921817979029819,0.358843079,0.055456532,0.276923077
0.5060039751849134,0.0982498792305018,0.4811926070962016,0.0109353945979377,0.8179081769008386,0.5554136584819699,0.5499994803537919,0.3936870241632655,0.4530600364369478,0.117502527,0.436625142,0.571428571
0.4540240385218688,0.2544202693448393,0.8385751811116878,0.1101777091875259,0.6431590098918776,0.3722139005732355,0.2249771979720108,0.9474799147418524,0.242338421400073,0.074500241,0.461893421,0.64
0.7017530450576774,0.0968704935741296,0.4024301888415804,0.1127169281902207,0.267268017172119,0.757642545020646,0.1171539639777623,0.3273799297097846,0.6613179580338528,0.073654731,0.626041456,0.0
0.0259747494320776,0.4856060113380605,0.3262419481540564,0.0712875390994691,0.3925728843098717,0.7848655717190318,0.2019467425259756,0.038289610083817,0.2967967133888234,0.154974048,0.32809157,0.514285714
0.9173202165320206,0.3482797677416993,0.2113475279802655,0.2109012003007312,0.1902582022919752,0.3200213010844772,0.8371755601394242,0.9414257702327208,0.7973792436055624,0.229167017,0.319016189,0.0
0.3045981214637872,0.0788770399747335,0.0510975126335714,0.9777855025791982,0.2741602806553878,0.299164540890661,0.6954873742266985,0.1097270572087819,0.6787748059442189,0.107821314,0.278606157,0.075
0.3867325992728248,0.3401107158165231,0.7483675810822269,0.4696687893431412,0.5854484219954459,0.388700084438087,0.2238478303825655,0.0242688218120451,0.2148908101882103,0.109809899,0.422888959,0.333333333
0.6293947377898246,0.1769172331254822,0.446468829149655,0.3405244032028953,0.3092748687173204,0.9562890473903491,0.4836149151716649,0.1992705881047958,0.3529613313650869,0.078497781,0.332346289,0.342857143
0.0970786124846612,0.1745748701854429,0.6146059310254912,0.5244815729019346,0.4777292917106895,0.545704018699156,0.6521486316979775,0.6914942565751849,0.742398489549109,0.133336139,0.196783697,0.0
0.701709434526685,0.1590525343443657,0.6926390564307989,0.1405817939154897,0.5578071666025672,0.4212193255699642,0.0687770957734241,0.9982020449593936,0.407078962791161,0.063017045,0.563101207,0.709090909
0.821747985561496,0.4830189759930646,0.4569851242202194,0.8078797002237648,0.3765573112373579,0.551224134247466,0.1333034609509191,0.3436380800248886,0.5819438130015608,0.124130114,0.4623645,0.72
0.7430287518132894,0.8616028268041118,0.2413832192186029,0.9457281435682198,0.6265252042224456,0.4109443158234398,0.8866578031612272,0.2227518857895568,0.4302934081884132,0.348355453,0.431122701,0.0
0.8337313147983249,0.982900152208472,0.7067465595022284,0.996583913692318,0.0063667613551005,0.4419638239158246,0.7208480468153657,0.0687617085975161,0.2419791377755787,0.512414118,0.524402594,0.435
0.8466363995290769,0.6249350352713302,0.6035789049873045,0.6887978067158097,0.6243991956780742,0.0679422428508901,0.0168541810957015,0.2359547006704786,0.8274032446232386,0.275454541,0.29307239,0.694736842
0.0417960149641266,0.6088913734826146,0.7296959375236309,0.2558769570467946,0.4751814664300965,0.2419610773672673,0.3904892032009739,0.9421008597221292,0.481942320144417,0.165824869,0.132575898,0.228571429
0.1137426352671356,0.6306068652028928,0.3874049200498797,0.2696476337906924,0.5085099958956153,0.2902157950730595,0.9148355059976544,0.4537307595245805,0.9923754476099416,0.436121242,0.206109488,0.1875
0.7593059071824216,0.9762318744460778,0.2282096429968221,0.0247560768476468,0.5383177047485782,0.563586039392835,0.2742034474417048,0.2544246814172557,0.727636293613768,0.435304503,0.385532945,0.730434783
0.7341684724933679,0.6193874103134981,0.266393531789773,0.48397436890429,0.2270539437838427,0.6592277029368716,0.8915376238577645,0.0702791180604252,0.6584414472574514,0.418987544,0.493078111,0.0
0.4205734897399229,0.5904670195066895,0.5287745713907686,0.2606100384057237,0.577815927990352,0.3246933746222005,0.5449072600680633,0.490983121325137,0.9846803410770818,0.33554964,0.337458268,0.244897959
0.3322670049177754,0.6042966357841931,0.7551507598849863,0.4600021128586168,0.5146917398162064,0.5849720419188207,0.6023528744930263,0.9390698082765404,0.256028890251233,0.271237874,0.311398973,0.146341463
0.3711695783562438,0.8751583749157618,0.6211099204709514,0.7373059662260356,0.1877356288890909,0.1592321049801259,0.014806859464355,0.3206531980288352,0.5706399963156197,0.263298439,0.218152663,0.24
0.9625061824026953,0.2384419992393098,0.7059755460364213,0.902044973670162,0.0564633640448108,0.5978461805905158,0.2408830990192122,0.1578801086753206,0.9902664542845264,0.122909481,0.41844054,0.0
0.5098100666988632,0.7029319866147503,0.8806125808019953,0.2846823325469617,0.7756168570170339,0.4976123748014617,0.6459161692370342,0.4462644838887558,0.9381533799349814,0.454259073,0.475679904,0.469565217
0.7375890398028243,0.2465943606768353,0.5423090338079739,0.6478601753409592,0.9772896020273594,0.8838271017888268,0.6161391573847075,0.2322498753322541,0.2590444422638456,0.114978079,0.525776358,0.342857143
0.7576518038373745,0.2319706832911575,0.6146982141331692,0.7806911725426237,0.9356715150842804,0.9313172830717472,0.3530970637412648,0.5487455056230379,0.0898157423424288,0.077294433,0.731872489,0.0
0.5658862561935487,0.7420990475804109,0.6060640857258396,0.7046734070644596,0.8074320554920684,0.0011605067594455,0.503998979872846,0.9803238606201916,0.7258664770869654,0.397149138,0.069914779,0.543396226
0.6022434371706337,0.3795840866603405,0.7947687165586028,0.8907469148302688,0.2511708154891749,0.4596224846594202,0.7637409877966119,0.5807436358610045,0.4440678613781724,0.196558387,0.400894227,0.0
0.9863296842167324,0.9027340330394984,0.5706132315502379,0.9401563106443944,0.662310514201924,0.709898602598537,0.4368340079302671,0.5075402184919583,0.6830750137320044,0.413488269,0.640539892,0.514285714
0.5037242791498289,0.9604358718509703,0.9094841691873932,0.9012969034591336,0.4375801868365286,0.2323461517511127,0.0871926163110561,0.0511995330195498,0.0943984713927801,0.348377878,0.217487548,0.0
0.9948920137597612,0.1739042593881639,0.366306895719094,0.8136345042801683,0.9577680544379764,0.0926301007318305,0.0237988666489282,0.6570093424659357,0.0249229784773284,0.093282386,0.389560388,0.784615385
0.4751056046373346,0.8831210969778766,0.8311135496183557,0.3602092833059624,0.2709541742157091,0.98390915358761,0.86859262264822,0.4575297657046083,0.3213911030272137,0.539448713,0.489072248,0.271698113
0.9805765574492228,0.0311681082663227,0.4442443709087625,0.0165303966522204,0.988438751484768,0.2387758207042256,0.7984556385090057,0.7540199912251762,0.9093257666827648,0.103853464,0.368431466,0.269387755
0.463113301151301,0.1126199400737638,0.9325293827803732,0.1195370873209664,0.3037146022265736,0.9854417064487728,0.6700859602948896,0.8566295731235865,0.8900608042595672,0.126543452,0.530753258,0.118032787
0.3386136581426856,0.060433142847772,0.0215398983621093,0.7727113512679807,0.5302586441353567,0.3518373231364883,0.0656267059473834,0.0639814587061265,0.3238971424938892,0.072227556,0.261042414,0.553846154
0.610459824086297,0.6757914431284161,0.3941679850986316,0.2240740773492714,0.550862082486046,0.560921444351468,0.2576213723464599,0.3666564437830042,0.6976966956652872,0.280758554,0.438949747,0.666666667
0.9930626497418892,0.6599811622760529,0.9498500100558986,0.2738022171739168,0.0078868179124595,0.9730122859313,0.4282368093309582,0.9207160821946728,0.651102385060499,0.24538649,0.556139576,0.442105263
0.5645751558412868,0.5668971192087603,0.4347038932676249,0.7252106032850569,0.8253212090308941,0.8365541452684103,0.2641755921704843,0.9029461192360092,0.9617820675829968,0.177643959,0.390091697,0.0
0.5655074406927183,0.9763129530413748,0.1703487062746349,0.3408945977741421,0.7547991078197503,0.1956542341535846,0.1077976646995547,0.9512846108122864,0.3312344253987798,0.391281954,0.279896276,0.24
0.1605927386400978,0.0316517576673095,0.97392113387633,0.2429211258147939,0.089983419897156,0.8272851401089385,0.4350258984334115,0.2811528358043421,0.1113669210654302,0.074176272,0.429461236,0.786206897
0.0476937449741383,0.4276453560856585,0.8923627282156494,0.4694082538308605,0.5383385662149528,0.3198611765078883,0.2149162887378813,0.4254343865947567,0.4078425829212723,0.174153252,0.10300806,0.0
0.514802072886951,0.4834939132529671,0.8280678133986267,0.1530150193212625,0.6204136165555268,0.3192970266509652,0.1481102733625743,0.7835355425499089,0.0754405875512065,0.096447779,0.330398272,0.533333333
0.0632500834735948,0.399722353130568,0.9052777213582028,0.5896328758442088,0.0769109722671189,0.3749661894751706,0.4638434465918742,0.8294365122814147,0.3587242538417154,0.116499586,0.369744863,0.436363636
0.1091649639530222,0.3360777087065125,0.7835423479231204,0.2824433690178931,0.4773098738807418,0.7154673881011964,0.9968262986857348,0.7777633012090015,0.3937401435121944,0.160364102,0.317452388,0.327272727
0.2322655556753098,0.2150061277658167,0.5618529868453511,0.9990173778402732,0.9353645881903656,0.0085667640034321,0.9894047977919008,0.0548436079982421,0.8077362331808088,0.120324214,0.028748031,0.044444444
0.817236599599859,0.3336093485713106,0.6743791574043699,0.10917553188182,0.3302175459892995,0.5465303248303138,0.6783681178518891,0.5868678892699363,0.0909635860443991,0.233006789,0.474511568,0.12
0.7541232983022087,0.7501472247256495,0.7796262206790151,0.2058114716413916,0.1602127038828279,0.1225808189537647,0.9808036639987272,0.9929443561533968,0.5094754137228023,0.302282961,0.351957177,0.38028169
0.483409011775829,0.3960119328574435,0.5946850607313628,0.5037687941083736,0.327960953578542,0.8247944419617643,0.6506446271157561,0.7752760360868495,0.5946630257912042,0.19809506,0.492578275,0.0
0.3982719033782695,0.8304040790982519,0.0681934478032779,0.7243694567315433,0.3873140640621348,0.6664541037046483,0.6065519492989444,0.8530988850146909,0.9706352815266036,0.40961712,0.434846595,0.406153846
0.0077605892140319,0.0098088544666107,0.1815644511339084,0.5065573316177651,0.9991621326917048,0.3671850810090128,0.585194581811817,0.9111946384953534,0.2631228920157469,0.074646956,0.194064153,0.614285714
0.0446853619664687,0.1858121087067165,0.0946574504856891,0.8596116701778626,0.5716620512252968,0.5942118439403916,0.7400399067375564,0.4593354136847782,0.7888878362516908,0.127786424,0.129752896,0.0
0.4614088119601081,0.1416200378343876,0.1220031929737007,0.1208551189420101,0.4947098801767163,0.5249489225242331,0.2680467360478297,0.667326733054326,0.5162088128169467,0.067919291,0.415500821,0.6
0.7182641959727084,0.2732799622334102,0.3171131203179526,0.7063441067482312,0.3265126592458657,0.1611565897174213,0.0486082851794454,0.8368730635339937,0.2789118620387678,0.098607055,0.298288216,0.133333333
0.7572964436099172,0.7530647560686695,0.1802795187731798,0.9827555151285952,0.3243906496730578,0.5192707733296306,0.4889263397484132,0.2119691950895866,0.6793885073983049,0.190028033,0.396665161,0.436363636
0.2522937632459514,0.9113539903170188,0.0746917182948706,0.3546970402222333,0.279983493365925,0.4795141137482975,0.4443955710074759,0.8176681826607548,0.5952327719369369,0.32358111,0.326184354,0.436363636
0.2628756944940101,0.2058701600243255,0.4594373236505489,0.9139938425312428,0.4699422975287752,0.1621434788524002,0.2987778955361444,0.4096331121958629,0.7536671739991474,0.124171315,0.099582799,0.0
0.2902168586792721,0.1110881959480304,0.8673498841341534,0.8013083083061553,0.8544549301363503,0.7988511135566566,0.1111050330222983,0.7303262942417201,0.9706885540415032,0.067343683,0.380750045,0.3
0.9339716801161628,0.3247368877203204,0.1685618642154528,0.6825044765841601,0.8034159683739345,0.0870993647353729,0.7775476418713184,0.5215540394107744,0.7835215809044154,0.180039932,0.332131213,0.443076923
0.7387638532222169,0.446048361012218,0.2687273398110177,0.6897827697807133,0.2722671165492278,0.5649630743687344,0.3127383633803203,0.945992191216246,0.1955102766226588,0.110842201,0.608195838,0.218181818
0.0053774179804584,0.5535508952427106,0.688072664318314,0.0099632596279863,0.8553905824569895,0.7208160995236768,0.2732451699982033,0.6760166466047351,0.649115842496393,0.179802448,0.209375788,0.0
0.7210295496066697,0.4542238360475313,0.1859172695868053,0.4590540080193809,0.7786428758667532,0.4828037402995231,0.6472263424841673,0.9119179289340889,0.7879490761526116,0.24394549,0.514427464,0.592771084
0.0647838569556645,0.4501733035784121,0.3532044931091935,0.4143006052784488,0.5007151050938605,0.6808525610808709,0.2628162903350909,0.3038456374126517,0.0654298898324923,0.116476217,0.107677003,0.3
0.5590099608320994,0.1784417623172383,0.990257237693788,0.0671861291971294,0.4286104581950745,0.9724170614416546,0.1823818373786325,0.8696599895692786,0.7698239386821589,0.092659456,0.53258729,0.533333333
0.0347990272694163,0.8611628132706383,0.7465438793910625,0.1185184525186983,0.6518438079219121,0.8167873133418653,0.418841783987975,0.1699853772059408,0.7550615272463502,0.280408186,0.348637974,0.466666667
0.4678743388548482,0.1732122926926834,0.2947959347829482,0.6696162441507421,0.5181626688155587,0.7228841241470744,0.1502795592758585,0.0202773897757885,0.4844718867177022,0.096082288,0.25585012,0.0
0.5986875990271932,0.6249661388007938,0.6779722415317437,0.9134747746540164,0.6698410060612393,0.4153326777215125,0.6882581838123562,0.2257980414598513,0.5583500351091073,0.324541627,0.448547883,0.502325581
0.5648945772061732,0.6715437850504862,0.7346879542951525,0.5711621444382641,0.8150844812967388,0.1845935879555127,0.6339363731360312,0.3951053806398917,0.6623611326365836,0.280622466,0.161995013,0.0
0.7893307523960731,0.1802050294035674,0.0952136104797674,0.0328457810040643,0.2672592377716584,0.7994895202272739,0.1722191543737392,0.3259333917684451,0.5654728748222323,0.075854983,0.57267238,0.533333333
0.0477988813555891,0.2484485860555338,0.9625690860301322,0.8175789849642671,0.692463621715093,0.5790998172779404,0.6419614259701871,0.8546942828696077,0.1791689164775489,0.159288329,0.248077813,0.222222222
0.4696121974308039,0.4808479168943423,0.6458320875072268,0.1774609910555443,0.5040144082409364,0.2712145919195048,0.7167815841096884,0.4985699283530307,0.5682554741721794,0.195609048,0.416987309,0.593258427
0.4439970756476995,0.1151754381966367,0.7359845679656852,0.9483031431798684,0.4797890156897733,0.935812175044164,0.5913321958445007,0.2828744008441983,0.6981958346563284,0.121344579,0.432999402,0.517647059
0.0315015455655843,0.3432473806289804,0.3168176805602434,0.0092804972955088,0.6522550265592224,0.3545606561180924,0.2372585173429529,0.2978781843216687,0.2813690388714507,0.119495357,0.212471595,0.0
0.1902839999879511,0.5072570333028789,0.0674577308427738,0.2440259815164672,0.031308512203521,0.7162688739978176,0.3555880767197957,0.5069058082956562,0.188803021504381,0.120043565,0.397181342,0.525
0.3769125533878193,0.9995240494750242,0.9365502582693416,0.5747521429686071,0.2034771074427241,0.5955310208660626,0.5456506447567764,0.607900029316231,0.1548227949290108,0.619526707,0.408192608,0.252631579
0.3186878829600685,0.6054179665199289,0.2770437700436151,0.5709352098429117,0.3895140728957397,0.2267069114228733,0.4009602869240426,0.8820080705922938,0.6013583012412631,0.234692197,0.232572012,0.1
0.7706580587608932,0.6364845379023821,0.4091758540842523,0.7164766630784315,0.7594899541340238,0.5752792490855206,0.3963558150721489,0.5875558617012081,0.8686767065695085,0.212487188,0.419939295,0.533333333
0.5528903133832178,0.0926800281107598,0.4114541860030943,0.5235140636105762,0.5499174436282861,0.3289691040054153,0.8014154022489438,0.5952485889662956,0.1979397667369841,0.113168936,0.451220196,0.636144578
0.2515499271459103,0.3024319705084916,0.2921999804428068,0.393568917915004,0.5229116342179636,0.9703386413553464,0.6405456027153835,0.3539103814578357,0.4767092801827151,0.204182865,0.487801224,0.352941176
0.5408837997997727,0.901914216897022,0.6866560411105231,0.527811067652439,0.9717724001344556,0.6511054337528963,0.5639488491936749,0.653914170443402,0.9119326187045466,0.571713479,0.460522529,0.064864865
0.9041300177270508,0.8365573728877095,0.4901163457983615,0.9640277625399496,0.4182256132599584,0.3195798499186001,0.5832079097689157,0.1712440272279186,0.9710849189373744,0.561691522,0.301397768,0.0
0.035420306810057,0.4919450952489478,0.9841328741869104,0.1877395300810941,0.8233985368395113,0.9005217220439764,0.3839672569213967,0.8904080619264628,0.3712152254296486,0.164829456,0.424395933,0.457142857
0.5461903343367677,0.7704964413133912,0.9038514535854272,0.4926469594123625,0.75879274237251,0.5641714823815807,0.9747986493270808,0.1559807731161251,0.5151226104364666,0.395101362,0.44822739,0.268965517
0.2257690621771424,0.8726225616855592,0.6145072950863103,0.5917910012944544,0.5339544994310315,0.9357877858412248,0.0459637184783111,0.2128877985463548,0.3042132410198527,0.249209873,0.465408894,0.553846154
0.3262812019703809,0.5867549246426327,0.7454667789954261,0.1547819742414921,0.2376992204985517,0.4589875876118165,0.8310056065978643,0.5467496879141569,0.2712238918213945,0.373932215,0.37409954,0.609230769
0.1142889883665482,0.1979143597295121,0.6669635319828433,0.1421240026971931,0.4538764258166429,0.1682314416575253,0.685564654183194,0.925162896821736,0.7977109358466803,0.150259497,0.167453242,0.488135593
0.862129543723344,0.0381035512915062,0.628531371764402,0.8368368575062508,0.8352750481249605,0.4075123117854846,0.8516175536977322,0.4640876845626063,0.5754206527028054,0.103499241,0.462252043,0.334883721
0.5272646750183679,0.6414424952207612,0.7277322970519963,0.3946995925163696,0.3568947316976059,0.8846848712695737,0.7338379553480182,0.5677313889370735,0.4251970824211143,0.290244358,0.511674305,0.226086957
0.7896732637903662,0.5843229764785123,0.6119134415143235,0.1258713240936856,0.8599801256178269,0.6137559173701274,0.6258330435708855,0.5916796909146645,0.8788189085191263,0.318934959,0.485787463,0.0
0.0878222649768142,0.5801964213136722,0.6319046263464716,0.600438908098159,0.0718989843341606,0.8661615319492838,0.2107420339006864,0.8836587240612102,0.280322442384133,0.180683531,0.340371292,0.205714286
0.4345494044157258,0.0009351656007896,0.0084968357155464,0.5017020992984141,0.2046554736356961,0.773998786020409,0.6323719756417507,0.2661051485169251,0.8566740917254723,0.084322696,0.480300023,0.377142857
0.9217208812911832,0.3741549221422215,0.7743679345787421,0.5498697211759828,0.4027169889410041,0.7330457920597513,0.4477387061264861,0.3417967838921938,0.4869248545681404,0.114566153,0.613325805,0.436363636
0.1227874135776242,0.7482915323238596,0.7849125706890748,0.5364018269075165,0.7806416805889758,0.2289248826149394,0.1441631213037344,0.6182351951302782,0.4771139639665177,0.292540375,0.114509782,0.67826087
0.852541200772461,0.2877846392212374,0.1091962641883255,0.3418884235309549,0.3431790592465699,0.882095417671646,0.3155540445783799,0.5747171572501389,0.1453242714505617,0.085909792,0.630770056,0.635294118
0.7779717802138622,0.7693440303177483,0.5672879325851518,0.5546876298288788,0.9319044907984292,0.9126793969826558,0.0213101916714536,0.0884251540159491,0.5948221463887791,0.257341708,0.565369745,0.4
0.2809094289354652,0.1384193260055763,0.3070123202920546,0.813776533256478,0.7693924801207725,0.5032996070589624,0.4898220749388307,0.9534194592836251,0.4665852859034508,0.112403887,0.10649501,0.0
0.1946443836284959,0.6637861423535609,0.9740113303607492,0.1502265591369139,0.4515689262365463,0.2543609126185946,0.7022267624124844,0.2195221192500881,0.6900787527115545,0.38044791,0.172371741,0.106666667
0.7549307156275794,0.5689984572824837,0.2981277654072637,0.3085107729007594,0.187123087849458,0.0697758355113401,0.3726063400909802,0.4551974693030781,0.0975435200213807,0.069625321,0.249875219,0.514285714
0.4646158631510497,0.8719922415764756,0.8301208084168061,0.4401757376020344,0.1436781635793378,0.7212678224411982,0.732191307604109,0.0728898314394203,0.9177963847721984,0.644718271,0.539208636,0.446153846
0.6459963445757341,0.7972227538321682,0.5441052140785786,0.4513891310243832,0.3544314439734584,0.7848117670997464,0.2739842548394142,0.0385760685298797,0.1577679765969416,0.276792381,0.399264498,0.545454545
0.948731839431697,0.723919848067642,0.9779606020780216,0.6936204869185829,0.5031234719224927,0.2825578901965158,0.0646005670438206,0.706870131019958,0.6265533609323607,0.313308691,0.565141808,0.78
0.1288198297939647,0.0718611712953281,0.8058241961939041,0.358319643100396,0.4020510869376406,0.8283253832723961,0.2317624517839401,0.404096605171889,0.3798065563999658,0.073025888,0.323371131,0.64
0.8044034063547746,0.5092258700348821,0.801612376906907,0.7422437519512641,0.6715816654815007,0.6909602992196284,0.0969592487051631,0.6576495611502935,0.3924040891597258,0.165696733,0.354991612,0.428571429
0.6981297163286845,0.3271108972096356,0.8662656967986191,0.3983929777530967,0.7145497038635162,0.7729931532404353,0.7088905340134847,0.9566496303538832,0.0860144125495357,0.199154743,0.459150056,0.653164557
0.2250874957412274,0.0555038782163759,0.2816032351546305,0.3572094950015565,0.097765135684654,0.0504239632938326,0.1833032154177052,0.070933384356169,0.2172540608134352,0.045989574,0.075990965,0.514285714
0.846462162757068,0.2210981179529049,0.5115444329952948,0.2151915066638662,0.765055725624673,0.907363193816089,0.1544768163598091,0.9484201845855726,0.194030474239775,0.086160622,0.554089187,0.0
0.5747186108754504,0.7040687322396632,0.8673853857426196,0.7945188965223385,0.3605045643614023,0.3848396417200884,0.0099142572860214,0.6651286910757431,0.0248645852157071,0.152859228,0.433540188,0.64
0.8195130951741517,0.3552754108700058,0.5005837917802897,0.0556777928074643,0.2993709690025459,0.0544018988910139,0.9271123439904966,0.246038439818659,0.012635280383041,0.178032024,0.089298896,0.746341463
0.0948072475635599,0.9434745355512792,0.3574259048359007,0.2265009033958694,0.0727315654662711,0.4889886161908227,0.7160051950775147,0.111288864050139,0.6918419303145451,0.483678858,0.314732584,0.493150685
0.0965424373717354,0.4046456147080531,0.728526109129221,0.9122022934761662,0.7964630523948515,0.926611457445884,0.1889812097791735,0.8089027086113164,0.5239546029963001,0.117805215,0.36779622,0.733333333
0.2096334194184551,0.3784839280156764,0.224311065796937,0.4961413108794539,0.9697365483342296,0.389991362617199,0.1144722412758919,0.6014338031037922,0.0127779135684817,0.069957973,0.289918739,0.733333333
0.951430325938599,0.8343053425957215,0.4154726168979747,0.3774512167310762,0.3069654219180816,0.4284777525383244,0.8910376483388988,0.9998515333898366,0.9591162736767324,0.526825718,0.441452327,0.141176471
0.1777274642868741,0.146621051368575,0.6477899991892857,0.1876894397008479,0.9812759893788588,0.8645813327943408,0.4014315464119444,0.4356175427164358,0.9564798957432225,0.070697668,0.42097405,0.619354839
0.6774168488060844,0.0905068614119291,0.8948681918358745,0.634616492172465,0.1594036400074155,0.4333129492207641,0.0664821150404246,0.5416178098400238,0.7283038658704062,0.071134483,0.636229964,0.461538462
0.7931611264870564,0.6232911793524754,0.1474908387462861,0.9408250460345804,0.2390830234344291,0.8483581501527049,0.1547680955326245,0.6983032479679955,0.4890681883602378,0.17547148,0.525161788,0.257142857
0.9466468021834172,0.9174303832174748,0.2101436256772411,0.5470266322436104,0.8702534044026906,0.8341822667773362,0.1643987032677782,0.5177160904561394,0.5183647378399757,0.368150491,0.539134601,0.315789474
0.9770539997384609,0.4087543067716205,0.1712238899749897,0.8923531668790216,0.3308328213917603,0.2424577462883922,0.5506322196887624,0.7561566319908997,0.999974462410559,0.206058064,0.412541297,0.092307692
0.3980916065609846,0.2801350334214638,0.8098896544727642,0.2758318809282737,0.7081009309414354,0.5181977697963674,0.6542380258867103,0.625499932893907,0.2650740262944003,0.165500116,0.434259471,0.509090909
0.99468885731635,0.312786506648784,0.4571880706432208,0.8392179417875048,0.5600004262135246,0.6179092700071661,0.0064284056759825,0.5192793949657515,0.1958317860365944,0.105659384,0.663526381,0.6
0.4333783069901096,0.2784081304258921,0.4020224793018317,0.4917737827136574,0.0709419230185881,0.911299884513226,0.6380099257253695,0.6801977096717128,0.9352247694166655,0.146055397,0.568275566,0.0
0.6695849858477222,0.5912609013776579,0.8748941269145704,0.5223173939945395,0.3139658778574357,0.3283797898868662,0.9987701619862224,0.1472714031866795,0.86031823152232,0.344578769,0.484522874,0.389189189
0.7327362264808434,0.2010591539714166,0.7130418826049649,0.9818944648410824,0.9669669811728456,0.1159126197395247,0.4265950064129782,0.3550540405868111,0.0762660856056293,0.060376878,0.244158741,0.5
0.6395775716196559,0.0860885679654077,0.9355720690851832,0.088984282687363,0.2002768750579686,0.7698418212958672,0.7044773742311656,0.055986896486902,0.3121353861226275,0.092290106,0.508237398,0.171428571
0.2475334368759788,0.6290249618946007,0.1128475944423738,0.7243926908350161,0.2868012735858332,0.8860408347304551,0.3734671972641351,0.5124656792791237,0.3837136060603835,0.177116473,0.436806388,0.0
0.0527844020430829,0.7929912818018683,0.0560186143792446,0.5737084027729555,0.8808536451711303,0.4697033944821731,0.192976483262879,0.618425687819187,0.9106725241819766,0.242549277,0.118111745,0.0
0.3726761091110052,0.433786997220061,0.6785277727466309,0.0091935341905708,0.2482514972908006,0.7478330790636157,0.4732640596166608,0.5910811043294284,0.0088474687974012,0.085782787,0.389595767,0.654545455
0.0640017053677116,0.4904930607828394,0.2959501137115148,0.2395277982650588,0.3342727090322914,0.128631555228186,0.4474049854425529,0.5635839713359648,0.4104391410528193,0.149200438,0.130325137,0.654545455
0.2124761755810753,0.1633839141046981,0.4143507448865099,0.9738698121257858,0.3018597614166824,0.3764783452036484,0.3886354058372426,0.9513976478056378,0.4001212717089301,0.096694992,0.211489627,0.0
0.4169184417540189,0.2232084023890788,0.5929042374461899,0.010902433267092,0.3206621219571921,0.7260514514031223,0.8935772953657936,0.5355244169665268,0.3707632337782442,0.14413737,0.530521555,0.551351351
0.8811697351604538,0.281097136797796,0.5432314240130488,0.3027108648474264,0.964328191758793,0.684396031467699,0.870199744518963,0.6543950497128478,0.895505636413648,0.174327148,0.538010155,0.178723404
0.3850542471989906,0.914544078158843,0.3584253443557403,0.5867157179154898,0.2215953980490365,0.7565857259072342,0.2811663010316487,0.2515259196598978,0.7801913620962103,0.378776522,0.544913588,0.0
0.5968732124206985,0.9280091196678542,0.5288806637451919,0.1195725676474273,0.6138996327986852,0.8908004751906694,0.7207923170989069,0.7393100023730058,0.396553777367744,0.645220632,0.520032133,0.663157895
0.844809103392422,0.3057530771770206,0.6025253585788469,0.0488295411718332,0.8639231614389083,0.2867920185701746,0.5690823638758529,0.6352910196895032,0.1720229780239984,0.209956862,0.240205501,0.0
0.0632018948636918,0.5489337517818537,0.374025804679575,0.431994964714811,0.2834529795588427,0.6711775575581436,0.8990692596742629,0.2045848852057968,0.428252073386298,0.273353392,0.248469938,0.408510638
0.8736281028128611,0.991760140907453,0.8845907316203163,0.1549221806227909,0.8112642288307629,0.3379797503884627,0.3747161533876997,0.6331144002659056,0.7123430028347891,0.526422437,0.375222815,0.436363636
0.1586289161819705,0.7379951261291899,0.392684850872129,0.0495635711806571,0.4580741559242972,0.7367279479366934,0.1950255464555967,0.481364627174665,0.5255254871356483,0.216400454,0.33573121,0.0
0.1749196067515449,0.3015196428818706,0.813889534878313,0.8733913357956595,0.0795413681728953,0.1992311966557804,0.2096794508745557,0.9707144119367018,0.286950668333621,0.122501117,0.213084458,0.56
0.8997453392861191,0.4186379084996118,0.304563790319981,0.7925900441013238,0.909328142847261,0.402558816995031,0.5802333124242437,0.9319151090621004,0.3207526479871156,0.192999085,0.448235254,0.0
0.95781400481865,0.1656534082190446,0.3383250604846606,0.9422200385381124,0.8429638274885749,0.1293747826715223,0.7923217108805887,0.0228372948048707,0.0427103172036429,0.104346788,0.302962214,0.490140845
0.5179204789804631,0.988290357352807,0.5748583332621543,0.939928422994011,0.4219422796112456,0.6765817054085944,0.454312697471178,0.675471529035589,0.0114489029687411,0.444096887,0.441847817,0.64
0.5824436230535343,0.8932914391622712,0.4852282049995288,0.4896019827561837,0.5973097585533877,0.0245766969600664,0.544307270939028,0.4477049827252239,0.5477312728075837,0.496740919,0.103434092,0.357894737
0.3400595777795022,0.6334483571743551,0.1041309475035638,0.309631936646995,0.625035124495527,0.1955903741200531,0.834053100643414,0.6859934675483007,0.0008087065904927,0.285781629,0.113186619,0.938709677
0.0351861183129253,0.2028314586369184,0.4687501644293272,0.2556879130936558,0.4843656576744148,0.5487758546735175,0.0230988941171335,0.65065016819036,0.6832772076479812,0.093298389,0.25544407,0.709090909
0.1625375264970278,0.4158665280049557,0.7647971380590356,0.3036909274247409,0.970319167324689,0.486067745611113,0.8683308649092248,0.3202523257499897,0.1500316352368672,0.188196814,0.250950373,0.517647059
0.5090054706758778,0.903270365558477,0.8205146651484316,0.3784697294523296,0.9729549868537442,0.4397635631681967,0.1608677872360218,0.972032955617648,0.1547922849797909,0.395199474,0.336997755,0.327272727
0.0777476746895046,0.5938610101049278,0.4937804272601982,0.1935889803001212,0.4923370833343563,0.0005400486449305,0.7331549013602838,0.7668861917231232,0.489997761493243,0.244954758,0.025343487,0.549677419
0.5920598941286268,0.509898626998494,0.2411368703595888,0.9980469300226532,0.2477085823847824,0.8084784992800498,0.9948841369557152,0.8613513751361225,0.0812979103489034,0.248524265,0.498023259,0.484210526
0.4604305316022503,0.720775621122871,0.6482914779421207,0.0969953747315582,0.5120398280766851,0.8919102314903368,0.5127415772883983,0.7661226926124516,0.365999937955814,0.378216769,0.506880136,0.0
0.7451009483226589,0.3786189409536713,0.8791426069195175,0.8334370620424546,0.9586923441327692,0.673122222804377,0.602007552217064,0.0196344604244226,0.9001087603281889,0.211273643,0.490763002,0.111111111
0.6466296905782988,0.8820450474266511,0.9606741405010304,0.1855799899215439,0.6562931944496138,0.1054513363678429,0.3124777147357901,0.7531313696554817,0.2401160577480936,0.447398072,0.174301513,0.72
0.4657053377522845,0.1713866408214002,0.2495937497888077,0.5624667233025686,0.7383139834048328,0.211427883157739,0.184580687811007,0.8153801420495278,0.5525209990369424,0.065464566,0.360433353,0.457142857
0.7830947932576191,0.7195072171789876,0.6914826553769934,0.0837119473236032,0.634832625961972,0.8477031345418571,0.1162174288182322,0.8336288537536316,0.0327826764723072,0.255111921,0.257141587,0.771428571
0.054214107229098,0.4434135777544311,0.9922859305879012,0.021991912561782,0.6935214870400692,0.9379602002806164,0.8925095665609908,0.4966826913353082,0.141412707308669,0.259479216,0.38231214,0.549152542
0.2068990205433503,0.7788850520149899,0.6349611117529032,0.4471865613401339,0.0076342243861663,0.6002630817423744,0.8016390123885345,0.4719105785232049,0.0462570150097915,0.452341771,0.258615799,0.109090909
0.0631370113044879,0.2447540616780072,0.5637643843145941,0.8718604233177832,0.6889249202490991,0.9131362047155274,0.3145878915601392,0.0158805362659102,0.5284644743787357,0.098279976,0.323746239,0.12
0.8299932398835146,0.2806221536506429,0.2523041852029128,0.2109945051765376,0.5085028678115693,0.0023397625917845,0.7037694610250734,0.7457272761748407,0.0571392561709575,0.126397655,0.030844334,0.215384615
0.2141848095763397,0.6303626904457198,0.4942236932544069,0.163151821849341,0.6032152822731914,0.1768123635101546,0.0712730496712894,0.1296993936768432,0.9459991282680268,0.222242753,0.227050778,0.48
0.7601933763107702,0.7912459965579315,0.8101841684523423,0.4767501011184762,0.5192084476683755,0.1135803296288547,0.1889343461678853,0.1264023058143752,0.1946473235139042,0.242882874,0.124616512,0.0
0.7150609192292418,0.3490753171078722,0.2224670846772044,0.8121615565286834,0.0201386428465356,0.5660641322322619,0.3065255371964269,0.9819179297840934,0.337780710187742,0.141984811,0.496311927,0.694736842
0.4614596359619245,0.2650218398981522,0.1250960629368087,0.5678136244419121,0.1681107876815633,0.2474531415608488,0.1805902978611534,0.3460447932192844,0.3967092830876749,0.113571332,0.25388213,0.533333333
0.4003405470230013,0.2945422928935638,0.6691192503921619,0.4050781225082581,0.5170995038848202,0.9482702684865486,0.4384584383309544,0.4878652130406856,0.6054919917801513,0.119516208,0.429827239,0.15
0.4242906996767345,0.7881624858352889,0.652794685015879,0.6288465564620445,0.6193558622475427,0.8006930789277097,0.111909622582861,0.4476916961005358,0.7383956985679303,0.351774679,0.463859255,0.646153846
0.4540168303081988,0.6297145285155102,0.660650272260192,0.0982105007481262,0.5384539616551534,0.482458138610932,0.7697961572538694,0.3139190964232752,0.1008739320543893,0.31965676,0.450641275,0.694736842
0.4385445271666308,0.7070940675745794,0.4370571901709148,0.1592732927187062,0.499229818204833,0.2044750009406705,0.4412514566600471,0.0187746898014483,0.4895831150933818,0.285996113,0.219498143,0.505263158
0.918102703669453,0.1118901374007917,0.3923565306197619,0.3496083210150823,0.4324421238780397,0.0710940660487056,0.2305460839973937,0.0492066059714507,0.0435934605222382,0.079562608,0.167836658,0.830769231
0.528970960197537,0.3217371167991991,0.9365019363391566,0.4274502891534532,0.9893139513870646,0.660684693330849,0.0610267928339072,0.4729387549810689,0.2851924225751151,0.127649712,0.493895666,0.705882353
0.0664578397594056,0.2916060696909738,0.7130372189935553,0.9887353256354288,0.3201498679322558,0.5740562444247829,0.0407136195735531,0.363334762011996,0.0146734696571891,0.116433558,0.114896778,0.4
0.1352432924181524,0.8812047322936009,0.2282941064442905,0.3169880660080496,0.7236564743394791,0.7802795412476212,0.3511450163997708,0.0930426157190315,0.6022083804727648,0.27737526,0.443164136,0.428571429
0.6913629543710783,0.9094375420026576,0.2253076080339189,0.4959580356325757,0.5530392097540784,0.8740545229926739,0.5092216167048346,0.7316828985063528,0.6572768928785551,0.56317571,0.50862711,0.269387755
0.1283165798687642,0.2930937730230273,0.8663327883703791,0.2075917412193397,0.7538190275654839,0.406412526982004,0.1265312761545842,0.6700062856613005,0.8139528409651635,0.08067328,0.25779032,0.666666667
0.157876186437319,0.7655940027586352,0.2428755744043588,0.3904333321658743,0.2951230142901666,0.9631044523870644,0.1813989017199907,0.8853087248764931,0.0814647001365731,0.285466068,0.277889296,0.171428571
0.6087851004497491,0.2925557706421156,0.4302880143806614,0.9211517733128668,0.1461096646142583,0.7692555905709723,0.2647993627017907,0.5844311950015525,0.6545254848248973,0.139567099,0.694843172,0.0
0.369526845329859,0.3987325741980272,0.5103188805379836,0.8618728206499056,0.2404588515929777,0.6056186396444442,0.6635200853318739,0.2596503196476938,0.6395060090181042,0.168596189,0.411980219,0.0
0.1862542429223459,0.7284242085988167,0.874063684913477,0.7530437600334496,0.9299466695240384,0.0514116273826121,0.8970087248973341,0.5452313688953985,0.0282387220701779,0.328749941,0.060670813,0.323076923
0.5698901697674507,0.8176644533779084,0.4004822593480407,0.2329819471605015,0.9740505089716042,0.5364899714835152,0.3078087259354668,0.8851296779257679,0.177256462367693,0.266130614,0.550807026,0.502325581
0.224200707469629,0.5183596333742436,0.6892991114239501,0.9167275263537304,0.3437624243075371,0.848971644038919,0.2452674764711299,0.1191902696164548,0.9805362663151864,0.188488356,0.331808911,0.658064516
0.7140539277495233,0.887853892797808,0.4143892183952201,0.7244269895908857,0.7038004256619684,0.4460390221059568,0.8282372171392137,0.5505180582484108,0.4711487507061952,0.44456199,0.366678717,0.061538462
0.6365071018283991,0.6661533969954299,0.1232676131053079,0.9671109062670646,0.913152806094398,0.8382266982496177,0.9310632570990564,0.739153335605515,0.7498254393236297,0.342700236,0.509851726,0.166666667
0.660345168639202,0.9048327148215284,0.8333615761116946,0.172936443324455,0.9040632916326756,0.2101025747580895,0.8313316347688792,0.8439952597797523,0.853681802406823,0.580832212,0.388135274,0.194117647
0.9977921812951364,0.5049420746851988,0.7610205213326211,0.0344310135850622,0.2609472236892196,0.8552085663654085,0.5457387885125885,0.8011902784230444,0.2816738429508372,0.232787758,0.618203662,0.406779661
0.2457018302511221,0.1082967535733243,0.7584229545638578,0.8614031108168968,0.2499288136771157,0.9761309618734476,0.5664158170354492,0.0810567953647376,0.33295852455607,0.078307644,0.49638752,0.058536585
0.5351051155219844,0.6717168445272471,0.2860738203675675,0.9069880506847536,0.2440009423787555,0.1323749460655869,0.167366702325613,0.8506082289309949,0.2116076355074628,0.212194427,0.247610503,0.488888889
0.6058422070168417,0.2984339072747717,0.8985033512344421,0.5081718591040807,0.3409768280069576,0.5772930970634663,0.949592025462703,0.7523500734529477,0.913811907206346,0.188251092,0.504419624,0.141176471
0.4475121162165399,0.4251314255523722,0.8776058546324867,0.7804684198111055,0.0420631389032728,0.8361619462535099,0.3097907502792753,0.1819086084960608,0.8683660215634401,0.144249192,0.734206825,0.685714286
0.7394628058442556,0.7260227156705309,0.314765265618216,0.5998759412046017,0.9726997191032428,0.7093514956623814,0.1511373106943228,0.1063761365925867,0.3835940928980127,0.18404886,0.486629821,0.0
0.4320362085230038,0.867003915159448,0.9139030620399748,0.6870066734832987,0.9629424071421128,0.2226087598083722,0.7105581288888587,0.9176023398172816,0.252805654619048,0.578560433,0.277660771,0.232258065
0.8051849902766703,0.623826848023869,0.1799067170427554,0.522798949571554,0.2083135380309558,0.6203215529546852,0.6687142006981158,0.0186981025152819,0.9177474911957754,0.266261449,0.543341739,0.036363636
0.8738212558334522,0.1695366078779149,0.0781793819038116,0.5657281131245874,0.0566336805341441,0.9269611311516002,0.8601884774491183,0.5682794105463105,0.8644299958217837,0.146084429,0.539210929,0.550588235
0.1902549636942788,0.5081890890571688,0.2837199687482161,0.539370216124702,0.6204336707872301,0.9724792662432696,0.4570162815507785,0.7386421447057532,0.1880561803105535,0.153214947,0.461876511,0.4
0.5691992106902722,0.8717244858651629,0.052640341519492,0.720730544827167,0.7881550123626058,0.1752898681279494,0.1543974765075795,0.4077732598723638,0.982313175827578,0.457770038,0.179164924,0.635294118
0.054401320977462,0.3274577757516994,0.8983119215774557,0.7479255784466035,0.7582505285858891,0.0753082456820545,0.1674276786244511,0.0160448460830245,0.0620915656528264,0.114532121,0.045830909,0.568421053
0.4406432782893758,0.0271120948096186,0.7993333579612697,0.985880920957905,0.0267237735718043,0.6289161241465187,0.8990574003642778,0.8662996733814371,0.3637634657249862,0.093166706,0.528385404,0.195918367
0.6764668140318234,0.7588275387600776,0.8986613394189669,0.2541075278322876,0.1418015337111495,0.6961125523894582,0.6076037589302156,0.9698334372990504,0.074571242179577,0.421889242,0.505507876,0.230769231
0.1347320038489907,0.679634551267619,0.1536029404702167,0.4516993712070619,0.9647013659697968,0.7667087394798223,0.4622143709134952,0.4270468318501966,0.7976950502107051,0.183313695,0.319060281,0.4
0.1079325993524223,0.7489495664061031,0.6938454543032597,0.99208369526851,0.2923884880230618,0.8750186634797655,0.1800446970105566,0.931110228109584,0.5202765158374183,0.278364192,0.160218375,0.5
0.8023929100759907,0.7417146521398817,0.6454987626950239,0.4188482890916514,0.9327651507932336,0.1199966267654051,0.3469094936852759,0.9688826636605532,0.305282481875213,0.253471746,0.285953814,0.514285714
0.0422843798876889,0.3873468419644447,0.7306472073662046,0.5156580773765829,0.413065605955314,0.4627499434666317,0.7715292731336127,0.2880998334806455,0.700606621328091,0.219116389,0.161419767,0.0
0.988749480702523,0.8939618321232087,0.5328557210813409,0.6885100963567093,0.7875281361284451,0.2358619968260609,0.4367564441147311,0.6237865391134748,0.0323988204464119,0.328772234,0.289972802,0.864
0.3077341385986676,0.0947616798615633,0.6601024909933801,0.0326165267561066,0.4841164434959057,0.6814149183966592,0.6945825276726981,0.0903687532768048,0.5236518095070968,0.138394322,0.462235075,0.495238095
0.5038537078504538,0.6600139486123615,0.5982380695427282,0.6726816852475203,0.8568852453562346,0.2291169263877862,0.3453246072516703,0.3849019539634547,0.6937836894028098,0.168200339,0.314578511,0.428571429
0.304424026639414,0.4505969753970897,0.6182135600512583,0.4104272878367769,0.631741190304808,0.583751584338354,0.716134682174916,0.9531207568193084,0.5626076682591779,0.198320228,0.393863194,0.098360656
0.4375124375050396,0.593445301772324,0.6048077318553978,0.6062066798657865,0.2788494829135061,0.2385291030130046,0.9758885920113904,0.6860187371134924,0.1387515422343864,0.229938254,0.264073384,0.16
0.4172552311048674,0.3972902838392451,0.4441870014754414,0.112816022595393,0.8072411083584504,0.3165813947972563,0.0455479405647755,0.8896948056152663,0.3796696959830413,0.120791328,0.375512989,0.272727273
0.8264359362799694,0.8260153965932938,0.109409830941583,0.7679122268156825,0.3636997799774566,0.443060120772173,0.9642937742168536,0.9493159761316776,0.266442382208065,0.405474465,0.38058951,0.293333333
0.8969261442129561,0.6234504205964616,0.08172237784159,0.7270842425076726,0.5094956491308539,0.1242774337684214,0.3387775423126639,0.4370055592677034,0.5987257468239625,0.102083714,0.192475695,0.0
0.5362656357791943,0.1004327843260834,0.070807813183419,0.1024257790525572,0.2075871593442645,0.1070160092705433,0.0241605473309269,0.4931101469067732,0.8659101367685522,0.052626998,0.320611054,0.672
0.7523252288467699,0.1985083025575981,0.4417256788000762,0.2271610191406758,0.8558262222550072,0.8064204389419254,0.4948080685779836,0.3526626769368879,0.0485891176586654,0.069178326,0.460140226,0.666666667
0.7978492244403443,0.7376005258035774,0.815215103722382,0.4458112159785079,0.8301737958583332,0.0477207412661183,0.3995036715042314,0.8581167664244594,0.7194481103923088,0.305985276,0.193026697,0.32
0.7524032110554173,0.9795156353010936,0.1740489377051537,0.0008056402630917,0.904044821006825,0.4239259508008156,0.5545022085578615,0.8963682285611478,0.2293971308979139,0.454385726,0.456546816,0.140425532
0.4976186105987519,0.2217843755801549,0.5607018650520675,0.3816725299168838,0.7154996979281126,0.6976067424851997,0.5401819073196023,0.9703935640779042,0.992739095545636,0.148219536,0.398324361,0.0
0.8669273293607077,0.9578327455001896,0.2918306949259494,0.4365915780773014,0.2765336850385756,0.2918753686093416,0.0553285322149902,0.525638811218364,0.7690818160540862,0.423491533,0.47374176,0.0
0.1127747025485563,0.8178188680807934,0.5499867887552706,0.264110671631277,0.5284637754254379,0.3962783444340076,0.4123893104116918,0.4042538488741692,0.4019601012204288,0.282390242,0.132920943,0.36
0.1361579720194606,0.4306723931452814,0.1764921761568,0.3533415332069065,0.965020918293882,0.5427083387129366,0.4278022810040203,0.1549000343993196,0.3291481084117179,0.137813821,0.288047246,0.0
0.995198967759239,0.917966160241157,0.7227014739803561,0.4434115827131654,0.4224217532157437,0.54645819314454,0.0567580971088368,0.5346969442975701,0.6726467946189604,0.461373993,0.57626614,0.352941176
0.8304554017259607,0.8281189192725094,0.4722821070169705,0.351134575495268,0.9432254511721972,0.1460219448993684,0.0089851235846646,0.6029121744108458,0.1569602118329987,0.358618126,0.0,0.3
0.3994016730432372,0.7523672315504686,0.2089572801977204,0.6700114662510495,0.0308628888921437,0.9956860038321248,0.6785125761579988,0.2604672587646607,0.1882764239296903,0.427546977,0.514188821,0.366666667
0.7242710954601879,0.7452112860857281,0.6733503383264663,0.2885243320271528,0.1845391087766442,0.0553234585927788,0.8767651094432012,0.8144520080502958,0.507971897610831,0.409974622,0.201211306,0.425806452
0.7102796758051172,0.0496077822589565,0.105841102339555,0.0217431853951532,0.0444618873728526,0.5880394668988637,0.7343806808916521,0.9989219393450184,0.8982030385041309,0.115412164,0.573209895,0.585
0.87256561442529,0.4960315957730359,0.5147562257593782,0.8836841594867558,0.7717029889356145,0.3018620232387573,0.8553664607935116,0.9011109091126276,0.6583429569706797,0.23683613,0.386451413,0.0
0.1096719866810236,0.4200524621697629,0.1760361367311316,0.1267530993180867,0.857761414936617,0.0660088412348119,0.1041623298277265,0.2567140503227119,0.6051594530754983,0.157657689,0.042513584,0.45
0.5402920781569227,0.9037790521828588,0.6322466069535307,0.97584763037568,0.9404361775772906,0.6520060538443332,0.2484140305101368,0.0019659913979741,0.0161069174619602,0.312874257,0.281546594,0.763636364
0.934692473174602,0.5037851706622059,0.92912249036775,0.4313863201916446,0.6575339407139387,0.938570345439132,0.6162855027049013,0.3529513073996537,0.5586027645434376,0.277385278,0.612505005,0.3
0.1770876868567024,0.4959024881372644,0.4873283308395572,0.717138510363385,0.0399393769683878,0.9844073219414268,0.8597331035685009,0.2896281752120034,0.4006519267890845,0.224305927,0.348595912,0.0
0.8520761533301721,0.7541845934246915,0.5682867513091836,0.2224977265012913,0.6304751161869437,0.4511775734097585,0.3445520148193038,0.4717539313670107,0.689923943811075,0.259925478,0.449317174,0.15
0.6250526705841666,0.5020757044651801,0.5484664810845882,0.942516666400018,0.7801882293426344,0.4681784398944555,0.6794449417697916,0.9815980969267004,0.618027435829289,0.2694761,0.369115266,0.0
0.8736950036001087,0.538631210119585,0.8549796309144727,0.7430835236930015,0.7065651810256159,0.5391759473950298,0.9676796660218936,0.099456126096228,0.4908650695541418,0.254582314,0.446377203,0.0
0.5186326246646401,0.2170844666097244,0.2314424100998702,0.7932143242371327,0.292340589201463,0.9061448330054634,0.105886256706031,0.504992314268769,0.1032555465220326,0.076448088,0.462214849,0.315789474
0.8289572538030878,0.8315167272566759,0.9336258084414928,0.8077405810392602,0.4357997439932766,0.3511160844187426,0.203405002813641,0.7224840483159417,0.5165964194070491,0.30798165,0.512844133,0.0
0.125837249514677,0.7901123754876052,0.2919803910557089,0.472352362793129,0.3020605459272816,0.4529960911893844,0.0382330712559585,0.5228807909110232,0.5142589358620888,0.292496903,0.296990064,0.6
0.6721475054266722,0.737728438140535,0.6155291424917594,0.9197217025992488,0.1069380555312692,0.7194934076911659,0.8315995485143299,0.3236821923158574,0.132378746656486,0.389455173,0.349155965,0.097297297
0.8397571766488853,0.7659606916390546,0.8504815346099487,0.19984725155902,0.7519294439960428,0.978594873769092,0.5846332325429827,0.940266361535805,0.736321498509285,0.442620021,0.575252451,0.421052632
0.0356648942497246,0.9665095357202655,0.941634760603404,0.4778330242971961,0.250997992243085,0.187755059526236,0.6137122210694339,0.0893046990762823,0.5944077986275611,0.731399671,0.169042462,0.651428571
0.1066247870453872,0.597982338306277,0.137682875858116,0.8498300363910257,0.0714109512591538,0.8570023069320348,0.9968095827911924,0.8096900622306396,0.0140057188819016,0.194247334,0.290505396,0.133333333
0.7614907828546904,0.9944279884858286,0.6760876599772309,0.7810386965930387,0.8155866380697617,0.2873403466756371,0.9146822716313988,0.1898649633376983,0.5227137932203066,0.798988308,0.313492393,0.117073171
0.7136579004320057,0.8360871702581921,0.0193460557941214,0.6037201601359155,0.4788803446882061,0.1052410587472971,0.2806617746621876,0.8151799075797336,0.7567577308790452,0.284241213,0.284107946,0.0
0.2993162387166,0.8943244646178524,0.1464703909635503,0.0402232474337804,0.8129566988654148,0.9527695521719606,0.0133514137054772,0.2687038100687239,0.4761930367984178,0.407398937,0.575704668,0.6
0.0760778440269328,0.0969746915221987,0.46526133387724,0.5822168544750742,0.0250719422797941,0.8988685140315651,0.5116324709397412,0.8049247775195475,0.6895650601927189,0.116398715,0.346910784,0.181818182
0.4412819426801986,0.8224739116799611,0.3213185369061374,0.4809438142615587,0.9020360478147128,0.1574404291829882,0.636348634760733,0.9800826316240312,0.8555313031765478,0.476940755,0.23230149,0.111627907
0.0272549700830755,0.2988605432596164,0.3562650240966861,0.5545978156751139,0.8382114979206846,0.6729612404966783,0.8152643040129497,0.9279976109613882,0.3847807296694714,0.154206529,0.304555663,0.516666667
0.203769073078428,0.9984247544786444,0.3113042523370828,0.0111319457527462,0.1987679312024536,0.4140009786111734,0.4612129342153174,0.5008554229208969,0.2970855647903231,0.521799783,0.183857274,0.327272727
0.4651294792989972,0.2713576952038703,0.8603605958946071,0.5961994099855494,0.3760786600293432,0.4648948798503343,0.4045508715924447,0.7807182782935546,0.0993852629271957,0.137439008,0.516464517,0.171428571
0.7498943114985483,0.4329695311234086,0.1357221644065859,0.0796055875244964,0.4308479622797854,0.9399814798748192,0.0620463726055928,0.2355783648098565,0.5865393909451613,0.121608036,0.371350112,0.15
0.8231723481213292,0.3536554026619735,0.4435429611771203,0.997133257735507,0.179082174329955,0.3313662895733962,0.6033759071036154,0.989094370191924,0.3335607084177908,0.197497399,0.410697041,0.497142857
0.6552746624334723,0.1066007365545728,0.7783121850556745,0.169752517710169,0.9041946755725384,0.897122652109005,0.6616978728016767,0.8788975884879465,0.6953907097071177,0.1161699,0.611423049,0.355555556
0.5864031879736458,0.9286668636759624,0.2247642862838111,0.2040026351754104,0.1037379684505265,0.8356690704260523,0.7192255807126829,0.2298080464287885,0.8331755624560143,0.515549526,0.548496713,0.430188679
0.5081235290048534,0.7564389445348558,0.4431478261099586,0.0871081360487268,0.5058934775128928,0.5954578156746131,0.1942538544283125,0.468716232572787,0.9511779068926776,0.178948095,0.463087622,0.0
0.2507086734599845,0.1638802379818744,0.4940934782814129,0.7755515195127789,0.4221654707762386,0.7569244644110227,0.9637640341917104,0.9556183224070424,0.5225202595437879,0.118311743,0.391289673,0.0
0.2141995167133351,0.4725546030123507,0.2507782956694814,0.4515708511796251,0.1118319275187527,0.9144215170925756,0.8706774050867011,0.3844413102048368,0.8834099387523623,0.206904179,0.494980533,0.338461538
0.0469288476310026,0.643432789405507,0.989066901719228,0.4761258529418809,0.557201095540782,0.5521228661941229,0.2380477390334038,0.7830163456386617,0.3432946833624859,0.256034354,0.274363062,0.0
0.7186816574696986,0.0273260973593684,0.1404703409726485,0.8862576787555645,0.2131420463482072,0.1780063322323873,0.2831694650129361,0.8479440151327482,0.5579298024248885,0.036170301,0.455365652,0.553846154
0.2212438204374696,0.7622716908455631,0.0338117270264888,0.96507716368625,0.0811897600493165,0.2590946626040772,0.3129383559335569,0.0608140324080557,0.1873787443972964,0.172574914,0.445454994,0.776470588
0.4547377093186564,0.7144824628971003,0.9572455770057045,0.0081648429729654,0.6613601978230922,0.2681014160864928,0.784941559150054,0.3983646527784715,0.2704697528149048,0.378946225,0.337538084,0.435
0.7269581072594457,0.9377272290770484,0.4043533352759154,0.8858566731900592,0.8689255849115958,0.9787023225918984,0.2815843476499139,0.366249426728453,0.948119312510609,0.492657059,0.378814158,0.3
0.7136972602813472,0.2419367622005171,0.8863661823841444,0.84348274729463,0.1325475576622304,0.6587404153400541,0.446738884928633,0.1964226354035297,0.3174936954856797,0.077432461,0.430747131,0.365217391
0.991700731839297,0.9918512357564092,0.3672230320777132,0.946456047047422,0.9733221958812645,0.0277195182260424,0.4705014824375717,0.0339306673827287,0.7295476675905626,0.290662279,0.118996197,0.1
0.4803791768894827,0.401972483608109,0.3532079066932438,0.5552662214007119,0.4254611725641717,0.169200476293448,0.8620703152635177,0.1851806849694406,0.6740597801175083,0.20853154,0.189077113,0.040677966
0.471919188332725,0.2973998423554697,0.5957157599848506,0.535767031736235,0.5623100818788332,0.0999137538909705,0.5437985718075017,0.0964956458329201,0.99743981799811,0.19717367,0.191120041,0.417391304
0.6970815760797149,0.1031552159662118,0.094153883872233,0.4010062999265978,0.7292473825956013,0.485851677402473,0.3946959500931895,0.5866106903528019,0.129914908926089,0.098095826,0.45396364,0.171428571
0.4373823141157948,0.2439338854524608,0.5572740877600516,0.2854991871749732,0.895155432945162,0.7982067089398709,0.6387197435035409,0.6239724883849201,0.0079842058096736,0.13049823,0.338071767,0.661538462
0.3424314179030006,0.6770200453343912,0.6947330348182893,0.1585715290028572,0.0522258880089777,0.4377037458038831,0.4053320874919925,0.4611559155882204,0.9349995220003424,0.212876683,0.324827736,0.0
0.5847070909263764,0.7427109498090179,0.2020881372958328,0.2767856758468547,0.0348144456499587,0.8385357987442765,0.6287491063349232,0.2026276534731945,0.1744327319283416,0.271979057,0.473785466,0.558415842
0.9885768192398556,0.0897506226890852,0.8529181559631331,0.6191376369417949,0.2826445040104326,0.8222693534980371,0.4943178578026903,0.912375352446706,0.6893309620567518,0.052847044,0.371051875,0.0
0.8214693258783564,0.8637294575470812,0.6609923031721815,0.3944620308005335,0.0179535643056376,0.1592790807156808,0.137189211511808,0.2660151120593784,0.8876318118078413,0.360657763,0.36424994,0.413793103
0.7421238793108627,0.3294723956416141,0.5702643324258785,0.6436652487579267,0.7286757028138381,0.3992144138527035,0.4564056439549248,0.8715740934587045,0.5708117139384051,0.118023459,0.474697284,0.12
0.793945775168949,0.0821740658450285,0.8690986392607435,0.4200116443707532,0.6695764368713886,0.4916986200090627,0.2621325803704711,0.8119706292422993,0.7729452550121506,0.090916189,0.528992303,0.15
0.4130378118029476,0.6739349618317146,0.3890184003883163,0.4625991264818674,0.2898647875346956,0.6311575761305683,0.1866227160393098,0.437872862536236,0.0925910026728273,0.119863579,0.251600919,0.133333333
0.0883595888278212,0.443705656633805,0.9796294188434796,0.6025519849694335,0.2966305235170411,0.2409328673618024,0.1623498739295846,0.6172623619421898,0.2666412482018168,0.128217758,0.181332182,0.066666667
0.7181075683972266,0.2583442084019187,0.9152123023324736,0.1221220603509143,0.6172891471358922,0.4377927352663956,0.6537124371135294,0.261919274833827,0.8889354756624251,0.158382754,0.379886665,0.0
0.8922317034337746,0.0797600676547207,0.2986034710172427,0.2007601346843759,0.7104403871878682,0.7457999781767047,0.7959999541311953,0.0877449503804502,0.93977505747719,0.135677163,0.646907463,0.549152542
0.6069260862092851,0.1710916484646438,0.1216254775199705,0.5023094929574248,0.6889204108011853,0.4242475502418432,0.066641523652128,0.645059350147799,0.0862726170660441,0.061091703,0.429002694,0.2
0.3392121941958638,0.5424679322090459,0.5113950894166202,0.8720379578591005,0.2157176043275189,0.0029902064426013,0.3307633243768341,0.8762090287709721,0.9039972549122244,0.206317513,0.077866706,0.631578947
0.4340003332747996,0.9365872865661592,0.2207397394385876,0.9540995591170428,0.3952888008616695,0.6673697632196206,0.3045815834216078,0.9208111984024788,0.5701941881027861,0.223953483,0.478583389,0.4
0.3806623130253198,0.6429363063414999,0.8642598314081673,0.5928428734395231,0.8014638779039439,0.2732204771110732,0.3914774731256711,0.9412238235924468,0.1131734225532129,0.185588649,0.230272607,0.6
0.2365630731076284,0.2317870412599929,0.4803912333136751,0.3269271349885634,0.5241016578361798,0.7056746764641891,0.1396108247016182,0.5535816019302405,0.3877363911107608,0.113077903,0.268691544,0.171428571
0.3231818422784025,0.4221253757104374,0.6967267475377594,0.0441314212220221,0.6784466564054779,0.1930441060372126,0.5941815290857386,0.99105333136748,0.648649608063128,0.202747203,0.236348982,0.203773585
0.5494163870808793,0.7129613684039879,0.0517598331505652,0.684092377000629,0.9511777544191232,0.2683786722063767,0.7780184564493394,0.1714204445367666,0.4421285532428197,0.376775243,0.275277232,0.215384615
0.0173035265935851,0.0767905774005961,0.0889642285403849,0.2241320105412109,0.0156487804789235,0.4654296501460846,0.9229728261107608,0.3917214789833161,0.749531678906729,0.116800247,0.220327275,0.746341463
0.0042687831118003,0.5025332664316536,0.0506297598202463,0.2728373613422333,0.8701566450082533,0.0432223551350251,0.4844555439321431,0.4319998184540661,0.4833311505187433,0.197887962,0.0266508,0.252631579
0.91977526549818,0.721115547727232,0.3952039193941528,0.2430000217503659,0.5880807385185011,0.9047227613830734,0.4069307404976707,0.2946901972744459,0.5135735453567712,0.240365782,0.509597848,0.342857143
0.0798632774583896,0.5324245080995974,0.6545942339188935,0.2062033773597821,0.7441741335744947,0.5267138559189644,0.5337008848274152,0.3314462646476784,0.5584248752540517,0.237429771,0.278750411,0.270422535
0.6428229161570749,0.4156453296118378,0.4793172136711235,0.7942199043305959,0.0430106889755416,0.9677553916266368,0.9575106882189264,0.0091666790468488,0.1547639369729992,0.185760554,0.448604297,0.313043478
0.2515692371771609,0.6839687394736066,0.1300567532815875,0.4218221140949041,0.0234880685703607,0.6547542064445807,0.3924796191498919,0.5626138358742512,0.1188173880668893,0.222692319,0.430498071,0.518918919
0.4912234780433756,0.8699437188124469,0.4129071177679455,0.9552372041049616,0.1808931668333835,0.9288167962358022,0.4228468895953104,0.5857664299012127,0.3432794673157594,0.323993859,0.307048642,0.0
0.13584988078114,0.1022824665543146,0.9425095376054956,0.4606753048674352,0.3537923150202852,0.605910640009988,0.6370754958944153,0.7915648641641385,0.8616716883970099,0.112863642,0.446808109,0.325925926
0.4724394711319245,0.9506580350601068,0.0642289109806036,0.1954626595018678,0.3237596785335731,0.245239541362469,0.7182921060620333,0.9958150466131752,0.6887800956814529,0.528446626,0.367530483,0.386440678
0.3771192218772146,0.6714557932768616,0.8348425716335801,0.5143711786362735,0.4324026270644646,0.1887864907470395,0.1640386503126838,0.5202206794149556,0.1049786594626007,0.177105822,0.121068312,0.553846154
0.5932262522795767,0.1287885311526376,0.2127856983917898,0.0543236811409918,0.6484913640512427,0.9245710211223996,0.9106399495126628,0.5156634108726093,0.3155408441023154,0.124948472,0.538276315,0.165517241
0.6607968895852049,0.7830286579713489,0.9120802224423522,0.1241611196612673,0.9905592452219084,0.0512426301468396,0.0907070597636818,0.4239376153493078,0.1059649755673134,0.358017104,0.166595062,0.352941176
0.041336991521498,0.7489975592748208,0.3760475741220783,0.1701991950534012,0.344032971887934,0.3231335665194852,0.6090762295245845,0.2615717883443021,0.4647866200755962,0.348894239,0.082393284,0.0
0.0331316023370391,0.0294071805957,0.0322502836641729,0.2670373054541152,0.2704684286258618,0.561371137650244,0.7799498608667612,0.5175165225012637,0.480721127527123,0.081807083,0.17229887,0.0
0.7840798616416484,0.202499283369231,0.977072893062222,0.000807891571726,0.9153694015431388,0.8417216629955463,0.6508743952529308,0.2303464521450913,0.5246667758816954,0.161807505,0.491041057,0.491803279
0.6182763671626514,0.966073154189528,0.6794966374146107,0.2259594636811996,0.6943751403808283,0.2506713206846549,0.7335626933367411,0.4458125664926398,0.8314278389127225,0.66552594,0.441272619,0.62278481
0.76896908881329,0.6715542315645617,0.9766353994443574,0.6590305273769135,0.7189069180834711,0.2468386471413022,0.4813869194879689,0.0476832553542062,0.4830075804262099,0.319087648,0.0,0.0
0.1957797315235102,0.2353071287248179,0.0848983273936635,0.0477095903731867,0.3765655573675898,0.6646161066706563,0.1836601201215416,0.1130591178703429,0.6150503451866057,0.09446907,0.434133994,0.666666667
0.6342829012003052,0.0424840301497381,0.4715982233291761,0.8973944353762084,0.3033323388826286,0.0329837303173273,0.3858029195569105,0.1755401593270237,0.391918375814633,0.074154959,0.208415718,0.48
0.0670025584571969,0.985639362928928,0.8988875141891298,0.5586479816129049,0.6491995198375518,0.846987123033282,0.28146198117533,0.985410129745358,0.0398547183256158,0.341748018,0.493700584,0.36
0.7745839769804475,0.2366912778963019,0.5689958390606374,0.0863381257133371,0.4724722079997083,0.97078488587751,0.395566775339696,0.8108102324683666,0.5686818678223953,0.095470548,0.47549079,0.5
0.2776682625468746,0.0639023801886741,0.6994407812783164,0.2438335541202372,0.5832706043484098,0.4089113606802843,0.7728813016728473,0.4567508854822666,0.1904139499004195,0.12963158,0.205234447,0.15483871
0.1606674770500107,0.9604683994145348,0.1731647949951902,0.4996388042105527,0.6655135223054227,0.0080356340442713,0.1722893663748609,0.4093906360213359,0.6172923742889013,0.466393983,0.039320864,0.211764706
0.8969936467243287,0.7094149157719143,0.8837386086091615,0.2758990825963463,0.0736733499729433,0.5122736892191643,0.1196527724500395,0.1699459479279987,0.8228942828766967,0.26048083,0.67488128,0.342857143
0.8288757163182756,0.7936065048369227,0.5373357804708221,0.0587015747426493,0.3839572070586869,0.7046305741426682,0.9119447157178832,0.9429395143054038,0.5379551006917969,0.40471425,0.591077252,0.247619048
0.029622676716545,0.1619913006328033,0.3455687888897863,0.3770575928001404,0.8787947062036485,0.520005970645054,0.7637490366233123,0.7624235269913494,0.7744606977680291,0.146993046,0.196059677,0.422222222
0.6382800104802567,0.2591594526293342,0.7853614699379793,0.4152080700468543,0.5121104196794092,0.9986245010598236,0.3837049769156614,0.9760584208193792,0.3917921217047821,0.057610877,0.711613316,0.0
0.8657761263700914,0.2687634212589259,0.2722294716191609,0.2903792153090463,0.5927866355292021,0.5142945877301593,0.0611757760431566,0.2073834810880223,0.9347532541135024,0.129107168,0.424770047,0.225
0.0466421034592681,0.9475578857417448,0.8687660732119878,0.4111270848255994,0.7697597538717715,0.1751009170683417,0.5310075644895439,0.4528258097860553,0.6459299143590173,0.664628431,0.103241763,0.406779661
0.8959189528414638,0.1955624382316759,0.3024112256097636,0.1492217394484858,0.505752521522981,0.63738608656445,0.4599219244821696,0.1313575589217556,0.8890138735546369,0.086193175,0.475777627,0.378947368
0.543211437934296,0.0147107436194843,0.2132894792803011,0.8359781864950854,0.4787903943667652,0.742781229570513,0.2866394648437269,0.4939348554007225,0.0496552442636514,0.099669194,0.807980679,0.0
0.8318340617533008,0.7040696954945648,0.5480833996017943,0.1935706893236065,0.998435574720144,0.1732530002413594,0.1075452595469522,0.9774959080875126,0.272566545841106,0.166768636,0.285671377,0.553846154
0.6998949139964141,0.16032807264218,0.0096598889997642,0.8479493678956092,0.4158488407649384,0.1378158588637001,0.5572247552016252,0.4284499933595019,0.5655809517935938,0.103296412,0.121347114,0.0
0.0647661557537614,0.3474253117028543,0.1966120846693342,0.6074976146274359,0.1778281632430732,0.4448879192118411,0.0037422692012244,0.2759862446858616,0.3677733551544077,0.112130436,0.176251302,0.0
0.1516380964914959,0.262165221670449,0.8585519610950828,0.4691312674798208,0.6576896427331206,0.395750056946291,0.792565085965979,0.5546572736509376,0.4837290042111706,0.16375848,0.281536878,0.275409836
0.3275712399418666,0.3514275655360965,0.901663884869934,0.7547484094066884,0.6243584132447524,0.5123305025145205,0.3506352202752417,0.9213286608827316,0.8917440658082167,0.178433734,0.309546533,0.0
0.0686972332990715,0.38482294954484,0.0894475447604487,0.4130781508651119,0.1181355981874052,0.083025458806356,0.3472430292747543,0.1635788651596976,0.5462709175720261,0.116509744,0.074237745,0.6
0.1367403081999482,0.4954240932411869,0.0743854099974378,0.8188367983922799,0.7118506898783098,0.3940065525415134,0.45238490743215,0.1946127246240995,0.6191130796066482,0.141344784,0.211909904,0.0
0.7531717553218662,0.8152135212060456,0.5950875305609209,0.2961618090344986,0.9075421181698904,0.7277384324344153,0.9346439143260036,0.7908197485479765,0.7307113219893674,0.565623,0.519241391,0.097297297
0.5021065426895207,0.2931872178374666,0.3946078462832886,0.5268716987331815,0.6984028047934334,0.9733082125588226,0.961387543301947,0.1468890054827973,0.5187415974746789,0.150942764,0.582194328,0.133333333
0.697510916826998,0.8056668924570631,0.96952711895321,0.2309446869598012,0.2779923823346863,0.7612119323866404,0.201174386737914,0.809084238850928,0.1705098877872432,0.270341372,0.731132958,0.12
0.4094032773984514,0.6801181698684277,0.0513028285335194,0.3251953244260727,0.8887487153383544,0.6715872497341818,0.2843034973624809,0.7288987173816462,0.5823625972181847,0.146267542,0.622581854,0.0
0.6018708792640788,0.97826124217928,0.2367471099740102,0.0904455868540674,0.3346832070233642,0.4013061975514665,0.5248360115179468,0.7705382112615581,0.2024217797525259,0.545635882,0.439656377,0.502702703
0.4773807175134807,0.6939915763363456,0.0715444808737657,0.1041449243808987,0.1737147074651215,0.6179916045501335,0.0829669723283678,0.4560557420933555,0.231426818369175,0.274120736,0.53120371,0.818181818
0.06615869091317,0.5625289233025832,0.3363477881242092,0.6158601082305499,0.5718111181270867,0.293017165477297,0.8660639812644826,0.4909950528192804,0.7955511256336183,0.258248817,0.226550683,0.529032258
0.9683573547519028,0.216973604426172,0.8905220492544199,0.0391904354193068,0.3801686361787969,0.2589680786686056,0.8209683542395714,0.8819172378225562,0.9577540216693332,0.191825309,0.505060457,0.545454545
0.4887209316615494,0.9915523156761696,0.8714266384850051,0.4474270490612865,0.0248421196648322,0.4299161825051463,0.2511580865791181,0.0471644839278667,0.949279864758615,0.453370794,0.564385522,0.0
0.0208561993178379,0.5745981003174239,0.8125593256753554,0.0761347397548024,0.2405527847940237,0.2963587915775139,0.7877715379923039,0.9504246130371922,0.0170264467479626,0.221259125,0.145878099,0.524271845
0.683655440226793,0.4004987490547366,0.6536590342180253,0.0359067374892287,0.1665062325858758,0.971962788995964,0.6548981027709196,0.4467060842709693,0.9884696476897196,0.328881121,0.495286734,0.575
0.0555541565504201,0.3294649601092692,0.013801023654505,0.2596416635596559,0.2847378785397659,0.8628567648881594,0.0792754674794907,0.7804834960877878,0.7426451567099192,0.113063257,0.311470615,0.133333333
0.939178714771732,0.5434641854818334,0.2191501389991695,0.7564762420558044,0.6389063532280654,0.8521452099166891,0.3311981992602111,0.2570394031822969,0.955400676077476,0.220573751,0.68995599,0.0
0.4979521632820196,0.8492318734740427,0.9050645693637344,0.3286181743323184,0.2902676338666037,0.6542048933232103,0.1412298074701051,0.9461635318819096,0.6388519902851623,0.527255898,0.373810877,0.171428571
0.5816239724924293,0.2726172589536626,0.0517815873687984,0.4651859204861857,0.4104118507994567,0.2674841069835377,0.3345075807444874,0.0197778966771939,0.9822766525020696,0.086011104,0.362788536,0.0
0.4444244465761059,0.7908394210101729,0.7696704641291362,0.7560145313574171,0.9275800056695022,0.193543990028947,0.7308898702639055,0.5831618841385311,0.6373825047031948,0.445608246,0.33294463,0.511111111
0.3063124606254178,0.1166909826121854,0.6275577637347738,0.2233469152317089,0.4255010839843626,0.6193726047829128,0.3715935314160032,0.13626510645265,0.1344568778677715,0.064604924,0.50892616,0.5
0.4680544820260159,0.0856304713239566,0.5600604171152607,0.3739372736801154,0.2264685563560007,0.2999008410848433,0.981365909544206,0.8756807407007332,0.0781938622167579,0.10226453,0.328848158,0.346666667
0.7710998822284736,0.7641105480068425,0.8273082343034677,0.6130048112931368,0.267520122452287,0.8512022899130638,0.6842644347358021,0.2467607301985703,0.837027470694208,0.543314038,0.507877018,0.0
0.0181132216892226,0.4506887742970725,0.7357386119418878,0.8881673843608833,0.5022491758988251,0.3354147003255242,0.5485332752030592,0.2457887750006643,0.3619179661267754,0.183157272,0.093166412,0.0
0.9357842544988868,0.8088815328299657,0.8744096189979356,0.7117189722991013,0.4039933546258298,0.9527783660135772,0.6051048848570683,0.5357617957816188,0.0102572445986541,0.537609132,0.559409151,0.285714286
0.4795121712084647,0.6317825685121836,0.7717332075755959,0.8950439524419969,0.8563258644564388,0.1098069759087556,0.9940175066073388,0.787265297881134,0.3244334151140965,0.277349634,0.166133711,0.228571429
0.9788924434521132,0.4925696579966626,0.8054722317169524,0.4851771262028707,0.6494438818073214,0.1995057901930886,0.3808925605134188,0.9238449615166,0.1465428087389859,0.160372485,0.480916294,0.514285714
0.8400751375942836,0.8477717300762723,0.333708928469847,0.3483936034291311,0.9245980605531328,0.6197555129045681,0.7448471036981585,0.9831078968719948,0.6288550769031536,0.441948901,0.507445816,0.222222222
0.0237695212887286,0.4563486859247843,0.213570117811758,0.9626938319160666,0.4192244700607114,0.4598038150785932,0.514813213052502,0.5854792922561862,0.9916546011804652,0.255125837,0.308813255,0.527272727
0.1358952331366675,0.5599139787063343,0.6358435686405784,0.5276997823839031,0.6223299992965624,0.5946135268976139,0.4219671497417304,0.777830700525488,0.0927478950725299,0.14746033,0.23685735,0.0
0.8827465107618988,0.1534095150977751,0.8590197599324738,0.7720903017133661,0.6257739204545805,0.7616681972249278,0.3102228444721145,0.7603472647560547,0.9766993804132224,0.099258867,0.590227137,0.0
0.7279081623646021,0.8051516218110627,0.4040019483586707,0.9188155948942992,0.7900146751423113,0.5128817403605898,0.989605746868333,0.2503589746078999,0.963344507464888,0.470322758,0.427148869,0.0
0.3474816097012247,0.766021971776835,0.2493119438002565,0.2142999340242087,0.143193938634582,0.5370624834852699,0.9765039066330934,0.9691338958998642,0.3996538235312095,0.328774405,0.268135879,0.0
0.1899723254493112,0.0778222462976068,0.6988557554382895,0.2560150186726857,0.9511244526684602,0.8169182257574414,0.7897536656571512,0.1849407662007012,0.1247497830417909,0.120400816,0.240956832,0.2
0.8298343771750581,0.0220122955655105,0.3989446319723813,0.19870574456394,0.2891572569034545,0.8962003888536949,0.1021160816315128,0.5171995140599234,0.7434037339986311,0.054486114,0.582447768,0.0
0.6630896611333924,0.7187908605118359,0.636420987262509,0.2594474939953907,0.575611437907133,0.26631669152615,0.8524134974452445,0.0315928401957091,0.3304865297688011,0.332798828,0.441299487,0.485496183
0.560208829530507,0.6623954118483563,0.6460376077865436,0.4463662002758222,0.3163602471450353,0.0562112113478139,0.0207979935865454,0.2820292872034041,0.1996804082656114,0.271115697,0.272242499,0.884210526
0.8767161248643597,0.3285154808415146,0.5198245128449502,0.7954910318279576,0.8148311022227153,0.7669330882744586,0.0514534760551855,0.5974225323036481,0.6335776884678453,0.129140628,0.623707075,0.070588235
0.5123861316203225,0.9775123501606854,0.506726803241807,0.2286276690513915,0.2290200402825142,0.943890228431544,0.3948875099142296,0.8635660714557634,0.3672669554249538,0.299095572,0.746044061,0.0
0.2570690941959762,0.3633458817334263,0.1609225516610752,0.764489749307351,0.0719981808413553,0.7304534606501251,0.7000599865124217,0.6677113238024044,0.1710323207947175,0.203033716,0.32137035,0.248275862
0.2059770829135839,0.8434975730597198,0.6989485068224092,0.7559640152025872,0.11676016703751,0.6781373793470781,0.3305529028466943,0.2421597756076068,0.7126681534182866,0.399402376,0.397665913,0.1
0.7458585429346496,0.955284282071446,0.1733869448488399,0.5013433745218578,0.5737277058071593,0.4451727277421328,0.7433636803817367,0.7248765644810371,0.5412514835641522,0.627634241,0.492968934,0.647368421
0.3461898184464361,0.234536925763809,0.5639533960682583,0.0938142675720147,0.0472931270515528,0.1423706334169437,0.2655749098485582,0.1371409937030577,0.4240102260740591,0.076840132,0.228048706,0.505263158
0.7523596100380712,0.2734962392926103,0.8353142865332641,0.3072684224605079,0.6361683230287111,0.6722218878292794,0.8480960607190638,0.990645863043986,0.5597918611004459,0.137116127,0.478263686,0.044444444
0.6834087431539215,0.8431792208209502,0.879353447379476,0.3033773285809882,0.9502002490839474,0.2175011073864762,0.4074092298732862,0.7039603895407824,0.4467306200909502,0.266882741,0.267103422,0.4
0.5905544778156093,0.6082812543698201,0.5847846953157957,0.6017536689541069,0.2753452602097874,0.4506264297316117,0.1816152962043379,0.6674118156738064,0.7619073540180397,0.221162799,0.365253997,0.0
0.4871895520389171,0.9005810612298977,0.8233676239905563,0.5404225132526224,0.3359713568110605,0.3720138501941048,0.0213183980524381,0.937110801718372,0.6746289516677234,0.392741491,0.31769478,0.564705882
0.7993519614575291,0.2338669108165157,0.2341954735067964,0.7550835634591515,0.7344857640915967,0.5206174708989788,0.9357361924270516,0.871227359802921,0.1966599628553038,0.099860492,0.476072143,0.0
0.1099390739015543,0.2063462048864915,0.4683698716529618,0.7830730894593726,0.5230101777578591,0.5391349864047024,0.1753771970218456,0.4564740937794236,0.0595802130064558,0.096832456,0.180371673,0.8
0.953458711544088,0.6349784068829534,0.2532040506853097,0.6472965567055212,0.6041733147406957,0.2697780952770815,0.7053278963282752,0.1799885899398585,0.538991697215495,0.257043841,0.50393714,0.48
0.3533010723979888,0.5952138235198697,0.8236835477926512,0.2258607759379154,0.8647326371177971,0.2644482654969144,0.2399545587469682,0.4155180999075905,0.948499413755484,0.144467518,0.377142325,0.327272727
0.3161147132039869,0.0874994863513555,0.9684086269280684,0.0611794928146749,0.4704117008424958,0.633288363925364,0.981955830759085,0.7593515273905715,0.2068509952510933,0.101888387,0.488595195,0.643902439
0.0888602952975522,0.190347276893858,0.1782594887762937,0.8253748277811069,0.256843654395159,0.5080240017369668,0.7103844439817538,0.7549516272777154,0.0599323377053293,0.152855346,0.227710526,0.71641791
0.2199337633368567,0.4088573774611357,0.7553859670418757,0.5229435667759703,0.250262920753724,0.6334938830292092,0.721045470052578,0.2756400044925488,0.1975915204544175,0.200978018,0.339429985,0.362790698
0.3687940187540302,0.3798225097550154,0.5109206693748929,0.5170013000205019,0.0116888700287489,0.1816459555001853,0.1682019816234712,0.5859583263726258,0.1933168505158713,0.13151323,0.128529149,0.0
0.2195848223171363,0.7514202285232404,0.5749799560395074,0.8436827360162624,0.7557000764913882,0.6906235865270345,0.4430421520651932,0.6881172015605778,0.9406094661423616,0.270005031,0.534693764,0.1
0.6299218346828774,0.1434682939548482,0.4430665497191067,0.8159269700998361,0.7393322237522725,0.0072730238739987,0.3834704019586281,0.8240456881519932,0.8523242335638463,0.094991273,0.083046011,0.490909091
0.0031492228377868,0.1271012796121305,0.9402014718747984,0.7135930779841019,0.9445828498332944,0.0710377814899562,0.9618481500458824,0.4684825265419329,0.4752135298251929,0.118146191,0.014606004,0.0
0.2566931151758888,0.1359720102684791,0.5907929966972727,0.1572819894436538,0.4515867604880121,0.3292960660798113,0.2587708282747343,0.4694859633919221,0.5853229725426163,0.091996269,0.21305802,0.685714286
0.4417485001658857,0.3889812083919184,0.8527278332038029,0.5531698395442255,0.3932166791728956,0.3803091686758725,0.983201786820693,0.7109120543862356,0.8704708657630719,0.229692637,0.349186264,0.146938776
0.2015002180933256,0.2237520939613397,0.0958790988939914,0.9085723872460192,0.6470829969470236,0.7000876184419985,0.3224960290708119,0.6570352630791941,0.5015264300848286,0.076486709,0.346420267,0.529411765
0.7913371945063002,0.443825033259036,0.7499858811657543,0.2676243383787704,0.0254913592923188,0.7630915279196506,0.9995454560538848,0.8917443410865179,0.0279024094005425,0.265861574,0.390756436,0.842553191
0.1842836183494665,0.7578947664552171,0.6740345929526764,0.5218017871716581,0.4534474302250469,0.178237320488088,0.9337421081691142,0.7388537749862576,0.6738609644926059,0.38039893,0.12394398,0.0
0.2156655703463874,0.1969908803361159,0.3108539850759387,0.4112033202680011,0.015539790844583,0.7092019986316183,0.0922535672938035,0.822045276019045,0.7103684075214058,0.078468213,0.354814759,0.4
0.9307741407064776,0.7318059199762765,0.1671285270606439,0.0623466726184565,0.2130059581356592,0.7493521467278818,0.7382620352869983,0.5435265156297927,0.0236679584444253,0.307205195,0.443508203,0.771428571
0.1490355325938644,0.1835459276214832,0.4528928742964362,0.5723453819353347,0.8018397315253174,0.5561467477603756,0.7525184845405162,0.2698014217064025,0.944789053613764,0.140250612,0.236544898,0.094736842
0.73652561368579,0.381641800721475,0.4719652008228441,0.190895868896893,0.0795675971148958,0.4710403505364655,0.8006377904081609,0.1873211833280542,0.978089652011875,0.238069642,0.460765527,0.0
0.3076771187428554,0.000953582603718,0.114500584627477,0.7715300545872946,0.67833151847954,0.9151095229060988,0.677754386325554,0.3469964505438373,0.8417719724085545,0.106873477,0.454210606,0.409756098
0.8361813096082706,0.9042307032724344,0.9800618395223608,0.9606290908547596,0.5821860829017239,0.842704321294579,0.7076550771772653,0.3585207762838426,0.460462886526534,0.486977238,0.530674215,0.06
0.7120465376429307,0.3112473382461509,0.7437782576136354,0.3677286721553864,0.1061042920297345,0.2830138263296333,0.9727326170337328,0.5256450660565343,0.1550793092477204,0.181119248,0.389848076,0.516666667
0.6817778552452939,0.6964486340303262,0.4591105485442405,0.6635226873427352,0.7148620104695952,0.9746454292821806,0.189323012943007,0.8992182877187685,0.4644527075168934,0.26989677,0.448987489,0.36
0.3551086304030934,0.5391744232783018,0.9421130248526988,0.9592708801465836,0.4769985104635714,0.2010891867574591,0.3340146631015187,0.2259607764596508,0.794511052250513,0.193269907,0.103961742,0.0
0.4784410947928311,0.4265419873435637,0.796348784620302,0.8008042110890168,0.6107044400151171,0.3743672441835718,0.3039755343365139,0.1749526156620906,0.8433875958602434,0.216503937,0.226506254,0.0
0.6699120290718682,0.982118696989152,0.1807377375618731,0.784905061240305,0.7962547575096603,0.8689917704868977,0.7309838164592409,0.7869737361654567,0.6210637746307304,0.7528392,0.475366975,0.138461538
0.4037308734119956,0.5225862459092295,0.9874776920960258,0.0496070191765362,0.6504370052970131,0.2271096783670165,0.000589108480044,0.1708344842359495,0.2850379476169822,0.182903326,0.360341314,0.573913043
0.6369771376191006,0.3669961330580071,0.8842638175002625,0.9414352734070498,0.9753535106055472,0.0795114079925601,0.2511065841677319,0.3718002201822179,0.9065984931421168,0.17452924,0.069840047,0.0
0.5821552080740374,0.9831614262887384,0.4103057048949505,0.9136955075640978,0.8428796275230015,0.1216080557494007,0.3278798819692095,0.6137219011874078,0.1419731859479084,0.401511384,0.192605338,0.266666667
0.0292354996728168,0.2189158900242968,0.2655224272585363,0.0580910074974577,0.3170191918825148,0.2317732588830086,0.7515424770956818,0.7394116436511015,0.9007900328094712,0.132903849,0.118826983,0.288607595
0.987678480223068,0.385121602335198,0.4522428911497698,0.2405470942066923,0.972554572357093,0.4046487536736978,0.2031900030823455,0.3652182665221923,0.6348532897730843,0.14868115,0.482011782,0.725581395
0.5570562582909535,0.1209926813090661,0.3565122384273258,0.1187203871417253,0.2022470820539204,0.6512060535271539,0.5411942491839269,0.9312431027149431,0.8574970774942718,0.119744176,0.488797099,0.211764706
0.1282128706162626,0.3303982229832281,0.4681466712076604,0.3765492143051009,0.4556927105033553,0.4052232606803069,0.9266834917914534,0.7313472449499565,0.571348761504937,0.169523125,0.199536476,0.216
0.2970060801509823,0.528183078398135,0.4607703360922444,0.7696986114555598,0.4979688048557604,0.2467575872990254,0.4096734290772291,0.2700440686936278,0.1441366831290838,0.210331653,0.257709104,0.505263158
0.35811126199057,0.3531282175533806,0.3623022482930287,0.981386574091063,0.6183496601832247,0.927660062372362,0.1606168711318267,0.8862911632808619,0.5033707191315767,0.099346363,0.329479706,0.0
0.8712504911497132,0.7998169973311753,0.8559464927140452,0.6617390235801621,0.7308530355687345,0.0236848183776547,0.4325209938011879,0.0967942456837798,0.0849664362614397,0.276998207,0.100014073,0.494117647
0.2650741109963574,0.547293354601214,0.599348364385681,0.0454388335592359,0.930405528830471,0.4551699777443728,0.1954600940152984,0.7480471073583645,0.4832381804920687,0.190611756,0.219501898,0.0
0.6852322405016061,0.3678418401027209,0.2613723969937674,0.5891484272862113,0.6038079560945653,0.5123663028366757,0.3245858902461184,0.1990017066372611,0.9683793607016205,0.129826102,0.569902813,0.620689655
0.2386589447111178,0.5251777818472105,0.0130165589778392,0.8448523087497797,0.5576185977466923,0.898067404759398,0.697434919333197,0.9769644802256175,0.5172667072385388,0.244461217,0.41383999,0.0
0.6026684955893429,0.1473217494543699,0.7813353990924701,0.8021350134819919,0.5818236557096335,0.9385834885360947,0.9001006362997447,0.4765860362382665,0.3653495361821798,0.09721754,0.535024736,0.0
0.5663953074078917,0.702677195177313,0.831163019158345,0.8815396736670643,0.1566542816072151,0.1550907629765545,0.4120036217330234,0.6508381878443191,0.4246036732245853,0.260586817,0.173406054,0.24
0.1007981188654293,0.4110192730321678,0.04789828375185,0.0796906414397501,0.4691741839431167,0.6871889016244019,0.32548408827233,0.053638077321529,0.9590615884143154,0.17015962,0.307221893,0.423529412
0.1127884942538083,0.4807041256008589,0.0498526276492247,0.1323343875333106,0.4467441397605564,0.6855201622507839,0.669227362985902,0.1223619198527805,0.8492916697676577,0.219271117,0.257535555,0.030769231
0.1470011100080402,0.6085223717321672,0.2059969672943264,0.7762880224090093,0.0854833923425674,0.4340845726463527,0.1613350487505145,0.6214894133756452,0.3068631020321897,0.193850349,0.280559165,0.0
0.8411421924708431,0.5490122830872608,0.2339123485672716,0.581619846106193,0.6919725318799645,0.6932085061136741,0.9121389035691392,0.8266214464910486,0.58833521473004,0.242370849,0.504591731,0.447457627
0.760063005245817,0.1613015954570956,0.5977990761070243,0.144919746567438,0.7423134939932505,0.0391564974507169,0.1041113992815272,0.7707164577920335,0.0481797874052272,0.050431949,0.142468629,0.494117647
0.3871457885780813,0.7851352027418975,0.8269189508497381,0.3011481976589492,0.0068083695296565,0.8587684170086032,0.8730822143687893,0.6963078461708664,0.1189460822254516,0.494582878,0.526740193,0.588679245
0.279766775488538,0.4161046807027138,0.1533430673603355,0.2964180927984263,0.5059884021075836,0.8712762685511652,0.9957093407567223,0.82250954020187,0.5422372782452554,0.198021978,0.49003692,0.133333333
0.9916174910703132,0.5581940276158855,0.8279687499351593,0.6342603166961163,0.1290249600184929,0.8407528336455323,0.3393259825280601,0.4894489693385794,0.5174043779566927,0.2286125,0.260505131,0.0
0.9274689289370016,0.138676071014274,0.0671075907235264,0.3722536427792277,0.2241675748163287,0.8490120500719881,0.5664019040622109,0.0499643917001992,0.6965081850047251,0.113676321,0.553009128,0.0
0.8505917842006602,0.0725419711783921,0.7936630322834232,0.904713914214048,0.1645077982156358,0.0273016451746879,0.3376453085656606,0.7985932799697517,0.415476157151712,0.057192216,0.076262741,0.0
0.4330713453141831,0.253428569063078,0.0986106091128705,0.1066810979089541,0.2058993781277436,0.6934297169907554,0.8664199686806505,0.8177812032755278,0.4439530079959214,0.150718723,0.520433406,0.305454545
0.1528567288200413,0.5847386506865614,0.8098517979645801,0.6491594562033906,0.6538386420439442,0.2233789817057434,0.4458831047395598,0.1631325078141839,0.1433254558127782,0.216012949,0.263334629,0.818181818
0.6666352119644053,0.8486742221314726,0.4469617729240003,0.6534611430017079,0.2100510377251221,0.8498785538236976,0.1118855216607542,0.2868251354692478,0.9836158846171128,0.389896262,0.464837093,0.696774194
0.3363394883004954,0.4580557563189166,0.1619948727578071,0.1286746268882077,0.9921223831917506,0.0064626921114383,0.3811700838502109,0.362297475797144,0.1549637297678908,0.121333555,0.019600281,0.3
0.1679296318098975,0.5455783407895965,0.6238238285636196,0.4031363731534009,0.6617851746677555,0.4621728188493718,0.9999240010993276,0.9807837597092672,0.1334890300878134,0.274099114,0.225010316,0.254545455
0.0299364394118378,0.6137976469167171,0.736026146931707,0.8478194702734078,0.3470454526098936,0.2747067895265972,0.745956619338755,0.1694605135868486,0.9074519240526528,0.407229941,0.112035135,0.094736842
0.7843543953519072,0.7304886894646623,0.9588285208285654,0.5467299708363984,0.0705156348060362,0.4733142669220467,0.0812445441287169,0.3860867117538339,0.4644779893969186,0.212327437,0.472254279,0.342857143
0.5666396899794723,0.6322506552050514,0.1330188904914412,0.5066601289404163,0.4697763297947102,0.4050040865387129,0.9754523550687518,0.7566623223951107,0.0012715769904407,0.242173629,0.287592574,0.465
0.3543577655520711,0.7697950033103841,0.834277870413654,0.7986214857851572,0.3320563760147096,0.4451377160779135,0.1412639325412104,0.5415732767344846,0.6636166910861614,0.252610259,0.424738181,0.0
0.1025386939894777,0.872588645775372,0.8318294270562049,0.1878236414621902,0.1991598031314794,0.3148685002510915,0.3156283515670025,0.7498162133028001,0.6921885438992218,0.310082645,0.106152693,0.184615385
0.5714678947161892,0.8757860954638708,0.7210561342322839,0.1823771166026347,0.5163021581699033,0.4717297877272709,0.5154060868798164,0.6597919802004697,0.937524591339867,0.612442464,0.426734476,0.382978723
0.9285440779994664,0.4756878262934548,0.9410184413256232,0.1185321781991824,0.2045753613057107,0.3890542929365643,0.7289667961531145,0.8530351485493616,0.4915552959353765,0.206078504,0.495303427,0.327272727
0.0728248157063757,0.0108191011614432,0.0240386082051263,0.1280367012562416,0.6832722818759238,0.0213857522679035,0.9199608644665268,0.3552066720777354,0.5245767147442644,0.069849314,0.030564152,0.666666667
0.6764473799333595,0.7694462035584417,0.6650776292487754,0.3244796425303115,0.2006221139131697,0.5210791164433392,0.2928959788067777,0.729144684139384,0.330084319403222,0.260266955,0.578872518,0.4
0.4606808622931715,0.5730490218754906,0.4252170700433723,0.463003857664431,0.1133075283160927,0.8922585193888588,0.491781922925118,0.446842261823453,0.2238717777060982,0.19997195,0.464253257,0.109090909
0.5793113678954572,0.8620463515035763,0.457925000483405,0.839961158822571,0.4796732203373779,0.3699526919818534,0.7021519963276558,0.487163332109323,0.9823882017969142,0.486185427,0.394740246,0.066666667
0.2497450622797359,0.5360042229699138,0.7329794327770289,0.1344253251912348,0.3397200463864653,0.5802477583221288,0.1297545466576715,0.8175870157739714,0.3805319705979467,0.104518746,0.278359383,0.0
0.768932090178824,0.5378984957163999,0.6189906245386501,0.2948130367827457,0.1795372793297696,0.2727431823482252,0.2069240885061121,0.6856628656842035,0.6228582492995299,0.18499682,0.428618822,0.42
0.989167331069756,0.6595952932294176,0.5775739108968821,0.6538944077507434,0.6891708561454117,0.4282211993376545,0.0075243423984115,0.6812191344307825,0.4439605107647413,0.242697388,0.097637089,0.0
0.2666447047268513,0.0548917190390972,0.1885029291082635,0.5422953760250017,0.5888274971911532,0.5399567442509586,0.3958546633727959,0.3860308712246318,0.206781282307222,0.058679123,0.31811546,0.171428571
0.4356978692339276,0.955653891846214,0.7408317830048583,0.2406055771762502,0.4238576306509389,0.1623320124780674,0.0922613853933151,0.7607928793690046,0.9518339650717532,0.417826553,0.534314566,0.78
0.7655865429580857,0.4888745641036689,0.7827875044659189,0.475716681580337,0.8905473765838772,0.363499504206994,0.8163157342123819,0.3927704754702181,0.0699484740213808,0.281754941,0.223182637,0.42
0.7530035314789669,0.4442707056072489,0.6105968530807218,0.4310624708164166,0.7275131319173246,0.5066237914498937,0.0492884843152162,0.6817007495783237,0.3174883518946256,0.133686647,0.557091658,0.195348837
0.383105887553535,0.347234689587411,0.106355209962349,0.2897142125383698,0.4973456298312195,0.56285191961323,0.5023099106982026,0.3309683832304529,0.9173958479973242,0.134596995,0.384152121,0.20625
0.7945265206119712,0.116842299182749,0.4287500089786313,0.1615612895813538,0.0547875839693883,0.1149700628532097,0.7908936152742772,0.0797914494370338,0.1371988541898615,0.089221999,0.362828181,0.453061224
0.7540898067957212,0.7503181053672556,0.5696008909178693,0.1839327846913134,0.9552092444226647,0.4525923168720047,0.8148122439643973,0.2708019233306864,0.4157998448130843,0.321097893,0.444612497,0.097959184
0.9401683171893048,0.2562036159143326,0.0183511002165882,0.161546285625855,0.3984104108258479,0.916388715058044,0.3806935346792409,0.6370665622004016,0.1071279776874709,0.084715676,0.436836534,0.763636364
0.0377230118884202,0.459725979336714,0.2748738508149645,0.8044565872447925,0.6996191685665603,0.7866782817886288,0.622193423865142,0.8818980450292819,0.2042641016474617,0.196753629,0.319166315,0.545454545
0.6339636125831517,0.5065521582648818,0.2207440289405794,0.6947334628169797,0.1660000767429725,0.0399543883410783,0.4094216522697083,0.1790993038564522,0.8127527999906932,0.173271002,0.166283579,0.5
0.6661286121659749,0.6235040103263587,0.1660918411978693,0.4143584463462454,0.3461267686746886,0.315891268806065,0.6693153238603757,0.5163523053513708,0.7975401186027384,0.275017229,0.415431245,0.681818182
0.0705650579740526,0.2893877047349352,0.0387045528528385,0.1450744965643781,0.7546595939612288,0.2465723605453695,0.3759751889552967,0.2506270888548795,0.9605500923779222,0.07709869,0.097389076,0.56
0.4203952364211493,0.8102427204804244,0.8057055142852649,0.8699974154990715,0.4261891190123132,0.42066581809568,0.3159967552070017,0.5596663363648378,0.290129108367037,0.247080431,0.312340711,0.0
0.2859737400705148,0.7139255931480847,0.1105492768840192,0.9752759803121476,0.2302039365008751,0.8634529858221522,0.1106507376768306,0.7796479403665342,0.3929164560802823,0.279592005,0.49115537,0.266666667
0.6059169867294268,0.2804416423371089,0.123153766103994,0.5664859076693494,0.6587214077708814,0.0140722531890113,0.3598015171262161,0.5364902671783484,0.6225096412394429,0.094766585,0.090537842,0.7
0.3468633465876914,0.6214138103009629,0.2373262044235695,0.9959918035666558,0.434479737990403,0.5938053724773031,0.8161157291572966,0.618605466814071,0.2262608933511808,0.38649352,0.358340628,0.388235294
0.7211397673759222,0.7867259597868196,0.4487279392825106,0.8705277522180332,0.4981826063412707,0.5915326846889457,0.7938370855877596,0.0271297632604834,0.6754062231218882,0.51449927,0.451632991,0.352941176
0.0755615203723487,0.5301241966768506,0.1118444793806213,0.3559105039330101,0.8767797557436845,0.3205790977108997,0.4685706644627476,0.4221474262396288,0.6398489717942076,0.153434989,0.121624586,0.0
0.6819848307262986,0.8244997169103196,0.6319950937288887,0.8765023748206626,0.0137030703418318,0.3799420535326043,0.8710136021542118,0.0693994116160738,0.9857151415730614,0.452435596,0.361072766,0.0
0.1118732785876377,0.3796316852551321,0.7925086922745543,0.219588855817558,0.793816731809578,0.3179881085838884,0.370336710615377,0.9842667562672632,0.8452321777162158,0.068618924,0.206742799,0.266666667
0.6902298429661972,0.368237839703033,0.4155848518277255,0.7532866233639773,0.1779328399090354,0.8011935123793715,0.4209225495572499,0.3223471389513946,0.4508766427847446,0.109750361,0.454963675,0.257142857
0.5000727193878541,0.6920980281039575,0.7758386192322801,0.0011091668283862,0.3528901686136229,0.3599692534813201,0.5690830086745177,0.7625165787567677,0.9825001083724916,0.464363639,0.436302812,0.434482759
0.681340669151217,0.34166970698466,0.008653049442493,0.619423945237042,0.2299034261647464,0.0029225332042511,0.1501084628401928,0.1533020006531917,0.7708869802096987,0.128343563,0.102064084,0.628571429
0.7252062167396258,0.3282814449258098,0.87383577032236,0.7673728781816549,0.2160443274597902,0.0374128094195952,0.1863317807457373,0.1301958390538033,0.5296331793600298,0.12670151,0.136775999,0.266666667
0.5191673969958084,0.2182664915298691,0.3511274572517547,0.4142314207065481,0.1096372441193311,0.6176134007006902,0.4543182579454362,0.0034255697609941,0.637482572784184,0.095385191,0.46079405,0.334883721
0.0313543595776989,0.3916575622499233,0.9957925700168524,0.3449080028671047,0.5683343415798247,0.8021407217917902,0.8238928952014499,0.2204491017028533,0.2005923854701687,0.26141402,0.264862127,0.4
0.2854976287568265,0.9513690001552786,0.407094442808004,0.23680559668023,0.2145966587733235,0.843914433258489,0.225934932083559,0.6007615883061131,0.79492536385477,0.350191476,0.522850266,0.0
0.0058925496006947,0.421946905046438,0.4549720793079964,0.0001596084790443,0.7174327164053301,0.5107783862105016,0.3526225046319546,0.1231491432642383,0.2771457875955369,0.09053393,0.197378287,0.36
0.089494708056563,0.4346225823562016,0.7414952632146157,0.7331794871756804,0.2913576867770263,0.01570621122976,0.1406736883017186,0.9276279264302056,0.1895363885532504,0.130047896,0.03837293,0.377142857
0.43641438608834,0.419524892457101,0.6392838601507352,0.145612518846201,0.231618545785027,0.0394460228622126,0.9938837654217252,0.7565314988789668,0.6950072346011658,0.235089937,0.107801591,0.323076923
0.191306751713802,0.2359911192928674,0.1623406139023828,0.1394076653122435,0.1606911436630705,0.138184569244721,0.6184376136780869,0.3379235892439709,0.054016987277647,0.124581134,0.082022142,0.690909091
0.9050860886901988,0.1080820278260731,0.6784316210401146,0.5297195852905152,0.663049605076559,0.1574101623581969,0.1492635342434947,0.3301766045612352,0.8252756462726646,0.08206592,0.316458316,0.65
0.1533735640665707,0.2411028850860922,0.0923885200387232,0.4893650869041809,0.7412047381408101,0.2269283486561428,0.5265872083896802,0.346389730925116,0.6250504309891347,0.132458497,0.229487438,0.689108911
0.1907692868356786,0.022636369929501,0.4825117819960467,0.4496288825476092,0.0705837533326583,0.0548766078392244,0.7747110398696548,0.6377099296441222,0.0670118274880061,0.081344358,0.041916522,0.06
0.3449142673724468,0.6877118565946724,0.4570975414607712,0.735222078462487,0.6671639642109817,0.1816223604187179,0.2300796100320881,0.1087984799937424,0.4665281013658945,0.161385055,0.244723435,0.0
0.6471884256381013,0.7600186449228457,0.7678962776172079,0.3829322689959098,0.3881232267261151,0.5827122421944873,0.4263962595825334,0.595538560653693,0.0165621848092963,0.277629422,0.320396009,0.15
0.1443790577608663,0.7602920927866108,0.0971302305131972,0.0825841140785929,0.9880177077035944,0.0122300673914889,0.0687628593617096,0.2977349483905286,0.9733852632971068,0.243542431,0.025652426,0.423529412
0.5957118255101956,0.6030989791392977,0.3058953217152663,0.656263066872038,0.8327889585337086,0.1530278101753763,0.7820937515446245,0.7379317813714177,0.8571749029020257,0.389926916,0.22477526,0.0
0.1083516169743904,0.9500335051037871,0.0501787248237243,0.8569792760182272,0.1597142142032511,0.6423875514213898,0.1458122671076206,0.0564454342548251,0.6749666483858326,0.369570646,0.367868421,0.0
0.032589720641216,0.7783147887027159,0.0192378764955005,0.3579327480860077,0.9830842381303392,0.3290973661216295,0.9625344720037332,0.0826526392132291,0.6803970402480308,0.4683506,0.20895004,0.59047619
0.4908614820871909,0.0620212372957776,0.1652367922653387,0.6330914749028452,0.4927935782895243,0.8601442557996231,0.4162506185911269,0.3160882828796755,0.2463672116311001,0.058033599,0.530152612,0.15
0.7235893896946844,0.935967290134436,0.3252949242014028,0.7836507527342916,0.4746250776255716,0.9455845052358902,0.523626763943312,0.07175178474543,0.5938057679332508,0.697322264,0.51556547,0.3
0.6975369978173922,0.6936436942480293,0.257428218362863,0.6242483203296737,0.1697090555197604,0.6775542660587696,0.8667065457503782,0.9058159376930864,0.3451522151464978,0.30642847,0.463651061,0.357894737
0.266345512803966,0.0074992164441389,0.1736258855102286,0.4633255436569196,0.9219185221948138,0.1915981290779762,0.4732101383418953,0.5656971282958453,0.0651951014277694,0.052093566,0.253902934,0.276923077
0.2879430633345878,0.6018572620138745,0.65068857562373,0.8696961005511055,0.5901340850147622,0.6272673567292865,0.4970957597087213,0.5803150507585306,0.1667085800261287,0.175049557,0.287159021,0.642857143
0.2406958755142114,0.6556063810479883,0.7328357685683953,0.3177215217005505,0.1962008361260778,0.256200436097009,0.2929929074450953,0.1352607442732307,0.9727122781229856,0.240851469,0.251613231,0.0
0.6865643373176812,0.7598916627560965,0.7007445920342352,0.133184148956915,0.0099589185164675,0.0270570570891656,0.3872239452913522,0.402760961054837,0.9638218968579936,0.206924412,0.114736498,0.327272727
0.8968658048692503,0.5352613406484124,0.1353808329282007,0.6356158774880043,0.9917615847413735,0.2688801443318169,0.6240908996845094,0.1119179708428551,0.8790466771707225,0.214295292,0.43255976,0.2625
0.1266314418580698,0.3678937827991203,0.6368360855608863,0.7670659922944909,0.7347335971051255,0.6237735331029239,0.1769777353327272,0.6781645306825984,0.3156553291698423,0.098299789,0.200808867,0.3
0.8763181748603287,0.6674288601534358,0.5856395603631879,0.2149507020019978,0.1792144874842477,0.6824063077049338,0.2104029081972184,0.3818565372145248,0.1239067698163238,0.203102139,0.486963365,0.461538462
0.6250748311167834,0.4809163868602317,0.7377061816373186,0.2287979762616623,0.9771343185459036,0.7602367287821532,0.0817531420384874,0.8909972725450703,0.1703976673849004,0.118053931,0.565738389,0.494117647
0.2311407862183323,0.0540333871149283,0.6961522680587123,0.010853295708217,0.6275281284169554,0.8401447789517963,0.8522569628362242,0.1543339853069167,0.5282117977037326,0.113976583,0.511508766,0.582352941
0.6189881541940151,0.8108301790340638,0.8187518171445631,0.4593472089751641,0.4262515755001305,0.2950205508985893,0.9987068914462152,0.157551059750751,0.8100685467102022,0.47468466,0.401355006,0.155555556
0.4317156397547553,0.2145429650061007,0.9735232159067508,0.1649805394605243,0.169957093352853,0.6128884563610548,0.0362786263441748,0.9744156162723628,0.9756713007756947,0.125868532,0.369067424,0.666666667
0.3879174000674974,0.4903836262821401,0.0445406415716239,0.7842002265118316,0.9533296785961216,0.2974882472168748,0.3814877713192649,0.8679144309106511,0.3113719191137352,0.112299276,0.306676882,0.631578947
0.843623769412874,0.5611068626338023,0.3264702450810853,0.3895394073535189,0.4858151189998233,0.2679269079555312,0.98648227405543,0.7923537485511732,0.2610752135854128,0.234564543,0.431770626,0.644776119
0.5547404972675968,0.5135389761288502,0.1147774943264158,0.5428267316429862,0.2042732156161457,0.994146375672668,0.9998713982685048,0.9601006634299042,0.3536703308174114,0.220105774,0.521970723,0.346153846
0.939211504465678,0.2114203488239476,0.8440527391135189,0.9263851023472026,0.3147451283438275,0.5648939948739284,0.3987687273159174,0.2340494131863237,0.399353726735176,0.080877328,0.579400194,0.494117647
0.7296289168662252,0.4468072786043553,0.6714573087845523,0.341833961356741,0.0922652835934306,0.3058508703110837,0.4810705586654775,0.1053853558408695,0.15771436485149,0.18588892,0.297872609,0.3
0.3088675190576607,0.3588999004824805,0.8905727702264274,0.4023917514377778,0.2631976368838746,0.4436712309117653,0.3794805447456518,0.2309501450044641,0.649659933557628,0.121386837,0.416247367,0.705882353
0.8334844972790552,0.1899172333790689,0.4556339743773336,0.0487714668515515,0.7953805398975108,0.7751956791003545,0.755857810006507,0.6464069399326638,0.6302419623359975,0.115016415,0.590372398,0.136363636
0.1511499278548115,0.1073805746256125,0.6934838935855352,0.2475626743082283,0.3299660327063441,0.7195143591565776,0.8765289763370817,0.2645851392057186,0.2570773599569069,0.111130562,0.358083844,0.501265823
0.0264433474693716,0.159466755799568,0.3407748805765593,0.3117502878928849,0.5192949525252777,0.8379370441049481,0.3986614542066357,0.7589013398934792,0.3983384495218574,0.075180208,0.307437269,0.0
0.7334472242993424,0.5891819817629912,0.6720906344146543,0.2242829231377593,0.6506401519498676,0.7063787659685451,0.6043442926472133,0.0809627761052876,0.3318619622782012,0.206566851,0.419632876,0.0
0.0052824138087821,0.3763375396217902,0.472341478380526,0.0537880172352883,0.1501507396146698,0.4684742998406668,0.4362557010515967,0.3210026412531801,0.3904841922567541,0.117723074,0.168184013,0.430769231
0.9869813772608792,0.3214318443893228,0.4102817556230828,0.0233739996310182,0.614043916346662,0.9051470792893934,0.3103720190745511,0.2309197559643728,0.3124151783151713,0.088443685,0.741816063,0.847058824
0.6144930158686188,0.2358565847119531,0.2518237118134582,0.9120095682351408,0.4398801979152408,0.3845256329666142,0.3212310004639969,0.0592152948055209,0.4723891016271718,0.0887304,0.319358228,0.171428571
0.5488732237297849,0.8020294763001022,0.2532051354497988,0.8727918677645585,0.119988521521513,0.5237056335296308,0.0760013889702208,0.7736694284066601,0.6806313376024824,0.332103045,0.457582886,0.24
0.8338655600503807,0.6953192054872441,0.7930353779609984,0.0302300218799532,0.9340461105842592,0.5265319236272157,0.6152104997998548,0.0190372737264019,0.8861080628914435,0.408525509,0.608480457,0.48
0.7585298157121355,0.4512129251482064,0.0477830259081969,0.8815659393280401,0.9499319213915298,0.0869051482938281,0.8904130892832276,0.7912019513847013,0.1403787120797034,0.189252423,0.175842559,0.155555556
0.2537348025002327,0.3539745292922162,0.3133444753501697,0.5859869253997064,0.7630089059215752,0.8572855829436755,0.3007444431370364,0.2273212267928844,0.4555109997133667,0.095463362,0.533599354,0.0
0.008922337091997,0.346044042296752,0.7694890894406451,0.6556192150392876,0.8214729458502236,0.8239522144245799,0.7335381221758981,0.0946066423000685,0.6377133861313072,0.170913834,0.271244233,0.113207547
0.1185713244133792,0.2257064293051514,0.8097954271608403,0.7899184638617157,0.0413826430276436,0.4430198868213357,0.0554983901070537,0.6415399959293097,0.7363646406977087,0.105020481,0.229767454,0.0
0.0090191739875625,0.5191392804497067,0.6787161048056318,0.997595143794382,0.9589952721798998,0.6748782191651624,0.3958884594586969,0.7747127667636138,0.4743609871829604,0.185871996,0.117749487,0.133333333
0.1082624163522995,0.3840538874633465,0.9704013702331776,0.0039666875192782,0.4568849534347156,0.2436998099031645,0.2146361361014148,0.7633635231186502,0.6715589266527735,0.125432992,0.212541,0.692307692
0.2628103815481151,0.3357133432347319,0.3257637131615405,0.3049883347332178,0.4289766836676164,0.2103578167666523,0.1653273778237762,0.654411957300773,0.4503013827155239,0.132014164,0.238833782,0.6
0.8133918510361084,0.4928141026060264,0.4430149427077317,0.6804878772737194,0.9811804653349702,0.3048748593688636,0.0559052467402536,0.2214982803014612,0.1886242755514522,0.130386387,0.288460443,0.705882353
0.3939836236601284,0.3713025400163211,0.4701641197944118,0.1253820755490722,0.941371020627401,0.3673397689825606,0.0916371992018104,0.9175102161578776,0.9894308979352222,0.162478639,0.258426793,0.48
0.0658646381503893,0.3608320144354913,0.5284021628714782,0.4434780176134548,0.1616936250367073,0.948108744686551,0.7225342516646986,0.1448203453255782,0.1923864859667776,0.153416837,0.367930741,0.418181818
0.1419485682995975,0.796474330138318,0.6767877475910647,0.3283724166302686,0.8912296230095594,0.4091448589726392,0.5147409296997764,0.2350151665699428,0.0837621227827435,0.34336605,0.299992447,0.618947368
0.0228383214774996,0.0805691758097855,0.8659211416297978,0.2984903420465595,0.5450260795473129,0.043262415239923,0.8710142806623203,0.0526674640707423,0.3686002663833536,0.097449313,0.034513389,0.064285714
0.050267209034947,0.5279208762238796,0.0763780123928223,0.2035441386491336,0.8806385833940856,0.6229353182231614,0.229103289973474,0.0181029162643232,0.3124337738438792,0.099590323,0.161447928,0.109090909
0.9459406158449872,0.4176678628161397,0.4953025100054281,0.4125075923828306,0.150536959215523,0.0669520013874572,0.4354189632048427,0.3876841623146361,0.2423839451097613,0.124449641,0.152309155,0.5
0.9899801091649936,0.2789818640649312,0.787783617523883,0.7617587175570597,0.0644387746920445,0.4655132396872169,0.5471912528864641,0.875371694232731,0.6984974651907478,0.175819766,0.411614677,0.0
0.9906986614505456,0.5171530622425299,0.5574650904117866,0.8162172461739965,0.7831702462747615,0.8512934970769217,0.7261595889841042,0.6936137749289897,0.9964328695328702,0.22114225,0.715027338,0.0
0.8669667709790441,0.2109966378501673,0.0049193288482063,0.3289965011897581,0.8245613663641298,0.5389613965181865,0.4027569893362187,0.9810803890454952,0.948216058851816,0.099796385,0.443851515,0.0
0.4347378350455826,0.7406245336127728,0.4243840963247793,0.9363387870844117,0.5654921848440798,0.3875762819610544,0.4897173469898721,0.3281957330136557,0.1931459630693341,0.206153195,0.277750445,0.24
0.0758741785895968,0.0135467214046756,0.1045008063235664,0.1904724692016451,0.2641988734155324,0.6156611291220757,0.3417913797317969,0.0429955075549428,0.5772006509836801,0.060154714,0.351319233,0.54
0.0752868136045983,0.9237177136351868,0.7998710835557844,0.1784857134543108,0.969883143176818,0.5095066738514562,0.7645669019498925,0.2132514862607125,0.1039846702370951,0.473160799,0.301001474,0.487128713
0.329292673314598,0.8466847961167184,0.376519506272349,0.4402858719554585,0.3552470723477005,0.0106277513529822,0.958113243725758,0.6234094206786132,0.4877630266272015,0.519266847,0.044360653,0.146341463
0.2211439927707112,0.1156191917691198,0.1782493963686491,0.6031145971267355,0.7829494372683881,0.0439828472865643,0.1422926653122141,0.0732179018189248,0.4639137341189339,0.084169761,0.03367076,0.0
0.8325563895185247,0.1327465686795081,0.5176605724992109,0.3318097267663414,0.061627431228276,0.730779400101111,0.1615651979117189,0.2189323174448423,0.5176797537895308,0.074861662,0.611592355,0.15
0.1185929503169032,0.4617962419197113,0.0966420914004289,0.2677327501563971,0.4722552886207334,0.6769137658278265,0.3236642856874301,0.2930505186773521,0.0050143338317425,0.073547502,0.171261354,0.0
0.2132283142683262,0.1234389486377925,0.3793730825968278,0.1075065907100284,0.5430199262094562,0.2958027242430585,0.0304765446866099,0.8743128175810057,0.5194914050054833,0.056334909,0.044364045,0.2
0.2340469331680026,0.922785380584692,0.9856701952319517,0.9922127502765852,0.9060248204091644,0.5654635787725141,0.4739165502026412,0.4831501733173328,0.760554527070221,0.322968969,0.44806968,0.0
0.6789799448509012,0.8062275238470996,0.9811277702479072,0.3778098224872315,0.9915612435491316,0.1956538396499126,0.8791310708805347,0.585146311565989,0.9003580777288193,0.547522533,0.360709117,0.520754717
0.7585102462460708,0.7118480737857921,0.0069998907719284,0.8452651292768972,0.93403500255506,0.9785838721879871,0.2311295296230457,0.8371553093215262,0.3188402928330904,0.147899699,0.46264399,0.5
0.2304550670112006,0.6544668960401318,0.6275444114402243,0.273115752284835,0.8976248748958242,0.7790600553743207,0.7937375199974519,0.2441112417205564,0.0174292813971848,0.314724958,0.408105032,0.109090909
0.6318951779008829,0.5732749288809176,0.6148423966380723,0.4632008042168782,0.2846050378225402,0.162943566325355,0.3822485455687401,0.1434551854579571,0.5078744606397847,0.174712307,0.265106659,0.24
0.9894693558324212,0.8857825046631314,0.1075061436173027,0.2652396879792527,0.2656675191521979,0.8673146336554735,0.1210162515459539,0.2116256532941388,0.8628064603533866,0.250218228,0.43000831,0.0
0.680963508016542,0.0628190102220822,0.2029667278273695,0.2117174390916502,0.7935117938890368,0.2150397725769318,0.1065530507975078,0.716434138701114,0.539731061980663,0.10039814,0.310735821,0.738461538
0.0753362605740829,0.6181421211308933,0.6141951329670696,0.2820346170254892,0.1750614052008358,0.1652606300507804,0.1077447150002351,0.9010206092509848,0.8569779779164508,0.165489567,0.157599804,0.514285714
0.6043709866244602,0.8862046902963726,0.4409298623456631,0.2776521121623212,0.5586192952174069,0.9400031940274896,0.7258037009006512,0.9667909401588874,0.5602747025024836,0.535624823,0.599184412,0.025531915
0.8446391490421459,0.4174856222919928,0.521288257726922,0.7722574725454268,0.4533842291468991,0.5052535311977197,0.5650632336404633,0.9715216969406184,0.8037232462721361,0.193079354,0.494930613,0.0
0.5503358807419411,0.4298358640191676,0.7023590836818804,0.8477983637902798,0.5902610642030163,0.5171305218143236,0.8358817665164001,0.4919521762810315,0.425834416490303,0.222600444,0.433149038,0.275
0.6483357640474499,0.8212259770823676,0.2067600137334119,0.3695911008860574,0.154706070231327,0.97766025563956,0.7148502687814603,0.7874052124100707,0.3902692161054873,0.362768866,0.668825958,0.0
0.4430324002316709,0.8633854043963576,0.0356018646905974,0.0355771749899489,0.7858998773860469,0.8824220668672702,0.7994269655617051,0.2876318212239633,0.4127864608754428,0.533721552,0.404639442,0.62278481
0.5803620348212591,0.715957357156549,0.9951102021417036,0.7991848455367742,0.0473794287425037,0.9149752724677176,0.5922579496448311,0.9829649545202596,0.3148182348947955,0.384313227,0.447443018,0.276923077
0.4026496021777057,0.6554808934707568,0.6745097043857812,0.5321553643582118,0.3166829896603189,0.6333128747427604,0.129884270673122,0.096565732540424,0.8512922399373977,0.179974923,0.409070903,0.0
0.5557208671312132,0.6708604801836306,0.284802207644002,0.1697798181568274,0.3763206206939995,0.6786010878404568,0.3953180142238419,0.6268667125535449,0.1752040816543176,0.223489019,0.568771709,0.733333333
0.9677032569503058,0.2582087445176629,0.1084551058166118,0.7369366008155674,0.8185909771543853,0.912741730139252,0.3247531724121193,0.1415763513170154,0.6867478285539713,0.071152506,0.550907253,0.0
0.9097537584596672,0.9736930055159194,0.1199159893922617,0.7856708817383012,0.5281741581228785,0.4448988645954564,0.4509615794511318,0.4483519710991992,0.3185245147726603,0.358889738,0.542658566,0.55862069
0.1246958315158525,0.3245874906841518,0.5339854164559279,0.8850809854715755,0.321345634721904,0.0213686384392453,0.6143039148014174,0.4308492083199327,0.4954178139115822,0.228566548,0.03083701,0.102857143
0.407275349360448,0.6692314361994002,0.4182560982367628,0.8164832449114205,0.3385138229339874,0.273501613968696,0.0736185931281442,0.6883185442399588,0.4536462170392591,0.181592404,0.248993095,0.342857143
0.4589201971104939,0.8058756077595938,0.2902505297020464,0.4983064794673454,0.4121948001498281,0.484448742084353,0.4780723784451758,0.7669011356476774,0.1644591007860371,0.244110305,0.41424834,0.171428571
0.8471924476425384,0.4441928938678582,0.0262308566612359,0.5251362368479368,0.8705447989650816,0.5904340036471935,0.1764921501318271,0.5813571352916761,0.8250217765334997,0.167648909,0.57179868,0.342857143
0.2880662169094917,0.8940010058348155,0.4589650858806771,0.1351756652541378,0.9975605109305484,0.2724889359626963,0.2788928918502316,0.1255977431435601,0.3242951260152259,0.37192246,0.169286142,0.0
0.3407974864022145,0.0042768467916031,0.3536326013415188,0.2985475929423473,0.2509022312729041,0.7972374465268492,0.3193588579989728,0.9002320979057679,0.8597651570642929,0.062552891,0.444622259,0.276923077
0.7903936776749313,0.3779899320526781,0.1859244337415226,0.6729888700909035,0.1528139794532749,0.1848717639716542,0.4458075912701226,0.5658035982915355,0.7441646374144026,0.131340548,0.229604331,0.0
0.3619432481420377,0.6206877926564907,0.7860028858236622,0.6355536960257319,0.2727632132231837,0.6845366240202995,0.8237603773235771,0.3219972861683901,0.5034575343762511,0.353971089,0.39017912,0.615
0.1595478623523694,0.59036910216585,0.5997233649811443,0.8943324100157221,0.5573832685061328,0.7092491018870394,0.6341869860588484,0.7969781072610593,0.3751240721293526,0.320543096,0.150371045,0.0
0.7778166072482763,0.735445090537592,0.4561587392553345,0.5427217815665085,0.6576977217552071,0.1349540596216978,0.7524089775647912,0.9663079127119109,0.7372274587868904,0.505653946,0.293568442,0.475471698
0.3397978438209114,0.21029988181999,0.9407547941515768,0.4613090142753796,0.4748429993612598,0.5170523081410455,0.004308450369026,0.0366374333781756,0.5817613534952291,0.081879657,0.49361214,0.514285714
0.119709417444461,0.7110501663123089,0.4072296725171861,0.364774845742419,0.8889928882596668,0.4588748982478688,0.3997373605598658,0.7751045553277142,0.2288174325670288,0.22375722,0.306870768,0.494117647
0.0963724975691542,0.0949806581768053,0.2673724779118558,0.287520552365729,0.0081316431843292,0.9062143877716492,0.3342563918490431,0.1061479650495387,0.5209634744698968,0.045156259,0.443346203,0.4
0.3686162606325388,0.7507567469683538,0.5171165990711872,0.66230508486763,0.2316584328629594,0.0091502687890325,0.2622320453872666,0.7309896237581444,0.5709538198843266,0.299059922,0.051410013,0.133333333
0.1331840996319025,0.4757572997506947,0.7513627897766044,0.9307550819275262,0.7987219340680829,0.7669361432298218,0.4798709487508776,0.1246099129021401,0.975257449110326,0.16369776,0.355307745,0.0
0.3352979781306334,0.2494675267366171,0.0925986941263764,0.5646079226533477,0.22775981651516,0.9811495696581618,0.9699038002971172,0.4653701707666712,0.3514892774692092,0.144221322,0.557297096,0.0
0.6419294164401823,0.3666943806062203,0.954729807340066,0.4117416338366215,0.2190693990900304,0.9385018460097728,0.9672229626173572,0.3073940514515388,0.5897064666619136,0.233087867,0.577923527,0.211764706
0.0468783927043461,0.598611419751831,0.1955853303718245,0.9324544551158258,0.0512987958715778,0.5440826482799295,0.7916809672957599,0.4487580121570785,0.84722093360476,0.290319306,0.230655363,0.044444444
0.5750353302842738,0.8451333417413155,0.4964382281622832,0.6551409778407982,0.0105725495606906,0.3909951486730508,0.0382454465131697,0.5812249226205706,0.1322216187550996,0.304050849,0.529895296,0.52173913
0.9509014215549452,0.8750372029696715,0.9857720781293376,0.388242610370377,0.22889548659902,0.4664112854642323,0.8050967825869985,0.2904334587590065,0.4682832051432524,0.624244699,0.447141875,0.544
0.47760227327842,0.8344894567229327,0.2260494343471758,0.6801233771385131,0.0121495472326177,0.9406971442913789,0.3089615239725785,0.473635254370681,0.2384153958617939,0.333355258,0.49344151,0.12
0.6888944124930758,0.9732273868405314,0.2847455906355001,0.4830107628712323,0.7332595235221061,0.425700696086668,0.6174356768727354,0.8876723375412121,0.2858213810382133,0.473160036,0.36971105,0.0
0.8403358453127056,0.5050414297326368,0.0998606759270063,0.9148332249653132,0.1896104009545953,0.3616920511235648,0.045050446742692,0.6937101556774844,0.7035882881875585,0.15479252,0.505778569,0.257142857
0.5298719598420861,0.0395037949535088,0.2187130204459473,0.4851936309472348,0.2806707083149866,0.704249005634231,0.8542035351749802,0.3099756116608422,0.6945033012118367,0.096670613,0.440325414,0.030769231
0.9643111382329876,0.0599718836418877,0.5725278758801258,0.471824106223044,0.6281300476433059,0.4491512022631441,0.5576718954461924,0.2815634854519716,0.5305392317443531,0.130719812,0.501105718,0.698507463
0.8094576733835311,0.279670480828336,0.7781358186003464,0.9507530701454197,0.2905149448889502,0.6696660927081265,0.0883460262980003,0.5387444573399701,0.5838288473223439,0.066269112,0.748933821,0.0
0.7048529859882356,0.6198687325755793,0.9016847749066884,0.8027534087680777,0.0846465548265859,0.650654151801751,0.110434599913671,0.7629296968805855,0.316629949064417,0.175742259,0.598603844,0.55
0.9928883726628898,0.3556862472255462,0.5509765229029756,0.1962163273219646,0.6049988084658774,0.6722219083601112,0.3944150476787988,0.5991363145463352,0.6563367954405324,0.1049768,0.571133435,0.666666667
0.9775207554269956,0.4437214677477579,0.7910445716683557,0.7882580598221985,0.7951615411861072,0.6596777622050899,0.1300158550127331,0.8891680932258001,0.0803191987618455,0.127813025,0.290830702,0.0
0.4172278338187369,0.5604815149155321,0.7302842470661771,0.2479963752769078,0.4332141675210188,0.2010656767442159,0.2315679836338184,0.9933130021133302,0.0167400695655065,0.209380863,0.319277109,0.75
0.981608213450968,0.4452439532245265,0.8802908002511742,0.918074076700948,0.0614460120232406,0.0713962710380297,0.3724179435820209,0.4688890470691904,0.655614616916812,0.140957696,0.224989489,0.288
0.3672913129287445,0.1578074311749969,0.4306231536391185,0.9318542936939126,0.3256633416194726,0.2723332814146409,0.6741784905465208,0.8101837627070938,0.9543544825565272,0.123232199,0.367596255,0.291428571
0.8855012884900566,0.1697269152954227,0.4422096099017638,0.9573546374143608,0.9862288539147834,0.8300456164525015,0.443416947276827,0.729602870642189,0.6046732092149942,0.107093694,0.595011295,0.0
0.3143356318870275,0.6661598552751183,0.177244624149616,0.4047220722132941,0.475548140021042,0.9328838684544996,0.857995020629128,0.0701472733676479,0.7528784355177405,0.368936749,0.492851627,0.4
0.8296091177512575,0.9366667465505932,0.7047649183193925,0.6695834591037447,0.84787496869828,0.3756476915089372,0.0332602713669416,0.9340785264054068,0.5362417163071156,0.43745975,0.207174101,0.133333333
0.1362975820298072,0.5287307291357268,0.949022409665195,0.9303754705212292,0.0616818747023046,0.4389745166605383,0.2230258284153411,0.7013093891390431,0.7510968608189958,0.227409267,0.109325707,0.0
0.1358932981309377,0.1612195924250773,0.4818953292999822,0.8602692153466771,0.4163551830715344,0.7131701302356288,0.9701715879469142,0.3287989879685556,0.5401421704064038,0.102676295,0.236601298,0.0
0.4647753907019761,0.0427861018494222,0.9637461278124833,0.8485911181496671,0.8220743433102161,0.4807251754034192,0.7187069021162068,0.7202299732576007,0.9026540587711508,0.126400527,0.481637507,0.284210526
0.2625337314315779,0.8298936785439763,0.180651642712523,0.7542607995760946,0.0321008820840986,0.2042983914800696,0.7337024890352759,0.7383181293003043,0.4151690021772326,0.495833829,0.24855891,0.430188679
0.5754839331622424,0.1203809018983608,0.7859145691732102,0.3161416903993829,0.9552195037510228,0.9173955007058474,0.0867774508204654,0.9437949037224144,0.8722994032553895,0.094767073,0.771906455,0.533333333
0.6318601840710519,0.26133175140558,0.463104490228109,0.2874375951797348,0.4072846184871803,0.9533667319840357,0.4987093535930008,0.2908103698879092,0.8972227904130088,0.150958797,0.703368362,0.0
0.4345734932362701,0.1026194583743829,0.197475663502414,0.5772106454385715,0.7214961009141733,0.2762354106091661,0.8103179713776949,0.9624512008792522,0.9182407460559436,0.132688661,0.301954009,0.249056604
0.1420647972173533,0.6520966447590932,0.7823408807114772,0.4704033858805728,0.4525248415351117,0.3646236708819658,0.2024371983479016,0.5426881408367216,0.0098531804064583,0.187243796,0.196135269,0.6
0.5277471407088562,0.4848061439143154,0.1257066445635066,0.3459265295712553,0.5135139966041834,0.9765014540327388,0.160357671834282,0.3548130430432425,0.6885774015992124,0.176926451,0.67038709,0.257142857
0.4223309301647879,0.3747650945459917,0.5299699442204681,0.9228108776574838,0.4267402668964152,0.0224401153669128,0.772952210659505,0.8685644496979638,0.6325629264119578,0.183330376,0.071082497,0.123076923
0.4895705779794777,0.1261630105497326,0.7442652848818273,0.3503116881806688,0.1436262370998683,0.427339556450679,0.1391735176198983,0.0775624068397689,0.4148312872218395,0.088440628,0.353576727,0.0
0.8055676737348462,0.9937073080752572,0.5746500419024212,0.9347788531394792,0.5117383827083545,0.0831789669484177,0.8384842099939875,0.846033141883158,0.9912206357356944,0.877142618,0.174877343,0.0
0.9073267158899164,0.128975554061767,0.0318144013394198,0.2479755332546068,0.5681571793743825,0.7493550811776432,0.8369396482812312,0.2775474470840489,0.82378878797486,0.137162226,0.618245005,0.162162162
0.7419080997524484,0.8735170141165554,0.3504161648131318,0.9175901201531396,0.4051868978736199,0.6611078306652753,0.7596941599875798,0.7025601001594812,0.3765407669206134,0.474115389,0.492575948,0.16875
0.9021958000062704,0.9350135911235716,0.0061983931378225,0.5111990366241479,0.7223064250101902,0.8043984563166678,0.397719369619946,0.6072826829613164,0.3545686636853308,0.227612618,0.421803571,0.0
0.9590587738141608,0.5780725543316655,0.7413642229447968,0.9037244142134288,0.4111082057313974,0.0355768762049923,0.0527326469994342,0.5722596524166348,0.1883782091349495,0.150066162,0.1584432,0.672
0.9996081936385934,0.8599066763294889,0.3024947476274863,0.5177767163007385,0.8055605453024036,0.635831498539045,0.4579651228044129,0.5372394599979983,0.277367599066911,0.248658032,0.46721245,0.646153846
0.653104833104843,0.8267351060213908,0.2464660218266682,0.905579448580788,0.7150589088998445,0.7957690041432645,0.3064374209572973,0.5253636176149188,0.8282842379859664,0.304139686,0.649233936,0.36
0.0808809874772709,0.9396410421044712,0.4256061465421804,0.8911925706888314,0.040247131682605,0.7068905936230195,0.9242519123159308,0.8898756547746516,0.885629350383514,0.643267476,0.394000866,0.470103093
0.8891850352296428,0.2623505441136718,0.6965066442945638,0.556834486420729,0.3240347789042004,0.4359565972318383,0.5837110267680627,0.6163740877805949,0.2659845106998877,0.145809419,0.491127372,0.327272727
0.5934719101868715,0.2880264623917806,0.1544027763568878,0.8166723533056826,0.2624906100571034,0.9989380711896167,0.1978853335558383,0.8134281570827419,0.5311578700396579,0.129330317,0.440146663,0.646153846
0.3554503732573632,0.4273214981905274,0.7352151590840812,0.0679036866446215,0.2211707122171712,0.0963646190739577,0.6793887153419369,0.2650179889867725,0.9998252833130284,0.295072721,0.153092063,0.666666667
0.2902883685897018,0.7532575347930076,0.6604136162142992,0.7745317743874476,0.4508331207214279,0.3007669276858248,0.6048210999841644,0.8833528047641491,0.460084194288388,0.422692057,0.345855379,0.608695652
0.2745610416251697,0.1980075150450008,0.13846305713628,0.2572359095892749,0.8399581518612416,0.4204497939616035,0.2792045444562502,0.515927943962482,0.899311603914702,0.085159947,0.320430413,0.514285714
0.9299777498287752,0.7035486121629994,0.3689560573458168,0.7231242661633421,0.3668398210889805,0.2054847125054244,0.766544179108536,0.0200103043569369,0.2952188770788421,0.40130377,0.34554546,0.15
0.9607648961052402,0.235475154985666,0.6402589469885256,0.9527168132553776,0.9200431606517868,0.4128389484366982,0.3549592036043862,0.0283684307289515,0.8577573097192812,0.133449518,0.47474901,0.0
0.3580493895307437,0.8656777883980847,0.1190378868953048,0.6900590225429382,0.9289316715255403,0.5661485369016883,0.6190140608031406,0.7448646728800885,0.4316033892322226,0.400605084,0.322640442,0.0
0.7823360990154284,0.8447084052106694,0.4939546215887743,0.014750547270164,0.1334563608307735,0.199913812099727,0.0846925263675166,0.2519403596450762,0.3364413134208491,0.279312638,0.337346083,0.6
0.5915630941329183,0.9099873323949464,0.899539470983604,0.4264284720765422,0.9606567779987856,0.8421369434939298,0.4201955020041813,0.3230309127578051,0.773040042043113,0.335926924,0.464132946,0.6
0.5824202907054625,0.6137644406848685,0.4206073592332678,0.0983534889985814,0.7509730901750736,0.2996426451589982,0.7923706206807685,0.7170830260479465,0.1268215067276736,0.319238955,0.38013733,0.523636364
0.718424802365499,0.7093925220047176,0.0358653044906175,0.1626334852001827,0.2649138473284652,0.986784939358819,0.7877562911153377,0.7818141482760891,0.3941000814223498,0.342458104,0.513541237,0.331914894
0.3355163715580228,0.1613429153520248,0.2218494362964389,0.2095329233235643,0.8214684114418364,0.0992785715137342,0.0174508490570673,0.91743550858998,0.4220687733604668,0.076014254,0.096440581,0.0
0.5692743540027775,0.1124411859047579,0.9964658727084632,0.314671684048091,0.3458806104864635,0.4601134628502493,0.0673122715365739,0.2412679363148892,0.8168657569955864,0.099818569,0.548564816,0.385714286
0.4934308252916496,0.4147614594257557,0.6059501287094198,0.847268522052077,0.0151733689792115,0.2538616884632603,0.2497490042791489,0.9269717889478248,0.167819704017713,0.166476194,0.224400726,0.0
0.5616514583387006,0.3228344710511657,0.3471145424831175,0.5205608740610795,0.627572663238341,0.5479619931711457,0.2210197109988028,0.3939087656946167,0.5856648103695655,0.088847035,0.423366564,0.327272727
0.0648591071777194,0.7955247173863829,0.2228876218672753,0.6530865353515134,0.7991343148172309,0.8092533213847503,0.4604772138920646,0.0285795047951901,0.8198312748046487,0.178620857,0.257464292,0.0
0.7312390805252198,0.667173173650933,0.6976444132975169,0.9761959057355076,0.196099726708127,0.9567360275657608,0.4665909407480354,0.7321046309647755,0.1316067504409607,0.165257218,0.562750317,0.0
0.3650003578681483,0.8179443777484969,0.8716038024972605,0.4772368251619101,0.3138270407214134,0.3080146205265435,0.7296326588084584,0.7274417580321446,0.6865325433672487,0.658561295,0.316815369,0.16
0.1147104377201226,0.421780491975357,0.7616357897484232,0.3072419078082044,0.6851625838376535,0.7253845780597463,0.2844558382930908,0.7765766734533631,0.0383002466107188,0.179409863,0.299306679,0.48
0.8587904130305063,0.4081496948618945,0.451917217305377,0.3049732046764407,0.3027629045406862,0.5494853637621632,0.7192431850219514,0.4413202501323597,0.8167366309791485,0.2061538,0.522072411,0.276923077
0.854630719235174,0.2123171949620476,0.8281351057419912,0.0566224404628364,0.675169210453608,0.0114743342698412,0.7326466118642447,0.9747355915223398,0.0100548776560079,0.100948031,0.083647079,0.562962963
0.6985810996623336,0.8069285883371123,0.9618084712149912,0.682156927746463,0.2740262309650552,0.108575684196422,0.791890546640527,0.8077617980293252,0.0242129562708688,0.471433404,0.178465655,0.272727273
0.4889677232510054,0.0369245989402194,0.4925631296676214,0.5366078877242333,0.8434069555593593,0.8578247569058306,0.3976936848952964,0.8106322232715624,0.0189768501017918,0.085936418,0.0,0.6
0.321062396017303,0.5553838700834934,0.2306592951559281,0.7162401584922826,0.2103406831253876,0.4150302652129402,0.7859792128401485,0.6869862212663841,0.7220405662867937,0.263748502,0.387063874,0.423529412
0.4297810488862634,0.8738957834711419,0.4711416187660695,0.4223882336626927,0.190803496143906,0.5021970506742027,0.7696497342323112,0.64658758964484,0.4600247374108576,0.601004177,0.35173669,0.036363636
0.5494713207300895,0.9388296488234236,0.7918976506678969,0.8491315796661216,0.9446610652559052,0.2088887428166985,0.1009797639209698,0.5267262221694942,0.1139658274759077,0.410745303,0.389877308,0.6
0.7213682937233035,0.3394114200785266,0.5127299715972423,0.2280923806043709,0.6451373527543202,0.1239598940232868,0.471147249369905,0.2730086564882461,0.6568535900012243,0.106677637,0.162026029,0.0
0.5764866934934333,0.0148698969122085,0.7846649374466304,0.3870794939276003,0.3224076169021841,0.4899481255068983,0.4379106104188348,0.1208863816526868,0.9350508179738368,0.062373333,0.521336557,0.675
0.6784206696725847,0.9769053036944948,0.9991310438841988,0.2618983400050562,0.8933828907282129,0.1919297616050758,0.1233978390796256,0.6085932456614339,0.1590054931348251,0.389032037,0.341022996,0.690909091
0.6588686679062029,0.2439863145040803,0.3878623537330017,0.4566452689246439,0.1261329862288466,0.9896581962412396,0.8146722715409319,0.948436615988459,0.607682738271688,0.133186638,0.470932725,0.266666667
0.0117556701023566,0.9779058162202924,0.7643915897523091,0.4022096542580536,0.526704213016286,0.5412564761353659,0.8979876506203708,0.4099911749939789,0.0596155832544134,0.714600799,0.209485751,0.757281553
0.6033953323297168,0.5840108134530033,0.5233610444917475,0.3461243097448464,0.7399762248319648,0.4860744401355784,0.6114466871841158,0.4665483720159301,0.0866342715890836,0.25642087,0.336394339,0.038709677
0.6333503751385738,0.2889074196192458,0.1802581069992626,0.5249316148925554,0.5179003159791715,0.8871498893656098,0.9330056197934032,0.401294839513147,0.9399416255169885,0.174105319,0.523967183,0.501492537
0.092551468094703,0.8205640088847092,0.5990598391296644,0.5628392002316607,0.6118944749668714,0.620001336983869,0.4951370290981494,0.6544631888226491,0.8738513538163434,0.271277154,0.338832184,0.133333333
0.7319901201584804,0.598234318080332,0.2351468358745413,0.930098126652394,0.2682296785403407,0.5826820474929185,0.1744078387987516,0.565200158176317,0.6117604061515082,0.158346584,0.373306224,0.12
0.4655448058507156,0.1344598398659795,0.1670695863777939,0.5614798719839578,0.3880265725140432,0.8456850804710818,0.7165214326650068,0.9147388803233878,0.5513066870356198,0.13657775,0.504472914,0.269387755
0.426186475926366,0.0322008750561153,0.6086784047233678,0.4298865680137399,0.9243844304254848,0.5248564702890203,0.7257120649520612,0.3768043498510345,0.3197427816033021,0.094682911,0.420776503,0.420618557
0.187012147253485,0.253153503750769,0.8416450452971364,0.2807207184389807,0.135199042307608,0.8231899531373207,0.3949988699803798,0.4073601023734652,0.5429887686222427,0.09995507,0.240754669,0.0
0.9384566499351312,0.4124567957376657,0.1237525219412706,0.4356576526064208,0.6490072525426027,0.9222190791180253,0.2257536915432509,0.4639150349452854,0.9348046171878496,0.170741892,0.449733441,0.24
0.4732479181371343,0.3985246030875407,0.2863344294256754,0.5331788354155343,0.6840431789235093,0.2936964402773999,0.5325626477959463,0.6905858326548568,0.599379786638605,0.181186575,0.286036299,0.042857143
0.8732658713389133,0.820938777734321,0.5826903803094617,0.0484671530184818,0.575271252585596,0.8808287076648242,0.7037895893454609,0.0300067977324396,0.8525006321122356,0.428135104,0.561787201,0.055813953
0.3274294988371202,0.7668437591733211,0.381155320322062,0.9727611014567022,0.5451495168044024,0.4024206506555209,0.737024810988055,0.1487522592646166,0.3548027178438048,0.367338581,0.318849639,0.335294118
0.3168369097876903,0.8780666766325038,0.6817306406732205,0.1138803552260717,0.0101276473870669,0.2852002930191286,0.9694556645569804,0.1724349199350293,0.1839942282551467,0.582308162,0.169810671,0.04137931
0.4797187449681287,0.5774992989360263,0.5991825629629686,0.0156424582833596,0.596976969243785,0.7056651156379441,0.4614402383905606,0.952904122760554,0.095822894007935,0.190385273,0.33415897,0.0
0.4545123263131144,0.7172002311677709,0.2325763797835828,0.7251111375093567,0.8884167987260377,0.8874808649730334,0.2578108946891821,0.253320699741284,0.5749685677851057,0.222653184,0.471442294,0.171428571
0.1338086190507305,0.8743740381613881,0.3629509080296605,0.9842153559844492,0.967136284231589,0.1837695151750764,0.0660237216633752,0.4832155959973332,0.2754661003612161,0.228981615,0.073602136,0.436363636
0.5105249692393136,0.0167902659973446,0.5555638584329446,0.2001680968957367,0.9058939191784792,0.9754195887263168,0.9436552675009756,0.5926177480454647,0.080812146513291,0.093595864,0.513841032,0.635294118
0.1142510485931056,0.7054064000775525,0.5843256535460426,0.2619842342660703,0.5392458313591585,0.6977098901203853,0.0469706003210635,0.013561450303997,0.6369518498455337,0.23122612,0.426445187,0.675
0.0381157634876317,0.0910922018395805,0.4312389074154424,0.3322031020190202,0.9774833713721328,0.5889087995012033,0.0720549305985681,0.1962032816378315,0.400999594602441,0.051580344,0.20326597,0.12
0.9446632020285786,0.4720536871413974,0.546823056367613,0.7485126191483105,0.4554474614332556,0.6655007921894108,0.4229454085096591,0.8763014540619336,0.0760377808451249,0.143346327,0.455737913,0.626086957
0.0227465986276066,0.1014901253071184,0.0627019388186322,0.4803762885525161,0.8014962457953764,0.8422365479154398,0.3489558634817176,0.7760048875258085,0.0351728504899957,0.062927681,0.204833786,0.0
0.6060232835340239,0.7881434446730634,0.4053515627782862,0.7666627758443565,0.9917456150740326,0.1845946877907217,0.4968646971795198,0.2566358529789307,0.8920128344271788,0.321203138,0.191133783,0.417391304
0.2902613371056546,0.2048109169342705,0.6376456060458563,0.6416743567309142,0.2524030771868631,0.2104326516537557,0.0733441397418571,0.40340563850049,0.5473518261402588,0.085540072,0.13198135,0.0
0.202129329592581,0.64350242836999,0.855610727187373,0.9779204347401864,0.355034237326576,0.4207606705147787,0.1276789378483095,0.4007392858604792,0.6309842358343342,0.294573544,0.360670946,0.0
0.4482705649067418,0.8005399246172801,0.882333885491742,0.6068380156613989,0.7839176347515319,0.0915355630440306,0.0296005210635587,0.8896078510900354,0.4413108028858907,0.229676837,0.216200209,0.1875
0.4487439840054972,0.088781423878308,0.9052633237705112,0.8169985111025853,0.1227373964109463,0.4195973082114337,0.0536053574136772,0.3973804091366547,0.2143949438356392,0.052987149,0.65697739,0.0
0.6154719191328182,0.7313075175750483,0.3352109401136465,0.4244077883892778,0.1331041845733498,0.7719442779269271,0.4086573089192566,0.2704378884388998,0.1418322766715338,0.235568056,0.456298687,0.0
0.682970086232811,0.4630054936075869,0.2673249969994694,0.944235657791328,0.2710896544047675,0.8095489929463925,0.116814870723503,0.7076788498956833,0.4165586346486751,0.129610635,0.412750765,0.0
0.5756374081409616,0.1134046398766696,0.1290678825990585,0.6303492382259407,0.1692319482214132,0.8374962034005113,0.3844264530438138,0.8790097063814756,0.3493390958239669,0.090959513,0.330413975,0.0
0.6623868989129302,0.1597967379951866,0.4411246671963367,0.2745450811554156,0.1828357509014481,0.1242694735233762,0.1837622774718955,0.92485639283868,0.0904621292831532,0.075909301,0.337909337,0.782608696
0.4253435052172086,0.4506707140448319,0.8660952011288024,0.402116523114528,0.4904024822962015,0.8506020413569005,0.979675984119522,0.8335575717477485,0.5752194987225262,0.202277568,0.448603409,0.022641509
0.6980038550726502,0.7245723787383009,0.3358444350731083,0.5115779893214153,0.847021936059707,0.2230723824821241,0.0397483698443971,0.7492874319914187,0.8595525431157662,0.262564031,0.317670949,0.0
0.4919273547766818,0.8826239625157113,0.7588967545400059,0.682605380590986,0.4811109179171637,0.437633716914266,0.8297626148730447,0.5758455592835657,0.1527965445179271,0.644355228,0.35798285,0.276923077
0.9321068307533972,0.1726155371245131,0.4261492949867581,0.5368601554085018,0.5568137666929388,0.7271506955282939,0.7625860437730115,0.8714346273917841,0.0236790753937041,0.107477847,0.502860369,0.5
0.4349188479278787,0.5081678779813158,0.6658640753256128,0.0221597312098478,0.6984077425669812,0.2570805074989228,0.2772838613376737,0.4670425782019182,0.310411170024964,0.190073902,0.215054226,0.0
0.6092074150514021,0.5173381204803206,0.6988462634101776,0.7726738575668016,0.2268105767468877,0.4308133381727078,0.3065117166009108,0.0898695467774306,0.6395890405309542,0.121838404,0.477786048,0.228571429
0.7729610720342063,0.2647917720942637,0.5128056701887905,0.3244034376773141,0.162382993290744,0.8627519472341159,0.4057736332232208,0.5039870402430459,0.4946819080571796,0.11640025,0.592609907,0.466666667
0.6153994318437329,0.597010237639139,0.7330803192211116,0.3713302633706526,0.3330523256916842,0.3125464405580128,0.6399798006083395,0.6467051481269734,0.5506686306353222,0.23738708,0.407599407,0.144827586
0.7907936500349778,0.4431992158458572,0.4994834018531107,0.3017997895577408,0.2953857144251101,0.9973410890945044,0.6451928473564722,0.288291381801412,0.0924439310895687,0.184085117,0.487198874,0.536842105
0.7194353267296482,0.9485339873292772,0.3677987046414908,0.0352639088844722,0.9885936819149164,0.9341315240067082,0.4329393431550206,0.8310621825964059,0.5924792295423058,0.425254946,0.547376963,0.0
0.2305811586084359,0.3555023299891993,0.1810339251144108,0.6119199745434347,0.7745762019460135,0.0054728863566235,0.3273108105350495,0.2616847818160061,0.9045679430017648,0.167086412,0.033414175,0.0
0.0956314372534885,0.5993216528610208,0.2553051690514225,0.9595868620904792,0.6892634045948023,0.0800520232965188,0.1527546591794986,0.3829147996098967,0.8314325855392843,0.221046033,0.035277509,0.0
0.8146682606536628,0.6137501084274444,0.4320551169431043,0.5172729168648346,0.2126384147240303,0.9103982975253324,0.172942548897676,0.3169802705516544,0.713143804423094,0.118952853,0.602139958,0.64
0.802857696226978,0.0847962746123861,0.0796316048453732,0.5934351296894942,0.7093459817746671,0.461855227241929,0.3384316239652788,0.7802705824121375,0.374694116772828,0.063369943,0.474352302,0.0
0.415769596583729,0.7235384278373269,0.2164761273079462,0.924807807388656,0.7486348066190599,0.205821074241111,0.7913804534933275,0.292161780027195,0.9260200501283904,0.39234649,0.185051937,0.244897959
0.8947808134577947,0.7137026535818326,0.0935706728995068,0.9847172649628352,0.2565216222905701,0.6546499672274164,0.1677843074403763,0.9360738792708126,0.203854359588081,0.189936329,0.465562306,0.109090909
0.6115280976237812,0.3824870310871306,0.4850794985252934,0.4008769361427742,0.166640806767335,0.3150188022935387,0.3991120140439206,0.1644894471597191,0.6745908566135658,0.131153763,0.444863572,0.442105263
0.9902391406269052,0.6311096450591887,0.3138498503371298,0.1317266452641184,0.9556907467552334,0.5141263131697499,0.1442002125408807,0.2442922124622626,0.9307277422826928,0.262233056,0.600021114,0.15
0.5293840894665276,0.889766799330872,0.079568935916169,0.5720736226566444,0.6234806044542803,0.931482022611092,0.6211817688153612,0.9411596483764564,0.0034356019301088,0.411515739,0.459413786,0.0
0.0956405764049312,0.3802546437883939,0.2082633330705052,0.8117491898917286,0.4925667992197854,0.1941048419477907,0.1360461782141427,0.3560851070839372,0.4176544764285379,0.1082772,0.19633844,0.54
0.1592338467493511,0.939624152160434,0.988213277512594,0.697940241164886,0.8040709871759861,0.1537340782038936,0.2968831931186176,0.3953082581734826,0.7927827325297198,0.332749003,0.104079845,0.0
0.8099601257014077,0.9975740191013804,0.9461424912189876,0.1039334323062697,0.6092839474078019,0.3925394039732429,0.1730333694580326,0.9089479664334992,0.0289422323979281,0.374989555,0.353159091,0.711111111
0.0771494273316412,0.2770164878289677,0.0213856241146017,0.5942808102250049,0.7420905948070142,0.0053323074469654,0.2598104264266121,0.7695541473947953,0.6688615563250849,0.084255442,0.01890396,0.64
0.8152381983901331,0.9005986196584053,0.9505271617604426,0.4530800038387539,0.5457637168494417,0.0248104369364836,0.3454350817992854,0.6071876517020165,0.1252549264129485,0.18487488,0.024746922,0.0
0.4092046047919919,0.9799869137586356,0.0029475658794191,0.6721182372280051,0.5242919151311966,0.274371722353538,0.2040412175501248,0.6781031614556284,0.1780919188860373,0.348640673,0.339843499,0.4
0.7624564028655214,0.3523310771436171,0.0351030404866372,0.4014211532522375,0.5818186222445497,0.6581383499011193,0.2470424056979225,0.6819363525084423,0.9483051491462492,0.137478652,0.377434867,0.2
0.9747280538209282,0.4589090844499721,0.0366357128117112,0.5487859019009433,0.5663078877727699,0.2690718652330345,0.7165121926418129,0.1707278172527281,0.8651429825722222,0.226082544,0.306241158,0.0
0.9074384521457228,0.3113319541724405,0.7995098476589585,0.0256103677979524,0.9309521600722396,0.0889780783408418,0.1358171222481948,0.6444944350294977,0.0715167683075571,0.122533446,0.276483301,0.171428571
0.3728307676721287,0.8801555317386799,0.0186960578386867,0.478054600137601,0.0517842326162532,0.0065975359801873,0.2724433814681093,0.3057658288159205,0.090349715725533,0.304834337,0.061775371,0.816
0.8037988675583934,0.5495769837983299,0.3208254616253843,0.8399136029164681,0.4871838510108566,0.211649933568191,0.8816634890599295,0.3186324327810175,0.9812902708673048,0.268483602,0.367849001,0.436363636
0.7445583854900093,0.0502541539344049,0.371324992683943,0.2606392183107403,0.0823123987416893,0.2162921576642199,0.0763116760721573,0.8168923693213829,0.8307480030523957,0.068022287,0.290088641,0.342857143
0.1426195924673988,0.2941300187107595,0.3068202359867988,0.4023793061008794,0.784726953481483,0.3784905133468194,0.1281256938974061,0.6176738433491427,0.3767946280900983,0.082701759,0.084285528,0.0
0.3359655560743451,0.0775468933709513,0.9067697290689086,0.7585161375561843,0.939604896642714,0.0772776092268578,0.0765510884449044,0.7311665541254051,0.1567752554742747,0.091007306,0.174989619,0.428571429
0.5863714545008686,0.6434091701727666,0.7407474935543072,0.9026083576592328,0.8063108344094355,0.0059000471898416,0.5474444745497924,0.999768326920508,0.9640487980995384,0.460938433,0.043325679,0.0
0.6776536919073164,0.1108854116788061,0.2048456886963482,0.863052965506731,0.8754088553138157,0.145823413727088,0.696738530176211,0.6910150564559714,0.7115684509482865,0.093832579,0.349237341,0.528440367
0.1225456565495884,0.7343151495280215,0.4265502745824205,0.0741204529296348,0.6309628643473472,0.0998714480160563,0.7227373049851182,0.3558849883975032,0.8173647271481166,0.377757669,0.097766562,0.229787234
0.5208820264347824,0.0839929342315516,0.8296400490671592,0.031455677488925,0.1740162094169877,0.8368492172319187,0.3488449580360452,0.7037642694744224,0.9978472853579864,0.061848018,0.475166096,0.0
0.0404733728122733,0.8927728776505052,0.0577865028225405,0.4008537030511049,0.3682058333932912,0.1136583482473118,0.9839767453388836,0.7036910880435419,0.727192251782138,0.545285134,0.096081813,0.312
0.0481743096371392,0.2637757670278974,0.9787930956332204,0.2987939026864917,0.9031742621952252,0.6768908044961511,0.5590702999568933,0.6558695527776013,0.2678221769188633,0.141989013,0.274851046,0.5625
0.9734828181301832,0.2945288821527336,0.6584185515657007,0.4190480870630068,0.6614355447709785,0.0894051834185033,0.903126380967666,0.6772609982497989,0.5953844613921067,0.19697455,0.200825647,0.042857143
0.3652321766272612,0.9240083348316576,0.8861900732943877,0.1050754301860487,0.260647818328898,0.923271739878233,0.4928115975767169,0.7196229222683638,0.8209796202047469,0.460914624,0.459734185,0.631578947
0.8810681372667022,0.1281338092934455,0.2382494102852704,0.6509283312629237,0.4936516089593997,0.6773802532685214,0.4899808774823362,0.927393732917049,0.6753136235790604,0.042114921,0.50415795,0.375
0.5140998338040528,0.7791709191498346,0.3352612988406037,0.7202323095546053,0.4225625501577589,0.4160857651487951,0.0399639677309022,0.305670299797903,0.6739721148176809,0.426559276,0.343822697,0.66
0.0581028315646202,0.082514058893662,0.8628199345518542,0.3069164795486634,0.7023083696876928,0.4492949682695234,0.0619351605915678,0.5274601884785469,0.6555156868739657,0.095984488,0.278290383,0.64
0.3854526524545679,0.8559418609183763,0.8106000465761493,0.3936063285233137,0.3883927861954422,0.2146365866598031,0.2868027556890324,0.1975587437684919,0.7642628735757849,0.234914037,0.14209074,0.0
0.7081224996067135,0.7176031749110394,0.7215242312853732,0.9808911064134872,0.5289095025012129,0.571074815029041,0.5238686285068798,0.3820972717587886,0.9833715605818416,0.390285327,0.481837738,0.428571429
0.8184526865727814,0.4233256025363642,0.4361642935943094,0.591238965051692,0.2777263321049962,0.8375370884073221,0.941181801029296,0.2221811396410485,0.3844154650055151,0.206108973,0.452554553,0.054545455
0.5823091963804039,0.8141851211195947,0.6311763951901123,0.4263800818310624,0.1386110641717548,0.3828298077772216,0.6192167718806179,0.917964411581089,0.6291686126626129,0.398344717,0.294159005,0.0
0.9362499133295326,0.9531151521399244,0.4498128031156739,0.8477674022744682,0.1074409543743202,0.1259172084884766,0.6084958904744542,0.3692022071980321,0.6381162758314042,0.573196079,0.25279786,0.505263158
0.9651509131549618,0.3448008451367979,0.2024258792930556,0.4617844167203311,0.916898439995114,0.578571180548817,0.8265232798602958,0.6890939060136742,0.2724913906289267,0.139579981,0.433848322,0.183050847
0.5985658169645306,0.4989112555494924,0.3348949997660561,0.5724041552993536,0.3417368533235719,0.5100749578098163,0.4365810652431179,0.3402933358350878,0.605681732523339,0.11098555,0.465864217,0.675
0.8762476098728281,0.4334571533288563,0.2518952671872059,0.9992766148737794,0.7672001108082392,0.5600115224453736,0.0105915006501927,0.1678049183407076,0.527588831761822,0.113198758,0.458497861,0.0
0.7385216166167652,0.1263686225834597,0.4059855486049135,0.4654392208091233,0.1636516919016133,0.2569300161768607,0.2060592207657652,0.1230899968084251,0.2566928459347865,0.062437961,0.339165343,0.36
0.9813640789282624,0.983843763073355,0.3482842742915435,0.4222469452455694,0.8206503432862398,0.3288064111093662,0.6353203548170892,0.8999815493385647,0.1899098761963865,0.476193139,0.455464874,0.4
0.9427324973708272,0.1195891205978182,0.5196090299154715,0.4658482048078511,0.4359030523892747,0.9103849555004724,0.4356465575741066,0.365860559940385,0.9495750463629256,0.058809314,0.634559395,0.218181818
0.4348927562824363,0.6570653680027946,0.218359771273469,0.9134422891041308,0.310645270841963,0.9358283583663892,0.7568382104188324,0.2091737856088695,0.7393964509264899,0.468524771,0.621298023,0.0
0.827968322071196,0.3749124752689752,0.9256436840030828,0.4241329178606887,0.9161680871470564,0.7215383633628035,0.244219381089856,0.4299210882318691,0.3125383314137896,0.182831644,0.649132162,0.0
0.1111229658344247,0.8400000307477059,0.0959812248477341,0.8265661779796153,0.3385476924755705,0.1983561356692651,0.1139919106358364,0.4030431544864873,0.2660346911964818,0.226452295,0.159031186,0.0
0.3154946072939193,0.8794895777335041,0.5275641156654838,0.9724711987650588,0.8128828574679712,0.5787422844225785,0.6800116841916509,0.7688447277159367,0.0690111289682033,0.483586471,0.35577813,0.72
0.0007386620894,0.2100067308541291,0.8784922437423024,0.7649468061470256,0.678737106328631,0.0780919247586917,0.9545651717184636,0.4378103995286242,0.7885806492293846,0.128380217,0.062399142,0.482051282
0.4591322263496968,0.9009440050651208,0.8203358300629424,0.6638285428233369,0.1508389332911697,0.7162157493456243,0.908303911395168,0.3943879595094735,0.4609579361810173,0.622648185,0.478709924,0.233333333
0.101443522041477,0.5217052496085948,0.0377741907549301,0.0867313319636134,0.4762279348896951,0.5975188808048182,0.48652320569495,0.7323030781980486,0.3454408035514535,0.15217777,0.324048622,0.571428571
0.1846650353911033,0.217365541331361,0.8861610982482006,0.7053255004496037,0.5509360218705373,0.0573909134413073,0.5484002072465617,0.5184847306720745,0.6519401403554949,0.140476111,0.093064434,0.458426966
0.7932047653439656,0.5787851204605012,0.9570189183641938,0.1858449489654875,0.1666525437619838,0.6121603642702839,0.7314958200733357,0.207004431859796,0.5805895393262709,0.358535368,0.367523822,0.116129032
0.5449955814564993,0.5061827394526919,0.8023186838389953,0.3072840761313046,0.8760809946377138,0.5611060084412529,0.9503855382738085,0.0667943958152618,0.565864988705511,0.233736318,0.396237475,0.0
0.583717945563157,0.6224626419178648,0.1244390605917818,0.7653121749403103,0.4709341019616723,0.0019777960672012,0.971572544126044,0.9029931535462578,0.1276709912947585,0.239316811,0.078185745,0.488135593
0.928149355320268,0.9162546060013552,0.2563265785627064,0.5834834177709227,0.7525226488715939,0.0464752758383902,0.9561697506500544,0.809131070606632,0.3643508939614678,0.501444144,0.2575061,0.566292135
0.734786022912168,0.3820460116918767,0.4835442391127753,0.669585116075575,0.6869351773962669,0.3558875067108651,0.0089211770256273,0.7763474086875434,0.3531145055593636,0.128993678,0.452310584,0.45
0.6261311379453982,0.1346184526972775,0.6758949180381261,0.2192152991457228,0.2046434567410278,0.1083890035625083,0.4200294154170089,0.4144348046168314,0.4520752318826329,0.117620453,0.270571361,0.3
0.8923372333731648,0.4851895718460793,0.2980119133714702,0.0247907479445742,0.5194542488041137,0.5302240128089083,0.5107006843082332,0.974842692909034,0.8907708785566039,0.19680949,0.505526971,0.232835821
0.8101672354481174,0.9411170920708396,0.5385755256748382,0.323768819444326,0.767278832713203,0.2613322989515694,0.9492806751142552,0.0080277160711315,0.7108446400186103,0.554404631,0.33522879,0.0
0.4897154495765941,0.4818338701045357,0.238014792014071,0.8280870396675907,0.5925807820989346,0.4343499909902825,0.0521751674284213,0.1917045570155761,0.0628767781581127,0.069670869,0.401104689,0.757894737
0.9863359141253912,0.2990448759144403,0.4075735311701725,0.6144425994442467,0.2505377831499117,0.2509360561914916,0.7551330732505286,0.7093237107233997,0.8667877944614816,0.152022971,0.367482697,0.0
0.5467748608678533,0.8571675345989864,0.5146962277495915,0.611463110483677,0.2082808315833679,0.5673304675517002,0.2066416873477201,0.2481349103590387,0.9917941552424168,0.41062863,0.397062604,0.0
0.8214834700773302,0.531464741780283,0.2605533182987984,0.4272503647703154,0.4663701522795253,0.7674609753745614,0.6685616044871414,0.4350427726050021,0.9082471294259143,0.257928492,0.531711371,0.370909091
0.5418510997234537,0.029566034125419,0.3991362113691996,0.2844769692947813,0.7321322332101736,0.3510543127235258,0.9070216184696932,0.5253524947777104,0.8586887425892644,0.113159796,0.310472745,0.139534884
0.8615470893849437,0.773535657268399,0.8628677447904775,0.8820778142944175,0.0025627035348062,0.1093219380518965,0.1935612136877046,0.5550451207275029,0.7744882878939867,0.330551917,0.377310994,0.528
0.517397991042496,0.8367222022075002,0.0612670119073509,0.2958192441841695,0.4505040103444876,0.7880024771264412,0.7349573005550304,0.6665647209821767,0.8347802659707046,0.371083114,0.588160453,0.475
0.3442993994992325,0.8328281126068761,0.7228667997230147,0.2166977437959345,0.0911254009291432,0.9401446226820894,0.3612953182714029,0.0901051420499606,0.9470799454622664,0.396114434,0.238832755,0.36
0.5137631128235643,0.9113157995737414,0.579817393205205,0.417860359083879,0.4670676996326856,0.5129296057952327,0.5059284451450151,0.948055647511318,0.4766918964605401,0.563829695,0.514417775,0.460273973
0.9317213321200868,0.7986936597140104,0.3418538759350097,0.3305833643998911,0.8784745663247213,0.4599370845158649,0.3016971314173071,0.9415776864661708,0.4961310956907462,0.319019774,0.418204361,0.285714286
0.0410439000230155,0.1627541863898032,0.8507308375683824,0.8539432124721174,0.974192434455275,0.0418740372466657,0.2686441122770028,0.8677713899830033,0.611250188170009,0.103451823,0.017375812,0.56
0.6872310184125648,0.7543681498148426,0.530961998523383,0.5181425684336398,0.9720757114765416,0.8493387954748779,0.7518934777434361,0.1114335367247641,0.7482063959483722,0.518197716,0.54350292,0.4
0.1791838967425046,0.1511609056894581,0.4829706216088301,0.2635440955704239,0.3991960097030261,0.2940354763887767,0.5210684193461861,0.1095880695750749,0.8794682659892195,0.13492828,0.198898662,0.162162162
0.0494598518266717,0.835822506277846,0.028414825132192,0.3132525720126143,0.4237515996261197,0.3351509331960861,0.3808022438070556,0.5929713392642405,0.7657708026932487,0.229384137,0.152422374,0.0
0.5675325328753705,0.5478293784150218,0.3700860249088147,0.1701164440177328,0.1434276770585724,0.4893069501308762,0.2992305494088318,0.5343811188989477,0.8253299560898764,0.078083945,0.110855724,0.171428571
0.859745611582488,0.4903400771516302,0.8806666908547083,0.1975648446474533,0.3692249931973603,0.9047853382667308,0.0220876376241048,0.9232610318683878,0.3456312986464348,0.15457049,0.782642009,0.0
0.6513117405107568,0.8031574579969697,0.1526804982061774,0.8412668025425467,0.0939617535664215,0.1464133247977488,0.5926856632728148,0.9756381211374976,0.6836793702336822,0.429623925,0.205330264,0.0
0.6155899371734648,0.762329504830793,0.8982897686277402,0.8865365923415479,0.1475447361415727,0.9057934003613142,0.2745521276032602,0.5076060285390308,0.5792006617666369,0.308332235,0.557269305,0.0
0.5111670376695069,0.1850613646975581,0.6270559956102241,0.991526935263452,0.7072206255213747,0.120103909469358,0.3553397160093648,0.8035151863436885,0.4425537182609673,0.083405678,0.123813995,0.114285714
0.9405017936444872,0.3053834159715035,0.5270336511340219,0.8850127624848367,0.3706505317228957,0.4886950000311217,0.6995900734692749,0.2344721716826692,0.8717314598364653,0.128571308,0.456797659,0.0
0.1413771408452456,0.2318674069826898,0.9339825051741236,0.0019361087110871,0.9982306696793102,0.3826594816658631,0.956485644050862,0.3129251571189559,0.3287356130212738,0.132597257,0.288041066,0.468
0.2557935261167866,0.2501597278516533,0.3175780063268953,0.1162222785467747,0.5704385617398089,0.4316381037175372,0.5787373232966759,0.0244339306149529,0.3332043492403457,0.132078532,0.367679458,0.421621622
0.0873562029560981,0.8000776825282677,0.826004525224099,0.4262065072975937,0.0505000732906473,0.3671886344309101,0.965001853226748,0.215571354087612,0.572982698448917,0.410968041,0.127972597,0.0
0.5930634454682947,0.5491028481936825,0.4731716281598234,0.7002762146601205,0.7073572895530698,0.006051912131839,0.0942617162843091,0.9846520714752708,0.8190469289114026,0.102521563,0.045587395,0.285714286
0.8006523468557671,0.7152110471297648,0.4965491659161618,0.631112464795091,0.8482962064386563,0.4100077378202001,0.3433603545085192,0.2351608420863891,0.9135856985671073,0.336365509,0.444535639,0.457142857
0.6762853294463028,0.5568464943211423,0.4234520185049831,0.4508508548738179,0.1936183671798004,0.0474353629741414,0.3519594627546849,0.2056582320030598,0.0440324982592934,0.194272358,0.12826993,0.72
0.4749793851752255,0.3589261906689667,0.8275020332595113,0.2439771841111334,0.1349435089521246,0.8447183441187285,0.1034258500178093,0.700584329920573,0.0756337523389065,0.088488528,0.664211043,0.3
0.6589332099696503,0.3381525969823574,0.4605854929431574,0.4035861571583812,0.5560357426288135,0.0285837411263595,0.6091768319320444,0.1553767480000059,0.0109991486237314,0.122991854,0.060039421,0.085714286
0.3633761899113881,0.91747000113164,0.3982405585617439,0.6740472835317031,0.959403966223674,0.1547332324311954,0.3405736231773092,0.5418607317899179,0.1118461760262733,0.363841446,0.192954402,0.171428571
0.5559484637437629,0.7700160284041246,0.4421747434124032,0.349364270495904,0.0104284602044326,0.1235642714461467,0.0085772576824932,0.1149262005291309,0.0366977565594625,0.179149321,0.077079696,0.0
0.0023733098425297,0.3068550475340498,0.7978925385497648,0.5268848367596001,0.7275263514683814,0.6581345242534155,0.1512468690183608,0.979911550318508,0.4783685863047393,0.122911564,0.091590502,0.0
0.9083988099096244,0.8368919697144245,0.406372599281782,0.4324724384168913,0.2348003357594632,0.3610463615086432,0.2477714221116117,0.7987512836970401,0.7045169311100984,0.339836033,0.47751392,0.432
0.4624163612524873,0.6717538295512,0.9030001397678812,0.2186377998345506,0.2539720333991323,0.7907205264107029,0.0492915138821106,0.143406033604898,0.7490800309812534,0.259234662,0.46418559,0.18
0.0422955144987369,0.645634249641588,0.483266234830347,0.945960584628712,0.7360100176173554,0.77256333946679,0.8946180060521375,0.2473258654573052,0.1965475965455089,0.295661193,0.364681562,0.494117647
0.7422996068668195,0.7921291939565374,0.1258060548914089,0.4953828656689112,0.3780971793918806,0.5161281875538217,0.4633677115615976,0.5600689739901198,0.1615894464038701,0.23664783,0.459074087,0.138461538
0.3260260104276453,0.1733058774618895,0.2810563344308174,0.5555053948026354,0.0485663937011104,0.7639903673422216,0.4757909976724178,0.7353371769712471,0.6231174222530157,0.082737441,0.410474828,0.56
0.6993266534408241,0.4387250581380409,0.1215968958907089,0.1583945104093692,0.5886327726235024,0.396185508634471,0.4057202289812605,0.703368529377245,0.4128171689026535,0.121278984,0.506256132,0.434042553
0.4827257397142356,0.4467718608908942,0.9467279213154216,0.2237918388669822,0.1314842809491156,0.2976308673581659,0.2415629931022423,0.4204322972110309,0.8905674245813555,0.21456349,0.512865257,0.886956522
0.9983274340119856,0.1767194620259952,0.1414912602226133,0.814081166949906,0.1720104731406154,0.5361655416195963,0.1213842657465809,0.8327939562839721,0.3766319630867246,0.080619719,0.560794792,0.0
0.0803799839543325,0.5492691368170847,0.6628072610897059,0.6898731079619491,0.3425416232254318,0.1256758121235323,0.7303313615590694,0.8045689756363346,0.10910542622393,0.306464297,0.068467488,0.390697674
0.6751562222984568,0.2348702715410555,0.2435185123676271,0.6152898017763522,0.7708200964596336,0.7544246254195641,0.1462267395510051,0.8841469711594233,0.5384244038670521,0.074220867,0.39032356,0.6
0.6538482209222206,0.1681155524212967,0.2034265307881834,0.2937799164425847,0.8226869536235489,0.671463485450914,0.296774757140939,0.6614621117495832,0.7427036076681746,0.069284322,0.573760102,0.3
0.1593003259466866,0.3364306365974637,0.7771922723219442,0.2082058213290196,0.731190614849776,0.8002250762935471,0.9303233508476088,0.4102318019845484,0.4183642967887035,0.15732263,0.350134286,0.15
0.310502283300567,0.9881725080279204,0.8489836530336275,0.6594649033583605,0.9302980503900588,0.2465884913241227,0.3485106492185507,0.7396835276036292,0.8355666326927474,0.490363666,0.301281297,0.776470588
0.8088072365755415,0.478141770342219,0.5536608301064385,0.4797377122373079,0.5102420764469984,0.9108220451649904,0.3899187512486194,0.5229774575815085,0.8140685237516265,0.162088845,0.666915835,0.0
0.7119837795081425,0.8036403318229756,0.1118215994729199,0.749826396905653,0.4219318953217429,0.1009312406687141,0.7860491855205765,0.4310934425950933,0.0935278610555658,0.364806626,0.298800589,0.809302326
0.8647197596785401,0.3831457114125292,0.5979921970844101,0.5997780740457614,0.8481834304898775,0.1114872780357911,0.7119988904130559,0.5222650381090526,0.5448940500342,0.193335462,0.278754682,0.327272727
0.947984791510388,0.4880000901820114,0.0166202344859029,0.0309409523322127,0.0158418540929455,0.5508131123814924,0.9460082574165262,0.4564479192863069,0.6218890607691347,0.289876982,0.469589076,0.537313433
0.2392682830672884,0.3238171635630207,0.4689308597206549,0.2946401886090118,0.6371196503598381,0.4541764167658713,0.7198110360213795,0.0151385777477199,0.643079684967434,0.166309035,0.351540374,0.189473684
0.2488647403741148,0.6201159443682543,0.8967737145645438,0.305922586120549,0.4310089458791469,0.3183609793187448,0.4626706199386677,0.5864986232014671,0.5468685258321464,0.29581367,0.505375087,0.72
0.5547816574014655,0.8349048743653352,0.0855796091112535,0.2332564290433949,0.0466938721643092,0.3367572128876803,0.3961715168269389,0.5218710137962966,0.3908811988952267,0.287490093,0.394510571,0.2
0.9788742692070452,0.838839330187585,0.3269198330811892,0.1538899377656196,0.8555248588055855,0.2853411769412727,0.99217614062391,0.7027902013947658,0.7212088373265797,0.505535275,0.492785672,0.525
0.0369966618800995,0.4512762855043285,0.9745358419448674,0.8275991919477163,0.3223593487694114,0.2598580732838358,0.0239168387089641,0.7637605635637849,0.9757026354031813,0.156817172,0.09279385,0.0
0.0875932032947333,0.7992399255555919,0.5705152204789891,0.257730751698447,0.6373435168350087,0.7525905447212592,0.5306277483001917,0.6244644952656524,0.4960136551469251,0.450821636,0.36095591,0.4
0.6044996733226565,0.4634473767950382,0.9120079545234552,0.8387375265679374,0.4400700175491825,0.2109947832479917,0.716692190448269,0.0064129187826685,0.8159771985296574,0.253682564,0.220002066,0.0
0.2165499625388811,0.5983218075393426,0.4628887897738167,0.8801527578049058,0.1179176333396737,0.4255441547542923,0.7519682162832553,0.8043154134032586,0.928944286936522,0.261125182,0.315711892,0.126315789
0.0439713090660367,0.1388009679187314,0.205053896931539,0.6364527892090575,0.8769247573402538,0.0563542285623899,0.1052288039113414,0.9221107077356714,0.1391975141677073,0.092284564,0.074728101,0.834782609
0.4227732244682549,0.8458914675808649,0.6540386149297266,0.0400832441292743,0.5888249508569326,0.5964200408410353,0.1557341832724883,0.900833250444808,0.8086415275815015,0.363323989,0.098419389,0.24
0.8986378516454547,0.8372448706399839,0.2945458226785052,0.9146886747647232,0.2785632748405851,0.6247420614818423,0.5573990081153685,0.9146245580458786,0.9088299072315428,0.490824537,0.499839374,0.354929577
0.3767323531553261,0.7454187099186237,0.3693645319637096,0.5741954295468321,0.3777148244074314,0.2436021685413483,0.4151632460971352,0.5136873223911227,0.1712066506377106,0.25514635,0.174851774,0.45
0.555911223155587,0.1684472334137106,0.0304893233598992,0.6022404756287915,0.0535515710704604,0.4816694182129417,0.6724013522924716,0.6564538428590725,0.0208252530671844,0.084218633,0.300817331,0.342857143
0.5073413654643797,0.2948151736290384,0.45673234538073,0.4677027290970653,0.2588291546101017,0.2932242943480371,0.033655667147342,0.0279548395352745,0.9699970710739936,0.115931079,0.308792935,0.171428571
0.07605417683708,0.0116938250692171,0.8611562500138237,0.9442713086789738,0.4189689418888835,0.5910999448737311,0.2316707469779143,0.4793419327760432,0.0412408744026824,0.082461998,0.2399369,0.672
0.2016475294456653,0.1330897871327393,0.2130262105173778,0.551528212950873,0.4259086195947752,0.3227902337939669,0.3223519799660284,0.0446123299462098,0.4050924868208686,0.05207915,0.206290082,0.2
0.2903515568335989,0.9966408783607787,0.712603913459631,0.8192788483735246,0.7441611822955251,0.730474449683588,0.7350217349447677,0.9787683096069992,0.8962713222824499,0.897618546,0.434080582,0.490140845
0.9300295782699626,0.4627585994489105,0.8625397555060079,0.5355637547736667,0.1444665122502531,0.2356790981808217,0.4970699953940682,0.7313944696917696,0.7220808960147675,0.184189984,0.531351317,0.3
0.0334308964002124,0.4354171158881181,0.6976640785525697,0.0502358506754533,0.3784803522477163,0.3869957235436686,0.8469344508822847,0.2104099345411264,0.4268605586960268,0.204287796,0.116827104,0.153846154
0.6374782082728967,0.9983615282685828,0.2744429927978006,0.4814546454719165,0.2387972452578144,0.2934311035906961,0.1187290306553963,0.2725488672587892,0.4622422084209837,0.309351932,0.363046447,0.616216216
0.4006070172579851,0.612315224895348,0.9789691182893234,0.3358113757226525,0.6038150915764547,0.5724419997805559,0.3091911186950231,0.7050084553205219,0.1018054873327144,0.17987498,0.477465424,0.564705882
0.0289041372071335,0.9894197880673852,0.0260805134054874,0.31459017081893,0.1374954949108329,0.1116406623928947,0.6860523806352667,0.2515367092131625,0.0164063055761991,0.668184905,0.046641524,0.85
0.2863597651556639,0.1794943673500244,0.915153474980968,0.0029626155501069,0.9504138509288028,0.2490004420891926,0.4312881179859884,0.1838897705078923,0.3966936461055587,0.092878282,0.250714532,0.270967742
0.5420542050299618,0.2766580250458849,0.0646284724658773,0.3454209214587309,0.809930636222936,0.0145271413101395,0.8419866373294401,0.3405849065489078,0.5537267864085181,0.154244033,0.112706351,0.693333333
0.147010636422853,0.3134323408796265,0.4216727807653094,0.1961829858478455,0.9595098844603004,0.5154208762274471,0.0165243343501076,0.559674569943981,0.1193629756256983,0.105516049,0.324194556,0.573913043
0.6033871120159151,0.6025618446136547,0.2198913498313355,0.6855419725534447,0.534947006117801,0.8957586013354191,0.368438639580839,0.5521113519782005,0.0334639092187044,0.104902785,0.73006632,0.0
0.2493128079939207,0.4635612477314258,0.5408155779335461,0.4768643308876763,0.7256433610168432,0.143342956985509,0.6025254693492397,0.7109578645119649,0.93200538174926,0.277673853,0.214201654,0.691304348
0.6727803428628447,0.2962152160766145,0.5886940464630964,0.692860260163497,0.5966520907690954,0.2173464364420644,0.5002942175486759,0.4946612698848068,0.9155939416624628,0.207941956,0.363924319,0.35625
0.3504424519042496,0.620238341197318,0.7190483052910206,0.996630708643624,0.0359145567722754,0.253337372746285,0.7109157992029831,0.9203168035245932,0.0104828314431116,0.240260162,0.221730557,0.307692308
0.3655928689272252,0.5211848339067845,0.8361064864385945,0.3092039165514672,0.3000817832109047,0.2858981221563759,0.8255763563218099,0.9419314359866786,0.9397497928402362,0.304086804,0.175943691,0.028571429
0.791128413973292,0.8640437365814903,0.3746834773354783,0.1057794431219465,0.3917818305924897,0.226251827237118,0.4573547396878811,0.3473884577665155,0.2448126232665126,0.320770774,0.289495175,0.705882353
0.3635155930230812,0.4446769680999808,0.5465470232880786,0.573635329855589,0.2885010997287692,0.8658920498264032,0.8979132063396772,0.3223805997843119,0.1254483119682728,0.21218696,0.432611023,0.46875
0.0617767949347286,0.8479319927217469,0.053836877457649,0.4987393683952519,0.3260679753446794,0.7863744539553924,0.8327035613783326,0.201744036532843,0.1915592090408781,0.37362324,0.276614337,0.228571429
0.8206821519737757,0.2058090482836677,0.549734368210809,0.2073397186538658,0.3854259285535218,0.8749835557079465,0.4419274324380986,0.2310260695527694,0.2416098763699167,0.101773709,0.706517462,0.2
0.6562121440362886,0.0207761140248938,0.4876036378064046,0.3127929155446393,0.5644664365192685,0.4884101568890764,0.9760292209839132,0.8851267523187312,0.8686116183369914,0.115078947,0.49978536,0.569491525
0.4491926773994322,0.2693996454111188,0.1009819000593917,0.8111321089600106,0.2823475686967011,0.1585929031049426,0.1788919328845297,0.3652135612331464,0.7204839916967994,0.094623384,0.22063578,0.545454545
0.6326003975884216,0.2572952863052858,0.4870464510639478,0.357456857795718,0.6330241609442452,0.431963873095417,0.0027961962101477,0.7453500900970553,0.1670810240238799,0.095667717,0.420943451,0.6
0.7060046786191253,0.643608674264756,0.3148424516408147,0.4419627921954371,0.7837987442164208,0.8188166793813798,0.0364935181497916,0.7957765542545717,0.1744856641476652,0.164932114,0.549172873,0.442105263
0.4930989177121521,0.2376095194087297,0.5394408360721512,0.5167875908620672,0.2024061018693538,0.7484082450004457,0.3735448267779887,0.0421140481722281,0.463523754135849,0.045452517,0.562720027,0.0
0.1441203597618261,0.4625755198213228,0.6626360282095085,0.8664800183583985,0.6617702504070472,0.1594481132509276,0.3493784924741168,0.7945303398409621,0.5046974846587512,0.158927022,0.190799312,0.48
0.0909177439406144,0.441475003616487,0.2469991846978368,0.4967582302251263,0.3414192247885665,0.3191688007226542,0.4177088841178493,0.4060128591700973,0.8237167708157974,0.115735575,0.184155394,0.0
0.9304593883386824,0.9331767756266044,0.8453687003802514,0.0034996892205866,0.711399038273573,0.61684404619807,0.0791647783703706,0.7554836865069675,0.1669314002301417,0.333652614,0.639453333,0.423529412
0.0665720267829845,0.5008629164249362,0.4153433814059326,0.5047790646413534,0.523816326534031,0.1619146524530508,0.7291971889121243,0.3620585549715098,0.995487392103273,0.268711327,0.073607147,0.0
0.5211291852242791,0.7967094942867146,0.5312521577802608,0.2803385130253802,0.4830545766882144,0.7810983466772807,0.45235384430045,0.990728118550672,0.4442101245651699,0.166609215,0.455159902,0.0
0.1066932853340789,0.2438859287211942,0.2786633489555465,0.6910486250849911,0.0184251577404408,0.5107913342125998,0.2249071351176854,0.934429387311302,0.9037869366821608,0.068217972,0.081035211,0.0
0.212193882238434,0.2615396693647861,0.1200564005731523,0.3145486561075223,0.3444050977743504,0.3519261277577937,0.1875326522345505,0.3368020481871872,0.2004925646246838,0.091048269,0.148444241,0.327272727
0.7584232729932632,0.1225298041194895,0.0338602859156164,0.2034557924871148,0.7407542388389239,0.1497655113637475,0.738714491454091,0.4577257551041513,0.5687369980084888,0.09775426,0.392466421,0.55
0.8726198837721705,0.7528708950805628,0.595125301048984,0.8738758352745379,0.591284845363604,0.5208931812491696,0.4682061230153764,0.6810689748348228,0.9262779603418748,0.339208939,0.509505472,0.0
0.4661088210304671,0.8132001221970816,0.1570260892024234,0.5488882821988266,0.2098628068824317,0.2976693130543258,0.0270219209698695,0.5367797123821056,0.968314161716636,0.262307022,0.324749556,0.2
0.7303850196899307,0.232613600574507,0.4592049455178337,0.9023878482672464,0.7319469232564814,0.194389924220466,0.3273974848163337,0.9042995288822944,0.4293749280676481,0.088364284,0.419172354,0.16
0.3717714501795791,0.7792294982411456,0.2031339900975616,0.7639442562785038,0.923747875393193,0.1529754262820087,0.9763685542237682,0.3928829173793614,0.8849603234128838,0.457596418,0.263322179,0.668181818
0.1024549146183306,0.0113880963114084,0.4951144867427779,0.9867680742760506,0.0163176822288385,0.7638360901354522,0.5453721519981615,0.5186427153138246,0.5707213713500237,0.07835769,0.302612511,0.0
0.8846216676539577,0.7640632949452554,0.4031581594268338,0.8820117177556435,0.5181412189444508,0.9085027958771428,0.7832347762542756,0.8680999848283444,0.2808436967935308,0.370145377,0.526294872,0.470588235
0.6813927544190754,0.6653866588063645,0.4199737976082693,0.9465200172763018,0.9909064439747864,0.2219569288735039,0.626580484245421,0.3383681985287893,0.931711184921846,0.329900645,0.287908669,0.541935484
0.4991417194475744,0.46124580624871,0.3064468682318727,0.4982904500250781,0.6792841134261811,0.8184718074083417,0.8047266369334629,0.6289843733861832,0.6634300583913498,0.195210129,0.532432979,0.48
0.1976353180017616,0.6406988324499318,0.3103383474688701,0.5268902404887463,0.806103013941801,0.3220488811306095,0.180869571359531,0.1507381575571845,0.9861766179277826,0.155138382,0.398375424,0.56
0.6197850191842247,0.7707292941517058,0.0092329046029127,0.3346057009916177,0.6706285581363884,0.4870110544915778,0.3320356682131763,0.3401466265925452,0.1559000622159708,0.204852408,0.463912091,0.085714286
0.0256438077240569,0.8437537999829507,0.916224872354884,0.1257466848207059,0.0926267511177838,0.0138021276586046,0.3870283433498072,0.563209869420938,0.2984606659746373,0.421185168,0.025934061,0.818181818
0.8669317643588228,0.9096942647037204,0.5143820644524567,0.4790422631865929,0.685673341026455,0.6608927901876496,0.9549837170798692,0.1452137572789585,0.2198821861652683,0.524294434,0.528451869,0.184615385
0.1979609646825058,0.9101846848980106,0.4983787122545826,0.5413740976746075,0.2586241841235728,0.2339180102838637,0.1720278310569282,0.6012515525207343,0.0212198820365263,0.341669666,0.137658404,0.553846154
0.5790614899373059,0.9868385556363511,0.1051929242968426,0.6507591213578509,0.1482021954111237,0.6225343102344276,0.3053247676127558,0.7723805533878206,0.5550321493989544,0.491813895,0.502863642,0.0
0.830579424383159,0.2470334582844983,0.5250633699376812,0.189686546542447,0.1772243554308379,0.7058492540718588,0.3461830025853212,0.3441941874142369,0.3223614432112663,0.095663549,0.603477669,0.0
0.0724215446817082,0.2578066525643437,0.9587190825940138,0.5185271442269695,0.7990723537366311,0.5279139938250851,0.3555658975593718,0.4460350271771723,0.8413319427012464,0.119631159,0.308845704,0.176470588
0.287324452067348,0.0274083584763006,0.3778514353188174,0.254046697896651,0.293245703784639,0.4951208153162824,0.8991256825076857,0.8714830872659804,0.6853135534078691,0.099190544,0.310770667,0.035294118
0.9020067043140628,0.0770988539591663,0.2391365719818329,0.5547731687185563,0.1015865640030168,0.4088164665605556,0.7274330604096522,0.0170218385829898,0.3867224805588346,0.09758013,0.495898582,0.264705882
0.664939715475418,0.0616354168419235,0.5595035721949501,0.6597576672879004,0.6064263218538488,0.2807960673459913,0.4565900179103944,0.7453625220333284,0.1082802515596208,0.057933317,0.328560016,0.48
0.781126105119509,0.0416233480058753,0.2267736724036795,0.2073982392662116,0.2099527551477387,0.0893462859764766,0.5065194487501706,0.6211524064335879,0.3901878864850222,0.106182248,0.21215085,0.229787234
0.9332533636552468,0.3868412354068508,0.475067248928588,0.7634156339386265,0.4369694832789125,0.8251484541194252,0.9098929457644236,0.8350500373485824,0.5143864479167988,0.193209206,0.552811627,0.0
0.5407091414944507,0.6939318330352005,0.4692550929443192,0.6410311988972093,0.7543812818794383,0.7263544364890906,0.792031728395426,0.6550420187340666,0.4923786821282028,0.453173138,0.565905995,0.0
0.9167962358779176,0.0267695403393483,0.247107933063793,0.0621250879116852,0.1624418094667238,0.9241821953598068,0.6087339806243689,0.5401348582968141,0.14829831728703,0.078576017,0.554181765,0.361061947
0.9420560990671948,0.4265520849927739,0.4843746241382295,0.9423260713893524,0.0686596523991827,0.1830322039429287,0.978781707815029,0.8428029256621984,0.2639978809058487,0.179332845,0.238460751,0.0
0.6186900536072001,0.5973269791102144,0.6176736796245907,0.0147102395636883,0.21627285676321,0.4843615503618481,0.0238528422850026,0.9157542406278366,0.0736938918301948,0.166738635,0.3418494,0.171428571
0.8679378651540219,0.0598978305802202,0.146701888791355,0.9617679413304612,0.2299278395444142,0.4398405369774414,0.9263354022820992,0.7669565863583296,0.907519720790539,0.107426589,0.490493744,0.461538462
0.4693179525465937,0.5898709603341319,0.0272527591222574,0.5992241897628741,0.9761003263541012,0.1425395888612629,0.3482455805824602,0.6895818287052242,0.8710218804659671,0.225766244,0.304741193,0.573913043
0.0717379640071487,0.1400323108743003,0.6044683490282596,0.9097877819748712,0.7144366347446703,0.4865905528691185,0.461463947854266,0.618989068453927,0.079044698037217,0.077364587,0.223716634,0.494117647
0.0626438137992406,0.7439015273935925,0.3352911661639614,0.2279650185060139,0.3793678578409866,0.5038321783436164,0.2772425477782273,0.8280477581021602,0.1462736789451366,0.139613308,0.27170753,0.3
0.6005981289187325,0.7234987439964777,0.3492407463118896,0.8113674198983861,0.562924626729188,0.797854882702382,0.2017406743214965,0.6962678979654489,0.9179412447868576,0.262970349,0.580565378,0.45
0.0044862443012057,0.4247462437425546,0.3323604848422322,0.9561063669251646,0.1584976613614889,0.2039378809425134,0.299848540141341,0.4450205996466512,0.2775983423351786,0.092306496,0.049072062,0.218181818
0.2193587480414538,0.979174878065608,0.959609226373722,0.8351556679540465,0.6010529759952228,0.6889654782130683,0.0302000864864113,0.8838717641866597,0.5642777527976286,0.483186454,0.394185636,0.15
0.993547858914774,0.5954096839774243,0.3125877462583921,0.493764806683477,0.4409452163433489,0.598953479277169,0.7418885257486317,0.3679496327352468,0.539152535983386,0.31677855,0.499403972,0.054545455
0.8726918589752956,0.8914300886033554,0.3174112084623307,0.810224675155361,0.4066454531604214,0.1102094170732583,0.8929964754440695,0.5060694967671486,0.2322947713357084,0.533614651,0.34585168,0.588235294
0.8149070423810469,0.951550101734411,0.5974035469885384,0.5082140624423493,0.632757424680846,0.9512307320965476,0.9933037304184444,0.0614955344955052,0.0312467082591479,0.544656929,0.354812367,0.528
0.0015570628079063,0.0468329984359715,0.7607332135845609,0.3048560571617229,0.8316146407087678,0.0579938400278088,0.5067443784964278,0.3676632991182089,0.2591654652438528,0.111037067,0.052524967,0.716883117
0.837009433011499,0.4528204958731175,0.8153936849364839,0.8595227524038743,0.4828923793732229,0.4721677875091232,0.8760092386470325,0.7898789307210279,0.4562959457952373,0.193790295,0.475220217,0.251851852
0.6689698624700952,0.6506903808276054,0.5222391559461853,0.5458043457160493,0.5997187132860943,0.6618775309439217,0.2682949548720293,0.5097426101369533,0.0948433385802701,0.191587578,0.438794425,0.2
0.013565865976739,0.1564809174751537,0.7824217355104394,0.102896761085341,0.7289772878902272,0.504862854462865,0.0433998280774382,0.3811656680924515,0.6804222727010295,0.077339003,0.084165248,0.2
0.107805977289194,0.3318437346864188,0.6317530961936939,0.2192919310668878,0.2317387697726651,0.7816557049895809,0.7251707873568879,0.584028192155425,0.9840992739459904,0.193161242,0.298424352,0.025
0.5033575939467269,0.7873066944462457,0.1299097499184959,0.0985837690034674,0.3097533386373986,0.3314756923828763,0.7490550093908034,0.1154622937957211,0.2776814781240626,0.410114974,0.461559865,0.585365854
0.386498164903558,0.6135048133236723,0.3999206568891316,0.2166154920010873,0.3716144798257274,0.6527202377602993,0.04899225321132,0.3275715532040903,0.7225120140681951,0.268315336,0.421596813,0.635294118
0.348615244184267,0.7670255472712011,0.1749472918312086,0.8702217976192393,0.0522595326883553,0.1168906078181916,0.1592394574317795,0.7949928816105303,0.0605464494764655,0.247158059,0.225938922,0.763636364
0.1154871787794526,0.1800209210179112,0.4679924631619336,0.0510328845782557,0.4706094729534817,0.2837888643337097,0.2940080041171754,0.7540193534213566,0.2538960081345516,0.107856504,0.086759911,0.0
0.7919903066035174,0.2981224857421356,0.3202389753423311,0.5918957251351978,0.6005051567311749,0.4117670114052849,0.5355203023963807,0.0478315677828328,0.5091650794721113,0.173190406,0.275501873,0.0
0.7913221193169591,0.6356368077630381,0.5120687933620615,0.7277890691003803,0.3127183366388045,0.8441550778325271,0.4373257094111612,0.4801527884421861,0.9112267890165984,0.182581722,0.509010984,0.381818182
0.740602705089804,0.3113400505578599,0.1594319880421048,0.6549660981569614,0.9400568800621772,0.1169571194982361,0.2051018900580741,0.2089975515244042,0.088235117668318,0.086020404,0.229296,0.2
0.042634417081599,0.505311733108432,0.2392410435667702,0.9825206749571352,0.1214043990853638,0.5011935291426746,0.6179419145057017,0.6744574540593626,0.1549865557305451,0.216913867,0.149647022,0.0
0.6002743543349911,0.0048401510337249,0.3784116075213709,0.8595664128497889,0.9630189887420324,0.963404287016296,0.1120989072383974,0.1542492207350998,0.8297305994594766,0.06507325,0.509860965,0.369230769
0.5037756001873517,0.3916544868605704,0.4251831171161337,0.1438704701117544,0.4572123406941732,0.2513255642851422,0.1970972501846956,0.8566236378099052,0.4986865087266853,0.072132607,0.355302695,0.48
0.460490770421442,0.1000878610725016,0.7420745406974011,0.8297303298743907,0.9569530216764008,0.2632269568766643,0.5659923449004292,0.1980134886014168,0.508856141498985,0.121296892,0.307654948,0.0
0.2011833702161228,0.2632075682645116,0.2724412309036319,0.8479888029094357,0.7723272245895834,0.1947154927013404,0.8037251276019717,0.2114078612881332,0.9082917949051064,0.126065421,0.140982922,0.165517241
0.3884521270143153,0.3692997149292661,0.5257882908032359,0.0741967092552478,0.0671200346380322,0.0542368177250218,0.6541351422616593,0.2368487021471512,0.4628603732444249,0.172640351,0.122242273,0.710204082
0.483779898489737,0.7971341686141816,0.8136558801471119,0.4796214303287992,0.72027542173594,0.1200837369399669,0.0987290357716113,0.8157990864717451,0.1538766408178803,0.256191608,0.108832749,0.15
0.3628713925892525,0.7283372090812599,0.3930485557076077,0.6638866996755999,0.7300490431482479,0.6551331013325852,0.4165250991505629,0.9003870513759946,0.190483405593169,0.252880643,0.451168689,0.776470588
0.0886106959221358,0.1498200783776886,0.5133472437968614,0.3657839361810863,0.5647380269895524,0.6202080943475471,0.5518637503832907,0.5573623090125408,0.5748625968576944,0.106104767,0.306748851,0.378947368
0.0306011318483635,0.6969237681072452,0.9551646228561634,0.7452634583486311,0.674435084774121,0.2578614774691212,0.9640985091250216,0.3008419767321837,0.7826820027130132,0.391511906,0.138418915,0.272
0.5141297131494884,0.5151224225392609,0.3595506514294032,0.8842127337694452,0.4465213032884156,0.8398013610524665,0.3524229735872737,0.1216024390970841,0.5294810230577325,0.140586966,0.440647478,0.48
0.458103275701334,0.8833125849849487,0.8164166199807423,0.1134172454756157,0.9480657230352796,0.4682549958229975,0.7180322931592842,0.2359948838347845,0.4239585718824085,0.501591617,0.423886564,0.696
0.4816457608421618,0.2955907536951733,0.3637607116175518,0.5210219961040454,0.4098494085042923,0.0840475071970138,0.6846536516223085,0.1092090476143902,0.6215866128092158,0.167109655,0.192058411,0.492857143
0.4066535226354838,0.3281748177517071,0.6030508390286141,0.1322001752346101,0.5558853283300311,0.1502770239262655,0.4245364313061739,0.5352346324883104,0.6928606658328457,0.096238565,0.300722167,0.694736842
0.5127630862286195,0.9507388760123194,0.7024082808010803,0.3147435132389585,0.648548899389854,0.0617134438624289,0.6574211698636043,0.3013814604564456,0.9281934697584928,0.606801432,0.187721315,0.743225806
0.0325304000343044,0.0422701411058826,0.6608174943466915,0.6300361776594231,0.2765177041159133,0.8638519049858171,0.093824355549247,0.6615122514234731,0.2467579814628041,0.079083902,0.164148277,0.514285714
0.5752024564134014,0.89187663212979,0.7825547195500323,0.4721416031103749,0.904744369785088,0.5898723255373003,0.598748030236624,0.9656901504913408,0.4819307302929714,0.676107748,0.516918022,0.348387097
0.941392950176265,0.1064688290282365,0.3781248984770828,0.2161182486856292,0.6924966000431068,0.0567029507742053,0.2179195011952486,0.1341279591531246,0.3390514360522971,0.079330592,0.144937451,0.0
0.8932517329398184,0.6772186096745917,0.6206548581541143,0.6356300423379647,0.9730472642300348,0.5551555778779862,0.2516363610838327,0.3817482481015782,0.3394725112827783,0.241359595,0.224479147,0.0
0.4823901907890596,0.7889590241674326,0.9717207290229,0.1915633024314271,0.3297256325621829,0.3233057026338307,0.3692410953301607,0.5072588686280273,0.4856666326741625,0.249796273,0.299984798,0.0
0.8553847139250017,0.186151163445956,0.664561004351768,0.875821604036625,0.8725686808537216,0.4079317120980079,0.6335672509350212,0.2238761936454808,0.8608324979019333,0.156356633,0.425328186,0.586363636
0.5953882193732072,0.0547511566011978,0.6901848794725292,0.1968514401768455,0.5660728049309071,0.8945042247689886,0.4603236539357632,0.1615175311374019,0.7657608662550639,0.057487633,0.600755305,0.12
0.3777870689348838,0.3235273094562091,0.5763501893177754,0.4684991929621178,0.3944926907743623,0.7831097137210173,0.9081598346824424,0.7228571469378866,0.1144276835560238,0.194142727,0.357617857,0.573913043
0.4597248014618976,0.3208076067055966,0.4321797565036186,0.7751720204312581,0.1993547282926737,0.7803323762204665,0.1744762415163108,0.722462676256987,0.7978490016573974,0.153605833,0.331899537,0.0
0.2729124575222835,0.5913570586481453,0.0198883351981901,0.1226046861913503,0.3511404432469452,0.4559295524699474,0.8362334125557638,0.9962030856077008,0.824724494142166,0.257273155,0.417974088,0.453061224
0.840224665675971,0.8234760105801288,0.6540903056072068,0.705516205790154,0.1147930330318045,0.7223215181589522,0.1743770909183869,0.6782441325250174,0.7324370411320308,0.303669072,0.448454648,0.2
0.5231490411077631,0.0765419226524219,0.7960788092700165,0.7650950896201164,0.2170257233878589,0.3927539039133504,0.7111279044733232,0.1018557482512629,0.078269028649522,0.107478362,0.416872334,0.668041237
0.94573094009895,0.9086013972129402,0.239558873792858,0.5359329966245189,0.2160846215164394,0.9843101031868424,0.79274875092181,0.4983630332809318,0.5212488560410715,0.548436218,0.520812746,0.085714286
0.181300442748838,0.7315913526891378,0.8344724695090346,0.4732242109414191,0.2069232116202982,0.9815168323077632,0.1019426687162015,0.3865903388957656,0.642481158828538,0.245878819,0.315128736,0.0
0.3269120290101447,0.888013403478102,0.7193959923420028,0.0332228339166889,0.4150999376177506,0.160286168189713,0.1609253735325164,0.3162845876883188,0.2305050322370544,0.28582642,0.176209611,0.352941176
0.714926080715265,0.4715630720439888,0.3303086381675273,0.4993059315485303,0.3280250800754082,0.2592545567249023,0.999291854754808,0.0322847306973351,0.5074374609640125,0.245159817,0.313237206,0.0375
0.7263351764612158,0.174699251862665,0.8519266252626974,0.3379040597308791,0.1571034523967824,0.0158784291190632,0.6886130392434824,0.716596580735185,0.029763254167631,0.105568305,0.079197143,0.698734177
0.1202496886604272,0.9938777034353792,0.1263360562886663,0.9531497565202822,0.7312752932853949,0.0086013961725441,0.0208668773800307,0.9782406408503485,0.1499166758709448,0.321139826,0.029265535,0.776470588
0.8120420501779594,0.3533727287964899,0.220557864622599,0.2268820837517734,0.2298607145357056,0.8394548136512259,0.5438874800406895,0.7382003082769478,0.5166528277404803,0.179180539,0.51974233,0.272727273
0.8316458497284043,0.7252267182864147,0.3723650768986878,0.203072929104253,0.0203003030881897,0.8989157134805779,0.0556982830884982,0.1822086802308659,0.3416723159599324,0.140155166,0.502571282,0.4
0.086792009038111,0.6751165490673865,0.3241920240679022,0.1230150872175928,0.8910257358885584,0.4837106360982441,0.4772426252523939,0.4421624813230631,0.3440410948400096,0.233016228,0.277374746,0.356756757
0.8381550249057733,0.5856695159525287,0.6800094212213617,0.5013913741021584,0.662864869438674,0.8930757660093587,0.9725473918150844,0.7602824694974564,0.3620264048529876,0.262835881,0.598803042,0.0
0.0740611972891119,0.111890591481807,0.9821218788405768,0.5916488794907214,0.2344796928202647,0.6062990875459904,0.0775662732092435,0.4711875368759253,0.4245504274839111,0.07093021,0.205419729,0.15
0.5518592987238728,0.2993484155730517,0.6828781489821336,0.0584652626791311,0.8189760447862159,0.5702130779190235,0.1272308083706874,0.0650029957748377,0.1718520025094667,0.074967356,0.421802252,0.6
0.3018821380067227,0.2439476104972971,0.9830399026782856,0.0244982470634805,0.7821477405842729,0.9297998087554517,0.859366970529225,0.6054007395362383,0.3184235246888537,0.16068511,0.399619194,0.189473684
0.0712352558318243,0.2063814734912324,0.5258757847721716,0.0058665385345945,0.8741096978523308,0.3172653932102391,0.8135154706874032,0.8250755446153998,0.0274209336684821,0.120667701,0.122048334,0.305882353
0.2728220253312824,0.6743452850623789,0.5166401391014787,0.5882830523922659,0.9254938881374044,0.0377629078491316,0.4807799453892325,0.2836752341148004,0.4461880212349697,0.229451352,0.0394033,0.514285714
0.4859182876993112,0.7983853822420398,0.3325233114277774,0.4740868183970923,0.5561787982964219,0.0593190595782732,0.7753818330652396,0.3667480950860958,0.9775895048153618,0.487728926,0.184727793,0.354545455
0.2253245664151958,0.0326111382672212,0.9094849302382336,0.27273011132974,0.5069804353399848,0.3558559662423478,0.3233879538877288,0.4594054417310602,0.6490886445362107,0.064616387,0.495672187,0.733333333
0.3834518671431115,0.153581410308054,0.2703353311733399,0.5603668446838451,0.0511021441855034,0.9633884610939222,0.7990561611505087,0.8112571981872835,0.9593166754556792,0.161086302,0.491507271,0.376470588
0.7828394640795614,0.1139265013777718,0.4770887842527764,0.5380074797653835,0.0550266729916397,0.2657872276161253,0.9838985736829368,0.3045869235397248,0.9058031051850391,0.124086312,0.274976419,0.178723404
0.1710900465606879,0.6146016949008664,0.2379597253642571,0.3259449248094234,0.6869316938911563,0.3160484437760188,0.5003018038857918,0.1969773379786064,0.3308954229093029,0.231119387,0.339658609,0.6
0.8305114823958347,0.7642914545748134,0.1497443962107242,0.4559396492943239,0.9331647742409718,0.8066711088495865,0.242050929240329,0.3787742568026777,0.1774495851669663,0.23114232,0.513339466,0.2
0.9084161635511682,0.4528796696086323,0.1515098277208804,0.5540725950557361,0.7656164716950173,0.4941624967492469,0.0028093682352581,0.7472086112862967,0.4804962282567928,0.109850874,0.49232107,0.48
0.6827626578926383,0.7191441269689514,0.4064265397981116,0.4612858231065793,0.529285831572634,0.7110953746237993,0.4526952357175897,0.7474918571851399,0.4901616868168296,0.240623421,0.618583674,0.0
0.3783886586084231,0.5288119151951521,0.728529765379141,0.7393585655140131,0.9229093153495252,0.3204989906630733,0.1529128059023204,0.6777650294357519,0.6307453604428024,0.158159075,0.379317106,0.0
0.2728723396181495,0.8863704025046311,0.9696647551857794,0.7182683608339288,0.5857608322243127,0.1642205396952429,0.7539619238797972,0.5521037024787367,0.9161186208009254,0.538944473,0.262679862,0.643902439
0.3787973244259318,0.5611840983116592,0.8764455375125062,0.1016640574327106,0.0934344979274286,0.1970450063454025,0.3383918385760548,0.2262500727774772,0.4872179204505789,0.143109066,0.32865185,0.705882353
0.2374777619682276,0.5416257923320903,0.3591921619181051,0.2250089764280296,0.0724021871309484,0.4947056799256247,0.6410518163070041,0.6795882862974353,0.868157963745411,0.31950702,0.466460067,0.647619048
0.1145640065648402,0.0957902809249953,0.5399422669419366,0.0598039228032677,0.0276466240160944,0.4148269689155778,0.8166185288209384,0.9918007396440875,0.3092335263271705,0.102893106,0.197449391,0.27
0.5539407773495786,0.4072971171285288,0.3833808638571495,0.8256468226317921,0.2191454578124598,0.7182895157206681,0.2174920648773398,0.8216370065860086,0.3206274765525088,0.079088967,0.525622969,0.0
0.1152635279158841,0.0043675578800478,0.2702071344133773,0.237868969368394,0.8679506898647368,0.7023589010575366,0.6511287058635665,0.2455807466113641,0.4534115874054715,0.073599464,0.24814946,0.0
0.2360532262080944,0.5105833285366926,0.2611524528841663,0.7443330015057804,0.1301588991128054,0.5264300150677284,0.5365901819214438,0.2766463324467298,0.7295691276684356,0.220702159,0.321470987,0.3375
0.631159758341004,0.410954364025207,0.6860525168821421,0.7743645575924317,0.1978572186204041,0.7541146917231262,0.4287275474134913,0.815245619700836,0.0022105474489859,0.121439953,0.442294055,0.0
0.2506009278633564,0.1115387383445328,0.0528475448679599,0.8799295330544453,0.835963418595976,0.0829190966725669,0.8378345635879881,0.0766721722710531,0.8056978438224788,0.111869971,0.124700471,0.24
0.0844479152053179,0.1132882241058536,0.6423405757178017,0.8439814821239972,0.1550909581186214,0.5690689509496895,0.371423797873971,0.9034496682772472,0.8362189442120095,0.10963109,0.221009092,0.0
0.1789865321014643,0.6493168997756791,0.4382360842793924,0.979860114443674,0.4824417643632255,0.256957241559563,0.2060305027686714,0.5719907815783648,0.0077145929273038,0.251836917,0.122417879,0.514285714
0.6130748721153154,0.8655372757111675,0.8658308779196858,0.1681388171080445,0.0368850797997473,0.1962325837750682,0.7600266106023923,0.2283357626674473,0.2550489259574771,0.431694621,0.309272219,0.412121212
0.6570877037623402,0.905088483177024,0.8490464545582119,0.990769897910758,0.9501156667659444,0.7654104195662336,0.6249264807458637,0.6791421770252848,0.0673501191134826,0.382999304,0.490496526,0.384
0.9148500202244568,0.5828584225990399,0.6545658131648366,0.5640272838232261,0.3099926903458214,0.6663148326943537,0.1786423387748906,0.5998022313653896,0.7079560671885673,0.193761574,0.596279207,0.048
0.7104706419869943,0.6359197561729815,0.9657704990244268,0.4115610532568412,0.0478014626189025,0.9101145326245844,0.8011607946944701,0.1390432203683624,0.1285499869269039,0.420282837,0.403539243,0.156521739
0.3787200129823826,0.7022881295410346,0.0155222171358866,0.8579292525364417,0.0575363509082494,0.2276845585640442,0.0159943978814349,0.8316239221502588,0.3409167301764124,0.247466224,0.259255895,0.4
0.3965997067637264,0.4107706648905587,0.2965497603157389,0.2493719552786949,0.5128501795775123,0.4350792731858862,0.0548904624024577,0.8319020079791504,0.1959253367307826,0.08365554,0.424923733,0.0
0.8641861004057113,0.141268055076449,0.5763531390251615,0.6844737214359187,0.3954392576318236,0.7111697068059981,0.5381322459011671,0.5650657674160309,0.8894844680718997,0.133285122,0.59681016,0.247058824
0.2632822243648907,0.2676956240882866,0.3608158476848979,0.0931097316827709,0.4775167730303655,0.9411926098649108,0.8046490808352222,0.2535228480310754,0.9752150518179684,0.175944312,0.367334984,0.227027027
0.8800812267977363,0.5284630569932968,0.9873204197423812,0.3938416063951974,0.2599109201526044,0.5683973458001447,0.988336514426511,0.110008745392747,0.6598548126378245,0.290674568,0.464911358,0.40754717
0.4689872229152195,0.4944316801832003,0.8081233719704114,0.1085280076624051,0.6829559358154444,0.738616463473081,0.2146920111141463,0.706273287728053,0.805521679904159,0.168936531,0.373684453,0.635294118
0.0536833370626251,0.0956301450322717,0.4935862772020059,0.2050880286115766,0.7302316441814858,0.3128570579622808,0.9314930976991392,0.2877345133937738,0.5763714559255148,0.089108774,0.195623438,0.618867925
0.2809301255222103,0.8634602060681948,0.7304232631548353,0.0350435339802398,0.3327511542827917,0.8887178393349304,0.9746322039653584,0.3779467102316844,0.5696947562585908,0.509078304,0.5178773,0.553846154
0.0752694405835556,0.0117819226200971,0.5699537960010004,0.5378429159242047,0.5169362992656209,0.2058850437257234,0.2802294828101016,0.1698102408991154,0.2707720062031996,0.068106177,0.159500337,0.415384615
0.1577683133438521,0.0357690900093048,0.001143695276188,0.5483028209472306,0.4632984895396469,0.0869400499648761,0.2663499743620969,0.4047894382675316,0.672357568700258,0.061092735,0.132711983,0.4125
0.2142776841410754,0.247030793269973,0.6006676161330478,0.0106169339358275,0.4791967736800139,0.7078089364964174,0.3355830149358814,0.5186663885068162,0.8822744993193584,0.1249884,0.252363139,0.109090909
0.5495124855165658,0.0167986470175884,0.7311655697031562,0.344510290746658,0.96807194952147,0.9136127966091748,0.3242671842738337,0.686707787233346,0.8006253726609994,0.073253576,0.388901475,0.1875
0.4152193873250271,0.5705296364105756,0.4850400709868234,0.4983014818919932,0.6507496532780681,0.8866678273408339,0.4854288490189544,0.872279342256848,0.309525623881257,0.174968986,0.532128293,0.0
0.1590375950871656,0.4877743311025897,0.0539747004371962,0.3157270747080066,0.1824714671506249,0.7322011045282961,0.505430496715515,0.8093566395805138,0.1761558027512764,0.180148034,0.329426898,0.503225806
0.3609742741677301,0.467566747732257,0.3161302542942122,0.3369175698021006,0.2544612129520275,0.5532780778859391,0.3082004788131485,0.531263403011209,0.1452674395759363,0.101397455,0.33782683,0.0
0.9450619290075593,0.7057744716824936,0.4571829867473134,0.2388201290941582,0.1412476214961423,0.5991701814817743,0.4233641152143218,0.2358386527115358,0.4010800649747333,0.271290155,0.48520384,0.461538462
0.8405169909664133,0.991290879405278,0.1382509060928679,0.3959493583383948,0.2064331339649405,0.8346776496293987,0.8639845470746099,0.8260611816600117,0.9850261477167754,0.645099698,0.560161167,0.0
0.9447920779550826,0.8219949742742201,0.0567301915665653,0.7925849245853649,0.023030987096652,0.01304070405899,0.2094469849168789,0.7540890983569025,0.8276535551164057,0.284954347,0.141529914,0.2
0.5814586314712925,0.2415253456581856,0.3761984663358025,0.7252647545734443,0.2520475606889558,0.3183237715374152,0.0079645997059202,0.53289084524382,0.3283771046354049,0.091019721,0.413883046,0.0
0.5228923370698088,0.3316335827555151,0.9662247433183287,0.782699711322001,0.4201392602210499,0.2702218292449551,0.034959490394097,0.9472763292727112,0.6925344540702929,0.122627685,0.473705625,0.0
0.6415731536996775,0.0083146348103625,0.3664360573422552,0.0948779807958596,0.2033539616963283,0.6001013577249888,0.1824620607919276,0.8218470963466643,0.9999840043265952,0.053594241,0.455252826,0.757894737
0.2537516864158305,0.2575930431472927,0.3071292440448625,0.2563345049172407,0.4661365672370509,0.8913186926646266,0.132318524064336,0.5691616213445018,0.7595754390281687,0.102636164,0.42430768,0.6
0.7743198158655634,0.8474265851251318,0.8773961550245085,0.8378138091167017,0.2383163425459388,0.6514825977409532,0.8168395720235416,0.3678439741271921,0.4106284161875251,0.481615331,0.409240545,0.405882353
0.3543105644837707,0.8911677385229518,0.5850643996027121,0.6005152064193464,0.4090376247964528,0.3545892333306684,0.6747232010006601,0.1507134148178746,0.8477554240687006,0.567701538,0.457240688,0.626865672
0.1087758698865432,0.007600372984623,0.4655390728543322,0.2434287262330872,0.0385433040485817,0.4937853685745383,0.1974098759116734,0.7988282725767396,0.7699125980660483,0.081871885,0.205578554,0.2
0.7946797650343086,0.3775635588605961,0.6716587739795983,0.2225867145994805,0.5926721486401745,0.678076385658671,0.6734619325625324,0.016474152579609,0.3208871836016985,0.239784444,0.484209147,0.557142857
0.3535182896442721,0.8141933665667432,0.5814819346122032,0.8872024849456744,0.67714873804404,0.6776399068585797,0.5285877388738853,0.6489154671296029,0.8898338231608406,0.537855128,0.491218798,0.497560976
0.8942692387715061,0.0531698836964488,0.3611236462131648,0.1260397809550494,0.3273371780512096,0.7008115224469599,0.6317704821018887,0.0456234037237724,0.94313889823301,0.127736062,0.532337909,0.387692308
0.928225110191159,0.0774569548524225,0.1810460356194482,0.5728046824121966,0.7636201642697622,0.6904962208390523,0.1343397304031215,0.0283784159464657,0.3427120743690678,0.058729334,0.288928579,0.0
0.4436964594570174,0.3755786701433595,0.7971971041168967,0.6387300183121053,0.3168908937657976,0.6472849758072451,0.2737753264096472,0.4072974503832823,0.8409051232256626,0.17820727,0.410367193,0.0
0.5514318627894667,0.5972965917270358,0.4550944170795156,0.5568413604932156,0.848972815216439,0.5499023667103327,0.5795273919600828,0.7934703406772315,0.6578148577849515,0.249288888,0.422178976,0.0
0.3061721013887939,0.3010620828019168,0.0799415719323239,0.133744170276764,0.3330542384488575,0.6561818995582962,0.383105204138522,0.2788279574912555,0.0364814103058935,0.097371458,0.223254952,0.675
0.9202262670795532,0.2331015580474363,0.501523962063622,0.1461668471332614,0.0780448891594589,0.9624777120669636,0.9346143199172554,0.1221553662062728,0.9678141138664994,0.164711951,0.706610543,0.251162791
0.7804743795537276,0.270113044768615,0.4087259306498801,0.6593179248351951,0.3282713836131786,0.1942253716505807,0.6467505652428946,0.8152494523805003,0.6431480089328234,0.164593248,0.388570095,0.3
0.7986702692618173,0.755214358659252,0.5981404559953376,0.2082210968690736,0.1530729314265492,0.0792362121469991,0.7637017590772261,0.0481692444924202,0.4253105331326169,0.372546891,0.189002567,0.207692308
0.4584372099109444,0.6461073578679178,0.435555830091245,0.6783014135220111,0.5011889092774192,0.5811740056954766,0.4226965125618108,0.1226720947807727,0.98174044567884,0.22614492,0.566216394,0.564705882
0.3462372691257399,0.925605881688788,0.8861533955372438,0.7125878166330075,0.7850644668394449,0.1840857964905858,0.9863022875890024,0.3717280172776291,0.637414235652535,0.596534722,0.310255781,0.490909091
0.7489917532610697,0.07974068770911,0.5130888131693787,0.6557115451310067,0.4074212139289356,0.4362158929154627,0.8836455829309928,0.7919267767732663,0.0435411453065653,0.094205919,0.411096547,0.314754098
0.8489021062322369,0.2774533192177604,0.3414950012824492,0.1134229252596242,0.94688652691958,0.1133283032478095,0.6806642545293401,0.5583055994667746,0.7959220873377992,0.180470967,0.313398985,0.66835443
0.6922762668174375,0.4964949145715253,0.254879284598296,0.8901101220098153,0.1763950664036171,0.320849747437529,0.0295438904401955,0.5624661310478851,0.2390943376433834,0.091860386,0.335372553,0.0
0.7527127921653598,0.4072735900677694,0.1190457296090605,0.7105064469570613,0.2587659785697318,0.6020947794567483,0.0436655937763826,0.2771495043572043,0.8910884921601249,0.164887338,0.462351251,0.0
0.4211329950908006,0.5144887737510294,0.3104224164426807,0.0018590536775182,0.5436643304295271,0.4199489453605536,0.5576473424108308,0.2831087782008608,0.8332071149184812,0.277067566,0.359547506,0.785714286
0.4087450568245714,0.2458694234536175,0.6108855345673777,0.5495042016583861,0.8327068048887518,0.710791799493981,0.2390587866073102,0.63151980163919,0.5199999497914548,0.096081111,0.582519355,0.64
0.7987561916937216,0.3025737579403204,0.581450163455654,0.3362732620605301,0.1140691979386167,0.7121616539866223,0.0778212843566906,0.6164476655820085,0.3897897395219523,0.105413057,0.609009358,0.15
0.1231032866392057,0.8773866481399595,0.6666889580782261,0.1364825916300228,0.8290852176408487,0.1658671353945831,0.5613033892843368,0.3829917719214851,0.583887173279574,0.683458842,0.141202132,0.733333333
0.545800644499702,0.4313294867200328,0.3607843034606145,0.3470772565170266,0.9113524210982142,0.5463667843540273,0.190924653669986,0.602722510713471,0.159490197103963,0.076478212,0.409343785,0.6
0.962564244629992,0.1448989599789242,0.485155667739616,0.9456276931048886,0.7337483133604826,0.9667735418346628,0.3157797698091443,0.9858158081028668,0.3241737917612133,0.109511659,0.586671607,0.0
0.6461363779587896,0.8989331504862978,0.3166065189082957,0.0988584968658073,0.5361627895721299,0.7552296142086391,0.7939720029819464,0.4855704221974972,0.3358213334093944,0.584740751,0.453892479,0.68372093
0.8802187845343754,0.842119440200107,0.1983533673209179,0.08174761904826,0.2723082473413308,0.4969644452758366,0.1850125397777203,0.7812654875732862,0.9981423138393204,0.292310268,0.63703488,0.533333333
0.7006724468156914,0.8345912043576045,0.0086563418774383,0.5266474956076654,0.8618599831600556,0.8244114326702052,0.2466750290806634,0.9219661094635924,0.3064021087022388,0.23223061,0.627913833,0.4
0.3291302729705545,0.5179003760242761,0.5462479872341366,0.0403998605170334,0.1482371697477101,0.4957600244160011,0.9382044590220971,0.0860474222050281,0.0063506983616409,0.17703202,0.272357752,0.258823529
0.4768777855041995,0.3525611913384516,0.9939152110775712,0.6636215239190583,0.6605011981362553,0.0146058488328428,0.776433373460223,0.8027895227083485,0.7518126846686033,0.206365735,0.037724096,0.0
0.9028474019844904,0.9215295352470788,0.0524336773043153,0.5591164752688331,0.8128598361337528,0.3047761640127415,0.2831664295428099,0.1841050896696817,0.2308152588769016,0.300731312,0.120260246,0.0
0.0290009593076834,0.5570425164432034,0.5559645798528865,0.8676771594262361,0.5129473607847813,0.8338846992484615,0.8854368754588219,0.732343345534529,0.1109966767549703,0.243937839,0.262242434,0.0
0.5500092117663133,0.3108599164380212,0.7675103751266149,0.4199407180499189,0.5658565366861833,0.2472211853496875,0.5018220805843461,0.8268341326778491,0.4021806361330937,0.163804308,0.407930351,0.456
0.2040793651680239,0.985897045930271,0.782013685315728,0.8314372266983292,0.4284511622336363,0.8227512876287986,0.8108000471814577,0.242930164226199,0.4327118203170996,0.626494595,0.410228495,0.514285714
0.0918964705749433,0.9443788970827312,0.691421237619342,0.9158880244131732,0.1898231810760362,0.8583320245717144,0.4294910922159473,0.3188655323323929,0.2558910537123835,0.463464025,0.243815719,0.218181818
0.0769963128058974,0.08851054969546,0.3504154907212571,0.8599375391597612,0.4020734599099128,0.0236231120866911,0.6564888450129189,0.997222062593118,0.6069346623772645,0.112237408,0.028894937,0.453333333
0.9266020320876608,0.941647509456326,0.1983045946029237,0.7531771509564263,0.147655692802772,0.6022712386632146,0.8692360416288692,0.4639011792273591,0.6072512423658383,0.497365375,0.518094209,0.364556962
0.3083487296113071,0.4353412324761611,0.4444274771739759,0.9467336868718822,0.0512548688189583,0.1774305798727709,0.454721285055823,0.1950907718320429,0.6773858603170515,0.146315757,0.224668796,0.257142857
0.0633706074393267,0.6630734925177483,0.6890523514007599,0.222512605446561,0.073724913172653,0.6402834094336546,0.3968712518320628,0.5674380938721558,0.3523250636533211,0.128501421,0.280532848,0.085714286
0.2782477218359791,0.913148522971157,0.4152897044997952,0.0859284750041363,0.1863717507086115,0.2638155998087395,0.8444105633821178,0.6221340022210528,0.2353999362552803,0.515535653,0.285684053,0.354098361
0.5460781862592294,0.7831174701730753,0.0540552874263685,0.0015413378992533,0.9234776720614828,0.7948527453225138,0.2752288248840523,0.1467644996458965,0.431380584446112,0.285532414,0.234711212,0.72
0.3923107408134689,0.1187522156701501,0.663573734085976,0.0157109521855363,0.9267927428225792,0.0352420070128315,0.8870229610953766,0.3328961398767802,0.5131033142968705,0.126649327,0.109854592,0.548571429
0.0127209572760432,0.2787652394040619,0.5885315062057231,0.3953274380699585,0.0845082508881799,0.8879137383082308,0.5344668542001206,0.728426857027466,0.5536699669144093,0.142889797,0.267372409,0.0
0.0772490367930446,0.6515813969822013,0.3066432058951976,0.9200989574078788,0.7056869477078903,0.3989089114658009,0.6498617069270977,0.0254111657311392,0.5386696458794759,0.421318035,0.164457988,0.0
0.0840769573351986,0.2433890386619754,0.9635248533138068,0.8203849254360871,0.2967698890662137,0.7012129767731909,0.4314744987427418,0.7702957600734889,0.9011823361234,0.196473478,0.406020827,0.0
0.7512427896078684,0.8375494087277945,0.4629859549684932,0.790788774050628,0.3125071936604693,0.8498089974666726,0.6062687906189665,0.4677997867884548,0.5392755289266475,0.396050235,0.537069175,0.062068966
0.3970382221139314,0.5527243244476987,0.6158952033725759,0.7890804442251124,0.1500265664301019,0.0846422783551521,0.1978044638755133,0.6574853453383437,0.7690889139047237,0.103282012,0.253564309,0.266666667
0.0806751848282679,0.3300163497388019,0.7225216249765559,0.8814187549652077,0.0219703083454227,0.9118104287293,0.9397360623404885,0.2438920396066489,0.0909262669584523,0.184299555,0.233916386,0.289655172
0.896050747181409,0.5892752099579036,0.5676748381690626,0.3200531395801778,0.640729440502571,0.6882667628712092,0.0759444107955726,0.6734686955630407,0.3751889396130575,0.152923365,0.641466907,0.0
0.6783902851905295,0.0587171528557494,0.6314088395700861,0.4449236655009215,0.6064214365760454,0.3508672364012732,0.0145141809714378,0.5226281163661786,0.7399109654784143,0.087657582,0.34097914,0.0
0.784990314748716,0.0190562365358395,0.2628992309647836,0.9473312360572952,0.7860944693229899,0.227554337108547,0.4523692768490461,0.4439957060508731,0.6405094372412037,0.032034453,0.422866876,0.0
0.7639367984862204,0.7003169222412261,0.7215785867831817,0.5415298327342372,0.1511887228623462,0.0622446152543323,0.9942685722037944,0.6309072111209222,0.503772357042735,0.322233228,0.120744676,0.0
0.4303332853714287,0.9963498506065566,0.3548820340440459,0.5402010480633829,0.4342325550898894,0.2814514455591641,0.6057181751955522,0.4061885293793271,0.66486983176977,0.488767446,0.438116517,0.59047619
0.8199792789520316,0.6525513513105444,0.5147064816040954,0.8120317061190072,0.9204882545421534,0.661810550260803,0.1096347226888583,0.6778800112374339,0.4317741974941655,0.215351066,0.641368382,0.0
0.3562361931616412,0.3460533325357677,0.50591308943708,0.55226112648005,0.4160392477166171,0.7872718669069253,0.2932263847120425,0.4522003296163807,0.0972128953879591,0.090900621,0.360324533,0.257142857
0.0585629248236367,0.5921738641717942,0.9570679590773452,0.6273470706718987,0.8236715854106966,0.9660999643201834,0.1098825853151043,0.8364718521248014,0.8796118176159651,0.178765299,0.238523511,0.327272727
0.1136580959995499,0.4547223458760938,0.6482668058683554,0.6823883171013688,0.1780845675623571,0.1467710204169311,0.3046076926712957,0.3226842685737185,0.4735900947075951,0.20192644,0.145483301,0.564705882
0.0731200209310884,0.8198714076393661,0.7511382671193948,0.0868695740890103,0.0003879576307669,0.7877539880950074,0.5055140145024616,0.7308980712025029,0.3753241807314497,0.480134094,0.3421938,0.593814433
0.624888594333848,0.0742491453453055,0.7458084397174386,0.263111054591382,0.9628025743191408,0.1957137785875889,0.1121293394376838,0.3146417000304036,0.3956488695922302,0.077062189,0.27823611,0.0
0.5091746775703715,0.2960566280547144,0.7853052371980833,0.1820978827983509,0.3153141672979728,0.9103447575023152,0.0752699229915652,0.2790633897037522,0.2738142744700795,0.1132753,0.487314376,0.685714286
0.7919567445557977,0.4260498314879433,0.7297478438662102,0.6555515982326543,0.7677836642388938,0.8467533545591841,0.5484105538815618,0.1478350662748589,0.2602062346788232,0.21438871,0.502464575,0.168
0.3222565965759685,0.8195408475275796,0.4039018741843312,0.9863664449955648,0.5477496806610895,0.5931227935681912,0.7784689177870241,0.5402313299962459,0.423442718254804,0.492503586,0.359217547,0.1
0.0384573389748337,0.3096450753351071,0.7454757085293232,0.2552258869726155,0.8314850620277713,0.6441037060966657,0.4853806056921458,0.5213039530493507,0.0861990834811442,0.110161161,0.203912511,0.342857143
0.818862612617971,0.8316709122990508,0.0362259416274776,0.43429358287559,0.946277158238444,0.9250117032052628,0.9178997713249633,0.261946282304887,0.8270972314322151,0.407416887,0.473394082,0.0
0.0215766774596791,0.2475820596116935,0.7381356849233284,0.093150436832972,0.098016647092881,0.9898360757327996,0.1205184506337246,0.9916294484051504,0.7366344451229095,0.132247018,0.286707514,0.56
0.3502027584477818,0.738973291449144,0.7926381014348591,0.6706320172483652,0.2329705726846489,0.3958150738569211,0.6608397316541459,0.342810020705552,0.8632841669630948,0.441280842,0.269980507,0.0
0.9131975023907948,0.2309999584973618,0.0918044362034121,0.8013846719320312,0.8486415529756475,0.7590152161752654,0.0176992080953045,0.8168396357672929,0.7170714090770771,0.159128314,0.502913798,0.0
0.8505238670061487,0.0732491387678584,0.4069394795497014,0.6482033547586058,0.9396624318534642,0.2437683548175044,0.4702428399094357,0.0413648109583461,0.4233782623864155,0.063061431,0.352758492,0.272727273
0.1325030132315318,0.2202658081888018,0.6411602180454349,0.405411501898207,0.9284557751968578,0.0091764241720336,0.175464519323347,0.7101720958828689,0.6224882749452927,0.129123437,0.022793793,0.16
0.1703820380561188,0.4943356723934473,0.0288500158618641,0.182270670498447,0.6913154795311516,0.3108899928602862,0.3447385806171938,0.9181033467811148,0.7687360776729483,0.181479108,0.282560399,0.6
0.7857639410798656,0.8010677046650723,0.1216136026666625,0.4098992552766076,0.2859819710856468,0.9434760393303112,0.8735908657715348,0.7717673780245076,0.4594723915375484,0.45739222,0.585055828,0.070588235
0.8221600808148615,0.9942468316971412,0.7671099416588767,0.7749749418458035,0.169339544503253,0.2864387910124857,0.0044954126677764,0.4496224955550311,0.8507610719522339,0.545603986,0.446962517,0.564705882
0.6289205532565689,0.704336362758861,0.1208946108315228,0.0365100774296237,0.2951603274877477,0.2275518573212864,0.7742685149002683,0.6140631955593351,0.7647298094976263,0.366826136,0.260604828,0.0
0.8837431660451124,0.5284688422879813,0.2224790280195838,0.6094589256920302,0.6269023313620106,0.2060344403320738,0.8212418112871694,0.6255287385398185,0.1404287999403912,0.232121453,0.232381698,0.082758621
0.5477781576341108,0.946556952838796,0.3384159505756069,0.4657393656644851,0.659480713496793,0.613791784827194,0.9502434101035772,0.064730509039684,0.0675211699479427,0.647119489,0.350398211,0.7125
0.4081863828817137,0.7096474794281549,0.4001592375739886,0.6762112219075816,0.8929958639478601,0.0369602270834846,0.3356268856215453,0.0781914288298256,0.8215954827104862,0.176821093,0.067425085,0.369230769
0.3510675924516586,0.6957058293222079,0.5151636476880458,0.854519247925853,0.6008571236692114,0.2716207281092437,0.4088088324876265,0.8607006709214814,0.0759444814662443,0.209751524,0.381202888,0.25
0.4235292304760663,0.7227058879832279,0.2257613713359961,0.348078960304002,0.5329507320340369,0.974838278451092,0.5739897918279665,0.439815262458369,0.565561777614138,0.361796372,0.479652483,0.12
0.8629374403058969,0.2442046002674844,0.1539474130610271,0.3814502239049115,0.2863869445484109,0.376978282839486,0.9306793304079995,0.3652253691596834,0.3633855669174183,0.121763127,0.435941948,0.630927835
0.5173882013693871,0.4958293236762984,0.724777970177449,0.4141406054429657,0.1323286981040989,0.5619619053598308,0.8158805981402693,0.5585261544621106,0.3067298455630308,0.296430476,0.443442723,0.2
0.3602038503487941,0.6672624538603651,0.7095036428033834,0.8943967887805117,0.9357332116193644,0.3461482350364678,0.1050141178300416,0.7116698885253954,0.7062331024130686,0.187269785,0.423009772,0.48
0.3296316105394348,0.1167696314801238,0.8606490377371356,0.2273373505299813,0.8029587611258102,0.9554503453185148,0.8067125700901092,0.8511367096730653,0.3818587254852619,0.103449658,0.487051454,0.454054054
0.364980009202392,0.4025951335502756,0.4368473982994425,0.2020359954470666,0.7388940048337809,0.5870777716221061,0.3053832962903402,0.9480873018860828,0.6671853533671994,0.14762185,0.408980567,0.12
0.1767387641310561,0.2327902432473721,0.1633736312079106,0.9607656967148483,0.5379319705237551,0.2764204184812587,0.8320134080540347,0.4192735172809528,0.2059869474900667,0.126784261,0.184609091,0.0
0.7544905188167866,0.9565419018148678,0.4252015008957263,0.453936064650804,0.6528226893517802,0.2946627536784338,0.4601137750774207,0.0619854928934319,0.6001768548599501,0.387233656,0.371415415,0.4
0.6966545778108206,0.5868021225332292,0.5075271835007555,0.1461885674279195,0.2928800159664687,0.3905539320391721,0.2695087440490922,0.7437637932401217,0.6550199177867744,0.23236813,0.661672807,0.266666667
0.9952657544333032,0.6154515398197653,0.2200770500562934,0.4554792095546089,0.3239504100756551,0.3345599440659064,0.3225809541599271,0.0339281657196971,0.0477120563074949,0.168605749,0.442500162,0.742857143
0.7805359334842397,0.3791455736368786,0.0583979313597885,0.5636869537994836,0.6364142161233525,0.6697299682128487,0.6162973813263617,0.1073555875962545,0.6724885528115484,0.195389108,0.510675849,0.484615385
0.5120184063241854,0.1140966451547171,0.6808771150951746,0.4600100513538665,0.7324452649475197,0.4672262067908906,0.2891153727182199,0.0006761971313038,0.7480247687207101,0.083769241,0.432881003,0.266666667
0.9941166132507788,0.8452932896741887,0.6307381747314964,0.6743112755264727,0.7731256681369322,0.364897249715441,0.1465348166868311,0.8994324768328092,0.9990818184445392,0.415794886,0.398871492,0.466666667
0.7728840976695487,0.0645606464450021,0.7660004919193508,0.3983486275919047,0.0991217680075547,0.0606446692623294,0.8664428751806925,0.7414669835246702,0.3512673437799531,0.109762518,0.149829179,0.0
0.5451916251243031,0.9919657479036886,0.3397910689556609,0.2701699730959507,0.4067402820153424,0.0040449775229629,0.425342881809041,0.0311991637028495,0.5255840207208288,0.382595931,0.066728298,0.490909091
0.7013970715126053,0.7853714058496305,0.6285824408584764,0.954932154437806,0.2476676156697298,0.8024084131746325,0.2188191107912607,0.4055511410103403,0.2846035666462472,0.286464566,0.355362547,0.327272727
0.9552124669325572,0.3203670068798194,0.7747375000130612,0.909609416894161,0.5262275217136678,0.4967099967473631,0.7211604369398308,0.8936244110823396,0.2398617505703071,0.155369627,0.500721653,0.04
0.3497373165075481,0.1318867223710119,0.1384954148755536,0.2633370403823462,0.7907756164651246,0.5588130688667098,0.7212672012171901,0.1450784444802957,0.6098951944306741,0.133469015,0.430600872,0.381818182
0.8341300832727255,0.2082337368461368,0.5383911688808939,0.8180586027192396,0.9650304224814829,0.6865815534357049,0.1672553597673894,0.7837246698458591,0.3896779568436124,0.097350164,0.47868922,0.211764706
0.0658094484785,0.715077360521252,0.4605673234059485,0.7005082486450258,0.2686147673036733,0.2997321200544034,0.027934099880535,0.3030267515125353,0.5705945831912923,0.166575725,0.151036944,0.0
0.7490077488740606,0.9760953215586334,0.7289290815349493,0.0512551913965696,0.630472185050368,0.0339552861048033,0.5541686662223654,0.335506609198701,0.553691278368718,0.685359722,0.081538806,0.030769231
0.8771126412904743,0.4706493377087398,0.1034273482585179,0.1461269144328298,0.0795356775805421,0.5497568621501854,0.6580102600064353,0.3817555195877103,0.2739067936507016,0.224652072,0.520908049,0.670967742
0.9668312249080524,0.5562247890349284,0.3191347649486873,0.5143587685094992,0.8484438293203195,0.5691577674722188,0.6220248371294824,0.754192483400962,0.4983634719338174,0.31474509,0.470590097,0.222222222
0.2342852237661994,0.4150457311544507,0.491609407596544,0.8141165503870548,0.268958069762749,0.9664255379064473,0.4777440369254976,0.5196359353804305,0.236424254224538,0.11985303,0.423837726,0.184615385
0.2823363120389612,0.3644470574935642,0.2376716684865062,0.7587469773776292,0.2888606242135424,0.7401017127314842,0.3622258835022194,0.1045663177366318,0.4088051359838145,0.053976899,0.478732426,0.0
0.2405176129817813,0.6121663297461122,0.7511585050861888,0.5900144958320189,0.0048507514495836,0.7488189716364049,0.772633266960473,0.2345409026551175,0.7791497125921153,0.398087718,0.379599583,0.533333333
0.2174692133913398,0.8008227891382348,0.4084339660815614,0.9848360115045764,0.305224257772974,0.0973093417404301,0.9787294095989784,0.4993636371649945,0.8006792722098887,0.52814278,0.129211454,0.393103448
0.9777884815428804,0.6738458579435869,0.7418912281025951,0.0843785251562243,0.1583368546276315,0.7693303662066022,0.9267758231599978,0.8041291620092971,0.6418212695749417,0.311912456,0.583632239,0.052173913
0.1994682157582454,0.5422082381080625,0.000391086795711,0.4929146459079229,0.9012376420074676,0.0509341398510231,0.9415749066879434,0.7498453662674954,0.3410906638311646,0.319199175,0.051433307,0.05
0.956324201426938,0.0462292427187116,0.8622122097975113,0.2406449342174735,0.1903302738974142,0.1532449746118509,0.6100040864750144,0.9624210387453972,0.190502099704529,0.089456367,0.368869729,0.658064516
0.3125902195920689,0.1268025809645278,0.1035692820162884,0.5462357504080921,0.1187019574833763,0.8229162758558792,0.5508843351866239,0.8177724327565401,0.5114472448784549,0.104359931,0.466835161,0.492857143
0.142384965246729,0.3793291810209054,0.1338320119932476,0.2757490186319691,0.3585066405163023,0.8427575547483278,0.6360086410785115,0.1048267018188092,0.7202508525356073,0.18634756,0.393076893,0.306976744
0.8094519826444192,0.8979797034174485,0.754505128294542,0.5163611637669044,0.7329042883037186,0.0726882621587425,0.4949162807953431,0.2443280982950794,0.9044937657439398,0.381858218,0.22736287,0.0
0.2645355326218751,0.3394924333956589,0.5929220370671496,0.091674801839115,0.861350010666757,0.1305498440113178,0.0371153351841911,0.402305503919536,0.7550752921139416,0.126953991,0.213160956,0.36
0.6578176910900067,0.2549474402170206,0.944202638553322,0.6592357843750372,0.8292165668073554,0.2361579331395121,0.8984842400907492,0.8551954578234661,0.3658463308144841,0.175353549,0.280843559,0.130434783
0.2155016480067717,0.3562869998543091,0.1408840236616031,0.8176470920252159,0.7323687326885476,0.331386843956193,0.1041992892855411,0.3308976301802088,0.4730774687118817,0.112923729,0.217337881,0.45
0.250090722181821,0.6093967430958218,0.7000756496491181,0.6636733276178528,0.2653297460330269,0.3272829111218892,0.5755692645197078,0.3287507857734637,0.5594348597111685,0.268730459,0.316120608,0.496153846
0.2797977567036631,0.0597534581339183,0.945501972359516,0.4875361047744664,0.2564948774965907,0.7765309728850391,0.8607764111475122,0.7049042582201728,0.8390612558137284,0.123287989,0.446677384,0.36
0.9446614678979982,0.1217123282774831,0.1368294233451882,0.4886716257037451,0.6715180352826706,0.195296010368321,0.2569134316458747,0.9068315010756626,0.4504220213825692,0.069918715,0.263762917,0.0
0.6938044230160116,0.0324393228017838,0.0064397840764696,0.3751866821079684,0.7159571447067609,0.7033997565562973,0.0932469997737607,0.891917040926634,0.3564300448838626,0.062783152,0.537560234,0.0
0.1169677874952791,0.3762091639275555,0.6941169775866638,0.9534452198224714,0.2485195721845732,0.9568888549816128,0.071808567400822,0.6504283142113371,0.9868926520431276,0.139041406,0.336310834,0.133333333
0.3026155184757689,0.6725484005326475,0.5849102688510766,0.3365250467859093,0.0196804710005163,0.348784989205082,0.3522055365789217,0.8835731741305478,0.7293923609790212,0.249536054,0.297174896,0.694736842
0.2903418734530456,0.1300962781343287,0.4545086797814224,0.9396795980786272,0.4032771689155419,0.4156534044010576,0.5879097496462676,0.2440552189477072,0.8539273014267055,0.115481842,0.343163806,0.675
0.624532084133524,0.46302255826644,0.6998953683367009,0.950971578782728,0.4287450562542457,0.9077099108012348,0.6729529412565703,0.6347132812382307,0.8163650302087267,0.313000589,0.461429975,0.0
0.6151501412025278,0.7515985338062979,0.8247262099321513,0.5597595154732462,0.6604645894000163,0.899394029678733,0.4032262877302971,0.2200493497691812,0.7633495219283105,0.24737873,0.753604001,0.0
0.3086477740713036,0.5603114098855547,0.3650561795938359,0.4575262048531537,0.8514697784376104,0.4546167045697338,0.5968270847772468,0.6381403913747146,0.4270113157093346,0.288949704,0.298055616,0.0
0.8702860985724481,0.3836056668216331,0.3791442475251743,0.2907996204841796,0.8119188424724226,0.4368622715034803,0.9886090568437133,0.5190767671662961,0.6240193835403057,0.233752564,0.534464238,0.273684211
0.1455638797061706,0.0688463713896846,0.8188763168908471,0.5957759184897216,0.8542776590787632,0.7752555423759234,0.2439457340088259,0.8892606971219951,0.9409307964268424,0.082511596,0.340095684,0.0
0.0178679859100187,0.7998255222501639,0.2530246980042638,0.2928973277829468,0.3299468497152572,0.5401188166564785,0.5511395445949928,0.4758029783930793,0.1099179122815545,0.39317993,0.253633592,0.571428571
0.1723350549745997,0.0851755090629787,0.6376790932609916,0.6627361694222128,0.5127657861964794,0.518839498258256,0.4695566211077386,0.9660472868215187,0.4133584628201449,0.071325883,0.29887419,0.0
0.9644696292225662,0.496421542288339,0.7317865783461331,0.6368379985650181,0.8732635527830775,0.7880657077045284,0.0152814699650161,0.865933430821042,0.9557342459608084,0.219734258,0.601741804,0.545454545
0.3737046114569562,0.5556068808778855,0.7976748012797382,0.9661353035423323,0.9460889670551306,0.7072960146812366,0.3142540877949641,0.1925830325042907,0.0915719383664308,0.16842654,0.39469706,0.67826087
0.7507026521452019,0.8863898281657494,0.0869615481582419,0.8141791915250152,0.8569256426026031,0.1586119121531981,0.5105350734901266,0.989962935430356,0.4062375955784609,0.465505425,0.267172093,0.133333333
0.4671692549481161,0.7468967291672092,0.7015216302165824,0.4810677523132267,0.4808608551181021,0.2774398223845058,0.97924588636946,0.4565109484680767,0.5835183006074627,0.402452941,0.341223981,0.4875
0.6924391262724391,0.4759763890437178,0.9028081547280372,0.4919632725556712,0.2237871541059697,0.480888108910897,0.8352666323896296,0.1548523651907771,0.4792656381124195,0.219273271,0.541244683,0.496551724
0.4725166590989713,0.399549550579801,0.5349987237308885,0.2945972223174246,0.0638237915520893,0.0372973067183814,0.9492405303564114,0.4841108652331368,0.7854271734552418,0.257493045,0.110290142,0.570491803
0.7975913597234973,0.0680189029308268,0.0734915210622634,0.9459297604751064,0.376861624286698,0.723868330644885,0.4301795422894175,0.7416512722889179,0.3992737783174995,0.054514854,0.334339667,0.0
0.2507954039821538,0.5177554611243015,0.9251414314499868,0.9094074327408216,0.8180302756093555,0.1102330880935181,0.727759153416851,0.1388815457120961,0.212771067590792,0.23392143,0.11548162,0.233333333
0.591678560716435,0.4463052443071501,0.0259377017699866,0.4806105278681916,0.8434968691411662,0.8618581260513881,0.2297286741766374,0.3912560945705029,0.4288141317583558,0.123811464,0.532869808,0.0
0.1217915063827889,0.3178078000689518,0.9550683655707184,0.2381933336793964,0.3233145348096845,0.6534322251480709,0.5858874879923227,0.9481361174758794,0.8623340911805334,0.182623565,0.382755368,0.453658537
0.9272754543509326,0.6499421026972286,0.1894376380161635,0.5524060826534465,0.3277396986499143,0.6786657301129169,0.6862073662366149,0.7664478078789432,0.1377541841191141,0.330087591,0.611072501,0.644776119
0.3044712702642097,0.2149476296719813,0.0788754541791291,0.1271190918173407,0.6061948162776174,0.0659721075699989,0.6221211956622492,0.7230553076415507,0.6017720566513264,0.115834687,0.115551113,0.151898734
0.7166597319022185,0.2860038336116263,0.1810989290905751,0.7231540163588669,0.1820114989279286,0.6455311195332829,0.2549538132875233,0.3191288793022913,0.3519063484712034,0.115057392,0.479338606,0.56
0.6583936344733746,0.8730941081298251,0.0357274241117036,0.3676374965714393,0.1305092662429188,0.0698572221690244,0.2992555298623175,0.3594620798138763,0.0152157608364991,0.253946455,0.095473976,0.0
0.2400356695424516,0.2739759896493002,0.703136491006261,0.5483069914237593,0.4846831824409092,0.1595168188558391,0.7720927176662451,0.7211590293241205,0.1542779594718099,0.179661346,0.229284225,0.608695652
0.7581094143827833,0.9163403990611892,0.9742753643236062,0.2404836627758833,0.1755830014175065,0.201612788615404,0.9423318410239544,0.8315904781283611,0.0913534679178478,0.556184416,0.386087741,0.703448276
0.4267958584544369,0.6388011663340398,0.7221539390436006,0.0088181429131271,0.943831074782188,0.6551171817643353,0.2522727105829635,0.0174855330826011,0.0845221708680065,0.221712579,0.39054507,0.15
0.910744862570415,0.2361872606693887,0.3708288175913038,0.6157473627859683,0.906997014083612,0.5454371722247622,0.4758910485332482,0.002744323030403,0.2826360219301619,0.102551505,0.542101728,0.436363636
0.569848512708791,0.8791502758015928,0.3106743012014126,0.7020336279665222,0.2062774065367215,0.010204869131267,0.6109311530033621,0.0669391662414286,0.3007694693135188,0.535397757,0.090773509,0.447761194
0.8343041568133698,0.8801890177346332,0.3167931389795321,0.8872005699154095,0.7926457693778637,0.5863387186803357,0.4785127568010328,0.7114696537554749,0.3411517944916515,0.311806588,0.418800175,0.417391304
0.3812421748179022,0.1825617252276821,0.5863223371549819,0.9013448823520176,0.1812633341967446,0.7290417302882327,0.3359406976575454,0.2126794962708688,0.1958326847776148,0.07569541,0.409755535,0.0
0.8658279088490309,0.505550385840236,0.7161510088289251,0.1905556100198731,0.3367504126036392,0.3472712280600762,0.959402315971404,0.6423060936619412,0.0506934381168312,0.231264477,0.426647452,0.77260274
0.2860513215086796,0.3479572934681073,0.5976530673463686,0.9765500850436192,0.523264212033896,0.182868085760344,0.9632371807640872,0.6281837369749934,0.3588253180669813,0.131162189,0.156097404,0.0
0.7887672361909357,0.5425296398280898,0.307705419810392,0.138622397696338,0.2431407834462872,0.6362166855058536,0.5233977713991775,0.615027451287155,0.575436078937626,0.242575506,0.591302438,0.195918367
0.337855944788068,0.4876831683602093,0.1485856817748534,0.4322406046100082,0.8345897344031812,0.2875869404540662,0.2641506907616391,0.948219734912362,0.1034162119205429,0.117691521,0.294752075,0.763636364
0.7073087039207866,0.0813778243900821,0.5062484837681072,0.5611389851044514,0.9529110450304072,0.5145559236785189,0.6783800448076864,0.8012073928669862,0.7483885580666099,0.134286804,0.580987541,0.0
0.5679929747269788,0.5868151697851228,0.0563365963294162,0.2128194487504248,0.195579839837114,0.5865272322776198,0.0623475687282518,0.0634022728508177,0.1248886743447766,0.156398087,0.371117135,0.626086957
0.7085985092166783,0.3215652356140256,0.1015785336554646,0.4377125409623936,0.4968776509656978,0.1454022114086377,0.9586745967261596,0.2693228619095141,0.195662167870119,0.130738713,0.258585586,0.531428571
0.2505501835487824,0.0419348817818686,0.2957401167543185,0.0349987619112837,0.4050251560418407,0.6900710245259984,0.0215034367124643,0.2622816352557935,0.1026244165915757,0.036640476,0.505766076,0.78
0.2136544024047313,0.6456807505831742,0.9926549603311086,0.7660803224084447,0.4327982989685898,0.1505649146192549,0.2976157418154971,0.3235699975805567,0.6933501709806534,0.176000207,0.295466963,0.133333333
0.7962215041624405,0.4747653974928374,0.7007185368767124,0.5526358840265748,0.5263077550045254,0.1009317352168267,0.0335728227085233,0.3026200360263442,0.2235125547616271,0.14723743,0.097215933,0.0
0.2883170577369605,0.3197754489227056,0.3084383471754577,0.0793226042301357,0.0278867090915027,0.6745426383025159,0.2887531560540056,0.1443196144277206,0.0234483954892045,0.111956726,0.230117557,0.5
0.0145717783168662,0.8670022237921434,0.5029052105662735,0.4526972325997677,0.116479098886839,0.5913566761875624,0.3307915957235545,0.9774758896149884,0.6932367485656609,0.405812161,0.27227485,0.6
0.4383472270408348,0.1719705592154198,0.1488373059260881,0.2553142294203325,0.6249513107102965,0.5706307613859696,0.8086426651697102,0.0527659456550677,0.5134207598350092,0.08656564,0.491179313,0.5625
0.736092451147658,0.1404035788125561,0.8911581949827012,0.6462703762264789,0.7328068598794922,0.0783756398717251,0.2792190560189679,0.1727797201594569,0.8937731089273634,0.110927106,0.136430553,0.2
0.6378902666348785,0.3498136184308633,0.2240586016338518,0.9310594536943864,0.5780918716805327,0.4193962068138105,0.3519371892876244,0.8487375726715907,0.4008834931870474,0.068999659,0.124804007,0.266666667
0.7807699489439955,0.1268179710168705,0.7754808369139612,0.5311077329326593,0.1679402059484136,0.7072601667479981,0.5017166703174133,0.1762286136254843,0.1595810141768237,0.143830132,0.639156636,0.0
0.1691723189524966,0.6163973323311647,0.3816808656464309,0.9520242721380896,0.5044218827562436,0.1403986366258443,0.9067908244010776,0.4433406410441106,0.3392391320069337,0.296216632,0.071143064,0.0
0.0781192934421391,0.3231577347247568,0.5337906043575738,0.8937951736783558,0.4691888730743249,0.3773170414575681,0.3089316908621349,0.5540928727516726,0.230884463410973,0.068151156,0.227522795,0.6
0.7596484618089554,0.982247493286723,0.3678284883566552,0.2432946475712606,0.924810140483318,0.9493909854419188,0.5362309907763549,0.0491921076047346,0.3020144498723448,0.512948626,0.568909348,0.355555556
0.6106991059230794,0.5920534774492,0.6673224394210443,0.8663684961759403,0.2069455018914443,0.9446921514869212,0.4892481254866454,0.8939954429793892,0.0599497951025,0.165209313,0.392645561,0.12
0.22366486379821,0.3641103081694747,0.0985168791285132,0.4591584600511456,0.2788787781901646,0.3710651439188486,0.3696579609741862,0.4045827204198141,0.3422346128195063,0.135822152,0.388028655,0.32
0.0976769186324832,0.8220621834566566,0.3007009526004663,0.8754575019773763,0.892299873935714,0.3525476794750521,0.0394869926348954,0.3075147802002208,0.945241308398166,0.3517849,0.176629799,0.133333333
0.1458233013310674,0.3116572933383975,0.5172279700198983,0.2682118301367603,0.5235468351433681,0.9594337867094324,0.2597716242165843,0.5899689954683237,0.2563207770265718,0.125109211,0.263548057,0.533333333
0.4368342130960336,0.1557484232276383,0.0688842583144313,0.9731902465217191,0.2768425093994916,0.0902467224531612,0.2634964120614574,0.998790542884306,0.4246713865440217,0.057909668,0.203381909,0.375
0.9072585311812008,0.7281315333044127,0.8485218809964237,0.0816828470641978,0.3301739360102161,0.0443602721405996,0.9308766665921632,0.845736705296623,0.2591430562089192,0.450500783,0.106970586,0.08
0.908111923007768,0.3749974685504027,0.6954064441570473,0.1592773441905737,0.5783321697628959,0.6944938383794383,0.3680821864565726,0.943733411253462,0.035058281508452,0.136617314,0.49679939,0.085714286
0.8122585215210611,0.6124579322669581,0.1178466422985545,0.8867920892921176,0.0065547712863708,0.7285280423843601,0.5593616493706978,0.5752760695000435,0.449905504307074,0.3319087,0.456557204,0.463157895
0.522557425169153,0.0820861496913428,0.2007140401024385,0.9646390042198106,0.1661603015150876,0.6189589167624336,0.1050906819381387,0.6867833549404214,0.0488632783684782,0.024124937,0.370372431,0.24
0.8269108202412749,0.621588281929374,0.5644398062303051,0.6279104856543275,0.093407958254453,0.1812905975817671,0.2263308521393626,0.2100324572273988,0.5460318297693361,0.237759889,0.164823099,0.0
0.3303986684171996,0.1101601136313968,0.5758010690252698,0.149590198003056,0.1854333892847995,0.3487263449452692,0.6458463456959953,0.4553434392633994,0.1785384584953112,0.092560804,0.368498531,0.404651163
0.0894116488790468,0.2242394507419984,0.1644136984550754,0.8621931414086533,0.9894430357875468,0.8279976744627854,0.5590417632954067,0.9330535045447113,0.6090440658962357,0.135254699,0.335825398,0.026086957
0.3852572044740907,0.8333572790074764,0.0365748317531536,0.7946170073165674,0.8712098196257198,0.2060707748090963,0.6013786308069614,0.9896591780881656,0.2488189454244108,0.376842735,0.152479305,0.0
0.7682819760531565,0.0397347949129525,0.7351013390468072,0.8420196205774539,0.7412413200046485,0.7504717891122853,0.5796035514466822,0.1532384246488506,0.2476570930002932,0.092511525,0.443912247,0.0
0.3429219082789156,0.8745407225598019,0.4978676815001568,0.0394408415166195,0.8038227134296196,0.8483547395912707,0.0889040861106081,0.6436559704749698,0.9973954844147912,0.31263186,0.462979189,0.0
0.6438624989797473,0.7938513507264695,0.5639928007604091,0.3638103512153404,0.5426990439467323,0.964711818423913,0.9647247515627004,0.0370843742452433,0.1013755802408369,0.639987954,0.583212481,0.257142857
0.102002868244087,0.4216391122770122,0.1716057544958723,0.5657797981444336,0.4137780565656931,0.455385668832496,0.31691932767089,0.1797337477996209,0.7128630498241376,0.132138814,0.225255842,0.327272727
0.4594891940424951,0.745990414704057,0.0636236924441804,0.9498696698196888,0.2981913250889562,0.7326186885049362,0.111052544083625,0.3959156310814754,0.220559657453914,0.277566115,0.57879838,0.428571429
0.5287569448447877,0.0055153076510325,0.5259625396353896,0.3163478658381703,0.0616069272786571,0.529303077086266,0.6922514641372253,0.4319835163580292,0.239441407811245,0.069535971,0.392735647,0.1
0.4276768968464781,0.9487833469252214,0.8509545448048944,0.6796661949802569,0.1832104074553607,0.3756821854509882,0.7810212655429704,0.1534098228744639,0.8530974517776213,0.725148217,0.37649713,0.293877551
0.9087704320286862,0.9800017547600768,0.8263483197315249,0.6086703883457283,0.4639329019128547,0.3636429973244436,0.3329216540429258,0.703193831756243,0.753962009252652,0.395130664,0.367372797,0.282352941
0.7245360166301521,0.760199666755031,0.0109068669491364,0.1320459666801674,0.5597321701474629,0.0965370122759528,0.4687260602843429,0.638089301582911,0.7485444432428666,0.235815411,0.366029074,0.784615385
0.0077607317771181,0.5303742503715339,0.0652567753060874,0.2163985945174292,0.8985862204240485,0.358705251404441,0.9244812274105876,0.962053301475198,0.5952048359394235,0.214440387,0.146692761,0.395604396
0.0330731386639826,0.0949275829888427,0.0948162453549062,0.4506164222900977,0.086836752426237,0.6973817704303125,0.518919174678708,0.069396318631691,0.9588986700554532,0.166160298,0.250171507,0.063157895
0.7655918305189745,0.7421102909441272,0.9057188499171064,0.9910607996028584,0.5878826770617236,0.9375643472123528,0.9563853713622475,0.558166133234181,0.5814302325269146,0.396262478,0.497809175,0.124137931
0.8261217083280509,0.6734019287154955,0.9648945751363436,0.1416668394734952,0.0582951092765594,0.8648587336270909,0.1966720740056079,0.6023219205803811,0.9113490228693488,0.373990825,0.612254408,0.24
0.5091161863260667,0.1874758258715457,0.6864259196507966,0.6466577228277689,0.4817280145591301,0.3858465955707548,0.2124895856180901,0.3725271822971928,0.5309770868549951,0.089418619,0.440198809,0.257142857
0.129495020164711,0.5744168118404868,0.976745873395262,0.5588366749952071,0.8911288174695706,0.2640845805275398,0.8268934912761328,0.5087579398817693,0.5429213516088016,0.315715516,0.235582345,0.315789474
0.991427841967945,0.7341176124703548,0.8666307069431696,0.103196340244078,0.3076905124948146,0.2233824934548638,0.6988077905520628,0.5653194124955587,0.6129063453961395,0.591105164,0.383205525,0.624
0.9632848256484168,0.0816079462708955,0.1129853741039549,0.711120865268963,0.8372133525014743,0.3941152363466552,0.1632979220903196,0.430215070052541,0.2438356503969732,0.067706541,0.47474488,0.6
0.969575659136083,0.7243174749999154,0.3531334802813197,0.3087530453608892,0.899947094118948,0.4885217379525545,0.4937116877355252,0.7107940611468452,0.6782854133280608,0.190197179,0.525861961,0.0
0.2150284755148553,0.8285219906166083,0.9566543664798208,0.4545594897485625,0.1718684432383422,0.8102054072192567,0.0472144158224668,0.3643080481236893,0.7041370511318171,0.411113347,0.62626701,0.24
0.0674657009647887,0.2035575714597631,0.5764876758624888,0.8980198811079739,0.5069656051835152,0.5736439046451345,0.7524267863922091,0.5804420827914556,0.0071340682601034,0.157412551,0.116331985,0.144
0.1386651025440711,0.6403257022687695,0.7781171913661206,0.5322703307856549,0.0007919397697887,0.3503479228436262,0.3641453605423723,0.3246369204418099,0.8241740521282046,0.203926023,0.243935673,0.705882353
0.8241356236797545,0.4749491313380466,0.6347810077719298,0.452208887730033,0.462187683022218,0.0731527360499535,0.5806025866295217,0.689283690662664,0.7262785914219954,0.285236248,0.32266973,0.552380952
0.7349310108234519,0.2487634350970196,0.6898617164738021,0.2754366941806918,0.9595222319914516,0.4371457418784457,0.5455156815526053,0.181029231358381,0.8205563066638195,0.16191157,0.525342584,0.4
0.1491602624596955,0.5077649359521033,0.1726597067996633,0.8638356356789992,0.2389811972747917,0.8988730048242267,0.7871433026346436,0.7187790005163044,0.4263179649393122,0.230732355,0.41885033,0.38490566
0.6636497919921913,0.9953886403846318,0.7544189192159639,0.0940105732946186,0.3317197758979701,0.1938814683067116,0.1253151168022487,0.9367676835461112,0.8722686104394602,0.533455371,0.297932779,0.36
0.1861786092946031,0.4244138144366534,0.9368456455487352,0.7267649715824972,0.015748982080104,0.901132220649366,0.9428065307609544,0.3743647470618462,0.8989694220520097,0.242053981,0.558538549,0.1875
0.2489659942551265,0.3777859763734392,0.5517651222338359,0.5985077511179291,0.5489594734555531,0.0443316472334852,0.89301209653598,0.7116509509741462,0.5188572414808685,0.181587597,0.086035681,0.087804878
0.8233153683969474,0.3566410282625392,0.7876896004501992,0.8502300082603028,0.3297152909113702,0.5826681343114918,0.4922113092973239,0.228711263741193,0.3886418226562518,0.058533891,0.467434028,0.0
0.6841389526319085,0.7549608217900811,0.5547177934273613,0.7933924720058282,0.6896389572980794,0.7289208764900138,0.5728207232113348,0.1059319542314698,0.4640056655723187,0.331227812,0.493576308,0.057142857
0.2141659205604438,0.659771269177757,0.9210915261830837,0.3689578803480543,0.733769384072185,0.9916787034598672,0.0318349003304327,0.4972018360488223,0.9836312365537564,0.202153318,0.336157465,0.171428571
0.2447527026190424,0.5904148838537938,0.1009450674375842,0.4638779827448163,0.2221698974551527,0.4206242654533676,0.7647873783734653,0.7876231333468464,0.8201654731828826,0.462525072,0.278430547,0.0
0.4145976650856203,0.6174513682214225,0.4895879321470816,0.117291053363595,0.1803478971852944,0.50482969284154,0.7889604272155197,0.924055215316723,0.7430714569447144,0.360360722,0.51082833,0.464
0.4531988611336538,0.6740445329893572,0.3084568332939268,0.2341691277492288,0.5810127556830236,0.4262353548301479,0.4569646457241351,0.292717581412142,0.7446648596182787,0.269028141,0.373441099,0.42
0.7164173147593967,0.4482923725509018,0.1531241817901486,0.8178912088380296,0.3064481320722824,0.522957952201882,0.9305026318578464,0.9701302023860228,0.3339969743264509,0.198287296,0.450251419,0.434782609
0.2689761091325044,0.9377965034198696,0.8138313854930415,0.9167473041886468,0.6617943216828006,0.5958481138315946,0.8701948742688461,0.1083901860056324,0.6472190579983562,0.622795978,0.329769948,0.141176471
0.9194125771767676,0.3930768019861461,0.4794166843445751,0.2302388786586341,0.013583645891838,0.2144420745652504,0.3343598917536311,0.3508527827165469,0.060941868905778,0.131736218,0.269891954,0.9
0.3196075386304747,0.0358233789914314,0.822754037489184,0.5750103612961547,0.5939736575134663,0.0948395825578998,0.3218164288684206,0.792067880647531,0.3818072364408775,0.038357344,0.204679372,0.48
0.9634204886385932,0.0158562425298386,0.6608242750061882,0.5648674719228851,0.8842146889170647,0.2645622835966583,0.1301447962766985,0.8886110261484921,0.331292438914444,0.06195096,0.538294703,0.0
0.9361534193980022,0.0774010306344559,0.1709551803979797,0.6357975044522641,0.8064343646387843,0.3669189363337598,0.552987648756165,0.6267614239292975,0.8128389151250627,0.114466262,0.488773483,0.387096774
0.1139565763637415,0.4202630825596596,0.3750261585047491,0.1974374226116616,0.1527639304218768,0.4280925217806788,0.7557345287296,0.0793280486564446,0.9114885281696208,0.24260861,0.293042126,0.575342466
0.5066325828031272,0.4533566291723806,0.8128054120202525,0.7250559144545597,0.398812763284999,0.6693249429629606,0.3333989496608109,0.9893135503922608,0.0865884887240152,0.096577029,0.510170544,0.4
0.6610443085313331,0.0251900897484688,0.4931469047274655,0.8159627596427674,0.3762459592244788,0.9373625424977416,0.2981917530464497,0.961608108854806,0.1909285573999746,0.067987756,0.475343735,0.181818182
0.7099398940988467,0.7514835153917088,0.1599315781223832,0.3753936416067602,0.3993669003881511,0.6989334603081102,0.5007984783253928,0.5547076570158083,0.7974143039531187,0.498667492,0.418757108,0.472131148
0.1680783784360727,0.4909290718889521,0.4069556239211923,0.3232025264394769,0.9153757319230914,0.1466165548318694,0.450192215429658,0.4576256805881391,0.7059160057403768,0.193241107,0.219601263,0.533333333
0.3722992052686761,0.5311163575080211,0.5738300913973314,0.6420275415516897,0.5866710134440246,0.2903971012036408,0.2872695562191008,0.0984984997942302,0.5135742123169401,0.179086302,0.243794937,0.184615385
0.748775210923752,0.8420411983445167,0.0186442487015903,0.2343835319810613,0.2445817732010702,0.8110994830269965,0.1111239448999301,0.7591293591855391,0.792796599866441,0.317010267,0.592946738,0.514285714
0.8225681491041309,0.9526843004152588,0.9626505328069168,0.5634036693619063,0.1657619629441054,0.4049469970698072,0.929879256940496,0.1361139611213526,0.0043973067459089,0.44865362,0.408689606,0.08372093
0.058345380138761,0.4395910064803416,0.567808188570117,0.2363639323249701,0.5311116828965444,0.3568843008205058,0.3394584000190118,0.6628435226816581,0.4579200068659321,0.125717514,0.249342166,0.375
0.991299196479336,0.6751370141348092,0.2900265348658293,0.5417031952162424,0.4565619861617859,0.7900145412239933,0.3117089414809242,0.2473142838383595,0.92648881818808,0.256610287,0.349945804,0.0
0.0289405942941456,0.1974572474561948,0.6353156766625998,0.5444952197842238,0.5620159016657753,0.2506716591759347,0.0417512251219959,0.0870744783122062,0.2772315372294608,0.062808073,0.100409066,0.0
0.168760488177677,0.7585992896799241,0.9601658644970468,0.7195172256753077,0.3121659832228923,0.9828860857466212,0.6133957113687393,0.7703329449596369,0.5101583018610044,0.461838058,0.334814744,0.0
0.6857404943094156,0.4952580043138046,0.7093683336688994,0.9176013117240964,0.0161319637566339,0.3615689343350237,0.1917399607815729,0.0397257505411766,0.6594012331357576,0.071086501,0.36947053,0.0
0.1461870929856008,0.2613600642680485,0.4081080087841237,0.8891889988375786,0.1011585982682652,0.1242064202397988,0.6001398005178831,0.6245481808881309,0.0927460036214242,0.116836775,0.129176678,0.525
0.2488406708157425,0.2647899851556258,0.7225270032444168,0.7308710634491294,0.6880394131545403,0.2906695713072249,0.7826281766149611,0.0174093369493653,0.0799076115601425,0.153692571,0.15905174,0.290909091
0.6482088400130006,0.0035138964182575,0.4403068791630004,0.3265606054572412,0.8003161033487007,0.6588904810291463,0.8989251692987645,0.2423437680960691,0.3652928927054161,0.081756461,0.520238969,0.378947368
0.55470156350189,0.3228819941218218,0.298995976410086,0.6188700417067545,0.3030180918475577,0.921530210644525,0.8588257218488577,0.3902753843023581,0.8500227350751233,0.19044089,0.514341164,0.67826087
0.310134066243292,0.4417628655047465,0.7097445437955001,0.1939942909713281,0.6157398244537892,0.6937429475181353,0.3649993931984833,0.652390344441127,0.5857326859583026,0.126423548,0.621916565,0.0
0.8514532991556798,0.0910026053608979,0.8343155462529428,0.9021551115940531,0.7775329526187441,0.4389281809894995,0.8158593932900644,0.3843612767241721,0.2931104095842296,0.121068215,0.429468915,0.05
0.5832417869234837,0.0648920058014508,0.2195138472359149,0.2807911456935267,0.1002172421660149,0.7595276519338147,0.860064930858643,0.4335905838626248,0.564999853613126,0.081803871,0.565875813,0.257142857
0.0104229675308874,0.3313183181870981,0.5517126029551747,0.1942939220892237,0.7241221512807433,0.4666776929648594,0.8318943845035024,0.1038428358629511,0.142423669147004,0.177214023,0.187555314,0.356756757
0.7871029028098632,0.4083873226170764,0.6907590464429152,0.5248507632315393,0.2947733062026176,0.6366069998763756,0.7655299641215526,0.2545577477483903,0.2832741806261681,0.171012736,0.501436817,0.529411765
0.0686958512662484,0.4370645945702207,0.0298657635107335,0.2885720560651095,0.4813046735266378,0.5376493312354985,0.6401213840514787,0.6413928928049097,0.8590553374388684,0.184090456,0.302075877,0.501492537
0.764480201782025,0.3653081113967837,0.6410898907763789,0.0298477577680577,0.1984090731654053,0.5990324270395015,0.1225732578012892,0.2754000065119935,0.5154071449801824,0.155597641,0.36434697,0.342857143
0.0476887850532352,0.7410135857129682,0.0740619696423642,0.450146296441971,0.6379899292398672,0.9021504088094968,0.7593019064388217,0.2501683674114703,0.7337207729544512,0.441665266,0.407593918,0.563636364
0.1957171884831217,0.9696028073422396,0.2581026944011362,0.8794602364572991,0.3183062787930538,0.664227985354709,0.6436070232113745,0.5545934613683555,0.5121201952505917,0.575015859,0.351230969,0.321428571
0.7063053162673588,0.0336175370899805,0.8967733167337616,0.1329032604051246,0.1980931455433967,0.8163215662562382,0.1143069492042546,0.5741649958503335,0.4493718260879333,0.076855665,0.467002144,0.6
0.681039260459893,0.9654369999900378,0.6343339019750289,0.4117780180302297,0.1106000124838709,0.302939031676177,0.3208786650003588,0.8528276706233502,0.5121074339748649,0.31624444,0.308996911,0.276923077
0.77374928128263,0.0881973371834523,0.0493852326072173,0.5838514315323876,0.2985118624538027,0.90746009152101,0.775536146009273,0.8466402945246727,0.5978368085143607,0.077839354,0.563308974,0.0
0.5942368528102733,0.2238112431738677,0.6052677072908954,0.1730525074875032,0.7857313465250734,0.1655383563087845,0.4814115926680062,0.7797245611290545,0.0809429943583233,0.089995656,0.291740057,0.585365854
0.8250555731899277,0.4401153947727831,0.2587715961979098,0.9012208252985244,0.38173389117784,0.3837647026236037,0.7623314819352445,0.1514410817161,0.0272532165270913,0.230028702,0.334102472,0.257142857
0.7683164252789639,0.4557478140403026,0.8259706678697715,0.3884360814903671,0.6700205539451604,0.6118710927168753,0.0556442515683288,0.8978768422110964,0.1789785374394799,0.178687477,0.531783589,0.428571429
0.4866189073614297,0.8206167145484818,0.2072740867580259,0.0946891151748988,0.8812783334493421,0.7891656999883835,0.2988393497503123,0.9394149126355448,0.3007693344222999,0.209333183,0.44142701,0.315789474
0.1104021148052845,0.9654001560827592,0.968058297629813,0.5877342593093976,0.9905110701455788,0.1665869719255258,0.384938244962638,0.0959322220403384,0.5506387340923606,0.480501894,0.114249681,0.0
0.2649673441065138,0.3748885063773856,0.3124528843546157,0.5164381755308373,0.9251781151630694,0.598411091816782,0.7405219469064466,0.3167673618428909,0.5473745995620138,0.214116691,0.42544995,0.683544304
0.0909662468536844,0.798274084121593,0.4570588940418567,0.7589368332370721,0.371436849902457,0.1218022966817796,0.37632197735538,0.8404563890866152,0.1292714179084182,0.238948641,0.085625718,0.654545455
0.0445673535936482,0.0614544900944166,0.6622851602505461,0.3567070803491553,0.8887120221875281,0.9985684898345092,0.61471995903363,0.9698339198191376,0.0643078476631321,0.074639541,0.369693433,0.616666667
0.4420514611913625,0.9776896207091595,0.7578144290193491,0.3714053481296883,0.3236225994968638,0.0258630267211755,0.915177854738893,0.8837218544456782,0.8933399578634743,0.63010847,0.069165,0.284210526
0.6900442043651837,0.1336259255980243,0.4157375225841352,0.4240858730049568,0.6256311230038646,0.7538351089954982,0.0151284893872514,0.7272872669943778,0.6398093483665316,0.087755545,0.541067007,0.528
0.0226246528680016,0.365567160099183,0.1251219673805262,0.5966575054886161,0.7919493247295138,0.9141489950424408,0.5455929740664106,0.9987715498804456,0.699118723634571,0.227978363,0.220250623,0.184615385
0.4624708117535009,0.4868325082179562,0.9892627613122192,0.738609064368431,0.5277703299179978,0.5860519169439896,0.1842670434922578,0.607691150096029,0.5891350753761586,0.190065286,0.405715679,0.48
0.388428957339768,0.6275163360546309,0.8753710014088458,0.1836674549900914,0.5069731249467407,0.5742684952908416,0.7858952586250348,0.0609414940946539,0.8682394715147217,0.3420327,0.472729956,0.475
0.9080239604571644,0.1844385992724526,0.8210813135931696,0.8567500753013865,0.8601389864660021,0.4190459035396778,0.6521442893764992,0.6149241098556621,0.957332272935116,0.136536704,0.410733934,0.026666667
0.0491571597262722,0.0324845031597568,0.0212284021099402,0.2557669407534507,0.7414971105250385,0.6826166916530599,0.5305948499982244,0.4425454368168907,0.7439085371065288,0.113897645,0.315786303,0.153846154
0.6549502149772297,0.6086030216437575,0.9398871458238242,0.8974162997981789,0.5430178378406143,0.9575448598586792,0.6403599921526895,0.9107118562821912,0.1119017907187904,0.30281782,0.48528751,0.0
0.7111322903163139,0.4885347093061034,0.2491081581527048,0.8021457701188366,0.531614645066441,0.5967463696167551,0.123238835112088,0.8409334244552632,0.3849249104900525,0.136797159,0.354552183,0.48
0.3527877663592933,0.937081859413669,0.3280762398392177,0.267872494562881,0.3309253406957281,0.6770183265769034,0.7845350252836762,0.0944937244368522,0.4247412572370685,0.52110996,0.456502603,0.232835821
0.7349583195778172,0.0980593691736005,0.286603129876792,0.8140816580917725,0.2854343979349992,0.2903038452881564,0.439791392333598,0.2289104780154669,0.8709113395297012,0.088617002,0.375600133,0.24
0.6353553159776641,0.5981299478942547,0.1383289612704589,0.7471501318973397,0.3485920870226482,0.4506697626896048,0.4758275381419753,0.2706930012922252,0.9333170574479284,0.242644763,0.420387006,0.0
0.3738061179009555,0.1014456566758489,0.8419560291180465,0.4652927858511489,0.7198518825953069,0.328715081463633,0.6879088629620221,0.6758079869279833,0.9091201457590946,0.142899144,0.347089289,0.386440678
0.1599804290847953,0.5359373099975936,0.5879745823005796,0.4238789103543834,0.8454323687528694,0.6204331175978064,0.3338995063150392,0.100820905221424,0.6068130234570694,0.167136482,0.280434962,0.0
0.6944699952344963,0.6297315823533665,0.465300588166726,0.6182646263762566,0.8078761459692787,0.3817267012919489,0.984361682947344,0.6463423820422066,0.324125319334677,0.348923302,0.448350873,0.458181818
0.4595171448647579,0.94614347748901,0.0829191196192209,0.4036129065907708,0.405627363931348,0.5983264027327565,0.3864952303500033,0.3297971841648447,0.2191879223728754,0.378079308,0.47275904,0.624
0.3920008931860007,0.8058855077970973,0.292810138330716,0.2187649036113327,0.7511774911057718,0.6488993193661938,0.2027239081102102,0.5925139643878936,0.8184554741606914,0.168928637,0.463012357,0.525
0.5648631722908826,0.8714491766617228,0.4917055174923632,0.6891622351764312,0.6887054022969467,0.916111642823923,0.9946642537467394,0.7415903398599355,0.6602447472256716,0.56147977,0.544871622,0.0
0.5268607539590571,0.6676622050746187,0.0274151996559708,0.8349573842418191,0.6511101992581524,0.4467789164213156,0.2965547258953667,0.4029809538848601,0.9657493531472884,0.245868828,0.356192333,0.092307692
0.0910078057720015,0.8000725257762897,0.2667439969020847,0.1105432387911317,0.0018221804214536,0.4402640648980509,0.256244236444096,0.0023535645210037,0.7805461381875015,0.273196694,0.140365552,0.685714286
0.7385548767210416,0.2860218637521388,0.2066495139782999,0.2152353201156964,0.146998790553786,0.0798094033770191,0.8687346649363914,0.3535477954036768,0.0609979798391432,0.17035419,0.1325761,0.646153846
0.5390601235941641,0.6642917655184088,0.5345959115430462,0.9720750649895556,0.109973903465031,0.5319246095053609,0.4727174251610712,0.6496578854328876,0.6833788455184517,0.222857887,0.598157347,0.742857143
0.1277863909075471,0.5031882929214117,0.3751722064226478,0.409253876032155,0.6296533044824162,0.8909505398877161,0.6206847091754093,0.7290092888163555,0.5713504458727253,0.28503333,0.379019016,0.434482759
0.8651198306647669,0.3553551631925933,0.3476870061485884,0.4348850152400305,0.3035947809642447,0.9801717401983088,0.4675736837277487,0.6386919386772252,0.4362714537109164,0.107209045,0.519583464,0.0
0.9335747301391868,0.8580333439644467,0.6658993359928704,0.756006074109478,0.7805046833174059,0.771093923641733,0.3378531703180205,0.4775491830107065,0.8383915083990787,0.440522907,0.562705766,0.2
0.081093444299695,0.4363098959660221,0.4012438532467255,0.6386966456545171,0.5157886854667666,0.0485655779621069,0.1391586535148932,0.8011114792336074,0.108358287857172,0.162693811,0.058188174,0.45
0.9161864435513803,0.7165411307964249,0.7165590682392898,0.090393898786429,0.0890925223471569,0.1074093797980271,0.4236555108542122,0.6646570823621766,0.8538140888544956,0.265907412,0.374285907,0.6
0.5365327786936179,0.7116698220259483,0.1881218722102055,0.8187440176430629,0.6610426581709012,0.8388053743190119,0.9248221725982096,0.6415067272482047,0.3407641946088743,0.305293034,0.468548727,0.096
0.1468964221926633,0.4838612652699081,0.165597559167629,0.9311224130861824,0.9611718358168472,0.5032281194209622,0.134735537594372,0.1084740683305535,0.2153236884819992,0.168181678,0.278189664,0.323076923
0.7686232707504513,0.3512697642116289,0.5634362864401375,0.2511965504740584,0.9665994248557996,0.2482751393175973,0.1958832756848892,0.4758412515607301,0.0563997641623433,0.120940116,0.33131429,0.133333333
0.006918907075444,0.2067572498293306,0.5446123704197698,0.7774991795092219,0.3103280659330505,0.4396368232996144,0.1459054659121106,0.7157654385211938,0.0598679542640232,0.082205076,0.076496658,0.0
0.6590789933461055,0.209864205635414,0.8128598948977117,0.2153406600497089,0.6626997302592521,0.6590601957042203,0.9838613228999796,0.4192060353676695,0.384092293708218,0.167603366,0.533873291,0.507692308
0.7068981190117823,0.4065765692624494,0.582184778366813,0.4629073358272485,0.0665011807092761,0.0806198057364986,0.5133477911020903,0.7475651034248789,0.0951260175272754,0.228004195,0.236042831,0.742268041
0.9703613158718428,0.4314467913163164,0.6706957234540243,0.0833592733091955,0.5813399376431421,0.5910861895763742,0.652314568840139,0.4552049469099217,0.369703571156587,0.235061232,0.492996077,0.608955224
0.4350962565617977,0.9294808016079618,0.3669145322087417,0.6652404488189574,0.3510613310929752,0.9083914411198388,0.8291286556075991,0.1158455133099118,0.2943254826834477,0.570405841,0.470235516,0.52
0.6086370431383722,0.3053458594783699,0.6876732219481856,0.5618301395513231,0.1883089578237526,0.6247346395799481,0.9510027946851544,0.7940898370553888,0.8235453782527119,0.205894474,0.450135342,0.08
0.9814301260764818,0.5284850382104419,0.8163863166875047,0.6516172639826775,0.8637724130161882,0.5102271179376697,0.9966527777144032,0.0762403657290131,0.0192857644658052,0.32022482,0.353135931,0.666666667
0.3309229606994379,0.4988520758600012,0.487233031654094,0.9725874481351412,0.012438430276327,0.2652644438919781,0.8850854751400449,0.2835344012362587,0.2233579903688833,0.198517287,0.280924357,0.55
0.2532603868592237,0.7091397350490377,0.2935376040858323,0.6486010146462406,0.13449629618438,0.5365347956376407,0.6150580302790815,0.9144463451946722,0.9736518542569272,0.34846457,0.421873987,0.372413793
0.646328102105363,0.9645000062779896,0.0363781114867116,0.5515988139605307,0.8926474460593,0.7857836656319028,0.3732266888185731,0.056463343591445,0.0256992542603698,0.323660376,0.67067061,0.0
0.7904647410254064,0.4986363975329813,0.6767027714772118,0.4343612620942482,0.3649369083452843,0.1058531102674277,0.8691502006983743,0.6563311215233192,0.4535098721333476,0.24804851,0.259883836,0.260869565
0.6212043470550223,0.8742043374124558,0.8051056270457999,0.8662061858005426,0.5594963083616956,0.4973026787149422,0.7470994109595839,0.0887320305646558,0.730328500541433,0.549124715,0.535571972,0.162962963
0.4225028334394667,0.8134513921138854,0.4908035254402871,0.1718994276670788,0.67905173780236,0.3336764987115745,0.073426038689484,0.198726295249374,0.5509424011644202,0.268514957,0.252235712,0.218181818
0.07768785820165,0.1322867972229241,0.9908854552991456,0.0212965705447809,0.3436382690262742,0.267619630096843,0.166826248153444,0.5892023938745666,0.821069256919867,0.079097469,0.117802757,0.461538462
0.0433598244327704,0.2615970049437361,0.2566891322803243,0.8812028887219746,0.5755902201860006,0.926674880179828,0.5175228086685698,0.9136539349473898,0.8395716935464984,0.147382352,0.355834035,0.311111111
0.2301286060016075,0.1771635295586768,0.7631434189644946,0.7864990273238032,0.304729937871234,0.1189817662139528,0.6782055073248003,0.1175578446903503,0.5765763354939446,0.134815622,0.180029199,0.453333333
0.3576206139041238,0.0946707863618822,0.7896275500514425,0.5135843307826737,0.8082223279195561,0.8540673428668232,0.4683255597899679,0.3564997900034991,0.4742561987469993,0.088944985,0.421526048,0.171428571
0.7008070833203218,0.0609280404904601,0.855250232798336,0.5368647773693312,0.3609491321126701,0.9825283196029976,0.3153901398095957,0.3850005033057014,0.9153104570242744,0.04588201,0.54789006,0.282352941
0.193468855679642,0.4091349355980257,0.8355040551039575,0.0002222469957087,0.1690487636985347,0.8465487229475237,0.7958438543106595,0.8962289357580436,0.1236290847853041,0.175204496,0.386600847,0.697674419
0.561092426025315,0.2693472800574289,0.7406147300098267,0.1863314640351068,0.2161782423305523,0.6618459126641114,0.2544253388192299,0.9548822338643198,0.8037339676593843,0.092716296,0.422643753,0.0
0.0502158949239366,0.1674208344003585,0.814460951956311,0.1820061320829763,0.6464215912011325,0.7398131731098956,0.0748424220797995,0.0254884750607462,0.2408714154062268,0.083130502,0.658150097,0.0
0.1036601155731847,0.6575988639659947,0.7592085011975206,0.1092483369325505,0.4414682279827042,0.0424678520234638,0.5413972836910084,0.0147958889441266,0.1039456564987482,0.28263421,0.065502429,0.724752475
0.2948362580441948,0.6595113123173896,0.3130741013358236,0.3739984231497069,0.7588825946663785,0.2480318144364999,0.1598352351596987,0.0126967732732509,0.5420295278624678,0.237638338,0.247862144,0.171428571
0.1032365656898975,0.739197775090838,0.3644899289033846,0.4337329502145546,0.5429277978473055,0.8739699209020453,0.9109973549681396,0.6053610985942721,0.0329270408715222,0.357314327,0.346492228,0.668852459
0.3793501658536709,0.1313214180860484,0.1116160469665071,0.5894504426363473,0.4913819639482659,0.7337213150597456,0.7854877626801008,0.6418724265992928,0.0552233600984052,0.100048758,0.486140967,0.0
0.6612896150530927,0.7544294183960832,0.7087286251208129,0.8474282679033054,0.3429885675448986,0.8356153065151939,0.6321586508032537,0.5975103142640702,0.887619105428938,0.392514477,0.51510806,0.094117647
0.9418412860856316,0.8937091510545621,0.926260189405042,0.6643955904617648,0.289253656909299,0.9662514243109952,0.0579493021968469,0.6573356687924123,0.5162844229995368,0.514735366,0.659220192,0.0
0.2184299345949606,0.1155397589279781,0.8980368880282815,0.3866901207811931,0.8466615652102215,0.5431171465697575,0.8199916857240402,0.4047549638000135,0.0257179358680351,0.098902688,0.265637775,0.1875
0.0962174646204977,0.6491408865140824,0.4091602850599144,0.7165252556909473,0.4001959261730239,0.9677965115347364,0.2139981951385767,0.0363671096645499,0.2601918708758098,0.215008957,0.426253455,0.276923077
0.0152553845654029,0.8055766539693217,0.1648989398009909,0.7029573774520554,0.7875194170537052,0.9538178627018188,0.121878797688762,0.8478594392102096,0.8931127246548383,0.315146105,0.278449284,0.436363636
0.2208276802947246,0.0845633857766747,0.6507982623106016,0.9037493046969376,0.6647972567777064,0.3413259952457171,0.7414002160500621,0.2075222579432909,0.9181839025631784,0.103699252,0.262188307,0.43539823
0.868247107608014,0.4378440240731389,0.5791854297330749,0.2832730122229846,0.6181690021683446,0.4828692330139738,0.1579228691550104,0.3170507560476121,0.1309807369614806,0.112382006,0.417756502,0.6
0.851532043623475,0.465444473360782,0.8647885831531152,0.5964230077296108,0.5172322466070305,0.2944338980248029,0.9401947124333424,0.4996911677640289,0.616935455813084,0.236342087,0.45731852,0.582524272
0.0347300430988265,0.9155591132371748,0.6317070227071858,0.8741663655546105,0.9657900724997042,0.452399333621971,0.2162974932482608,0.8060935393309776,0.9497386063270182,0.465734905,0.182850971,0.0
0.2546469437524266,0.7038472462223347,0.5569892982958226,0.2475387992993083,0.1277194054877086,0.7715567297538425,0.738994647929141,0.5318906824477513,0.0968086119657133,0.320855448,0.372728286,0.407142857
0.7039455389930599,0.4946660475278159,0.7957914300117066,0.1752196522052402,0.7171100086960257,0.628972802613028,0.1176354559299676,0.7954682691236267,0.144268068925357,0.166935679,0.768971664,0.0
0.0091688036113511,0.8589246710592804,0.6572430861343223,0.2069490451611262,0.6775944252878384,0.1525391813404411,0.2891735764129791,0.0018637370573981,0.4368306908235069,0.321503379,0.061039176,0.12
0.2083168167220942,0.4955915347287928,0.2969180923042734,0.6232551459621462,0.0143914404294892,0.9056793871877672,0.269099479590581,0.6462194797391241,0.2326416743741031,0.144754861,0.589723934,0.0
0.2281988309969996,0.870372298670215,0.6225475606782688,0.97137430612332,0.2793759241124876,0.7114009295461785,0.3571934811671222,0.0291278806161218,0.4315198822366094,0.299779971,0.611257514,0.428571429
0.3114740826374305,0.8153156318031839,0.5061457016846992,0.0791693919615033,0.4713044349511414,0.5431299761502626,0.6070142196377464,0.4208311952588761,0.5715229420698906,0.392465857,0.397844813,0.367058824
0.9415742794511144,0.4272681094479427,0.1248247540381788,0.6201425774602956,0.9242817674977766,0.7734092498291436,0.8829484123557,0.9546502798787474,0.7603782405444622,0.226413602,0.590999386,0.248275862
0.2437451823027113,0.7415690164151886,0.5658386989570581,0.8403936389702098,0.7158302755735662,0.7732837676402701,0.4403621442586678,0.176195749084012,0.8423880322342445,0.248410985,0.467291628,0.104347826
0.9610160820227835,0.4939703301061592,0.4292559356894294,0.1826932111216866,0.0381486344932215,0.5344455354944387,0.270459162479176,0.624564496452916,0.7512020369620649,0.174271861,0.417868365,0.0
0.4066321532638456,0.6369589051490825,0.472719772165141,0.1907757943113145,0.1871450350067608,0.940258809788802,0.4834006976135057,0.9705106403485156,0.0336153719391452,0.159551473,0.341334194,0.2
0.328328658919194,0.2650766330730325,0.6204720292823652,0.9174729129031236,0.7927474890121939,0.130505505068566,0.6879468591072825,0.0168135490476165,0.2606227895709745,0.14230752,0.138552512,0.276923077
0.0342023091410605,0.7155556538646727,0.7229978775678423,0.4320777771645852,0.4754394938835139,0.8330184020653313,0.7524962747906407,0.5618410931581412,0.1875969650637965,0.368746784,0.332696367,0.0
0.0082667318784203,0.584055879074683,0.498375390895495,0.1320229492385115,0.7894816534118269,0.3186331395615728,0.4030089270996703,0.8811897982876364,0.64089194165996,0.202130868,0.113481709,0.0
0.6187103532031591,0.6305832105205297,0.7965413357742386,0.816781864703725,0.5165041233732183,0.773006157100666,0.2967248164710194,0.9138860835522896,0.1237276980350613,0.200893611,0.558390329,0.171428571
0.4959230969364943,0.8179917923028364,0.9903349195888324,0.7712813035804889,0.0720906864847644,0.0436786893362122,0.1667830149493882,0.7591619381798347,0.4740546727044021,0.294738813,0.095190827,0.4
0.2860854498166485,0.9039032841982252,0.3679865085944644,0.8102561419684856,0.7741520771792227,0.3651843149614012,0.6303029827527177,0.8131784407881972,0.5754758468594346,0.508090962,0.383431492,0.4
0.7184515299120068,0.2748832800666656,0.0234542646009427,0.6649216797412366,0.8521354168159734,0.0892292707880494,0.0675099454531833,0.3415870732796314,0.8464906793372683,0.098824757,0.242809612,0.0
0.8446413031087305,0.6869871839939209,0.2707763452633561,0.5177928835594986,0.9425269201097304,0.0677184065578597,0.2662636811674373,0.8925002894403042,0.8235664790485385,0.169561563,0.356867763,0.369230769
0.6673869593355456,0.484590072060138,0.0149549886407613,0.7209618928825304,0.5656707201395439,0.0102708260653364,0.2982007525321891,0.6308532523223624,0.6450683757520875,0.16328727,0.064419419,0.553846154
0.5261751778970719,0.947235207002041,0.5753192978729412,0.3811605150273006,0.8590686786106934,0.2309295756504532,0.205998263185357,0.8472042633485934,0.1773468869730986,0.257429725,0.327232744,0.0
0.7160006351496373,0.960878675559782,0.8324012811946604,0.9082659690456742,0.7546254008041189,0.3291882609822768,0.3192709598317514,0.0742946367245488,0.0347555062408487,0.457191027,0.114707259,0.8
0.5932534327993828,0.409359303026265,0.5275733408829882,0.2851197755846509,0.5032011159880778,0.2244004016089862,0.0083014941834077,0.1016921145225073,0.6116830285266964,0.143493286,0.267600844,0.3
0.6200584127226291,0.1811593048609682,0.19854174757779,0.5731922442926269,0.754359868880548,0.5020379820334789,0.7337373230451117,0.204969204586305,0.6845550972621129,0.152620832,0.401974632,0.653164557
0.936174423918354,0.9112464897907064,0.9143580320994924,0.4131456140059005,0.1400229213319581,0.2463374738552537,0.2290986431629535,0.947763970665447,0.2456311821291357,0.298456418,0.316592424,0.6
0.2215147500839903,0.4149631453035407,0.1328092336971542,0.503768413728362,0.539739277106346,0.4094134684970765,0.0722418676998738,0.5929343501447344,0.1522410520068027,0.134469854,0.312522592,0.6
0.7211103248183445,0.603346180931839,0.642690375067342,0.2788785633248117,0.472844422415927,0.1616990838290479,0.719523137456388,0.1442111602666171,0.8328285740980704,0.270022954,0.3598765,0.505263158
0.4933030003009591,0.7698855719936061,0.7639911009271841,0.8999032818522791,0.7375630313048842,0.5382608541306565,0.9060140796092486,0.4852581816377307,0.6434160614936122,0.454515496,0.468995237,0.4
0.9374303854343026,0.8068483557467547,0.916941679059883,0.2761288177191415,0.8774802427221802,0.2903892902514696,0.0114795131057695,0.9190507789122708,0.9046438339446062,0.425580947,0.440086778,0.381818182
0.2875708009445125,0.2878755614297991,0.9012558315293268,0.8094920071561775,0.0227214868106061,0.6185993781493575,0.5302900874454161,0.9498252815462512,0.959326362135809,0.195124106,0.452189281,0.40754717
0.0983097522821211,0.0501162589709338,0.4838148620922509,0.530394187288924,0.3672165399466318,0.5237367816714951,0.7958346805204046,0.5412562585568617,0.3312556919105462,0.106225632,0.276341375,0.330434783
0.6869582652480529,0.7134210006651288,0.2815311722992933,0.4344464970855954,0.806570824717618,0.7970764025731761,0.7202742306295264,0.1706431099159219,0.0570312736322369,0.300577639,0.544448786,0.0
0.7677433679759066,0.5550234285117873,0.916200451241482,0.8562292153300756,0.1074373949927174,0.1221206005487879,0.5113467968324987,0.7270620102271242,0.7160653130947598,0.466280868,0.125802888,0.092307692
0.3264375556619127,0.4380747463936774,0.7871687300848014,0.8603837011301143,0.347070139469057,0.9983724796730518,0.9171203305686504,0.026652148065238,0.3205227342808974,0.215820985,0.299279938,0.08
0.3158621939682633,0.265171508115807,0.2153015296321849,0.3747000601228422,0.3371395205984956,0.352347444217707,0.1858828921710443,0.0584487843365618,0.7294716971675818,0.09718631,0.284334394,0.0
0.3102484017395759,0.4621766897226039,0.3485267880558309,0.1834903157683426,0.3978765143134786,0.3673362018661757,0.4585646083345623,0.8911243222387174,0.1309532517696,0.122973464,0.429712232,0.709090909
0.3624721869135159,0.9091555901719514,0.8282162420380361,0.7114402168932513,0.4014329578122835,0.6299820058286221,0.6790621475572989,0.0647943611079409,0.2687780151262228,0.616228146,0.436396428,0.092307692
0.0977842937332718,0.852758905544658,0.0990171320375676,0.1375578396346766,0.1185565658018111,0.3488312458278634,0.8551055607196125,0.366909684920757,0.306746319389852,0.399954256,0.11804908,0.0
0.8231281172317573,0.9592406809811522,0.994880084061348,0.2570855768042918,0.087926356634382,0.3143022466579274,0.1500142736908613,0.3230001279321961,0.1256204808720165,0.448401125,0.366025727,0.356756757
0.0840891291639075,0.4165584283973619,0.4633910460963932,0.4235611592843402,0.234172373987918,0.4747564777728474,0.7742569021411403,0.3776715443880007,0.642998012595602,0.229764163,0.280914895,0.537313433
0.2133488176017383,0.8604018475961749,0.341213947290961,0.2509593637060971,0.6555252430087329,0.008968698715444,0.3493018253849408,0.8356539642390278,0.6024070653134784,0.307299065,0.046756957,0.568421053
0.930357945643186,0.5960484651571392,0.1091848274115909,0.1495912189105497,0.5480366017200623,0.0475311639248677,0.3246215362039946,0.3384482933682725,0.6233011998114025,0.213735846,0.240799643,0.821052632
0.4194074345018946,0.337687006182142,0.4126871642168339,0.8984012523737525,0.7273995093936583,0.1108500635036773,0.6011430058863657,0.8545838908832062,0.5677049798774986,0.154884581,0.108004723,0.0
0.0042385742612642,0.1664594387171712,0.076832311831367,0.3972773012949271,0.2479761019984241,0.9885105701741164,0.4049650979905216,0.6143354177733334,0.3363140511168511,0.065304591,0.133637264,0.0
0.967689842486027,0.2240832806340409,0.5579441459179469,0.1559678878530882,0.2698261736222695,0.0313718850158899,0.2872192385353428,0.079739910620367,0.3691404382713409,0.091894134,0.17767559,0.514285714
0.4459227173370087,0.2585988558397202,0.8562976346599827,0.3652338726655062,0.1872831825487954,0.7321649635036228,0.0991120161716949,0.797239209839825,0.9646044337318452,0.114422034,0.367731149,0.56
0.8081804873347997,0.6327548975467188,0.9536282404405504,0.1314339713485188,0.1300118699582771,0.8586966855671905,0.6698663522486186,0.4029918051657761,0.9098340911361172,0.323998843,0.526230227,0.518918919
0.6928152357026697,0.7817203308090028,0.7107959551160606,0.0947979440569496,0.8729369578728341,0.5321592771250083,0.0125640563205319,0.2989172698088604,0.5314561350649571,0.273581644,0.482353453,0.2
0.9535231329570636,0.766981847393686,0.8806866070813637,0.3735578811095773,0.5197715902231773,0.9950262367820114,0.0094185742227081,0.6875944974392426,0.76488407215823,0.232050463,0.514624006,0.2
0.0980366443298584,0.0442932254538156,0.9052074553264026,0.5589606470299027,0.5547703335772347,0.2862932474393641,0.5632558007966373,0.4961319800795436,0.2124315954641257,0.123252425,0.290743344,0.66
0.7735766622326202,0.0600628673990359,0.332576838209778,0.5993803099283112,0.8227073191426963,0.7052970568797321,0.3406531250995716,0.2196874611926822,0.0455206496373761,0.067655915,0.47868968,0.5
0.4825018517849984,0.5612325670853127,0.6522259652543974,0.0873319793965683,0.7090160537863357,0.5220830839439599,0.6196327284135904,0.1463847185183955,0.2335999913898743,0.260800716,0.543821274,0.578313253
0.1968616671473708,0.7586965221716802,0.3192757824431854,0.8759039457500541,0.8974146683560201,0.567532153971982,0.5909554789281163,0.7761365143624985,0.9576005025876296,0.5274161,0.315712588,0.092307692
0.2397173915250616,0.8316661903102268,0.4942184454225905,0.1186950598611727,0.5099266336788917,0.4692612438163477,0.4296061306410917,0.4839097202400304,0.6468314790737004,0.408448447,0.287404273,0.64
0.601416080810575,0.8955777297793455,0.4718510607158779,0.7072912882111998,0.8191199808959622,0.3424166076731141,0.115645083927125,0.964505355228755,0.6677632715472459,0.324719034,0.194413266,0.0
0.1719300386606522,0.1380510294860675,0.8181929411994439,0.5772774634485793,0.325510622113227,0.5732219388995828,0.0680377423095649,0.2163393178482234,0.0929256440710819,0.073529839,0.312474389,0.369230769
0.385302325759127,0.8755909372671643,0.7506001123297507,0.9235043267626564,0.6988746326280122,0.9824787665812958,0.0174092438117242,0.5810948069277143,0.1671544494309577,0.398420144,0.343168455,0.109090909
0.744848488360978,0.9073609925312842,0.6256312906776049,0.3353606072832904,0.8042695869131831,0.0869380734568334,0.6422686628740001,0.5847386740637208,0.3283075111386864,0.460140879,0.341487805,0.638297872
0.596245946625598,0.1144658529947739,0.6473101283335273,0.5920887228397679,0.9341471232321982,0.1069558015421927,0.8877022078243006,0.7990125395393337,0.1785569884054679,0.089882672,0.144300171,0.0
0.4440952250912588,0.0055583008653968,0.9012885669676228,0.4063086465927046,0.2418565939371905,0.0729909578148013,0.4531979513776307,0.4735488161436443,0.7620996278524652,0.056186802,0.216305768,0.428571429
0.5778378446060677,0.1215427238868139,0.8364336228088654,0.3306344555823458,0.8912403655642451,0.6033483306266406,0.239554872660846,0.4338903570217186,0.4139648484177909,0.074147736,0.494044595,0.6
0.3603765366430588,0.9780249241992404,0.6579714176209004,0.927588369110776,0.9323105269848976,0.4369245183096277,0.8891780512470912,0.9085029790401944,0.1231562691741848,0.617338395,0.379113789,0.64
0.5591683312974751,0.3624076817796846,0.4978377671858572,0.1086583914284041,0.2658915189316398,0.178623920002344,0.881942297985538,0.1466302154440604,0.2842545877419353,0.2006525,0.341270754,0.44516129
0.4827729210093088,0.8342897628104318,0.896198543084678,0.7576867379418322,0.4520252618135943,0.8379017967923001,0.6195380137209069,0.4495606599986101,0.7774394165475712,0.708539196,0.485999532,0.624
0.8074500736835818,0.0180879890349701,0.7770085031732047,0.6973559819677095,0.3152031707710304,0.9715418953021095,0.353243151666226,0.124469917084816,0.5236743885446631,0.049137263,0.57090431,0.133333333
0.6350090225714858,0.306695533481821,0.9821337555989528,0.5483413287990435,0.7835322922558434,0.4010661116948214,0.7615886564953186,0.3138171613689254,0.6740056137375293,0.167957989,0.393283998,0.616513761
0.4405563831729079,0.5922555204758315,0.7888557388930049,0.4294682318672972,0.5256898893621533,0.0983544621495327,0.8877977345547832,0.3289262034530732,0.1761620038112212,0.243024011,0.110409491,0.0
0.8022684860797564,0.0638405182569561,0.1358913939332612,0.749820166790154,0.3570333150895293,0.7529101737578052,0.1462016571973119,0.3418347923114279,0.0631640506581628,0.058043057,0.313225161,0.2
0.1435491536884373,0.9715940068409384,0.1488469302455124,0.441221069374812,0.6213572017183627,0.0701888443537591,0.1634952711924728,0.8924648568529502,0.6438489388191518,0.43014991,0.095673927,0.461538462
0.0192577520841144,0.4225186836240191,0.1148106307165108,0.4491366582272595,0.1938200078609625,0.0473448811162657,0.9401724767460464,0.9250799891342896,0.167425222736842,0.155503721,0.047067546,0.4
0.2550028317231821,0.8381436775585817,0.401116098608145,0.8317717209665504,0.9944823823085582,0.9671209857246408,0.7935631179175378,0.5247157690019154,0.232945914664026,0.380712668,0.471262295,0.109090909
0.961162479809838,0.5183225020628124,0.271147943732031,0.2598207205628623,0.0073537801889559,0.2198710454799797,0.1686610314264269,0.0047481583157158,0.4721209961261431,0.224056666,0.369616175,0.0
0.796384876630699,0.6664246525505912,0.3092885729322294,0.5974273765884205,0.7603364782142225,0.9871786991999848,0.2669185821549223,0.9765918965590402,0.5175105597764511,0.233350189,0.32857189,0.0
0.3437546985032361,0.7653667594763596,0.9720083131396512,0.7231355813640125,0.6259232147327477,0.6464305204682184,0.2263754006765757,0.8841043913519466,0.4424076438206364,0.314458349,0.253926369,0.3
0.7999124433417312,0.5343777476534685,0.773858417633039,0.3108443002081872,0.1467864194161992,0.528662525061285,0.303800536918387,0.7047756272233942,0.1459294540155887,0.115681302,0.401466636,0.461538462
0.0396682128151095,0.6424448250181619,0.4277318306486815,0.1371186039071811,0.9340409590568158,0.5128388883613909,0.3631757339414794,0.3994179475948921,0.4021541733034475,0.202256811,0.201591341,0.442105263
0.0426453198904547,0.700047376578519,0.7865531312132475,0.1402787001092419,0.066797224214092,0.4897920470530975,0.6909167560843401,0.7656768401327232,0.2706611917212461,0.392782616,0.227556205,0.1875
0.302613011134151,0.2033866317700988,0.4426694044430547,0.1048367923842225,0.7502560244507328,0.7084426315777373,0.3862362910826302,0.9503057949804686,0.2695134976998,0.066574524,0.382516946,0.776470588
0.1474969965100524,0.5026498430596786,0.8836271686041278,0.1225680360269401,0.9970301626993966,0.6678668339135596,0.5181285895152186,0.3963980651278889,0.8883246069284317,0.272726987,0.30693745,0.394736842
0.3401385534709592,0.5042502237383889,0.9142065859419364,0.5023447960719151,0.103449779761064,0.2500086347868324,0.3833824286266404,0.1556692552379412,0.3197385146922999,0.17420166,0.326386412,0.580645161
0.3284907509616889,0.6320536407834387,0.6257887361407108,0.6555975248961616,0.8711397122754272,0.8933878513257278,0.936143307173563,0.5515378040166585,0.8191923990819802,0.311094022,0.478890551,0.0
0.1780425398213823,0.558908285528054,0.2676770452093294,0.4879568729583127,0.0593182477855802,0.842482706537694,0.4215064406159171,0.6282859954051697,0.7788007142763133,0.160121919,0.425740583,0.36
0.5453237842034875,0.9153522801759348,0.7871101048994186,0.1311306565637462,0.4698232231150422,0.6558276478092743,0.1947164671891788,0.5781795242772062,0.1724187969262345,0.20890779,0.348203501,0.461538462
0.5913095830956941,0.219443756828731,0.0450713823581516,0.1052326816361011,0.8507625839023804,0.8008044002139509,0.1547669375883015,0.3886228868937045,0.9030378551927156,0.079515147,0.431004591,0.384
0.4251131222167191,0.0738945916583936,0.830219016761319,0.767194352415168,0.5010367595979599,0.763177696980742,0.2300591498901555,0.3794283247567972,0.2185755556439147,0.056418415,0.325711631,0.45
0.3268963348296879,0.9803588633266528,0.5970196149567705,0.6042451075023597,0.4562791609769904,0.2603279666010952,0.7033115824492864,0.3469890045291018,0.369783255317863,0.653736941,0.276913484,0.0
0.0014718103025634,0.1495819230364755,0.4696182246363177,0.7972290696747778,0.4774616200494725,0.5188020914961223,0.1542918851650223,0.5443201289804669,0.3465423921711035,0.098549225,0.178333283,0.171428571
0.0570421542586824,0.1153043061401392,0.2616439814396971,0.6876614748991081,0.4391739247827527,0.3287508143436981,0.0705283832821035,0.466989756277288,0.125674943937153,0.052835622,0.210519783,0.8
0.785756434103665,0.595834075499185,0.6390696910783603,0.3980593742850359,0.0103489472990971,0.6530108479521926,0.6360684032326747,0.3277339838137542,0.6354595667799706,0.323873087,0.439817122,0.504
0.6799834459314181,0.6713883635144711,0.711949753789114,0.6551565700793782,0.4714658609883244,0.5878338397412967,0.8058194703099898,0.160707052647028,0.2322026148018955,0.388213868,0.440603283,0.085714286
0.6157216006394435,0.3289535763784682,0.4976651644465842,0.2826349933267386,0.9753165863267208,0.2804584521795935,0.1630585993148026,0.2160019121211207,0.6594015101732343,0.087929727,0.064470717,0.3
0.8457350052230992,0.5813534260651896,0.5191108995650058,0.30643225643589,0.5875913970891894,0.3125929521200304,0.2064869268383943,0.0117774750922793,0.6998311110852012,0.159861203,0.418411075,0.24
0.6962380029437367,0.322877884343006,0.1123354044358221,0.8640692162313793,0.9417764619109648,0.5447512805370099,0.6095671927276958,0.1168861345588047,0.3718064921917,0.184680449,0.431579912,0.128571429
0.6364804063544482,0.4485984532295429,0.1025115062108513,0.1296588127317266,0.7992321985166713,0.340377028309083,0.8658134889995689,0.402534918980036,0.2896479803802092,0.168825625,0.397729521,0.386666667
0.2633830287751608,0.8344793500261246,0.0629196903646917,0.9744963398331516,0.9605176510897292,0.3236569687584524,0.7694910676470139,0.1695296379178476,0.6486270705481874,0.424752951,0.259806034,0.038709677
0.6290500141140218,0.1716117259200518,0.9384619199790236,0.4685067068106315,0.2427331695799699,0.901001402151062,0.4426774044351056,0.0654655714360674,0.4910461749900653,0.08068695,0.386528534,0.0
0.1224804253534432,0.7039633700555135,0.7935407276135599,0.0632624998153188,0.8456834203923442,0.4632701860952198,0.7048790434800675,0.9340974794090586,0.4765204055267033,0.356536116,0.248601155,0.367346939
0.9467831854378292,0.2247905234345578,0.6593918505795269,0.4414188302008948,0.823903510740933,0.4531465062162538,0.8658077772071446,0.8770103576700125,0.3230643122507303,0.196593966,0.439074201,0.063157895
0.8759999003100284,0.9270627781363008,0.4103476636366705,0.5269442137981061,0.1105402336796521,0.2474630872685024,0.3517780965951392,0.4540503647791373,0.0920136148541034,0.295708985,0.26456017,0.0
0.7720230153805521,0.4073294600884033,0.0261426014069107,0.0686397229067444,0.5812568713582491,0.1504605219670109,0.0849368714282585,0.776731461489171,0.5809104286852511,0.097575258,0.159234946,0.171428571
0.2037387885324477,0.0102335706897506,0.8025070601015358,0.95376106487462,0.3030550250182336,0.5044467504465031,0.4848313762075867,0.4645934993653039,0.4357706293008936,0.045631657,0.488132505,0.545454545
0.457997116408082,0.3852108775179917,0.4428276152242325,0.3039163437125675,0.8478628901336562,0.0815804761374655,0.0818644230879578,0.1778080173087078,0.907860894135988,0.149591664,0.095587153,0.0
0.8265537472337943,0.8914142056816077,0.4076277438599516,0.5640393469373627,0.1065444474125284,0.5054417101412073,0.8348079272927569,0.0898668444035031,0.1647825291221978,0.565351089,0.520997807,0.514285714
0.9255986741551578,0.6518301300557506,0.8146703924993441,0.901369573997912,0.2952441328889857,0.8143332787258529,0.9915845686717368,0.6357775451033209,0.579377581561178,0.309061118,0.482451382,0.0
0.4698037314736331,0.1386635617569352,0.0818802055134775,0.2046948608796425,0.0590947373924086,0.6047506244658479,0.0761095231882271,0.8025601801733591,0.463163257113603,0.086225332,0.385871427,0.085714286
0.5837165425867328,0.4924915339492242,0.8697507042562007,0.7039880521960187,0.0257895008601173,0.258433571001136,0.0893652933967271,0.9557456312326152,0.809491119279139,0.156532546,0.327431679,0.189473684
0.7971652079643318,0.9433355348157336,0.4212719878535695,0.2248634809419558,0.8146031407018713,0.8267622952789265,0.4977084583283352,0.4701007963255627,0.3811050760009515,0.284229223,0.67631927,0.369230769
0.9977513513836744,0.2629840356058336,0.3113688353942836,0.9995719991337406,0.6108366963977429,0.5420020425714849,0.3535770222418446,0.4310863576371853,0.3123044953034375,0.10037951,0.615758425,0.0
0.339495654986393,0.4463124801790739,0.6751325756326537,0.6535020111101816,0.2110585850705117,0.0973913353319206,0.0554407679672541,0.7077465871277239,0.036760770364892,0.138087103,0.102426741,0.8625
0.3966043900438332,0.5843397370056049,0.5042764535150035,0.8941302794743932,0.8617148893416499,0.3020342986338183,0.5381897443151373,0.9336608916796688,0.5402738416666077,0.247247286,0.328272874,0.388235294
0.7149102381876402,0.4175392944306167,0.6268151052184834,0.5256259122495555,0.9272099970625732,0.4099235588879852,0.3146314859970877,0.2225994366794047,0.8213982150112534,0.12707929,0.387620335,0.64
0.2033497191505507,0.4196350287323287,0.5505043804189109,0.9650581845570306,0.0062388542986547,0.5523758054764167,0.5973165784847648,0.3678084448761012,0.9520147355663928,0.224727457,0.306015717,0.156521739
0.8917024302135954,0.594210766689281,0.4489128492521997,0.0575142690468321,0.1061419720768687,0.7050380813497631,0.0188199198257269,0.7915449252085544,0.9824668493697004,0.251513074,0.458683723,0.1
0.6638414963667877,0.4319056201031758,0.1954615431618536,0.8307226286817262,0.0337777105352782,0.7089188791705864,0.72438217158966,0.23567411168883,0.4165429405176392,0.156072196,0.484674568,0.331914894
0.8650135264018909,0.2440474988586493,0.4667960397920478,0.8042982175499668,0.9561011305721951,0.3866429258912032,0.7664675750357207,0.1083671758411388,0.8732328620083449,0.163960127,0.476914473,0.0
0.2223495830163767,0.0863646268192822,0.9104473265788195,0.1072898221846215,0.4154748546120392,0.2538179541279135,0.5714805056284019,0.4301051459086745,0.0004878855732716,0.126363526,0.127039259,0.063157895
0.2533558956760505,0.4396341769677093,0.1973678374576197,0.1488012002089062,0.5140547364978073,0.6581164979684059,0.979450583252508,0.0622770353853914,0.9868309521272574,0.218973669,0.473584434,0.409090909
0.7396586983958785,0.99781937530082,0.7550531007117764,0.427075963233643,0.9561358496570412,0.5738016771723708,0.5637418752458963,0.6435014635693416,0.4667623235834183,0.746404062,0.491316645,0.656
0.4936174839219212,0.4383984193418671,0.2905994254606002,0.2878219737275681,0.7856732304458633,0.6293011349723941,0.1916328957714267,0.8916430631338541,0.8178338233227651,0.141370115,0.564981268,0.257142857
0.8693787374178663,0.1659810761121645,0.5132623376162787,0.8523351294423407,0.3202918321456636,0.2885183087076655,0.5631615792570525,0.3135069577797652,0.2428168666118696,0.116433913,0.450063835,0.491803279
0.1233906082587679,0.6408345569273214,0.1211521880990539,0.0859073835515777,0.2779105222790774,0.7930363994947849,0.6171785033162357,0.443423377543014,0.8552153440406339,0.322626732,0.295149782,0.266666667
0.3648277265287688,0.8701795771912734,0.540647761521527,0.0425592584819595,0.6216031327370121,0.1609669835988348,0.333296885239624,0.4495300508245556,0.9642612500120178,0.379825222,0.255373644,0.72
0.0286575781326418,0.9422454939635264,0.8615566853417682,0.45795480457541,0.651518261815436,0.2570745008141092,0.942110236433514,0.8120724625489154,0.0626575837065399,0.512114567,0.168587116,0.649541284
0.8497566719982427,0.8617794347197162,0.336524485144668,0.5761036553258296,0.3976715632496106,0.8121623519010746,0.6381499492431836,0.860129479780001,0.7399586527013936,0.471822335,0.565476703,0.27826087
0.7903236202433908,0.4652460241762467,0.0066503512762721,0.6412096143721466,0.378697954183804,0.296886918306536,0.9276045810554436,0.1795534658148549,0.0583476210727063,0.173260106,0.436374858,0.690909091
0.5782489149835714,0.3904740918268553,0.6681765262645702,0.8110005318949245,0.6333975269729134,0.8813377364514859,0.2580681827029183,0.3406787822709461,0.0070305206292309,0.120966783,0.385920745,0.672
0.6020202901230025,0.7560835272007355,0.933074554403923,0.8088487754523,0.9130328715875504,0.4704307990604615,0.1032643359586549,0.3607498007336267,0.936326974652559,0.342110494,0.504603972,0.776470588
0.8964613435899415,0.6541927527764256,0.6287835412815402,0.2892819355960301,0.0047269910277705,0.5163180374119466,0.722485073800412,0.0414522256329915,0.4581071170043198,0.32930997,0.589899708,0.428571429
0.6369386007958896,0.7382198856679637,0.4800856244125437,0.0237492877074343,0.6459090919029454,0.0702741990457991,0.7980218952079124,0.7152867718157092,0.2233830224337164,0.301156223,0.154738777,0.02
0.0771254704064293,0.5166005944653271,0.5505013953576219,0.7886544769904525,0.059677068124685,0.6004377793841087,0.8616971917427587,0.0409637634911006,0.8819253479766349,0.27910036,0.312614549,0.375
0.3371680895199009,0.4807190468797366,0.2632470404635026,0.4697991763755987,0.7392164682338702,0.2066440606460835,0.8311598734117598,0.1831803053169298,0.53284944072782,0.256799393,0.158217911,0.0
0.4981110404528496,0.1819869020074083,0.0195481276936423,0.5976880994172763,0.2551605066715477,0.8601283752071132,0.1328227031858532,0.8762378794080253,0.5432223910573267,0.042851549,0.519547345,0.342857143
0.6573796624626024,0.0318246851204986,0.6378965404829703,0.3372487274662104,0.4007121892699945,0.4790416341843616,0.6086185784018731,0.3362947754542394,0.7238650512133912,0.12405268,0.503258161,0.765217391
0.490401688922695,0.6760982198283573,0.4426268149071563,0.3243105129857521,0.8434864977916602,0.980702786964384,0.8243611751844891,0.8734696792633724,0.4168794431286975,0.328696609,0.517194259,0.1
0.7241010740842099,0.7685354845760756,0.2397688205392402,0.9201235686138832,0.6214688783603184,0.7830421702573235,0.4808320033850636,0.8187091928916929,0.756619963789334,0.291311784,0.329076929,0.0
0.3101054589393056,0.2150303877892991,0.4539022660607728,0.0756456851087253,0.2193681025496439,0.4122377891727069,0.2535163272398409,0.2535699965716486,0.1002823938862754,0.09558232,0.179546818,0.4
0.0339580519972793,0.8992051872721817,0.8859179299893757,0.0611277649645454,0.5625027428819721,0.840328266200138,0.7881054750842132,0.4612750310469661,0.8542504247992172,0.501362331,0.198332977,0.0
0.8668079012976646,0.6828275640117135,0.9451217084983758,0.6008148178503014,0.7703614848874858,0.907788293276742,0.3541688001061731,0.584867401895631,0.707571097432939,0.286796394,0.460608825,0.0
0.4949818777676865,0.8321187269679219,0.8350008473196017,0.8332976716303451,0.2482988950968649,0.3477922333779141,0.427497812274758,0.624088479840124,0.6125227025838744,0.343558327,0.236500765,0.0
0.0076327761990955,0.1368807266408096,0.9135151171261529,0.29976338063219,0.2224170431704243,0.725288880455054,0.1536810963382858,0.7849377673098653,0.3436312355804577,0.064217044,0.270322192,0.466666667
0.6264875829610217,0.9552106837166524,0.0020606034074641,0.7146855093601627,0.3007204317578685,0.1101902272398243,0.994457798329217,0.637352540868337,0.8452156448440319,0.526494846,0.164577475,0.0
0.8779935075807258,0.9649991833440116,0.4809610118291699,0.2084530688355788,0.7240743225967583,0.1448218112975768,0.1298788678073885,0.8967380877712869,0.4626062949325096,0.370627743,0.251145061,0.494117647
0.4899489398187746,0.2117563110235131,0.399951851815998,0.8189216799196614,0.6227840699277422,0.2621054457321353,0.0266308234137866,0.2533765057319714,0.1329035321804962,0.083987101,0.22590988,0.428571429
0.9355043924930988,0.4985323179323057,0.2632328849449986,0.5901020307826922,0.424813978615813,0.7980890514769707,0.0118289416702764,0.6506569351386154,0.9164332468769332,0.225762707,0.641241995,0.32
0.1556399076786045,0.9217439336705512,0.1410952596046928,0.2697942906226501,0.850621905125626,0.5239061246093395,0.6369215935620163,0.3749403451592523,0.8330967045171352,0.62378838,0.263927215,0.33
0.2975992103986626,0.8710396218784815,0.3814231421544461,0.9697781254900056,0.6857160942338273,0.4659463256442692,0.7473860780931786,0.242542306003014,0.2385123694120919,0.411730059,0.296782231,0.031578947
0.7835132676667631,0.972681521970746,0.5746595606853079,0.5422939063405647,0.5472379444306836,0.9467226734052868,0.8406295982847118,0.7103555661055699,0.5230332880794764,0.79163498,0.588445092,0.0
0.1722472986603658,0.5949398320470293,0.0679324319447077,0.7237840790189358,0.4673402542048569,0.5498549263355764,0.509676708944799,0.8623328340134901,0.1309867666992694,0.258242435,0.29437208,0.452459016
0.9304994154283448,0.079003059053358,0.9313924197204152,0.7421139958681263,0.810696420349522,0.9997435886786852,0.630048207507767,0.2580913616480671,0.8065773443934564,0.113456953,0.513806315,0.229787234
0.3073532120105779,0.5532905597839449,0.8450410312885341,0.2735377291894006,0.8379940726466083,0.6206222592738764,0.3962722182310335,0.7444446081028123,0.9792352421181296,0.221473677,0.493013536,0.389189189
0.8533049940602135,0.0218305250866945,0.3874569451196599,0.2452085063961406,0.9878010728940718,0.4318727515712802,0.0913987752965036,0.17437003704131,0.5670794871974817,0.091041037,0.596397365,0.757894737
0.3626768607778424,0.3779567957681299,0.0560780009660183,0.2436971571985171,0.6581329325407135,0.2896682300022121,0.8865365078989762,0.7081271668159218,0.8621195826583712,0.183538053,0.235001444,0.133333333
0.0635741718044912,0.0783850092978057,0.9757493625365063,0.2735751054006959,0.6808832025155283,0.747158033119642,0.2407323963160226,0.0369826536100199,0.2107973061145602,0.053861752,0.311758207,0.573913043
0.3707038060258095,0.8915246876746361,0.9972642737971438,0.495364613219599,0.1725905765287109,0.5581614996475951,0.5209112269125292,0.8497453169462371,0.4109692453752723,0.518710395,0.398276376,0.097959184
0.7221655627032538,0.3278469651222065,0.1064528811818099,0.8461230023215244,0.627294682398108,0.4451372561685141,0.4338998681486605,0.965556072317961,0.231968317417376,0.073626171,0.237339552,0.3
0.0742388112626172,0.4040372983096498,0.0871682761493499,0.5973978304574545,0.6922186925726834,0.8506571624378017,0.0611809627279719,0.713876645090645,0.2542608335252352,0.099283906,0.182280934,0.0
0.8531259319970989,0.3679155400872576,0.4960958041610042,0.5345406086509314,0.2526377626893107,0.2963256908731764,0.3490619163412568,0.4640259718238428,0.3212952407215979,0.157106978,0.472028242,0.327272727
0.119444352919903,0.1232098527405846,0.0566478915690523,0.6389606583716441,0.4588896143824857,0.8484507392439415,0.9269018868054042,0.8573372818472959,0.9640495339887276,0.107343072,0.365495207,0.454545455
0.0615756938543927,0.9459753370938782,0.3883317333340786,0.0586109262604063,0.7304935122834403,0.6215892093947634,0.9693240539631142,0.2403906231407104,0.0074880765097757,0.483971043,0.209765244,0.757894737
0.2600517819135671,0.7233212635411552,0.0919060391097797,0.8037207218186957,0.4807328683572146,0.5150428085015816,0.7491808652645461,0.2216225819368595,0.2858810758661811,0.344865769,0.399974589,0.408510638
0.0400074295498368,0.6250824063957253,0.8722482931485527,0.8244114905510881,0.2718606944666976,0.408883784413074,0.0444456444078871,0.2886907274155975,0.3752629014953612,0.188090748,0.208821495,0.857142857
0.28562315033216,0.5021208096029932,0.0553476245539896,0.5598084911819715,0.7224703938020098,0.511140345369136,0.35168234397578,0.5207693718217723,0.9150767390843608,0.074901018,0.53150538,0.15
0.6321943977707465,0.0122860257527416,0.6983535368535332,0.667832177398103,0.4834521467544334,0.0626581139445029,0.7513729597704816,0.4037761145767551,0.7543030589814111,0.085671699,0.175117006,0.28
0.9385067057389566,0.9915073946302644,0.6726723577645257,0.8567428053980243,0.2977268838446507,0.0874321369856589,0.5848990238404177,0.1759710095845189,0.0669582750107635,0.665505396,0.332088606,0.701298701
0.72986343711236,0.6604583459840554,0.1939108639360448,0.1016035326279021,0.2882657336216311,0.9282257029588205,0.8215790316227878,0.36504205555304,0.1920159920146487,0.280316396,0.599420235,0.410526316
0.329616910095603,0.3384473331859152,0.6624034672280158,0.4752877964266639,0.2672709207090203,0.0371124612863645,0.9324230143976614,0.4719096890209893,0.603037439383885,0.192611667,0.143439336,0.613953488
0.1699363866556553,0.2710529032146783,0.4731715029220977,0.591256048498423,0.7505839231574051,0.572356861798324,0.4677740051380883,0.8581680449150447,0.96897453553548,0.104881874,0.313691173,0.257142857
0.9857842829152876,0.4823280208580318,0.8571868618611791,0.3984579720579831,0.3493432312559577,0.4614411538038858,0.5420394930883646,0.839855483841112,0.4672408133681663,0.21079283,0.450487905,0.084507042
0.1835197315902711,0.1891966522784706,0.6726792731378349,0.5110254490081939,0.9616552157185014,0.7093841088469639,0.6064827434288309,0.2958962570258172,0.3749539544018444,0.123759108,0.335489101,0.313043478
0.616375429135402,0.5074415159341246,0.7229496083472008,0.9645811570083112,0.3430224810177019,0.9125428451113832,0.4588727065243696,0.5942644366644302,0.2160731525300772,0.121536177,0.421213733,0.378947368
0.351240203420304,0.4583373818427305,0.3050685599949198,0.8993742512117605,0.4928494609421732,0.5962824274011578,0.75171475593034,0.7033445401472815,0.1200342418916043,0.176357494,0.248737615,0.0
0.6557138192543319,0.1205423849278195,0.1644081707897247,0.5555383966795348,0.2081991715516359,0.5619305302212407,0.7702418853771892,0.8869827203960605,0.1556716184987306,0.099908978,0.406693755,0.346153846
0.0499007626061157,0.3443253136668426,0.0581424786604196,0.1295551700509239,0.7570674174266759,0.7278170700736349,0.5922874384725291,0.7771508828631197,0.966440296108903,0.152819882,0.290006093,0.428571429
0.5454028219328799,0.0889702829012548,0.5461044124924523,0.2855313108630656,0.4850961923088814,0.5207825381019714,0.6948035882716336,0.3635009140790031,0.6874918921238666,0.134568088,0.431867659,0.591780822
0.5639313439879633,0.9525023482688592,0.1040215550966171,0.5402872303539022,0.8670370668201668,0.5581286939356438,0.235243781568475,0.7059359203083845,0.3462676774306444,0.13543385,0.556911408,0.821052632
0.6277062233211029,0.4626535885945344,0.1727650312549911,0.9232340624017018,0.5073330614359586,0.4920736067386762,0.4938818288010839,0.545470517300857,0.6773294318309948,0.159640947,0.643554717,0.0
0.1208608818038781,0.3707155420137221,0.6213104353637098,0.6208652585221788,0.3464899179694433,0.7696034197188063,0.1712136837305762,0.6159651556601992,0.4460966503634634,0.132539051,0.331445509,0.0
0.4971367319192132,0.9386979058174324,0.6155324206359574,0.5837180779499017,0.5505965332823364,0.5808305729427261,0.4836621671968346,0.3930227247595939,0.1545470411122231,0.192653018,0.380514235,0.12
0.3186425084596093,0.334412756480156,0.6868575432071002,0.398271102750559,0.8058617502012158,0.0474603537085727,0.318647440944616,0.6672079724850809,0.2185363485702972,0.115609119,0.049329275,0.0
0.751559130943864,0.8891628096538209,0.5978166030746506,0.0007801950846515,0.9665336281915948,0.7489969551121817,0.684437473109365,0.8567205980013967,0.751499328834763,0.682700533,0.498001187,0.162162162
0.3337532143012555,0.0194985775879869,0.358489377687348,0.2561172955332648,0.0018740425258052,0.7511721588358986,0.3797636406520067,0.4672042289398258,0.4302862889657517,0.058038513,0.448066511,0.614634146
0.4343650818558404,0.4561295378730385,0.806415656853443,0.898342780130677,0.5006209137281363,0.7095050983487412,0.4921417518851669,0.8875308014539481,0.7951908512259944,0.155828376,0.498644206,0.114285714
0.4110185213955643,0.8235088075608997,0.2340792830338408,0.3045638695605251,0.0723011517694569,0.6237789602725564,0.4362371597228959,0.5444560098069604,0.5316657471916447,0.288172159,0.434534274,0.4
0.4926843204601808,0.3211008984067125,0.3574690702813266,0.1340902466794706,0.7674598305634394,0.8506778038580081,0.7480053958234776,0.5531193623960101,0.2694800540078227,0.143834298,0.4838584,0.167088608
0.8427495955106933,0.1220394009047908,0.4454061734400104,0.9450830529058925,0.2314629084182734,0.9976946870818232,0.2368572900919333,0.249167638896032,0.0352837312247961,0.077618586,0.122278221,0.0
0.6645604575957659,0.9338349531952724,0.5239928703488698,0.7543195099335249,0.9066585835297516,0.0367948415731618,0.7946553213540648,0.230749123080766,0.2003457447297131,0.586891832,0.115997546,0.501492537
0.6521427638379118,0.3325925428003917,0.1317140607377979,0.2217218591358467,0.6020656714835065,0.3645139702088639,0.0677333167125407,0.0596321149001741,0.6254571549745503,0.109797767,0.362113748,0.2
0.4208787798950889,0.1678075662706837,0.9493911737546854,0.1317651190134262,0.0207109910352689,0.9682677942838136,0.7978572380758051,0.1091074328467609,0.4911152281300934,0.176267175,0.540368667,0.60952381
0.2027383668340909,0.5977547328953842,0.0356235516603357,0.6273468458279481,0.265273010396679,0.6033678372772195,0.763717733391405,0.2348044618036945,0.6414738765622596,0.263742381,0.341863111,0.137704918
0.26405114174844,0.8280454902335815,0.3123865880214316,0.7232198027069191,0.8912726352891995,0.2418347423256153,0.1976212647781516,0.8944998485187942,0.4322532811070323,0.304321394,0.278188819,0.45
0.8388154323694703,0.1280657423217374,0.3999521024555601,0.7012139373265603,0.7678166896995384,0.7016496278821056,0.8815527890921419,0.2590024830039382,0.4684112918965494,0.103695598,0.452756378,0.394029851
0.7599546839112942,0.7672504418359961,0.1380686795369313,0.0062323989608088,0.4225982963863182,0.2696614129554378,0.0844613437427536,0.2967984450169049,0.738432511776327,0.221171904,0.23457523,0.628571429
0.590992455267697,0.6257737168830226,0.7324054396450322,0.6107180208903411,0.0419839479536089,0.7672777029371058,0.8975266230813009,0.6416790914734352,0.4256210341474344,0.371534329,0.474946866,0.08
0.66390637974774,0.832267985277818,0.0650993469183324,0.1508063925230464,0.7065593947118028,0.9837423363578636,0.4800481352629405,0.7315335170822834,0.643714435622228,0.221991123,0.662910838,0.2
0.2694246744599389,0.1451154531415494,0.0008000820424994,0.0671429323861513,0.0520007737158492,0.459060911354893,0.0289054830702586,0.1193212365911808,0.5954160154243295,0.064430339,0.469151899,0.0
0.4811422925434767,0.5722548078758993,0.0617132339835573,0.5731062875872168,0.0498933451952451,0.4127680751358562,0.3824900737619748,0.983846877473696,0.5883612035562868,0.18875941,0.420602657,0.32
0.8365778805922106,0.4681985327326555,0.8872997163661471,0.807814006073182,0.7595328360901457,0.5354898966091318,0.6234104474163802,0.1684120145146824,0.6443544292956946,0.304488549,0.499901218,0.218181818
0.7580944032927901,0.7850046192620297,0.6620126651752605,0.0768146016975772,0.7067434879953673,0.0752422445965457,0.9099033421446708,0.1855214516097693,0.130506016875849,0.365521409,0.191364657,0.087272727
0.6150934435131946,0.7378403880637233,0.6363873078375317,0.9629634333152188,0.7216954460179376,0.4203492362222295,0.6897163492123167,0.6797618434202599,0.3510987676276859,0.430345116,0.274871586,0.070588235
0.6685168312536939,0.3565928459671789,0.4971138904197016,0.9125312479431352,0.2107082947419934,0.1975908214419814,0.521463890132044,0.5210605454283453,0.9890696718627668,0.232199576,0.434801436,0.617142857
0.0322063472814795,0.154252968430996,0.1446149899117328,0.0065618710191249,0.4286323906502061,0.4344657823579896,0.6964270391941544,0.4979913922880374,0.6208650580009689,0.119734586,0.236727948,0.46
0.0245288913366935,0.2513371167040682,0.0677173480491812,0.1813481565027859,0.5356023572400628,0.3735087247509729,0.8628996174304047,0.067371550984225,0.9270674885855636,0.138299288,0.111710334,0.0
0.2118769571846083,0.665841933744502,0.601861277266651,0.2452372773566349,0.8953737584680781,0.3180561265365125,0.8476300649767966,0.7759529127591889,0.0516281589873984,0.2197177,0.2239867,0.204878049
0.403275419570923,0.2841153178892315,0.2686566639395155,0.1666326502331363,0.7132178654650598,0.6059172496798287,0.8679165176755282,0.948225381041277,0.544696215100949,0.160302835,0.473514895,0.282352941
0.3132542225191361,0.1956640679813489,0.5955684636205008,0.2615399557509944,0.8621252218814943,0.3182336939419042,0.83814779884192,0.2934750325062644,0.1146304156834649,0.127761571,0.182814032,0.1
0.3189905351146935,0.3490932079516633,0.9047087924658056,0.5050570152238679,0.7264317710406331,0.6957897303904895,0.2699752457144022,0.9291984965084912,0.843219839065367,0.144008516,0.391121449,0.08
0.4861364652013134,0.6196445456974993,0.1298951241645294,0.8388431750309203,0.2199085212662557,0.586710182103951,0.8262240438656732,0.8256814282313963,0.1539340714391056,0.238583807,0.498704875,0.393442623
0.2189483548514635,0.7767778071021374,0.9951880741966708,0.8696801438203362,0.6882378348815915,0.9750131242840392,0.2418929141126942,0.574639550474979,0.2680851627691685,0.362123723,0.554061024,0.635294118
0.2631418944647875,0.8927107564189816,0.0478914836722021,0.8951214051860985,0.5021843965060399,0.1031784669131005,0.2210210819888571,0.9518646202064616,0.7392726567093617,0.290235715,0.248364174,0.675
0.0466337216954606,0.4889592094281108,0.4592075072749372,0.9191800932487793,0.3006207693520604,0.6033410722357269,0.102667960061239,0.2541928425974847,0.445359558196108,0.16249275,0.244337326,0.342857143
0.6435572213853835,0.1374682525726874,0.4760554018544827,0.662926912557434,0.5992502242093046,0.1624632339456068,0.2176030980847222,0.6417430097217531,0.928024040401282,0.067151863,0.081135563,0.171428571
0.1400552367192896,0.1556218302580568,0.0651850401557267,0.7738726282519345,0.5055943106627404,0.16857067038434,0.6690116316074604,0.5168147876447993,0.8830730943314379,0.126925827,0.20484279,0.626865672
0.6242320348914673,0.8980903940941743,0.1627451875053722,0.9421639030403802,0.0694381861561975,0.1462515903118454,0.601651126351153,0.4464512440823336,0.8024226630158457,0.434635498,0.254816339,0.269662921
0.4974665022161704,0.1894446719687273,0.5252315527062055,0.1052831456249286,0.8711377158799561,0.4529525297794208,0.1121158656983867,0.443383197022818,0.9482049451929556,0.112023787,0.389465524,0.54
0.6008809616100075,0.2989102205335191,0.1482429559773262,0.1211420341226807,0.9643254118719083,0.3519569676022751,0.282239627524469,0.0605462348791201,0.616590003867586,0.103599191,0.38535022,0.5
0.1534595305532984,0.5918010496254984,0.1530874129198847,0.2177707498771923,0.3937523159051659,0.967852150592103,0.1911492261866086,0.6285021831924789,0.1082249497289026,0.24460231,0.198723191,0.4
0.0134509145107847,0.540300128088575,0.996279669381794,0.607866619588197,0.0179595380861687,0.1855326145957814,0.0315034810929332,0.8666222776659587,0.4626542366040189,0.126538014,0.112654299,0.192
0.2656556802190972,0.5812523940151663,0.8086971886775159,0.8037811076481491,0.0150330083710665,0.4336350593348526,0.2183500524655836,0.6025633855995088,0.5300886947574096,0.197094665,0.301553064,0.2
0.8011787069131497,0.7651560817798609,0.1770989796135471,0.235271084087642,0.3820598622435427,0.8628415689202483,0.7479648860447883,0.6291400494908778,0.0595664304305608,0.327566169,0.476871745,0.355555556
0.158504867904732,0.6743189507474328,0.2926113668458087,0.2578541743062829,0.8739245506821001,0.7947211187873474,0.4469126425519317,0.026276748147626,0.5570121635882666,0.229348937,0.583188364,0.66
0.2405546160219053,0.9097426600979206,0.6011862261996819,0.1905189287727002,0.8377127089736924,0.4926125680129055,0.3398973966125611,0.5957322254052038,0.4351468846537342,0.402387922,0.342579343,0.872727273
0.4931790943810223,0.0529370164836601,0.9905616118490528,0.1317495273122952,0.6758991704046249,0.2054373386340084,0.8085507858445841,0.7537002401898071,0.1661467766936583,0.114318128,0.225795597,0.535714286
0.9389777835954642,0.0400109671773479,0.7004728873284123,0.091557312878294,0.2113751146229955,0.7325780496509925,0.5804038102908253,0.3974947222226652,0.2155813978288182,0.07870095,0.501848649,0.61512605
0.9556321445890968,0.3527651776503329,0.5193730232587145,0.1556567507814502,0.9611474210343844,0.8844483432801225,0.4059934028988122,0.4958332129318101,0.9291279010094624,0.145816981,0.579691749,0.0
0.9518001635316976,0.9842090803591872,0.1662499987019308,0.9488888797295564,0.9379317331002268,0.8203414436040737,0.6604621683005734,0.6059926621024635,0.1066007436115493,0.515311992,0.363578408,0.0
0.0838233634106905,0.7396147786568794,0.2429647687020867,0.4863391045530064,0.469786184725483,0.8877261511961921,0.779908091848292,0.3150960544572401,0.0156808235672959,0.410776896,0.271763001,0.0
0.3924375756745518,0.5704591834574747,0.0249159553460933,0.7732643805793878,0.5977152984018753,0.0216472663089078,0.9966668988215392,0.6194710028725977,0.210170853191733,0.228426933,0.036958948,0.053333333
0.9098424797879509,0.1902097898950087,0.1345406312796894,0.8215724102911713,0.1390087372063504,0.7571435432083684,0.7264038205479029,0.8159653135088273,0.970352025982006,0.142313298,0.535612408,0.218181818
0.402289544890472,0.3311712240994048,0.7065055445776375,0.849294054786238,0.3451101337734717,0.8918668912364149,0.4090937075622853,0.2590024212569711,0.1279433229531826,0.113741022,0.428330899,0.426666667
0.5546376939034131,0.631063055099271,0.2655527928796486,0.92263759644349,0.7894481330010205,0.7142115304866427,0.6131523052806034,0.2014066740381028,0.5184691538117505,0.321941966,0.420009155,0.0
0.39969676211431,0.6822440810017806,0.3820106972959455,0.2845819131163689,0.9263752979097896,0.1469991077892887,0.8977359793685377,0.6366731436385591,0.5276834058699313,0.343575144,0.126286516,0.04137931
0.1775634414938393,0.8414285424045789,0.4264058349303365,0.0276480113464009,0.3997202063485915,0.8500772582220323,0.5331070019749532,0.3808268788102629,0.275015564202689,0.393949507,0.415618122,0.0
0.8872252276717705,0.0045188190316383,0.6218591287381191,0.431020052942221,0.4138846239219965,0.6226861260485365,0.3678554745545869,0.3981883822167612,0.3787922642050609,0.073903175,0.525587147,0.564705882
0.0454060872218575,0.4368274411990011,0.0874793971538334,0.6002515514651688,0.68048734858503,0.0212048239861051,0.2463637814848608,0.0797804027155217,0.7400958810445464,0.114526059,0.008932209,0.0
0.3345544877285432,0.8869021335126933,0.8257018234917116,0.8732120437792217,0.6980892957394311,0.85786392810887,0.3026895626460859,0.3185412346103775,0.8070032029959531,0.346115623,0.489880496,0.0
0.3193642050535339,0.91788125808479,0.8279507149602419,0.4170708639239835,0.1257355105393832,0.0661370792716926,0.3967674096230003,0.9124788299535034,0.8375350617920406,0.464629359,0.109248111,0.553846154
0.9538328670350592,0.3206775545548622,0.8578385004196242,0.3765064780569704,0.8750667922094774,0.5934336183024536,0.3445762944677637,0.5772224371576686,0.4981908089805684,0.106518699,0.527404671,0.369230769
0.7957917857921194,0.5570069485448919,0.4256177798123369,0.833805258542065,0.0649682735550372,0.0745994391446924,0.7688419814639107,0.1896086076467469,0.3953003444695213,0.232446142,0.232970722,0.2
0.2521068863258986,0.1394213081758289,0.987223577461434,0.7271994943282932,0.6737027301221749,0.1966663623323904,0.550491180909267,0.3686246034914404,0.1537286657749814,0.102353105,0.288505728,0.6
0.92125445085642,0.3917669266475186,0.9300260090976292,0.5796795530097822,0.966657182310102,0.0259088614179024,0.4111289937099455,0.4527237051378937,0.9821276705770564,0.171454289,0.24316241,0.8
0.276682634918602,0.8539423290954566,0.0958889244758609,0.2695590496476573,0.5123237504715727,0.6148156987132503,0.2732139831192073,0.5167290250375174,0.8558025767233007,0.402490752,0.364003235,0.0
0.374117207327437,0.1931293908945649,0.2099038132470979,0.1780624552884251,0.6841534602730499,0.8206414464775298,0.4594153328209738,0.1366741691183636,0.3699726022498851,0.084793744,0.418214818,0.225
0.1644178819906839,0.947446818207377,0.521209815641662,0.4755325081826818,0.980980425099975,0.6975737412890065,0.1667974731630059,0.5190090456495734,0.3381841465064634,0.295888396,0.440535173,0.0
0.8256608589859595,0.0500544168699232,0.8156036317727151,0.5449600694207373,0.5540111089310555,0.1042502844201197,0.7420504682931293,0.4221099282562525,0.0671790629688033,0.078751605,0.185339127,0.026666667
0.2674594623409385,0.2546019047420738,0.3520602344680967,0.0880129606042245,0.3380932203498721,0.1996147731034009,0.5895366863621359,0.2271552076970607,0.2369237689926635,0.137155706,0.12849513,0.034285714
0.7433283673239663,0.6517459382618865,0.1542984445404596,0.2881174384343951,0.0514660650479622,0.6009962463873615,0.4045944298172269,0.2245099576193459,0.8032969404272523,0.243619937,0.336515402,0.2
0.8139498431799016,0.646640645273107,0.9548042329108136,0.1924552590787299,0.3006013476554848,0.4067644272110511,0.9874615210869822,0.4379171347415809,0.4307181463279106,0.361271169,0.537954394,0.12972973
0.1805044189586536,0.6166833867812422,0.595950175668114,0.4615360291583894,0.5167100404598394,0.6265216283378109,0.4686255547670455,0.7471525903993856,0.6877499051681562,0.27725227,0.248368753,0.0
0.5199013339676496,0.9178853135259613,0.8179870899887473,0.5326183190360014,0.9626783027632916,0.0116205499042091,0.1458588123570358,0.6268950596340038,0.48584726159804,0.403203244,0.058861218,0.709090909
0.6143467725683256,0.4720368737368468,0.4604833379461251,0.3858297525942004,0.7320341404235009,0.4179409889560802,0.2428291244035193,0.2759395698239616,0.3783704935932265,0.159145569,0.520039777,0.45
0.0259597897847085,0.7632235554523423,0.2023816460944109,0.3732059159139052,0.5308587222499743,0.0723879659211649,0.4046710362839382,0.5833328860930312,0.6980675374118711,0.320096279,0.023405393,0.0
0.3803197484469821,0.6830360231960526,5.621358235907703e-05,0.372832041120824,0.2664265743556904,0.8082855122330388,0.9997181469044312,0.74311001616404,0.00793394499242,0.213059849,0.344932276,0.0
0.2233941372651973,0.8675219464842852,0.061351008295829,0.561634799822593,0.8357224036605174,0.3848040607639313,0.1557201907315122,0.2448616130933266,0.5193375633059222,0.314918834,0.232903308,0.461538462
0.6048584805270156,0.1134337014111794,0.1263231952982128,0.6565547281318487,0.0303059577995172,0.8656608550790138,0.095294327047285,0.8169989336779491,0.5842990244711224,0.041050136,0.610926377,0.545454545
0.5134558857776039,0.9387027964418804,0.4840795274653671,0.2270943691301301,0.3638651660897189,0.8160424875112152,0.1679687919548667,0.7974519138764545,0.0099148338323402,0.343062123,0.252808201,0.352941176
0.457358071877899,0.3810111654968473,0.8655256816193168,0.9686272583272636,0.8122026533136654,0.0759641701727951,0.2956224658896826,0.3808635794634476,0.2326402015047179,0.135999826,0.147605746,0.24
0.3512710983838071,0.5176576949727997,0.1523272030656964,0.828016156316161,0.3351591202295093,0.2568500707178534,0.8242027550702753,0.6379575072715459,0.6610214915672994,0.26436742,0.328729241,0.695652174
0.7563246801847646,0.5629864358040787,0.3672779642409053,0.904949729488256,0.0609243249409736,0.3486554503435404,0.814050529692413,0.698204960573433,0.7795895908634264,0.262652879,0.428681248,0.315
0.2876768030415741,0.8404703564052012,0.98275566527765,0.7739896766987913,0.6402259316117096,0.4405450925928148,0.8963203180642616,0.4181032133964746,0.1296652401779153,0.450987412,0.286785607,0.448
0.2374808619616226,0.6100615266144547,0.361585636652911,0.5673020353808778,0.8421171872589621,0.0146883955947341,0.4263785652599234,0.2738919417319153,0.2614755120014516,0.194954247,0.042581447,0.327272727
0.3450780901703179,0.4078226758399512,0.1274876608656161,0.1722611929934103,0.2651938551289439,0.7654308943716477,0.9000987547924032,0.6004960414379972,0.0292171788006621,0.193913365,0.390198157,0.590163934
0.3542508131344054,0.3579280862588208,0.8708746272206869,0.2525916022893063,0.9860379122277912,0.475890464589033,0.2434734325170932,0.3645420228619739,0.6637310071335236,0.136210696,0.392828757,0.35
0.0436273924406296,0.996371440887537,0.9732380413336646,0.6130637322738168,0.9802999389702528,0.1515566267703659,0.7019377857358872,0.711432249010834,0.7565078907603873,0.648354166,0.136549086,0.553191489
0.0780196665464779,0.4945331370168186,0.4039844398594996,0.3351573583135113,0.8119236282227446,0.8426930816436335,0.2651715945843843,0.4381138509632011,0.35214665978361,0.158667962,0.24343815,0.0
0.7720182028327296,0.6153783193955623,0.6527689185344133,0.582727837975588,0.5869862170846538,0.3016331844482259,0.4714246803561664,0.2768439353942847,0.1807142377430552,0.236429018,0.317201728,0.4
0.4846068327569746,0.9278427767092492,0.1497325437155531,0.3266401478646333,0.3567333941391821,0.9764179986533296,0.8762097139383803,0.6706452834441232,0.8763861439710404,0.490430967,0.547037001,0.0
0.8372499900371536,0.9661972539107746,0.1532819951577867,0.2630795207041912,0.5835156606467576,0.6426911335973,0.7106268474405416,0.0952523468854391,0.6442422953498663,0.637741698,0.556817842,0.195348837
0.9340730390944312,0.4455601953090102,0.9793947694827766,0.3271097577423543,0.5742155178291111,0.2708518815027363,0.1599496738461679,0.1653490987997723,0.6878524105424396,0.183444139,0.393776391,0.6
0.9089917103779472,0.3138584077243347,0.9329631322032652,0.1427143674705369,0.1424468643770813,0.8105005665075944,0.2177374787307955,0.8058941512239506,0.6765887773560291,0.133928812,0.736520966,0.3
0.7707715717889332,0.0629897801860231,0.3486985027070696,0.0622383917198396,0.2938999904260574,0.120395900078241,0.230185892531061,0.4228496604200775,0.3215613857333803,0.059039435,0.333177613,0.742857143
0.9706173303185424,0.2025155587011471,0.4074444591861491,0.1380314974121904,0.955182035362563,0.950837287848072,0.3222426596849818,0.659979078442016,0.7811515889931616,0.095097248,0.304546405,0.0
0.8317109321664172,0.7081379056172479,0.5133737763469312,0.1424819453999635,0.5221695835835227,0.0266398927730923,0.3053201389890083,0.0853270411723474,0.5988327878629001,0.151984385,0.28049768,0.64
0.266393809967664,0.8657424343182109,0.4836132891665228,0.5875251704323783,0.8872917568276285,0.1138644911697251,0.8604214505282057,0.6465861396389341,0.2566401344574081,0.441261032,0.123046399,0.138461538
0.5776604229744065,0.7078537854703455,0.5610697834248757,0.0756703352040576,0.5841374803139123,0.3354699415011087,0.1607387755709752,0.9713875689737124,0.9716887495230904,0.22254449,0.269625545,0.48
0.7466452101751853,0.1699675340991328,0.4238872699367227,0.0182667258901327,0.4942526658428684,0.2642043694079147,0.8669515938213413,0.1222038092306226,0.6768862198301904,0.146069837,0.378640935,0.48
0.020428567213253,0.1095194304494099,0.7753585540515575,0.0340955903767485,0.9151733129359066,0.5572182778310909,0.9027585187615952,0.0330920459121598,0.3696308032071677,0.117124475,0.197356119,0.141176471
0.5790515423583555,0.6018686311074849,0.8989790113013137,0.1166601747963188,0.6306908431862759,0.523953651248535,0.3475613469051939,0.1030189795734223,0.0432130484923716,0.214150041,0.394918183,0.635294118
0.987194550771662,0.6450807445233457,0.4168320721897024,0.6371850747812386,0.6140243500700174,0.8852908520016672,0.4952583403679804,0.4974812010693066,0.2958933348483021,0.168162515,0.651477819,0.6
0.9999145131752564,0.8424252878576357,0.0654775977773471,0.1771909261632217,0.6910467233252694,0.5223075902508606,0.5109307038840256,0.2799402852058474,0.7010193731393598,0.536708118,0.460686544,0.647619048
0.1977592891477659,0.2798178511527003,0.2917849887122571,0.007705457540577,0.957113425952642,0.6736453260250095,0.4279642657759148,0.6226407913740151,0.7648712516255024,0.140132868,0.317585091,0.4
0.2835344209554117,0.0386563447168921,0.675166780860667,0.0800674349853642,0.6570657479220393,0.6582803247512304,0.9927203667465296,0.8999184763992051,0.3041675130116282,0.087563603,0.468365309,0.5
0.4058250975646714,0.2815744271864574,0.1588333304539794,0.8623679545784632,0.4848264208794629,0.4100508603567625,0.3031591791129936,0.4592591799995005,0.1241672952817946,0.080440317,0.405427657,0.857142857
0.8606496735875054,0.5482802983307732,0.6901016384396264,0.6997635531121098,0.7814902267920297,0.84463718774432,0.9492893501724536,0.763876863467386,0.7474553501948528,0.266568004,0.521004569,0.067924528
0.950206325409686,0.8823820742921801,0.2161365608756839,0.0614307702167016,0.0287363482937164,0.0299530426712352,0.731644050574773,0.2770879155372994,0.5076537428037939,0.523671876,0.139186592,0.525
0.1051892152898386,0.5013071222664225,0.1098612525885331,0.4190840434203242,0.2161034436393161,0.4384945778816943,0.812637926714861,0.534743107358016,0.7658276440789191,0.233369247,0.331694388,0.544444444
0.8297087121940678,0.0017300887091196,0.737297413837369,0.0808487184064953,0.2989707906457199,0.788066179281724,0.7430984288951117,0.0344924861440345,0.8562539740979643,0.104282815,0.57659354,0.545454545
0.2474034738604543,0.9033249848621324,0.8395167860462797,0.3111285982112306,0.688995785952652,0.6431853655097471,0.9378238727818842,0.1201633475893045,0.1202391012258079,0.48330929,0.464525922,0.6
0.7953064267590344,0.2533469290970668,0.2044524150740917,0.4609612587796322,0.5618424271136339,0.054408516163983,0.9870156639372544,0.3001931160796663,0.7574844396308887,0.14845382,0.18031865,0.377777778
0.8437414506041754,0.1281709484781991,0.7539570238322094,0.2738094572326348,0.7076156039903616,0.9464008748578424,0.6939677027076063,0.2102231645839313,0.7877974200126268,0.104993172,0.559665978,0.0
0.5390331894369965,0.1376696050377392,0.8148668053595529,0.0029473406807826,0.3383438429752357,0.3788063557854835,0.3760812705195621,0.7137045547415486,0.4971905670419069,0.080009262,0.29762289,0.171428571
0.3934114225289739,0.517731428690583,0.0103047351427441,0.8004273453396136,0.7313029190968964,0.4118752642658979,0.4417389624730952,0.5638147159902663,0.0039516663703649,0.104076488,0.352849032,0.666666667
0.2597555041027981,0.2377630212116419,0.222069600148816,0.2993907817903718,0.3974678078907695,0.273860125810929,0.9554780556229984,0.5469534918255012,0.4649663433080564,0.15902214,0.347243001,0.651851852
0.9793177259694552,0.7925967013269173,0.6201463074248206,0.3422172500850167,0.8189234419219767,0.6915822246723577,0.8539185504476392,0.9587194033991014,0.3983293639097899,0.464380005,0.545963557,0.231578947
0.801762921725495,0.579193676073597,0.8687317184051789,0.7799327160055436,0.655191584126867,0.0834878085389493,0.0817523416747638,0.1078214462054021,0.1199363170633849,0.172121098,0.309093059,0.8
0.7596148661171062,0.2120134557582845,0.4094149399698533,0.5353844425289491,0.7761117380102686,0.3718824568010848,0.2171735935232761,0.9282665765338264,0.0790236240925212,0.086343672,0.122841456,0.0
0.8805440103197214,0.4995976145414801,0.5873005960516027,0.2640822925365921,0.2853993356551367,0.3048398106233896,0.580286318440965,0.9590296014965402,0.2348333727779141,0.202582245,0.45472479,0.56
0.9910057951791348,0.3331388150318851,0.3152995174260049,0.2814260268780656,0.8837001314344347,0.7270567674141726,0.1808252417834968,0.3520829234612402,0.9624051935599516,0.158069322,0.629860599,0.266666667
0.5106944971134215,0.5959799935751142,0.9237521825714728,0.6458379374279808,0.9100546923709968,0.3170227720791561,0.5589830155867389,0.0846349644063002,0.8976063841452276,0.312175621,0.453102823,0.361643836
0.8642095609037769,0.5929289003281821,0.93633982427743,0.361310602629306,0.2311768952608182,0.0590146065045268,0.4364266075186191,0.0057019069277596,0.0292055604279188,0.202879465,0.115964144,0.171428571
0.5141878553810089,0.156370767546369,0.202166633177498,0.8480215502908003,0.7067344540534697,0.0860273024199232,0.6034515202260937,0.0993504955244435,0.916073914466,0.112451005,0.186977798,0.244897959
0.4238273601501783,0.8222453768123227,0.2536157515565944,0.4613380827534966,0.4542726404865039,0.5796918949579974,0.3734845467741033,0.36429256152531,0.0647983801598787,0.303925062,0.364644234,0.461538462
0.1542526396744538,0.0295919193790682,0.43446082871975,0.3340056030983249,0.9629931904594348,0.11055202805556,0.4706737711519575,0.461546413458618,0.0424612613913677,0.054977288,0.000424119,0.545454545
0.0160345322243609,0.7577638099861926,0.7996436709337122,0.7155945954659904,0.7972320176866722,0.8024101991111792,0.7345421162593399,0.0476602266993254,0.8567623023253996,0.472651026,0.280549666,0.24
0.6595012636887729,0.6676785393155759,0.8664880622741805,0.2965396727162277,0.4034333849966932,0.6987455253336228,0.2571863779696109,0.6381433634650565,0.4301511054631056,0.260366947,0.55761608,0.0
0.8853745361875102,0.0431600587353506,0.4159316363764753,0.9402861764461432,0.6291143311205032,0.7851419286875746,0.7256691403446385,0.0466911968353233,0.2932242810649739,0.102231446,0.517238563,0.137142857
0.1619262805643001,0.628436467805775,0.3930006360813481,0.6857714311814898,0.7641778327068143,0.7372216668314612,0.5122055143766825,0.6842819997639262,0.218889000664712,0.304587381,0.389577276,0.583783784
0.8529762149554754,0.0523027294662759,0.7638107844522775,0.5946081525185477,0.4465180364458158,0.9943721206721527,0.8064845210084399,0.5015452024135009,0.502953613008744,0.082562441,0.635768046,0.285714286
0.3950848805599092,0.8947343590329757,0.2317107993913506,0.5785803312399223,0.4288036287943682,0.9501083370621451,0.4507850362412443,0.1492838704458834,0.6338280532844424,0.348430308,0.311948815,0.085714286
0.7894512895864557,0.6287626886921249,0.4637237760360773,0.4298067002145214,0.6151176013096024,0.7159949122064432,0.1510147265100896,0.6954202720837827,0.0409941988324775,0.187066325,0.429299846,0.133333333
0.4360390079443014,0.9420195639985044,0.8505998549172382,0.0818465446042576,0.3562601262322611,0.1211733969685172,0.1861864034298938,0.3869171666202543,0.5830767200826565,0.478584153,0.243631168,0.56
0.0563066847053329,0.8761160106795742,0.6737913186616108,0.955241324276596,0.6817827408969365,0.0708912412444811,0.3150544466226455,0.7933441744852755,0.0190056837145948,0.255019172,0.02568406,0.545454545
0.5887379425705531,0.952649697195016,0.1056111025037752,0.3120439379962791,0.5390297060146106,0.2464982940293796,0.3362895270383373,0.9723023705717408,0.7042692726665682,0.288186646,0.38025093,0.64
0.3265438883926421,0.7271542745951696,0.1251663497869254,0.0837876677808672,0.8870931541688131,0.4572179386922259,0.9257436163494582,0.4485844937429261,0.9167641510176489,0.401320177,0.26166368,0.08
0.4616836768223102,0.1677594930749202,0.6957578293697233,0.5453197295955494,0.8509580858162468,0.4206267926230375,0.102431794608129,0.8561087155802231,0.6054177985575908,0.093760633,0.22327702,0.0
0.5197635098645941,0.8035966003940253,0.4331712441056542,0.2238875765250082,0.7966434335975042,0.2061676992876804,0.0209941176473068,0.3344013631875617,0.0149762596044911,0.269133672,0.142197607,0.942857143
0.9134756497489208,0.0115132961991821,0.7326301063876679,0.3086428305779712,0.7946730896589379,0.9503284810354056,0.8518673704706311,0.2950140759007593,0.467941794548093,0.097773588,0.578416043,0.0
0.8155350240521757,0.7920297974123067,0.3906464801150296,0.7695657314472931,0.1242875091965234,0.9344093605659438,0.4987819833480792,0.2510658686102365,0.6455934736509648,0.30461472,0.478154696,0.545454545
0.2175217397519454,0.9185439027290956,0.0215524782133661,0.532676115846602,0.9273152724385944,0.510537648526517,0.4726729896676602,0.9241817809612412,0.7452799613626331,0.370538029,0.380363379,0.15
0.0828982183821498,0.8873449774081642,0.7927084198621902,0.3845503842852001,0.1811502006406907,0.5401623071635868,0.9445725613479494,0.4735090639304794,0.9308398259625972,0.575090465,0.332558197,0.675
0.5463706611034329,0.8900172367121157,0.2679464655780676,0.9523217374447508,0.5244801148863886,0.0366861845003664,0.5895701689509241,0.5551227929631155,0.2458839643048889,0.460348723,0.163085653,0.47027027
0.4147188641781402,0.1674400732411896,0.4151231386864693,0.1194676202766462,0.8376535697101957,0.6923780601731888,0.7334050114060401,0.1177563519618529,0.2088841816380366,0.135910626,0.367836426,0.057142857
0.9352250861646926,0.6372774921849514,0.0483702204080409,0.2395879147764985,0.0097474599320671,0.7916136002509915,0.3478799084864918,0.4024996228193835,0.2957777534273229,0.217470204,0.607705513,0.0
0.84751819730335,0.9759592339626998,0.0125839945279897,0.3441832732644264,0.7360794348509389,0.3858095037672661,0.8140491212151033,0.2464295934842374,0.3853032473338049,0.765631599,0.398529028,0.713924051
0.9135687815118304,0.1205916409336399,0.7084998478472547,0.9213879645444532,0.4056119450398797,0.2271298241424075,0.1375001650666484,0.4483537671279475,0.2522805253760585,0.070187807,0.377050186,0.72
0.9848883109391634,0.730527650506229,0.991921035993476,0.6131537791757683,0.2179256886331645,0.3722644843928083,0.2235878880233635,0.229429496460581,0.4876563450006775,0.280199255,0.515815432,0.78
0.133344547824858,0.2957419704407915,0.6132797092848389,0.6036754063968367,0.7546688840000276,0.2198548614739762,0.8094434287386681,0.974446662181963,0.3103307906571074,0.139640358,0.205629186,0.461538462
0.0211679963735427,0.8409748935278518,0.9461927844687475,0.1277192410359435,0.5355200245314838,0.7684172039824049,0.9851928957668432,0.250468930031403,0.1757725458417306,0.411117944,0.270839851,0.615789474
0.5175387424780216,0.3641042570492059,0.8722680037041608,0.3721455594469151,0.6356551641120023,0.7407478271592622,0.8382880099924839,0.8862799725000278,0.7628738890535749,0.174999374,0.520882124,0.033333333
0.3401273121056963,0.6336704921271109,0.0286574939721588,0.1607888516181924,0.9861299996394884,0.8048676152387643,0.9348482900320676,0.9635402428176588,0.6436584001767259,0.326740504,0.341604797,0.422535211
0.343945781903614,0.1372180001963917,0.4043251619490491,0.9504223554055452,0.4529340013584427,0.350383452221347,0.898678660905294,0.2314332363791574,0.2106239526445475,0.098403904,0.219986217,0.0
0.6349913278900743,0.5060143239599316,0.5215438134487494,0.9853360426669882,0.26268493209568,0.1491951831342124,0.2532749618425901,0.48652684318194,0.1305968231106796,0.196951543,0.314186437,0.75
0.2887344476263609,0.3074891351350494,0.2903864756133828,0.981840105054005,0.055395172607575,0.0534996127807706,0.8232195418123034,0.053615775360004,0.3727065012626295,0.142451323,0.106734165,0.26440678
0.5126052033658814,0.54096857274375,9.684247329388997e-05,0.3072472473334073,0.8987917715823186,0.2152977546735708,0.8988289829588783,0.3943950710558168,0.2764495047407127,0.188818218,0.214711936,0.0
0.0370352054225783,0.07924968317286,0.3281894016038861,0.4422377288713618,0.0211316225416632,0.8634466828089893,0.8105414553820787,0.2168804520161951,0.0666922042592734,0.083516617,0.28448449,0.668181818
0.1581534318054386,0.201008493083732,0.901010804803411,0.4056720313621237,0.5985376532430889,0.5790425306096265,0.193510894770473,0.9096487008908828,0.7594651119319458,0.101558477,0.302878303,0.6
0.5957439280041801,0.937956397392832,0.6680978002428604,0.2513947049554038,0.6646356725542946,0.4779338178761048,0.9613016933403624,0.3599469564062006,0.8537367653685805,0.49424426,0.426562689,0.08372093
0.0803210292859681,0.2559400026034006,0.2633170839011787,0.3881282832661021,0.409625049399608,0.1865850123057616,0.6983480044291356,0.0546252654257477,0.973460231684396,0.185257646,0.088221347,0.292682927
0.4630994155800897,0.3909536117534148,0.3185205787802212,0.8792853449654875,0.419050009993072,0.8130422982005748,0.7976165847518842,0.2031686593065895,0.5500324813054185,0.176292538,0.470337757,0.230769231
0.4185398211334933,0.2193149207766092,0.4676354041720716,0.0060321512716533,0.7867048035796566,0.7038413642907105,0.9053685683821644,0.8159065341388414,0.3915057655841996,0.116129105,0.502827901,0.270967742
0.0308605502913758,0.7087332032435826,0.7394848564182844,0.6144767393460951,0.3744317776046674,0.4277527000742155,0.195618691593438,0.2447498764039928,0.647845757422066,0.240441044,0.234633161,0.1
0.9745017453313024,0.2837681422127188,0.40951009069727,0.684937098018715,0.2172099437085471,0.038964439079563,0.0095887216069006,0.807031066042245,0.4242795132503373,0.114949129,0.117028179,0.0
0.2941586210892178,0.17377924363365,0.0738034874938442,0.8683202115590849,0.2634639838824277,0.8603257900478453,0.704530693076871,0.6580418211631668,0.7976714290048298,0.139883377,0.391325234,0.516923077
0.8207751391489168,0.4159619565756138,0.6828888738841591,0.5950564776412293,0.903355951860604,0.1959691914680286,0.8769379007889196,0.237353082490761,0.0280579657128136,0.264500938,0.314019043,0.6
0.237799495813624,0.6733035589097934,0.0162012217238796,0.2714237048699721,0.1432675621975521,0.1927859818882957,0.3541200482096533,0.920626476459571,0.1097653361228786,0.188944664,0.180741503,0.8
0.9851680904531293,0.0960533542397451,0.1974088357765933,0.2664737404823615,0.7050092786212551,0.3263652656214346,0.7170440937536554,0.5998278567518779,0.2640980526154938,0.093265084,0.221677723,0.075
0.701732408844341,0.2789889405511935,0.1021685059284694,0.1484807077434384,0.2439959979834581,0.3592588134432796,0.6771357520796422,0.3520847924362766,0.6188516835401293,0.139885311,0.426672253,0.0
0.2408831177171559,0.0401944101199071,0.4730071176626957,0.5498205691901712,0.7313647281325779,0.4263807920361611,0.926889206594665,0.1782009466663632,0.7419977723258748,0.092677194,0.381060822,0.566666667
0.8458890965983058,0.7814992680561913,0.0962304832697316,0.5599896728078496,0.5943348867387978,0.4621731819409459,0.5860096467671815,0.8955801163293057,0.6741793319193421,0.493727151,0.4675566,0.0
0.5807711539430509,0.3988555647905747,0.5096319878797986,0.441070577981725,0.8940958328668874,0.2476550539998006,0.7346474784750439,0.2445715892190917,0.8293043891778804,0.218688266,0.315718837,0.6
0.9213478623216036,0.8357615479148828,0.7030304873539662,0.6105131423627707,0.0177814519784584,0.6718708844082807,0.7379952055325334,0.3200217662814709,0.9383013462425293,0.431025669,0.461241136,0.0
0.519917233043091,0.6679243918065518,0.4408924074841132,0.2981870391468241,0.3400882554484445,0.042195771388005,0.771558430672057,0.3525261862712102,0.2500906216445453,0.373450866,0.11535204,0.557142857
0.9025886994041328,0.7962133054670014,0.9469086978199368,0.273450029833803,0.2297540128758538,0.0579041040003421,0.7080644763243422,0.5262487651704695,0.9697402057916072,0.54790917,0.251196054,0.643298969
0.4703924492484655,0.6994912309325516,0.9984414048224522,0.6462963464626406,0.1791557782931946,0.8431276017243268,0.4063861322531937,0.8596114175356903,0.861271123455611,0.191568321,0.574412849,0.4
0.0839846941303937,0.0766965527734635,0.8138292855540127,0.1016690366538135,0.7668888041623907,0.067900499140865,0.7171815690642719,0.1243963123857599,0.478889920575496,0.090399062,0.039193687,0.038709677
0.0836069246929831,0.4902176193282246,0.6070684276018312,0.8229533598994425,0.0983601281389264,0.2283363159474126,0.8653694047893522,0.8553345206256803,0.0420541931161463,0.216422337,0.11913343,0.541935484
0.2470271131959409,0.0603824660942063,0.2862898917284091,0.0746165135876334,0.6451968673592985,0.893774558822197,0.2981309028344783,0.7629165508854174,0.8483968427459215,0.048636787,0.422763356,0.218181818
0.993711897508543,0.5090297222669501,0.6527433133108979,0.3676605835816858,0.0543351504933515,0.3869646961183246,0.5963933370446706,0.1509934302981961,0.0158233021186531,0.223701671,0.324553722,0.442105263
0.4846310609576292,0.4061629553771079,0.4698824007197522,0.8207291022585106,0.5762817715379015,0.2422651814711882,0.366483067480451,0.5471555376916335,0.9395720720628996,0.155388466,0.159689244,0.56
0.9133523234540332,0.914391278318835,0.1697756653042137,0.3706574658874865,0.0541717635889436,0.9523980533677208,0.2976197810229433,0.1285856636712053,0.3623885114149062,0.404698934,0.481143369,0.3
0.3576455590540596,0.9644925544834062,0.8855923827815037,0.2186128906325078,0.5869781985220418,0.909719116833764,0.4008261869304994,0.6949047647718934,0.0978320338936415,0.386480242,0.605079891,0.138461538
0.7111120576137845,0.8175832531192982,0.1807142061663177,0.5320885598971535,0.5350843845811434,0.504874255577111,0.4358402951840678,0.4938999247637186,0.1673873441520182,0.268420998,0.479327288,0.694736842
0.6352405225941571,0.968004753764128,0.8078405554163464,0.9487432037620857,0.2411656522990841,0.7685155579295103,0.283108700499983,0.968366032065526,0.0308502051685094,0.239960731,0.301002462,0.48
0.9431215385848456,0.1113529545356312,0.5210354015607015,0.3235297671502239,0.790912111313286,0.6681058013364293,0.5786224249133283,0.6520314588334207,0.1127778171942459,0.109503284,0.483966512,0.502325581
0.9595221081079756,0.0449948608114305,0.1666813672609278,0.2841677910133785,0.0234753452329152,0.7982408476178265,0.3152865800227807,0.5708545167398116,0.5597094912142087,0.055170778,0.645562134,0.6
0.4516911420544341,0.7187672760945202,0.5107308632308125,0.3062492785704813,0.7248026247195507,0.2518213089667759,0.5299701469914077,0.6404682275442561,0.6691254851168605,0.500881029,0.342573657,0.468292683
0.994139449571637,0.8853529078180402,0.691181982051898,0.6966337824625436,0.4557794677428186,0.9043030844928114,0.7346715812177108,0.9157253823757968,0.3229840622097379,0.440360414,0.653241966,0.0
0.2525324482872544,0.0242808208458243,0.234472012322214,0.9625879466400936,0.6852865933966849,0.0415036140267741,0.7785034364628142,0.4396358402383181,0.442863915308869,0.084848843,0.086866466,0.146938776
0.5379651175518669,0.0711692373330018,0.241768312843556,0.561960123043224,0.1408697351372757,0.105918946697685,0.0897102122081552,0.0511503147162331,0.1667868679135731,0.058081126,0.240788144,0.105882353
0.3881309831808492,0.5375436752390245,0.6331288620477524,0.1631322391328614,0.6569404594318581,0.5740058963896604,0.883082956860611,0.5612367371632071,0.221739518158057,0.268855856,0.454401764,0.447457627
0.7118410562265698,0.6601761523096501,0.3894105399630497,0.0075052387352246,0.0807003266323618,0.4600649337092746,0.0399484591546185,0.3738370500692939,0.9259660920287976,0.139486386,0.49829071,0.0
0.4800756711277721,0.8817548456141571,0.4328323625757575,0.1994370306832489,0.7444491300965167,0.5507424681780162,0.4661969115168426,0.4152976704476314,0.7281849400963374,0.263677556,0.510650053,0.133333333
0.2004031792256698,0.275238546870499,0.7838745736550146,0.2713447530203299,0.6029030997087922,0.0856551678636169,0.8513295444502057,0.0977347237275607,0.3732913111608399,0.18042526,0.109922811,0.3
0.8819030845990755,0.3610891513540845,0.3990099849280794,0.8270453965265431,0.3308563720420098,0.2155269263391817,0.2681257794726971,0.0379146787987211,0.3999511041113587,0.114717293,0.373707404,0.2
0.3778885945093946,0.4096779934378982,0.8623170780792488,0.0051920480355464,0.8424942321003382,0.6879623034582525,0.6627696331936056,0.8096066181492284,0.2028911599392961,0.15885591,0.508428754,0.4
0.3518769091592617,0.4111221974858426,0.4379086036004125,0.250589012810131,0.1933902880300332,0.9954902264645236,0.247994667519299,0.7408080680805946,0.9185256578980656,0.204418874,0.646326322,0.0
0.0652539184752445,0.6228332990553797,0.6242140193624414,0.3810626069685977,0.5620446712824969,0.1520608249103376,0.5496325606572682,0.4949799204341141,0.0050247425923485,0.27474968,0.053124493,0.0
0.9484494903402196,0.6500502681417795,0.9415485748215332,0.6311823183628289,0.7315683685502345,0.0417811168221828,0.3987876783416277,0.082467399038684,0.8522656188765886,0.253240267,0.301465214,0.494117647
0.8398839608052785,0.7667200162614168,0.1999767890000927,0.2687384095314601,0.7675240593594136,0.1669331974520461,0.9015812674040647,0.232251871962183,0.6876929465069,0.398212514,0.336549427,0.48358209
0.6519696501228345,0.5016700738163443,0.4559025460762751,0.5353442509824011,0.2431727619601009,0.2068682986331262,0.7402609356696922,0.1816127559955983,0.6364521552437604,0.302478751,0.237092715,0.0
0.9018181205090005,0.6994021765968246,0.1586002180439158,0.7093855618862132,0.7716655893190858,0.7663862329697678,0.7705097028925636,0.7280157248967727,0.556360018483077,0.359470668,0.51783834,0.377142857
0.1417605883125023,0.3132614042229654,0.5274946223445491,0.2093431943748263,0.0959284396811405,0.4121674424088101,0.1863832366091673,0.8063554028268596,0.116967600731286,0.119984179,0.314640528,0.711111111
0.7781423763648881,0.1075326851671459,0.3933389646274127,0.3076188195469126,0.0723911712622508,0.6393955190788049,0.023155823825768,0.0413601837059971,0.6930469047251364,0.064800495,0.634182531,0.6
0.6046089875391315,0.4816853637790317,0.3653143012672805,0.3312049541028372,0.0680333684456617,0.1488440476153509,0.0143677834845453,0.9600708683716508,0.0053847296062129,0.133733204,0.167633535,0.417391304
0.5588956583336495,0.378480232371317,0.4562313573079983,0.6600971557634808,0.4647505795202664,0.1900105801052208,0.3287982454664337,0.2017469818549429,0.6819321488955903,0.093260882,0.204824023,0.0
0.2956651561050203,0.4108845988201334,0.9435879106890456,0.7302913592812431,0.0236225806646135,0.1996744770771078,0.2038305795156704,0.8762149978822554,0.7242370315701013,0.147567962,0.332558843,0.464516129
0.7016654740898038,0.2177889603122929,0.2478789026728344,0.8738661016869689,0.5280708378724938,0.4797517997281459,0.5349351645769705,0.6098158383249247,0.1713926998855123,0.130895198,0.439399168,0.33
0.1983810117558183,0.6213072058543315,0.8898342316331062,0.131720033391998,0.2785967483591712,0.4841914824320131,0.6133019729792353,0.6861764028875575,0.1060715483524309,0.282225516,0.335427147,0.670967742
0.3753201362599964,0.3062350640220509,0.9863864879205668,0.0471984104779541,0.1958935753281662,0.3144569126653086,0.7800370359542366,0.6691548629755079,0.761523193185948,0.16430271,0.377860281,0.544186047
0.2156153087754104,0.0804974624519359,0.2265187656599459,0.1659552716528152,0.3752591900985947,0.3343299551036233,0.5708657250947331,0.277449754414649,0.8063604263707448,0.123828966,0.252140573,0.6
0.065988209661937,0.724088078891624,0.3628965276069882,0.4779253152912598,0.2288035923902507,0.9060737835152672,0.9686151905477288,0.5206201259283982,0.0243282561835591,0.272291455,0.371086341,0.552808989
0.7551719818888342,0.9075526827278444,0.0411287710694917,0.0868518575163707,0.4007953070084482,0.8419478147130256,0.5359719819293696,0.3031312929149508,0.3674884405095526,0.472951212,0.532220558,0.211764706
0.0167009944825126,0.0830618342322992,0.1308711520726707,0.3185017228597645,0.8624665101929462,0.320827841149501,0.4183493483128832,0.0715351875505854,0.1728073004111,0.042484921,0.083126662,0.533333333
0.7137239470120855,0.3248111380833788,0.6670372593400675,0.4267793269736289,0.9945396958057564,0.587673541194165,0.2070358134393011,0.3595505959989897,0.2831253621141824,0.16188794,0.522683612,0.75
0.1389463653392874,0.6446330192601996,0.9941268818819754,0.2694386692668931,0.5636559327834508,0.3551173926537986,0.916305837675536,0.4869594542668592,0.8100076359403058,0.341040873,0.267025163,0.319148936
0.8123110737599829,0.4178231947463545,0.8440335780186119,0.5121188817631361,0.5188210768320467,0.8380315561162573,0.7493570229512508,0.7006794096817356,0.9691621685140884,0.306478588,0.523143238,0.08
0.6689557326550561,0.7092395092149528,0.3624330919536452,0.6926673234885201,0.7530218605812364,0.3603797324750665,0.1220202571593922,0.0172220979931991,0.5802447014855183,0.277848208,0.682367684,0.0
0.3645104373260842,0.9906969542090668,0.8440427168173442,0.9303898477232077,0.9064550137727994,0.7975049689391819,0.5392886465685872,0.31066952578232,0.054051778079863,0.615335521,0.394952994,0.278571429
0.1334060062159588,0.8684748655297099,0.0811947940245079,0.9647555702550776,0.4020584410674334,0.951755343699555,0.9305071788844924,0.5580978552240639,0.0828315892850984,0.421733723,0.319147372,0.459574468
0.996719764899254,0.9504427837025436,0.9553617609380208,0.7735005635812169,0.8050911495647431,0.0299820122397286,0.0203136914557248,0.8430891267380893,0.3666018994976999,0.396402539,0.056819911,0.0
0.2273450146523494,0.3155158790419491,0.1587740510884411,0.8552660685430633,0.0818132051324986,0.002731070633392,0.71299673327037,0.0175689161108242,0.3021223920294198,0.132912839,0.02980839,0.485950413
0.7288478828113193,0.7904246994072844,0.3315216875215434,0.430662139183242,0.7000099507798937,0.9299180778416584,0.094865200149421,0.8051202883295617,0.202212864258491,0.221617168,0.444529499,0.466666667
0.499468357665774,0.6131491472805515,0.2192216767640437,0.3680189142672116,0.3481016149163713,0.9801607500947171,0.8790568962730622,0.1188742415760855,0.3385781564705431,0.288295107,0.439296041,0.278571429
0.0918247926302039,0.1418795739955211,0.2382067844459491,0.1530382604310468,0.2883100094226604,0.2207908960457451,0.315268214967613,0.7283883782479733,0.4009438174232094,0.092489379,0.165030948,0.8
0.7453484166145796,0.3962273825090762,0.0381309305977193,0.2237450811519978,0.2759854647589264,0.2219687944936138,0.9997445375691336,0.9831333755726268,0.7927412577347626,0.197223944,0.39236284,0.548571429
0.9277369008420232,0.0546438906778556,0.2147264218675101,0.0322816914748204,0.6434387982293682,0.1056402686793955,0.8003976337186164,0.874290690053642,0.2170654423310133,0.091175653,0.381427517,0.638297872
0.3981066210769923,0.7543048162047705,0.9988621389346404,0.012690695994131,0.9808206076482884,0.680076183042804,0.9993285569570192,0.4100854157849986,0.4073735082234441,0.449405551,0.40780764,0.3
0.7072891893363563,0.4703702617272726,0.682947161198147,0.9154257727356178,0.6371552608714222,0.6035057801976446,0.6842867764910634,0.6495934373377933,0.5899588345039427,0.273623213,0.46198584,0.367741935
0.7810985831583218,0.6983752184452561,0.6319149741534261,0.7002773169535778,0.85826097519056,0.5315053247070576,0.9450038515017408,0.0083708922600309,0.6301649287691384,0.387393344,0.544266292,0.186206897
0.892328473731032,0.6981106631528678,0.9329805091951388,0.3559669758288476,0.2806307872685251,0.4798704253663471,0.2542277468077538,0.6075659797714896,0.8649208914119119,0.253729174,0.692435302,0.171428571
0.1128999547861987,0.672912895202657,0.5420827066550409,0.6193199188009678,0.5581148203044457,0.379191173864745,0.6288956075353315,0.7118074554185723,0.8419230325334872,0.327317158,0.178843367,0.0
0.3578135004452307,0.1319087895223352,0.5270023926675066,0.9572918203032302,0.3084230942993937,0.3723238069262204,0.3103045167593865,0.014371526331579,0.1138914981497158,0.084785759,0.283878283,0.423529412
0.270858865339097,0.0882216858996348,0.0821048301643058,0.3911598183758321,0.6089979066212678,0.5353314800116118,0.4250998762300551,0.7092365819147716,0.6514702794046221,0.077059093,0.379261839,0.1
0.6654361165457429,0.8777428771736651,0.2672537016233175,0.121052270540562,0.6996992122417418,0.0941809737680049,0.663764440895957,0.3259466655171702,0.1671079807313399,0.457109612,0.159983491,0.325
0.7652727257226919,0.5785875854750426,0.0546208143579062,0.4497037307612526,0.105101013591159,0.8976646806745612,0.5191593019715373,0.6468076215171351,0.5897755964984699,0.257272815,0.531074821,0.355555556
0.8227617922506685,0.2093006074944777,0.8358777723930205,0.065029877222004,0.5348819141240053,0.4116815826616473,0.5425612342947085,0.4170464839159227,0.6426783211057467,0.170503074,0.44526035,0.607594937
0.2972289609385742,0.4438348847894532,0.1421149547335308,0.5404518806774059,0.561472464505842,0.7393539449041439,0.9100503919646606,0.6912946762097926,0.3566767449083634,0.251487507,0.375438931,0.218181818
0.2857002757699552,0.2242752707419026,0.1160710158359222,0.4973352865797389,0.4940211061774263,0.6165339904501167,0.0475920897239778,0.615384482713381,0.8838069505106072,0.063363726,0.35716064,0.72
0.7179703717432473,0.2329232628905007,0.0126287378918256,0.946578066169715,0.8154214160434786,0.1625312631411221,0.276204621783779,0.965032555627222,0.1598200737172724,0.042362026,0.243209346,0.109090909
0.723018054641929,0.6586510232093737,0.4369047128740406,0.619891054501589,0.4155283879084142,0.3830914536607311,0.8936126215184537,0.5055235442313086,0.2689160990241893,0.263996814,0.335642877,0.094736842
0.3521024847865986,0.1288741898548464,0.7501147998735147,0.3298754994114234,0.3162217641161264,0.3707836567589839,0.9534856225511218,0.7774488277097711,0.5026724400551331,0.134625149,0.275953976,0.162162162
0.5778944738635496,0.5945493651948464,0.8080548585496803,0.533417336616768,0.5515283266959519,0.9294243276880656,0.421564554430314,0.8352137018601526,0.2030462494727792,0.235442466,0.458883856,0.0
0.7493516861935324,0.3526982400117341,0.2261994273131331,0.3747423487825522,0.5707751596344453,0.8485824062798564,0.5969884243944868,0.6357202859416021,0.7638770766902474,0.237402667,0.564633946,0.104347826
0.8373895223092509,0.865718690253502,0.1732817089727109,0.3090091600935751,0.9654621450498084,0.2621229192589769,0.0520052778892091,0.6043948492037949,0.5504294860315115,0.205584602,0.263710489,0.72
0.0472138753979548,0.2754181897430431,0.6623433604035284,0.7092260478743616,0.1094744690289839,0.5796272506638143,0.5280376595768064,0.2176016639787767,0.422522263869457,0.152979279,0.24430602,0.339130435
0.2141234627109086,0.6658155921733842,0.6262808239652347,0.6388259445640628,0.1399877091806252,0.602362596869075,0.552587922388873,0.4847856911004703,0.9479933061283974,0.442677687,0.315659321,0.214285714
0.5322353997262509,0.404835983587684,0.4351015930081675,0.3995870684799661,0.1019064642600542,0.7115167954247987,0.8935463459443908,0.7373018577196385,0.7016126329406518,0.189662354,0.400009093,0.0
0.1647813922114557,0.983828477296006,0.4821666096505148,0.1173306496142018,0.5976770783864939,0.5418016766361998,0.0090018754120617,0.6122754743063632,0.2052934009821208,0.443020475,0.154913579,0.45
0.1143502041186091,0.7019358620734648,0.1164288931717923,0.3484621953432538,0.5047027160346101,0.4546098837907543,0.06869021916571,0.4368982156122688,0.567809431645031,0.200342574,0.145987048,0.0
0.4170947456658473,0.8514812761754562,0.2132362284517739,0.6877544838666653,0.0240358540221771,0.9349507410462624,0.6761332222530773,0.4819889351551852,0.1213384213238841,0.352063827,0.421186778,0.097297297
0.6276380684747027,0.827228445163776,0.3293125316320944,0.2588675820610944,0.8989928099576844,0.4438087973428228,0.5271511953189932,0.1134749517020987,0.833622700334329,0.502231368,0.542002079,0.4125
0.4442548409022415,0.902508729833247,0.9697864185491484,0.7077449361808535,0.0375246645967329,0.6534915613831028,0.4623482507725992,0.2705624337141517,0.0675262641702731,0.261426638,0.344218095,0.24
0.8517114202353231,0.5461067808511038,0.9954487574457708,0.0291176258820319,0.299276497949357,0.954820775149249,0.6331458891770214,0.3840373650254748,0.1410357590680461,0.308931424,0.502418204,0.205714286
0.5903089957984541,0.1348862079164914,0.7392555696116753,0.655972917737168,0.3383772367286596,0.6770290546181873,0.4305357659716375,0.3562960080894856,0.071449603016226,0.060343209,0.384872992,0.0
0.0099016393301767,0.8609652619354403,0.2384306133506084,0.628097520265951,0.1815211012796158,0.9003233524194727,0.8374858765995855,0.39667170051082,0.205533673830584,0.420957878,0.260420721,0.484615385
0.0903646189679678,0.4562598226876013,0.517605469681723,0.2328681649213274,0.7840789774018119,0.6904676894508778,0.5645861541774471,0.0684570236172879,0.6190011718350638,0.191100966,0.347944965,0.365217391
0.6950216679653437,0.5551305675091399,0.7332866010991738,0.716891383410162,0.0073021579978456,0.6411644222358532,0.6850706605871894,0.4871633164584343,0.0845571005868927,0.265460707,0.456773349,0.472131148
0.6936204232827541,0.4920095157334906,0.109451394210628,0.6469543015967122,0.1725908785202057,0.0625403121603408,0.9014260580080752,0.1253616373893223,0.2982144676971334,0.18956404,0.107594284,0.0
0.3497231883549014,0.5725926067301954,0.3197863836986736,0.9559369105403024,0.5568720978288554,0.9826621088218408,0.8760823799028017,0.2800198453776958,0.7819839192529061,0.320467356,0.281312979,0.0
0.6448878820343843,0.0822483873919968,0.4785855070434412,0.6156823652664157,0.899350883674717,0.081381352557779,0.0977913643502244,0.7814657157681966,0.2968045198911831,0.065401144,0.239656635,0.494117647
0.9977202561563772,0.4266356818162017,0.4662767832525736,0.2870645472040825,0.0695329935814249,0.9578575873538726,0.7904475764309199,0.9534357753525728,0.0669150846307321,0.168391346,0.522888539,0.644210526
0.4395699031548521,0.7891781431342241,0.7705029252231856,0.9771316690175276,0.3408307177120913,0.088963484362678,0.7745989660652336,0.3721387723924214,0.8419292559520581,0.56850927,0.073094024,0.0
0.6296416806403484,0.828960497943208,0.107863506069024,0.4737868811527586,0.6326503734282585,0.640673839778636,0.0192172486134774,0.1055287245905723,0.3386742867637687,0.275299682,0.659647333,0.666666667
0.4393596073662941,0.0464480816158936,0.4151323881327634,0.0903502071465616,0.5449433594339984,0.4692932831681567,0.0159756138439224,0.097673861259394,0.8361083292641781,0.077151972,0.485896816,0.626086957
0.6279658670764232,0.7947614716982727,0.8499992535354842,0.4068550638141455,0.5687778014638852,0.6115966272846864,0.8549345789144872,0.3016488570074684,0.6719038941134882,0.525626353,0.448552243,0.376470588
0.091250896411369,0.5079168304087684,0.1157864562609575,0.8991900545728395,0.2815969008528934,0.129557396118259,0.6090255860497802,0.0098037535642991,0.4962035606839033,0.229599116,0.104212567,0.497142857
0.9055852528561096,0.0132980883895386,0.1596598412510838,0.3382855008435295,0.1872114285567716,0.449385921036166,0.7108669402130803,0.2781361190560786,0.9639314985019098,0.08521,0.508765452,0.6
0.9912972981326412,0.0495006198716215,0.1815988212477346,0.6718959904015663,0.6973746394521078,0.3608788353206525,0.3304467285665734,0.0338568574320163,0.1162308247984517,0.057348773,0.527423319,0.365217391
0.4906695781224013,0.7920194443488023,0.5955487106092763,0.8780882846400029,0.264464198574618,0.4655517933183282,0.5198158723412307,0.7656871727372512,0.5558616830748029,0.50672793,0.469507677,0.446511628
0.9899713647652508,0.3103064966428003,0.7828698037651679,0.1784177729777837,0.8200498066792267,0.9118398972070044,0.5307480669928427,0.5316213557685938,0.9658273163188148,0.189373827,0.611947016,0.497560976
0.319560046519134,0.0587313508773718,0.9900124847192692,0.7007799927680097,0.9026544926793256,0.00466591608011,0.4947670448005249,0.5037745118907788,0.1469001623149494,0.053693748,0.050470517,0.473684211
0.2174528979937922,0.8459744929353108,0.416533900679723,0.924804561276254,0.2982888744908526,0.3525283831821598,0.4740077929831214,0.6866566117549467,0.6547442891811464,0.368556674,0.22692073,0.711111111
0.7744598365192843,0.7465521554061169,0.3152538575543562,0.2428851928621527,0.250901741875049,0.0997279928561305,0.9647656528995892,0.8813469039537781,0.753107648725818,0.348276444,0.137096887,0.0
0.715748897180586,0.2692017137029453,0.9961053572708296,0.8553859637617546,0.975002776541591,0.3579577886614182,0.2402065810548693,0.1879673084184348,0.621585916932275,0.131540604,0.329008793,0.0
0.971737985047056,0.4848076507400374,0.537834060433942,0.7940994138670948,0.4439935879062798,0.0791374383791151,0.0811532496358291,0.8918816450165955,0.928887259228619,0.244260814,0.154823805,0.0
0.5002393116686374,0.2776093040508649,0.8944691542948345,0.3763140120717102,0.0067884591446609,0.3051355692522587,0.9730271141853216,0.4925040679673793,0.4713002768134774,0.170110381,0.344530307,0.40754717
0.2615473079658599,0.707288429244425,0.0960075428966349,0.7741072394564757,0.9954679418742164,0.0198974495692314,0.3268733131348436,0.5829253905189459,0.9698421377671378,0.287433273,0.026310821,0.32
0.128705632623379,0.3689507484141292,0.1132671606562473,0.3322957200244447,0.3742445638308115,0.1656054667098552,0.8580712745745315,0.2153977164469505,0.8143145359804419,0.135350915,0.084832097,0.0
0.5201455790575753,0.1783976879210792,0.027834512765028,0.6809928898341562,0.7143266897000038,0.6201759810890468,0.640223035201403,0.0738718686619308,0.8586484012883648,0.12061268,0.530858961,0.387692308
0.1378490224067451,0.4329138943959411,0.7894881116194589,0.2829739389090904,0.2801649490587479,0.8846612395440228,0.981195965476734,0.2332076517790982,0.0474138777440662,0.30499374,0.238358203,0.458823529
0.3986404064304468,0.5633772555990081,0.8361237261270491,0.7044540530365645,0.751187652510826,0.8341864025729654,0.6085484416790707,0.6096549740795701,0.467854352353892,0.261738916,0.377356882,0.0
0.1890742311598306,0.4384767259061993,0.3848524875734994,0.9052954784149662,0.5552419818097383,0.4473048961470995,0.4746999077049147,0.1855180188687429,0.1225031334968907,0.126956716,0.239656994,0.3
0.9449439374845028,0.974620172436529,0.1669470009873084,0.1510719011106883,0.6599130222290992,0.0569797856555894,0.5875365887129184,0.431985384272598,0.2133429183281276,0.405288412,0.239958401,0.316666667
0.9230300940182116,0.0393358461035328,0.2957886242860469,0.1672421260202612,0.4654056694592516,0.0754785024093415,0.887547712788986,0.9060601088565624,0.4123421033353721,0.079743639,0.320267729,0.055813953
0.3978825947491861,0.2830713149663147,0.4938902587751097,0.7531865995399296,0.4041972610300596,0.6367270996337263,0.595715303457786,0.4230412862436127,0.6983223780464869,0.133231798,0.419435931,0.0
0.4369076249257033,0.8847241156698138,0.325890024437672,0.0479630495777043,0.9482055234585628,0.164100133719397,0.5123570809110891,0.9023257197556204,0.3669831716373207,0.425377822,0.254660823,0.234782609
0.9588007596853496,0.6596659177882237,0.8375472739980152,0.8720562022366543,0.3503393996700172,0.9223078148307736,0.1908398393544813,0.3691189479934288,0.2760476813854926,0.198354948,0.499610012,0.282352941
0.6518446066240347,0.8980328185701485,0.6432506841478274,0.5668608713650739,0.371439956643391,0.6678803334871589,0.5390169527041463,0.590258667321619,0.2147299503917576,0.51135576,0.741950223,0.0
0.6892352849469021,0.0605524708853484,0.8980503284322243,0.213052731935501,0.7888836532760182,0.8813899759949357,0.5086591144040077,0.410662075490763,0.2743907751150628,0.109955389,0.543171799,0.044444444
0.8716991718309448,0.3089403085814264,0.9836058124098246,0.803087079842044,0.4337154473426863,0.1292505111611396,0.298917962468509,0.4892130287104909,0.3333206039636208,0.093334874,0.329869603,0.0
0.9187273671646048,0.1512139457972425,0.0762718270240494,0.3145472604436832,0.0174120969122685,0.083057960714673,0.1276979427675476,0.406146411182354,0.699590420453584,0.073507146,0.259715172,0.206896552
0.8498781945079542,0.7077498830559421,0.3403518623911457,0.9498655105667856,0.772707878374505,0.8241896680592677,0.7388406412739748,0.8687578975218059,0.5723857724809688,0.333164526,0.596592582,0.0
0.9480465694965744,0.1494197776799672,0.8757913000124132,0.755388324840626,0.155225540696514,0.7062244065624865,0.7612892473111342,0.6077741830409249,0.2576063476251914,0.129370893,0.453046703,0.4
0.6426509592113839,0.5104737952282185,0.5991660225714754,0.3199566886386287,0.0216739996260595,0.1021132322187454,0.9078932552068448,0.946593923299932,0.3931057649173588,0.258419072,0.302062568,0.694736842
0.5002961897519127,0.1428354846449976,0.8640151864602063,0.3999885017098454,0.0068446017947214,0.7668535213242839,0.6355150963655477,0.2281637066868678,0.9371288223191564,0.135728248,0.443852426,0.266666667
0.9148167045829482,0.8832969994903208,0.4063560225083605,0.679843016547771,0.91606007158111,0.7468978352978723,0.6102295811754228,0.0172159690943588,0.3597942905602864,0.468373484,0.566353373,0.234782609
0.9716764925887889,0.0763261645458094,0.4810567428932875,0.8687479557634192,0.178040587407906,0.0527613297916041,0.2055258455255666,0.5881252876845848,0.1307794116297437,0.05699288,0.093134146,0.48
0.7027971951942543,0.2757683379783012,0.9511942680699608,0.6936299734744914,0.2454517889655119,0.4320397558855882,0.7314544917601432,0.9427377308843358,0.2702406389972011,0.148522765,0.503627079,0.55
0.5276351399468295,0.8039503113279035,0.1199687648638767,0.26110009842489,0.8151165229241407,0.2392352189408571,0.1320261914221085,0.6457381780806022,0.9621241653975012,0.263416968,0.423620307,0.857142857
0.1788061332529835,0.3662946065382946,0.2542983011336983,0.98551171834022,0.025175856488934,0.5832699522919227,0.4198033295680095,0.1188764349323391,0.5366914752902932,0.086914235,0.328759579,0.48
0.1362516343119835,0.8880848626728932,0.3833879102758251,0.8503440724339649,0.3458615712882619,0.8045373534102112,0.587249512690918,0.4528532564282389,0.3573405458221506,0.550507292,0.395864858,0.511111111
0.0472335991729858,0.4922261010232766,0.420581838570164,0.920652546944101,0.6496453134924383,0.7399279846598555,0.5138429831533581,0.3806837289934861,0.7261026953372139,0.262200006,0.298752409,0.211764706
0.2459794078700625,0.140244228882156,0.8902349282898724,0.8507930624106226,0.665916590247427,0.9418671789692118,0.4368921185388854,0.8477995306405841,0.3656330166230419,0.115012236,0.392890825,0.2
0.2653778328035516,0.3257435572978582,0.038079730660301,0.2158123090041559,0.4547811462932943,0.8585650468831864,0.6660799558726642,0.1900672531464711,0.2652281367891306,0.21992212,0.242162245,0.15
0.3274855615875961,0.8930742815783661,0.8729706296655283,0.4637840238271162,0.335945377911591,0.089947735645994,0.4680430668377666,0.2885128416692457,0.7252461638966605,0.369688419,0.116552208,0.635294118
0.1582949224993903,0.000509629272609,0.7749171071182835,0.2623729488874614,0.3999009464201974,0.8266352257068135,0.5424453920912222,0.082357123427136,0.8657191856008536,0.123939367,0.386779677,0.365217391
0.882575396649975,0.0540278410621192,0.4001438586103935,0.2533168123895719,0.0069928810410692,0.3378532561332762,0.8127076078705341,0.7353466121039534,0.1623083404108851,0.083619064,0.379641363,0.619354839
0.7624332368043247,0.2194675325629796,0.965732458024183,0.4697103203155357,0.6062523746448938,0.9815624984742998,0.1291223840644302,0.3662693229391667,0.8719750021889517,0.131066533,0.769027318,0.2
0.9121849594070052,0.1795978372419155,0.941586133244774,0.7111908750775697,0.4184645644772079,0.9050112623935892,0.041158230574586,0.3751071028730158,0.8951564306080662,0.117053134,0.625855407,0.0
0.1523138968533495,0.4509689465285299,0.9201410979690774,0.9384363485416451,0.8934869850394789,0.8217603812718965,0.3134541535958481,0.0413682879912933,0.7642958575711669,0.138386251,0.356929423,0.0
0.7736968900417255,0.1009023710563967,0.822398928236255,0.9686132320877292,0.4798881795363559,0.3668040314381566,0.6827641576267649,0.9842825725354716,0.7553088500597948,0.087711965,0.265326398,0.0
0.9923010080283908,0.6454943886708081,0.5250638663017363,0.9232830381116042,0.8008149734245685,0.6349641756842793,0.6784535672180613,0.1752060207893486,0.5628213486657115,0.278987248,0.460137018,0.306382979
0.9191437054695512,0.8630970015137275,0.9253849252767228,0.4169606962549591,0.0963769964877294,0.4240135719893589,0.0973984679208515,0.0240412254333542,0.05163841134751,0.241121314,0.505701532,0.0
0.57416949465793,0.087789643928591,0.5838125705979672,0.1487918916375985,0.866316198330404,0.8652738365547502,0.6504781473696818,0.979898030981229,0.6550863581655231,0.106697667,0.57518189,0.275409836
0.1044401200602618,0.2638802965314356,0.3873365766542224,0.9263325848039892,0.7460388081746309,0.0436318241991724,0.6872606855414348,0.8996869683332709,0.5150153657399531,0.156751978,0.047819853,0.392727273
0.9781952931258472,0.1440445992787553,0.3095268915669712,0.1081763501934526,0.4854377223875504,0.5695882896916563,0.4377589461270128,0.9898089992614408,0.996852138778438,0.059934363,0.572184514,0.0
0.1969912260578683,0.8661339035966816,0.9402064691486308,0.7097857851639481,0.0080605559362469,0.9420338309030126,0.4112252236263319,0.2790879580767077,0.0317517638051347,0.282324062,0.35978829,0.4
0.2600709363884956,0.7805532614717432,0.0368353393787053,0.452049879024712,0.4692683397792964,0.9725306293264786,0.2659012530857694,0.937116109914444,0.4474077868067702,0.279802461,0.380994221,0.257142857
0.6822967446137759,0.4392291321633451,0.3220377530830088,0.3198498096677179,0.793263762425267,0.5508372942776752,0.5617688483714004,0.685986507231621,0.6270589019582118,0.182288491,0.471161947,0.0
0.3995664538004738,0.6934225545766047,0.1000708717373162,0.6191695073822215,0.8297988942238133,0.1391636982106503,0.3270190906338351,0.6868744437559021,0.5857049753989328,0.072818878,0.23599885,0.0
0.247250470544786,0.6143756524009161,0.769894700775662,0.1658109285577105,0.1853078433285413,0.2529854725229593,0.4382604995435758,0.7828239903005556,0.4623395632044093,0.205309823,0.343393355,0.821052632
0.8632440764099422,0.2624428122129589,0.9295804890887652,0.2465703050220494,0.7328469584805042,0.2456838975361223,0.1388817540110274,0.966971109852156,0.0527101886283136,0.104575756,0.299117003,0.4
0.1657455466908696,0.7696311740629603,0.9309163465720042,0.9296192276947658,0.8782745889594509,0.742078640282956,0.8238090112963081,0.096206731457444,0.8002649103529542,0.569195484,0.253424466,0.0
0.5277345047560114,0.9807419328886554,0.3240745314789433,0.2252631522781386,0.9293528470419632,0.6475476491838619,0.9943035432361232,0.6608317467409879,0.5565316248628512,0.678062548,0.518913845,0.229787234
0.3171869418144697,0.1293695647481395,0.2785702937793812,0.0700593241983079,0.2742366146998148,0.4429141846500503,0.9738012328272998,0.0153627834760499,0.5510890474590365,0.111471984,0.36579318,0.27826087
0.329463120586091,0.8417851359117221,0.0678148111591196,0.9568384016667202,0.3793160180180507,0.0077370310043689,0.2103393112778048,0.1641693879103452,0.5266041853248198,0.309216901,0.027420223,0.0
0.8712869743915669,0.6557834765355157,0.9151905659368674,0.7884133121442052,0.6041708035070498,0.6718500643338641,0.9495853921742292,0.0332672722845367,0.3211538601256032,0.321047768,0.561365214,0.474418605
0.5569717283925327,0.5362089798604588,0.6747686943597905,0.8824492420414688,0.8365864899958076,0.3636280155589644,0.918226035277672,0.3481165342831042,0.7275459295531164,0.283634409,0.344018783,0.0
0.2038858113026291,0.3632455277782954,0.679415756510752,0.2956960851850232,0.3540761109502146,0.7868322933540092,0.6142734362267077,0.1350519495088551,0.6665543245477957,0.216321884,0.397677354,0.124137931
0.5928888828288605,0.4950707475872651,0.3390119195302452,0.1867219342066849,0.0042314806962076,0.7851816723252928,0.8524797396004808,0.6322932559385501,0.8092570550075285,0.224612966,0.537614921,0.560869565
0.9796876087732403,0.5602024564206095,0.4983663946557033,0.1904921441705046,0.0623125680690996,0.5056182704810015,0.1246390421193326,0.5617639397103644,0.6682954989069053,0.211799955,0.546308792,0.64
0.3731618274252439,0.596179244741288,0.6674152458579637,0.3286878550877549,0.7436066216336357,0.8926640802309959,0.5829260659225182,0.0035601023515546,0.0061028547224489,0.332042121,0.361403167,0.60952381
0.5122530385538764,0.5681185787835047,0.0434878863470551,0.3798107410039357,0.4532792703033861,0.7992565715199076,0.1218489407278763,0.5274332494617772,0.9895084127010452,0.185871563,0.531724109,0.369230769
0.5456232731887065,0.4663758422110083,0.2962119962446989,0.0680634289086752,0.4340599248256912,0.2846571888377945,0.4728689806650878,0.7570477332406435,0.9972503317131528,0.146513024,0.322724236,0.184615385
0.1815902451147241,0.1537990827973475,0.0380986094768788,0.9142791321383794,0.5332421866121452,0.6914636192930694,0.1192784661915208,0.9389772042923002,0.2664612683409624,0.093554355,0.34769981,0.4
0.544416495512281,0.7433241102966547,0.9231106159774936,0.882543794908074,0.3928529745624918,0.9602732477430864,0.5987409224225793,0.5850533609999359,0.2864849443320875,0.401575401,0.501757749,0.038709677
0.4891159557957132,0.4586314400931347,0.03943104828956,0.6676306967306992,0.7181178336908957,0.6763464089350945,0.8336740214569608,0.8606548318464504,0.6264249399055842,0.216511606,0.483892748,0.626086957
0.177153540178591,0.5140662274989481,0.3424422124622672,0.4841557217169983,0.6222327558231759,0.028167311370705,0.6642401194063478,0.7501302555838398,0.8289927691655751,0.230854664,0.045502183,0.32
0.8277461632013973,0.0885790649199419,0.1834490271334552,0.4742949189055302,0.716684918808469,0.7534401136810565,0.7970850689387426,0.4763246531416607,0.451825305226807,0.088752851,0.617541035,0.533333333
0.6239018084425151,0.5772395479223836,0.4939823494211111,0.4425911781163647,0.8207018211875703,0.0593420612788561,0.3260088015972235,0.4501350358661912,0.98056118547027,0.206258158,0.157264256,0.225
0.0168702951686979,0.6909611542391733,0.065601846968486,0.3857989837296898,0.3270696561250268,0.2907689272433169,0.1586931584559743,0.1056318463793142,0.1214837714545489,0.113566549,0.203188412,0.646153846
0.2234476391343829,0.528600937558955,0.2525213461546516,0.5184967702014931,0.0760597348825328,0.7240255778235188,0.7649572779473053,0.966523204659678,0.8815200926776191,0.217973886,0.359276452,0.053731343
0.7996103843585639,0.7185767330069547,0.0341003483989889,0.8201385004053873,0.6628963191333022,0.5926644256000417,0.3951874119921204,0.1125780561356334,0.9639116231887904,0.260607707,0.549688795,0.285714286
0.0840165072402953,0.526472262875528,0.3849407636266765,0.180543617250083,0.8918716627409154,0.6624038682641938,0.9500523510764688,0.9097821070982932,0.1020043409050522,0.212753775,0.289214874,0.473239437
0.7233815240892566,0.5942970927173242,0.6300831622169148,0.9384863079242216,0.353082338461424,0.8665189093388292,0.0107940980398507,0.0190647561320898,0.0580724167358333,0.160822103,0.148503702,0.0
0.3176994966958795,0.0341337210588684,0.5435159162066544,0.1323392834576249,0.455331460358261,0.2820996858212998,0.7039541519725844,0.8587860623554213,0.911267322777591,0.093763084,0.365404174,0.592
0.896398010503109,0.997915520445938,0.3983615152551709,0.9139161751787596,0.9029376773200054,0.3039577728558186,0.3291265440044392,0.7628869872022991,0.0492768036893499,0.314236901,0.324826232,0.0
0.4864095264107443,0.5800965613035639,0.2832620116380354,0.5087281119070308,0.2933756690068221,0.1980828015815664,0.1081872920613051,0.3160451159894278,0.130621861591046,0.122789992,0.299022456,0.868965517
0.3212828551174176,0.93697185463527,0.0122244690151896,0.9777448753323372,0.6753737278722631,0.8458786668682267,0.0077681808275018,0.9637487648489578,0.3108621850781371,0.372890734,0.305457104,0.12
0.3045993009605073,0.708534319118752,0.5608637737025196,0.5052370431955622,0.8343359594898093,0.2709602793663379,0.659306570457718,0.4555902923818743,0.839141656104448,0.347005297,0.277357891,0.282352941
0.1485346952010494,0.549037913874029,0.7559069635968967,0.563026133195264,0.8055270530114936,0.5791405104157744,0.0935225576300141,0.7358095100498026,0.4880970598186493,0.173192904,0.411985406,0.385714286
0.2091116195344978,0.0453947180549727,0.0253966792570301,0.714601397327802,0.7760337671293511,0.4807012312045077,0.3981447790337447,0.5098496253066658,0.823108023893869,0.07036877,0.307925666,0.206896552
0.926749488141979,0.6432370937908458,0.2113523691234635,0.3032751016753985,0.5355568797365525,0.0721970781151923,0.3421670294347111,0.4821865307365962,0.7485470216660003,0.21892808,0.304846489,0.461538462
0.5866959942796727,0.988711732049808,0.2875934026886668,0.7836474304625739,0.8190500366553043,0.940645723486859,0.601376704250822,0.2594115630158898,0.5066746938838056,0.63206086,0.534810132,0.589473684
0.6692644163048592,0.2755153601513107,0.1787207522323316,0.527654345169602,0.6102127979128756,0.3324096686192178,0.6418308906647134,0.251061990294274,0.2879383133885924,0.119753491,0.307381011,0.0
0.8360141940094806,0.5063342763695198,0.847617543682719,0.6575136124430345,0.0274300473488766,0.0336347859852808,0.1416215164443691,0.0960820796379287,0.1998327387289581,0.210575069,0.090473092,0.0
0.8540834378633247,0.6900122903725597,0.3209246548924563,0.6306941780809614,0.9946460777566344,0.9089643182403044,0.4716004623063476,0.9322120169627004,0.9397005152197933,0.227922286,0.887656122,0.0
0.808547785358401,0.5510158794322413,0.1211516939111491,0.1104179447276637,0.6713419578953957,0.2977629777059557,0.5763578388346899,0.4157538073363581,0.412890829442342,0.243807845,0.439309338,0.4
0.1138680102271443,0.7773740272606617,0.62072902298551,0.4401786942007324,0.6282543483883429,0.7914339933000222,0.1298545063882685,0.0571973021962721,0.1942607009218445,0.296175046,0.299775392,0.564705882
0.6483059173839838,0.7166716575516727,0.8536942785024968,0.8689678642135795,0.0387186845583162,0.7562236921066395,0.7704939472421823,0.5103421716140063,0.7110980861144593,0.363824221,0.589501361,0.325
0.6679813507738374,0.268742082062723,0.1058606547810409,0.5424002613686545,0.7817176770427997,0.1003157665546782,0.464708072010476,0.7834089670484905,0.7385661070551296,0.107191231,0.272480287,0.18
0.5593374605059628,0.2215530476525851,0.1051051297619807,0.289242284386203,0.3603598105917639,0.9742831968214036,0.244934653946955,0.2622933797965271,0.4784421410016308,0.080179756,0.355192642,0.369230769
0.0747881736205984,0.130650881416484,0.6985244399749081,0.7067990905194065,0.5419316179616879,0.8647453429562197,0.684572797551953,0.1898337996408964,0.8984989167929077,0.120162576,0.261984448,0.0
0.4008565296155446,0.8640708856651411,0.5001173284984086,0.8121233461486955,0.767164570111868,0.5782309231530973,0.0698228404194137,0.5634845258562837,0.497962938243074,0.302337891,0.444188253,0.24
0.2456833688320985,0.4322355092683498,0.3772222922900656,0.1330817493474622,0.6109906540163086,0.9225126886505102,0.8828801003124601,0.0446237436830353,0.2990466935558433,0.196447665,0.498715192,0.516666667
0.4544072318953495,0.7984517763242943,0.8844922529932551,0.0055411469941062,0.6301627095655216,0.4945972865403011,0.7067587750992531,0.4018397728733475,0.2539919147014249,0.404272681,0.443684102,0.415384615
0.1064793916027951,0.0357686120615257,0.9583667138549424,0.747246328151358,0.0949131190247144,0.9277270714678464,0.1743142785773882,0.7180693524297741,0.3869159368163974,0.068532549,0.510728619,0.3
0.5485655071310632,0.1545014483658174,0.3912118780592253,0.1493900449767892,0.8892275201670717,0.5179573441241393,0.6890123731951042,0.5491168173386088,0.3028381903538303,0.104046068,0.505059071,0.368
0.8736016420521282,0.3997603640716051,0.9037542833297116,0.2317125732912097,0.3607194832595347,0.7477743010881739,0.6921930973177569,0.2909731415287048,0.6052384547225739,0.230050282,0.536837804,0.044444444
0.6957033639225766,0.4463551665632951,0.5594951988062825,0.2943360503042456,0.2213740092888377,0.5623120762570796,0.8880805764496614,0.712425131795826,0.655894125702633,0.211427483,0.508279402,0.087804878
0.6434682804044554,0.0899491017372485,0.5859190372160343,0.344411408497464,0.9620530972289278,0.6464691122756379,0.5811077987744095,0.7172298793523909,0.0174445065223006,0.082617283,0.398857909,0.283636364
0.7796776693645028,0.0385680721134124,0.7529486368123266,0.1241891963696574,0.3286456282708534,0.6092203089268291,0.8580904338156411,0.9689910838882376,0.4893873463821319,0.110320722,0.552413338,0.0
0.1628680770099893,0.4005035516750198,0.3857183530939688,0.4304257149219547,0.4408670364087544,0.8248331922023228,0.6521938144765651,0.6704375533165631,0.7630666119794233,0.201719184,0.43274871,0.0
0.8901173252624981,0.0761616457819548,0.7931655506191241,0.4027965907040549,0.8317800025955853,0.4440557666094432,0.3101785069788225,0.5150669824345523,0.9286933883816338,0.103140835,0.556145156,0.0
0.6826978315486073,0.3448724993991473,0.5473826569049961,0.5575843251859065,0.7385625799650769,0.7925110015057922,0.5955872565055186,0.676831370478245,0.3192258826429515,0.150847098,0.479000748,0.0
0.0761927876291742,0.1831687450436953,0.3590205343374121,0.2247030167087287,0.1467904541531021,0.5375500009389568,0.8999994444734454,0.2854853064288372,0.5290846163985906,0.119550996,0.278466714,0.606593407
0.8649159885589452,0.2187681486680823,0.5778285717337512,0.7295320678020116,0.8983056881689143,0.5250275946575381,0.2279262374602899,0.3356335101133142,0.1970955634650594,0.061260265,0.686189203,0.763636364
0.2046627432547154,0.3511199514822173,0.1743236245434242,0.0100606279878505,0.0304261709536414,0.4004827685291449,0.002264755695205,0.901474295790616,0.6061693507397471,0.112343518,0.348731443,0.436363636
0.7906324392532039,0.1915857598046743,0.2028322935517366,0.738893083989721,0.4063834704423799,0.6012285761229446,0.2660766359398214,0.2764955064119063,0.3552479250037427,0.060081594,0.337636631,0.0
0.5874591162605386,0.3083023160214584,0.5516668122799471,0.6120968418783744,0.2950565556436667,0.2992499578802063,0.6340717346561114,0.1059908151750151,0.990760685105573,0.153928846,0.466494333,0.0
0.7970858313863876,0.6271562725446885,0.4382652114834067,0.909984917092294,0.2686218307857715,0.8822265924324647,0.5117426524038063,0.5887099582872491,0.8083298866076921,0.415787801,0.513255059,0.621428571
0.4470487594975454,0.1082139335485501,0.6305159273221917,0.3118281618876395,0.7143119959296835,0.7159348686021583,0.70654110584313,0.9850219582432036,0.6624476666743152,0.144171924,0.524658272,0.591304348
0.4577734887086151,0.8396550809275111,0.5550780894730469,0.974634878500966,0.5864236434896166,0.4645279076510218,0.3671394697120458,0.1886106139904116,0.9722331252502112,0.446043999,0.307495961,0.133333333
0.518708298479732,0.7906987247220804,0.569262197152631,0.5520373628430021,0.4837033697888321,0.90474651108268,0.0874628147722491,0.5327072139260833,0.246088531719006,0.153740262,0.487440822,0.15
0.6510420420040877,0.737910710817451,0.1145408215436324,0.3456607923805394,0.0849284454705977,0.977897185414488,0.8504506763444254,0.9219641291240384,0.305104700300141,0.344582204,0.578282921,0.0
0.703873535405123,0.2319454722427474,0.4895888380678124,0.6364150780662152,0.2576046238076804,0.4927901095936774,0.0177922624897107,0.6876333120477335,0.4817363894105387,0.060987005,0.421699397,0.15
0.3993303199334717,0.4537381430361592,0.6412149632977611,0.8489551100678009,0.545116582514783,0.6096511662651358,0.9517113573888324,0.0502857316118525,0.8311150062664472,0.257719635,0.47136849,0.042105263
0.5987380875524254,0.3121363520093281,0.7393310582206153,0.553966276940299,0.8034650456939246,0.27906544339541,0.9720734398492368,0.5230069266686055,0.6293626433643575,0.168181879,0.382128489,0.357894737
0.1330185286154594,0.4741977701751363,0.9664046953422912,0.7251913677193187,0.4734040517590369,0.7394332129736988,0.3399956583917314,0.08087183261655,0.5494573488916671,0.185078918,0.496048797,0.453333333
0.0823625802727312,0.4674655984252044,0.1374202798672232,0.6936100014406372,0.7098500085622118,0.8474831863387483,0.9735363715401708,0.1762969971814617,0.5247698753803748,0.203734932,0.275075808,0.255319149
0.5199247062302997,0.506085107373676,0.3648860412610756,0.2172048258968245,0.3358056994947498,0.8673368992047837,0.9911879037291584,0.0333361681999627,0.0180280114454624,0.298453833,0.435318594,0.228571429
0.7352612065125844,0.8854824782099409,0.5951849033465227,0.3987160482121946,0.5064577196476001,0.6997475240827458,0.3075679522660091,0.6482611416417267,0.1814353913558071,0.399781676,0.423437166,0.331034483
0.8337476701276437,0.0608164836850529,0.3546916876803305,0.9685889829718024,0.0492381069491123,0.5163103215978,0.121128608761459,0.1519015502567229,0.8471934966743897,0.067072863,0.673571279,0.0
0.540709122842839,0.734494195289422,0.954961650351736,0.2593380187538818,0.0262885759149485,0.655372550836546,0.3789832939804681,0.6585785165636674,0.6176345873478015,0.213945524,0.605276579,0.171428571
0.3485990352786734,0.5875421933738243,0.834833876324829,0.020684452060619,0.8466309436994243,0.7966072817349947,0.3961796264188054,0.086471831659408,0.1815100353757166,0.142734849,0.440422313,0.15
0.7477556263969816,0.92525104585194,0.015125328356862,0.1833019876667055,0.2794696992499268,0.8328347472425377,0.5945274572673578,0.4949189854427861,0.9476540528082276,0.536084845,0.54373751,0.44
0.2304765371324021,0.1503216028639339,0.5931414491785894,0.5817240562973551,0.4008708068053493,0.1403088807287028,0.0339849676758681,0.0486874376394094,0.287972976939234,0.06974837,0.151388995,0.553846154
0.0314254533116892,0.2798712768292573,0.8831581206047509,0.8843485954061787,0.46292474337397,0.0118529376070173,0.8570396396945462,0.7007132523283789,0.6379572128525706,0.160383155,0.013366883,0.117647059
0.6683724452172727,0.2822254457672636,0.6032606172212899,0.6411756282088441,0.9792435146484612,0.6594775356385608,0.0335731226521157,0.3529327110439899,0.2467391731336782,0.088308215,0.600411481,0.545454545
0.9135246676776814,0.134031370459927,0.8456788938232882,0.841726374696537,0.7575252996532049,0.97370606932835,0.6116415635030165,0.2857880037757245,0.7712133975717895,0.116185827,0.467719491,0.331034483
0.3274124869853188,0.6790579903761352,0.5457158329229861,0.1340352848541309,0.1688253947322948,0.8487647609775762,0.937461428797785,0.8732354990184451,0.1780556875846948,0.287311869,0.420050991,0.21971831
0.6101328202552831,0.8343002652786171,0.5736574513495709,0.0730536645064831,0.4964063392745331,0.1736782824329559,0.4243163168457806,0.588451127863289,0.0006957544524821,0.208214918,0.223016643,0.771428571
0.4793383799368171,0.6747307207003106,0.8828510562707081,0.0637083218538944,0.2082535556275924,0.4618334256567818,0.6012925498448114,0.8824181671331505,0.2730527770782097,0.345851511,0.428256031,0.259459459
0.0626183551486375,0.7490163820910146,0.79132171175581,0.9534453133312136,0.93455691321266,0.1825940631709617,0.4833996196611624,0.7312451726035541,0.3437664127178444,0.286016568,0.1198365,0.342857143
0.5367117285481137,0.9674962816300894,0.6766820418859923,0.1461015211573888,0.0112161411911839,0.3786969906913254,0.7501630200167936,0.4756083131797124,0.068708743013432,0.646301129,0.3483432,0.6875
0.6409052799479084,0.4753360430933447,0.0423014692494135,0.9883527215913984,0.7000666328845478,0.7580629778335433,0.624111082264587,0.7652945591975747,0.5631202800940474,0.216295548,0.461197491,0.0
0.8347322523725739,0.744918227684628,0.5284012527959998,0.5585234602420388,0.0840776552867772,0.5139730213604694,0.3545862592765011,0.4526648962067515,0.019125124490445,0.242312886,0.375127343,0.84
0.9064224562367882,0.5340507890402584,0.5837952915000746,0.9796550494438176,0.6946979422063112,0.706728964541693,0.5158115976895301,0.008976093096904,0.1668888460746872,0.218306235,0.39474857,0.270967742
0.6976833954390963,0.0211459518169605,0.1121099086952021,0.1394264781683126,0.6039206589950914,0.5420443046140564,0.5705257697090556,0.4661571957221118,0.1185560798497002,0.08062144,0.509996118,0.432
0.2011690082121343,0.3959718532174225,0.2279776352537378,0.7062804345951063,0.1413122716307504,0.4515583857080228,0.7058186863531863,0.5929682605173694,0.3266160630149884,0.198063187,0.275874496,0.036363636
0.6592292575602682,0.785015267020703,0.1530652068971891,0.4220201358811212,0.8253076589303114,0.2304065317219649,0.3702329254061123,0.2159587968162805,0.1790747003786796,0.134089346,0.369543722,0.776470588
0.6690901221727148,0.4008533665128655,0.0864067596185993,0.356552483814551,0.4233002854370836,0.0568902172340926,0.9344242449458152,0.9674336952801118,0.9111913014867552,0.198760304,0.214535355,0.430188679
0.8140226535092032,0.3673083779882683,0.6594002969322325,0.5716469693888169,0.6503985486403078,0.1562551594584754,0.8641249342284582,0.2027483334927901,0.0102357381147537,0.184388949,0.328177592,0.78974359
0.4592996557352975,0.3197084501980606,0.2621268497103235,0.2630648490724181,0.4865361723347544,0.3543389217885437,0.8233152601533562,0.2123917593947668,0.5588470812323318,0.167648059,0.309240579,0.189473684
0.871776136791739,0.1592366004220077,0.3333147912695247,0.62196052759683,0.1038288006573389,0.4047918411385994,0.3675494822085268,0.0758573213394784,0.2078103730275422,0.066156142,0.419648011,0.0
0.5150971037362974,0.783060148843363,0.7154582602496381,0.6956256208274627,0.8912786832385744,0.1374238323499423,0.016830322559289,0.5877164068164384,0.3327503664893924,0.225813027,0.177461816,0.0
0.9387312048446314,0.5982874290997093,0.3821028047379662,0.4101339618330681,0.4479790009621003,0.8503020332903984,0.1229655345429613,0.9462639004539268,0.9380792354316182,0.172869513,0.538838978,0.0
0.8870427859315522,0.1389313400471683,0.8901257795668696,0.5141313841023131,0.7576358058126659,0.2696618140377889,0.39049326775243,0.6549352544455889,0.2576180480361777,0.087489198,0.265099279,0.32
0.2504862946799219,0.8143807680714685,0.4230130557511864,0.963007045807864,0.2509466545030696,0.1097556544947176,0.5251956190093306,0.5314941614198851,0.8935186974975557,0.457790115,0.171681627,0.3
0.7858409901260153,0.0631274069692187,0.6453204943452928,0.4719569752641975,0.2044909788699026,0.544344569238848,0.4822067534874688,0.0751788212538309,0.5955841338010256,0.063992478,0.51719785,0.492307692
0.2025889299808648,0.4278002837676099,0.8674926072547735,0.1766251006278975,0.4078917128207169,0.3491049266623491,0.7435250398435438,0.5955274799895786,0.8154154348543844,0.260189128,0.411193128,0.553846154
0.1491110991522667,0.0730835013992282,0.5753932765269558,0.0359976359298382,0.3569023707089516,0.4778347279628068,0.9117214903289834,0.2165179521752555,0.8258570448426367,0.099343676,0.256765903,0.377142857
0.2378454810147171,0.4394093226550093,0.7136415319607136,0.3288716539549684,0.2297055161152039,0.0298630129253606,0.9881262452332338,0.2403267219692441,0.7276657523047287,0.184921106,0.075155663,0.586363636
0.8356639993225136,0.5120528983080624,0.0824951564714852,0.8859638601604389,0.0015377392043097,0.6634921944138352,0.1168660214833935,0.2173245385991586,0.2837280070955128,0.133499654,0.526777526,0.048
0.5099845657609479,0.4152118396676499,0.9120421176012388,0.592290194746192,0.4895827685289408,0.2697625478840764,0.2924682809516485,0.5891310130060455,0.6302693582712934,0.134270599,0.27982672,0.378947368
0.7902143336761318,0.4303525575284171,0.7810311051248797,0.8338600397205311,0.9129719176780134,0.9841653631627651,0.1345585116785251,0.2972596204743676,0.6222849952163405,0.175583403,0.426032287,0.48
0.7144929123311141,0.8112557284757618,0.1804219516615824,0.6550810499674588,0.9898799741815204,0.9383664839818734,0.5706455200584366,0.454138479386208,0.8276384570227738,0.558431307,0.621343306,0.246153846
0.9685305442025774,0.2664224474351532,0.9655700165492572,0.0768350903801972,0.0738484076186091,0.3633821338394167,0.0427754079248018,0.6665315431948157,0.3873503136884377,0.061541624,0.535726473,0.276923077
0.1450238647509553,0.2256739898442106,0.9126124834346656,0.5028290192745741,0.0065211211526771,0.8608557978130766,0.7869120857203921,0.8990239793184835,0.6562532421019562,0.160033713,0.367225682,0.08
0.3756938893810205,0.2239642820623704,0.3297991272789212,0.5767022064070974,0.894743466739043,0.1229561490126117,0.5116283471305756,0.2629628431603892,0.3595294316533753,0.138537853,0.261193357,0.687804878
0.4593073184557611,0.0525794975231286,0.3900430353885924,0.0014679839989706,0.16400323760785,0.0524740784863502,0.3412871976148955,0.2250312620683527,0.5293790804210845,0.075293855,0.079223202,0.15
0.4886597293669004,0.3619781649188919,0.5745245324130764,0.529056110271815,0.287657945109887,0.593686482848831,0.1868905063417355,0.1877735393286217,0.2391993265101796,0.120745349,0.459384743,0.378947368
0.7083983199115936,0.6282658385625918,0.1509743617434822,0.3804596597542908,0.129307905424197,0.482051886352556,0.4384635017194332,0.4788700024281636,0.6333399892533661,0.130515318,0.588421353,0.514285714
0.3445803784999193,0.7689032018273277,0.4546332226858637,0.9371463847502868,0.99875556243516,0.8941029014186199,0.5555945396054077,0.00799771146324,0.4869705289436933,0.36791396,0.343210686,0.068571429
0.930789936901997,0.5167963643069361,0.0812646384279535,0.2015189834972578,0.6182787767750447,0.2997535333186304,0.3725938979638257,0.8125088657061585,0.3857832425951403,0.174195678,0.458741196,0.36
0.1695420891238807,0.4865018630979357,0.8279369559981135,0.4261391319321017,0.1444128839112057,0.5752952249902641,0.143714198626586,0.9786940589815294,0.7764071102167482,0.201464853,0.238038021,0.0
0.0391771129465893,0.9491206817390196,0.3530568947382193,0.8602477982644825,0.857180147160275,0.7224768491108975,0.6608437618490384,0.8475272553636282,0.8909747770834199,0.592078338,0.279324271,0.351724138
0.6567237675708606,0.787298460543458,0.2711903460398245,0.4857527278783805,0.4576800056985567,0.4474515813882138,0.5122803632495257,0.8715467943336326,0.8003191284922622,0.361621412,0.397632216,0.114285714
0.3380981930175882,0.011604171183068,0.8695056463278442,0.6529284726290736,0.7403985829741669,0.0882455694328642,0.3283249537488308,0.6223868785325279,0.9185835062829288,0.077373878,0.141894506,0.461538462
0.8066138237932157,0.2782179147117906,0.4334200838461689,0.3886240263595104,0.5558292391599694,0.2702628945592176,0.8967459696151586,0.8852105886487922,0.8606391129005471,0.159446968,0.44228935,0.363636364
0.900212874756655,0.2108816619914086,0.7305840525682415,0.2009114820434732,0.9896087834202848,0.0542262642473018,0.7859729900552571,0.8099579839346686,0.8408424675803122,0.176092051,0.240307863,0.421052632
0.7903620490497916,0.280641917407588,0.1880944605143402,0.8937052426983289,0.387327657633838,0.4873129960311106,0.8116997378083153,0.5332788497434262,0.1937481340383403,0.146299943,0.353814757,0.182608696
0.5385168477185159,0.1634376477609953,0.6895229794184231,0.506713670234275,0.8357535104500478,0.3907747514372111,0.8678750778091472,0.3797974827059279,0.2814238679812039,0.113670815,0.440205931,0.620689655
0.1868769624682243,0.4596586196262691,0.7593558885585335,0.7669326600500153,0.5629728084343248,0.363260394049852,0.7692179725862904,0.3586800618183604,0.2074590053219125,0.255557486,0.190672136,0.425
0.1806686079680542,0.93422428845059,0.0097057357061406,0.6158749676925643,0.2607301636607425,0.5368207414441322,0.454601443391167,0.0623280282831805,0.1547576854716648,0.284168198,0.271304248,0.675
0.6282377468723916,0.3893485890981739,0.3439598493034926,0.7633164440228922,0.8227586969389727,0.4122007591898571,0.6998425210580176,0.4892181267894204,0.9583164355846692,0.200031984,0.439412561,0.413333333
0.6403273896077747,0.7628628252648219,0.2000171431822799,0.0096007901032945,0.949026641543766,0.7632233535090044,0.0182713679279482,0.0353310209677956,0.8796806800375204,0.337385801,0.537033773,0.6
0.2241550828104808,0.3238412616364803,0.8328008991769186,0.6664414906666465,0.3336477184718026,0.8606619424875525,0.3946590116271603,0.4798662774202237,0.4775093890241342,0.141502896,0.319430853,0.0
0.1253216508718642,0.253673737064839,0.4300131362577264,0.0886909729964149,0.920594961938662,0.3317597392348687,0.8842935106369473,0.5288614912647719,0.3504448977658079,0.141091472,0.182381699,0.092307692
0.6645002534562887,0.6761362398105366,0.0157486656819609,0.2855387932738966,0.4224346979580513,0.1444712772747373,0.6456319199798489,0.9092862642789132,0.0097702021316076,0.291499619,0.272186958,0.744444444
0.9519865279274118,0.5926930410840472,0.2405389590296264,0.9371154373292014,0.0225458136515718,0.4397359919108801,0.2940129932880569,0.0822832602050306,0.7735663204624456,0.199554248,0.520101053,0.109090909
0.3439774620889435,0.272498272388373,0.7669668341105274,0.3772771141911997,0.8276621161410462,0.1279775419266955,0.5902323754206374,0.3990964795299054,0.5063010316451151,0.147620449,0.218396043,0.4125
0.3349543367666587,0.2271642006084082,0.930363457946104,0.150308206089598,0.0546858701420411,0.5627154839377934,0.5543047537373829,0.9085496726193916,0.5969316165640203,0.148441756,0.414477469,0.475862069
0.8788126829346966,0.8540419119560877,0.6007019366056051,0.8820649997390605,0.499716764531611,0.4782146956348867,0.1228974941500943,0.6020411748344386,0.9964384492616194,0.292597508,0.432660726,0.0
0.4087742052770238,0.5556850711221503,0.7674149332904704,0.0387966097439411,0.6540821743797108,0.3759636714375395,0.4193085443678187,0.4762734258152779,0.6926852052701628,0.161801744,0.407232814,0.40754717
0.7172857254304,0.043214751885406,0.8010399799262155,0.4632357950497232,0.7179648431613272,0.4630117278137626,0.3297036446979978,0.4225029350517172,0.0288251547329092,0.065861309,0.289803061,0.763636364
0.1973271476658802,0.1755899044782017,0.1334410862394919,0.7738215314456149,0.3464432493513607,0.1400292291267314,0.1541675490172707,0.805904182338634,0.8732689791635001,0.09036846,0.189925185,0.776470588
0.9225179247983458,0.7147290374271182,0.0359818670166107,0.1741475549115771,0.704921137001464,0.8953153950043103,0.4759576016062455,0.6475597359343328,0.2678800978689626,0.156720984,0.433194546,0.4
0.4009200163738898,0.8380487163734707,0.1751225007361667,0.3065763436132258,0.1152941121787326,0.9696290731529832,0.8214962430495806,0.765213745523082,0.266905445597363,0.381730102,0.472705325,0.392727273
0.8959376390618898,0.3044169745072167,0.0973622379640934,0.6915427151797569,0.0258872478595127,0.1034901242701951,0.0917912007436969,0.7551224406117084,0.7337757881786514,0.038482631,0.380879041,0.776470588
0.2972612698070844,0.9711653528055796,0.3427895609224952,0.7273669061390291,0.4757285217213861,0.6459507434382865,0.0949237502848825,0.2157978228052371,0.5417822236716698,0.461012275,0.452174559,0.0
0.1796504552883364,0.6157493380016953,0.9077860229731008,0.6188374571442252,0.912751766565806,0.4357879178114897,0.9575692926514252,0.3538586526115602,0.8678221937391605,0.266433373,0.194350578,0.0
0.9819691460938524,0.7507523517316581,0.0079244265250848,0.2324011252098263,0.8796479948609387,0.2478779780899621,0.1437980147785496,0.714696047415178,0.2877343549677041,0.198793599,0.400104093,0.257142857
0.6744742083714343,0.5238333469618333,0.111178614400862,0.0313598674536866,0.1372814372106554,0.4114811065277238,0.3230295939449421,0.8304745578092083,0.8727714065931881,0.187764712,0.36699553,0.514285714
0.7038570058890369,0.9887660590962994,0.2350530882705631,0.3755464924342071,0.1682596528675871,0.1640462172060087,0.0420589791106401,0.5506045449817214,0.4687100271178906,0.304664787,0.081806786,0.0
0.1248140600500044,0.6729471211497208,0.9863088981296098,0.3311709802768172,0.7791033504221545,0.5556511291766284,0.8197420039703978,0.6800453011599652,0.5724339943257715,0.321889719,0.342213781,0.309677419
0.7337803309280951,0.6687020086130654,0.8171182075799032,0.7402493543753341,0.8678879933558113,0.3444265243465899,0.9682169821547608,0.1942888376217381,0.9036671559461192,0.422657431,0.448510485,0.1
0.550270147645748,0.7243894102128884,0.5188128072329095,0.7214630149250048,0.3049463985067738,0.7750080942564314,0.2681994781397142,0.7073490706388538,0.3207165069104802,0.22540954,0.480023519,0.0
0.3590258275172143,0.6323487690094916,0.8427035586185851,0.9709079403927826,0.4167862502031056,0.5347234429410791,0.6307175999959845,0.7944699397529268,0.7258771583717517,0.367260804,0.272579917,0.0
0.9705445573894436,0.2718136688508513,0.4136934874735473,0.5471555293056726,0.0013320651718449,0.1228991431615282,0.1359442012496096,0.6049947344156824,0.6075628874559502,0.108181192,0.43645348,0.666666667
0.6396716616688859,0.610608114856041,0.7476630469584298,0.4034260865880922,0.3860670753734595,0.2609011350953828,0.0705868381222999,0.4763556894715257,0.1632219263388661,0.190658484,0.382147794,0.2
0.3484546129800436,0.7137046023306668,0.4383769507975563,0.8736632295074743,0.1446678878026228,0.958264597231896,0.7121302710719996,0.3827759691104989,0.8215026864969017,0.53614087,0.347773522,0.04137931
0.6633492084299055,0.6123910359451646,0.5692882734042733,0.1435223591815663,0.8212228675761533,0.1636410812442417,0.766983241365899,0.719372351457619,0.1773797660573766,0.263874588,0.359593911,0.569230769
0.170604319806975,0.3454976031074241,0.6987207310586451,0.6195235963987216,0.7719135396254512,0.1238031638098574,0.1213182297830994,0.4692916184590573,0.9654954826063562,0.113796422,0.161469576,0.4
0.8101874996225928,0.4429992781154765,0.4604341197656961,0.5276022379251121,0.0090030697677629,0.4062103874849158,0.2913523395718881,0.7472721545275047,0.034007747847497,0.170244867,0.276450706,0.0
0.4092120426682119,0.7302643965682851,0.794020575103455,0.9866387309124623,0.9149711574224576,0.366779324242517,0.0488025657044031,0.2491873691330836,0.5731201362979339,0.270116968,0.31192071,0.36
0.4792576643194136,0.0403099660474832,0.9135674736160097,0.5849983844072649,0.701957902964606,0.1078545508438162,0.2472782797718126,0.257620098693366,0.8173518901811825,0.070714882,0.178275221,0.126315789
0.8911678620949105,0.3080688279542805,0.7168538359558014,0.3415718964152182,0.0456297383842951,0.1875702929370754,0.3179107292944834,0.1329670334618481,0.5696389218927583,0.154147832,0.226616477,0.369230769
0.4976316529163117,0.4438942551628168,0.4028709618346205,0.912593161453583,0.4774590400018808,0.0232850113480292,0.9329536768538172,0.8327368372095086,0.8242184303731952,0.249871113,0.05020907,0.0
0.636355600780397,0.9324435461641418,0.8460931813446108,0.3979439832075859,0.2066746010135309,0.7469193788114955,0.269010143967674,0.0753792127583239,0.5845038198957995,0.184472768,0.46733459,0.133333333
0.0603387087599942,0.7844295893401533,0.9819771688777787,0.1042307412226193,0.1821272807722536,0.0002612300400941,0.0470378411734078,0.6899585231631957,0.7699449241235866,0.301557416,0.009798839,0.133333333
0.4654243633853132,0.8071524615398465,0.4868154950829181,0.9552981674569128,0.3783062882142228,0.966753354750182,0.3934120114988609,0.9826928344629562,0.3133745603009087,0.261699581,0.33000915,0.2
0.3543066609562714,0.2576448279819818,0.9773188364144042,0.375798256107879,0.9324309729343224,0.5088932921886458,0.1078522045296229,0.7049796638391758,0.0561322871879175,0.117841753,0.331406073,0.685714286
0.621791605546888,0.1754453875546481,0.2065980438593507,0.0238886506102674,0.6519845879316974,0.1126852682399318,0.934084103460118,0.9069100080826252,0.492527580177694,0.123805095,0.307136172,0.630927835
0.9542435575482432,0.8651977056223468,0.988875024738418,0.2915220200007072,0.2043028831626654,0.3280050351613026,0.5731782172382452,0.3171924984948596,0.7586847907381118,0.756106808,0.41455158,0.711111111
0.7971734056372146,0.2831234849618754,0.0572392876577776,0.5432517481542481,0.6230759885239392,0.6647271093981942,0.4512692136372485,0.6903929931383761,0.55246322094797,0.092973265,0.489182122,0.0
0.5088027707651005,0.881299633241038,0.9825425073907608,0.5020741147304932,0.3656781302689305,0.0668501770223545,0.494761023820506,0.5735901259270961,0.1365393107108377,0.425203372,0.059210936,0.171428571
0.6651174459909281,0.9088455121057938,0.5686643399520878,0.1474096808291928,0.7470749190995146,0.9214889358226817,0.82069097573196,0.6024229364121693,0.048281219016469,0.410014254,0.412117488,0.590163934
0.8226104781199717,0.4054925149799029,0.0620885614437963,0.3988431889527059,0.9873233309234184,0.2978391046838705,0.8192884999406176,0.586036319866176,0.5359662895366785,0.197484535,0.504686219,0.466666667
0.0071179411137752,0.8107024511620788,0.1469535541743379,0.8741877926911265,0.3008426789498012,0.950960654676549,0.361869151141162,0.0727701116071857,0.5080242902279533,0.357136009,0.388683363,0.0
0.0805741839248911,0.3458399948421375,0.6071772819299127,0.1267672824472233,0.2265034076471441,0.3105434864131506,0.7188664150141401,0.2819484204782847,0.8418688003298874,0.251970067,0.110558012,0.092307692
0.512535816489171,0.4000920901126445,0.4642142960128368,0.2974621409412422,0.5505364315663402,0.2203474996104739,0.3799053387453605,0.329006737927454,0.4038403959967657,0.131059525,0.30530984,0.381818182
0.8200587548330845,0.6840780671275797,0.7541009923660653,0.6106220549497512,0.4914221804652483,0.3083007257250851,0.7460042703953654,0.3516386472173091,0.3579004312391721,0.366580062,0.367917699,0.04
0.8222923218111857,0.3144364116854008,0.7004566402489665,0.3398427359338054,0.5627002437987094,0.2188645774094967,0.1966972896281451,0.2423410378851035,0.135124901514742,0.106772838,0.341257911,0.67826087
0.4117131432279747,0.3353637451621276,0.9741076913841136,0.9556435399864276,0.034189314768335,0.4096064112178408,0.4291951246707313,0.2707832895860356,0.974324266233166,0.141427322,0.381326034,0.67826087
0.3216790233219341,0.3318078199633449,0.2025438348282787,0.3126243149851629,0.707742573969675,0.4985531343760585,0.7036935278052708,0.6352254437129831,0.6352271448119244,0.180585705,0.365543613,0.387096774
0.7127004462486464,0.149749183882789,0.9525500571565828,0.4693511662637986,0.6772040158426639,0.7034977278245359,0.5331598811356028,0.9352141839975618,0.1538238736746847,0.145599002,0.487684723,0.104347826
0.9789738396931684,0.7471737113089704,0.7615565163992706,0.9550942179067125,0.4716628221164279,0.2646438065352586,0.3454289458867554,0.3924971312788974,0.1506767016865871,0.228090794,0.575809671,0.675
0.5728912463491089,0.5966338889539287,0.5589380364613991,0.2222663838719524,0.7562278067004594,0.3469622511672898,0.8445250865071547,0.2987719953841223,0.7756401824771028,0.267082537,0.392887352,0.711111111
0.7557940537241598,0.9015029139310974,0.0644575080733944,0.8689607557521191,0.1810555106040476,0.3654040382372957,0.0693174585354479,0.6230881124164834,0.1780650010614018,0.359284022,0.459504671,0.42
0.7861099499530172,0.9208148924179572,0.4502178429241354,0.6461624554560491,0.6321792398087586,0.5107741404814652,0.9072140278362244,0.6827811489174175,0.3537106781191411,0.463075484,0.506425596,0.104347826
0.541396921714221,0.2371128271461381,0.4947472429039968,0.1278739358981986,0.6541000079890279,0.0489676828368561,0.4203328169015351,0.2233107214318881,0.8232742996932667,0.109522037,0.146981788,0.612244898
0.8283201831726027,0.970174674959494,0.6441996229369145,0.1850159241658038,0.02286839222188,0.787994809146372,0.8548212841250823,0.2181965583875617,0.4300817786979178,0.587657066,0.630002245,0.109090909
0.618046190519831,0.1770092867908659,0.7822134673357802,0.2376542032164256,0.1280932657548049,0.1734947345133937,0.3355008644625905,0.1489020300355985,0.1581563360265353,0.10209583,0.392672742,0.514285714
0.6553844211617484,0.9755528539168872,0.1625985493322631,0.8904084816853094,0.7726325706315814,0.1601482204762357,0.5740779652512032,0.4319590620356009,0.9950088880826254,0.621441036,0.336345262,0.533333333
0.4697293438555745,0.9114950254252074,0.6540353956618359,0.0047487537134337,0.103543445358636,0.310105385863299,0.2317602797152295,0.4353956621844798,0.0447983051991927,0.367152789,0.448373108,0.0
0.4178359172332418,0.7494495761456254,0.5887779135677201,0.0908149633617433,0.168435726352597,0.6862027857122686,0.9759745432302468,0.5609578463682269,0.2208758679899907,0.354402524,0.515857608,0.65060241
0.5467781397689808,0.9456040413678676,0.6609996539052843,0.442291605736403,0.6624016401188644,0.8083940941341662,0.1527680369131651,0.5026440515850572,0.8370629680129863,0.306258888,0.404802068,0.2
0.3929103539975498,0.7456480952372747,0.8757998995402793,0.2404081288398855,0.2413620917686656,0.4891279786464537,0.8335889890182857,0.0230878786266428,0.4856148602953798,0.339436891,0.24200734,0.0
0.3756053324910677,0.3513249708661388,0.1537687565539377,0.069777145500913,0.4309524410355208,0.742121001670267,0.9544913926956564,0.4311986467270345,0.1420800215306406,0.128811473,0.388469392,0.367346939
0.304776821271932,0.1173829558367863,0.7066205898330401,0.253063651478844,0.9881165399764892,0.9068360042120938,0.0298791700937182,0.9857709945468156,0.8223602535657674,0.079885908,0.236578647,0.257142857
0.5766091114081281,0.5733601135717666,0.5811721570519026,0.5980875969778311,0.956140376035278,0.6943512490095739,0.6170288533504862,0.2990944253522714,0.4524832151986901,0.297858126,0.456504125,0.51147541
0.7110489079665384,0.1478001090117486,0.0859837046161389,0.8273553476424992,0.3469128830185778,0.0324212927774871,0.8019738149316257,0.6105088527137683,0.667028151699719,0.123565363,0.150542719,0.438461538
0.2879333741661453,0.7552084907233901,0.0758807946014061,0.0780383640995409,0.263623441097351,0.6245472191673443,0.9486305615796794,0.8906901225795011,0.4260368261062955,0.352948425,0.493271859,0.582352941
0.2032990738925948,0.8762945877340509,0.0495667588201313,0.5015524674782271,0.6811892940495774,0.9284575141908552,0.000748619788332,0.6348086992822504,0.0947084098189734,0.292545586,0.42202994,0.886956522
0.1410838781373443,0.8886483749669601,0.127750521100861,0.8865724093349748,0.0675672040895196,0.9388923587182996,0.8953871050862607,0.7317362978998776,0.8116290344821707,0.649474772,0.378380657,0.547368421
0.2053309960132198,0.3111822048034035,0.750233300184656,0.4153500245733093,0.7363972404951273,0.6290499914401788,0.4088235489891254,0.7732024111800815,0.758298213346382,0.107976773,0.474146139,0.4
0.8209077463511948,0.965647966672938,0.7431641295098177,0.6407132908087251,0.7058800151278641,0.9444952872514344,0.8414380062316984,0.9937541835871058,0.3397686624001824,0.688810212,0.581682882,0.441176471
0.8552023244127012,0.5477458477808638,0.7644429090023391,0.1828912113090941,0.4184962932173335,0.2743674549741989,0.3077335169122432,0.7397446954417439,0.6151388673160582,0.231458994,0.518262655,0.6
0.5734001379633816,0.797461951818294,0.157219018064506,0.9938912780032384,0.9996828838782332,0.5007968300138806,0.656305860231345,0.3333174208740942,0.9348619849265596,0.518694553,0.425695446,0.333333333
0.4878725262552212,0.6463368371012351,0.3284826481311337,0.5386612890321528,0.924849392412934,0.3511996470367772,0.9997787171981054,0.4731127104858129,0.9349572150613352,0.298398494,0.348096052,0.130434783
0.1299440011185872,0.7258157486319804,0.1247191095715246,0.1733048055134783,0.8460787436548509,0.7352432912205658,0.7421494010389794,0.8920125031650589,0.02107901401759,0.409338315,0.240897545,0.434042553
0.3006281306332722,0.6388669822971441,0.907378882686008,0.161360787763377,0.0366898098933252,0.4816731385651476,0.0939779701124019,0.948312701766475,0.3128412015829493,0.23272876,0.293292312,0.461538462
0.493186758217461,0.3454936519137279,0.4064198914279907,0.9385182217409116,0.1018447217900866,0.2761998695681129,0.7126203481429665,0.0178647054130104,0.7927164944703666,0.217625399,0.408666863,0.434042553
0.703979263603869,0.4792637343285982,0.4857844889796407,0.7695525301349567,0.5734343147279992,0.9360818087064132,0.7198737758793237,0.2434147760774405,0.6567787770261788,0.260532062,0.565371917,0.092307692
0.2715693562233375,0.021208283970196,0.5082743748050054,0.3034538056827857,0.4422833691111656,0.4890861949744732,0.751821088788173,0.375932678281363,0.9052055805669756,0.099690054,0.315945057,0.457142857
0.3181874246087397,0.3197578092105306,0.4922185464272023,0.8841827579000759,0.5135327894584697,0.3002276847987594,0.0176172193340712,0.5167827242774256,0.5038496423783203,0.119813228,0.247366798,0.0
0.7450083140175608,0.4179013038499376,0.2136429817556413,0.743618174948078,0.9176477335348032,0.6170764257520216,0.6632678560791274,0.6051400210476346,0.9005960661367265,0.311456873,0.346798637,0.0
0.8408138836808664,0.067542548121888,0.1793240993837758,0.1544832461620169,0.7861002122627109,0.2251865775824085,0.1323678214077556,0.2837206811157599,0.3734600169127113,0.058641465,0.306312977,0.457142857
0.693729148493211,0.9500953218330228,0.063082950116119,0.2644373762083708,0.3068545248997077,0.0589763041791903,0.4021547535105788,0.9312873874962092,0.9646979424258322,0.350186687,0.088154141,0.266666667
0.5232204996937594,0.9242616255310334,0.2822002711250789,0.4765272385075459,0.3678560960781118,0.5823953730294341,0.7825460308675323,0.1997369112397711,0.5021972670334884,0.461313075,0.447348043,0.0
0.0922938753453067,0.695020770651701,0.8058808637927323,0.1747753670207043,0.1153048959576283,0.1609581766269027,0.1203218515072113,0.3489560981962414,0.8206834266472731,0.184381048,0.163531922,0.4
0.5968196950013874,0.3527251684622494,0.296451946064319,0.8043461219359581,0.6731958561345631,0.222833041780454,0.3452984619197492,0.8551028231773242,0.9051391259357748,0.13667412,0.444302321,0.369230769
0.2135980115710184,0.3917749390839499,0.1159810222140621,0.3743332479472588,0.8543915508072241,0.0146495803146781,0.5821963986449602,0.2107438131425959,0.4575525957503761,0.177714179,0.043266794,0.528571429
0.1387498121969497,0.0745547230368399,0.5635815351028357,0.7335867727882357,0.4861884309248333,0.1961944578742597,0.9691696945894228,0.6874570416666849,0.9908325359222444,0.109410419,0.197151213,0.586259542
0.2879182741421636,0.7045815608661343,0.2643176159903061,0.6445617516397578,0.9045397169865332,0.5648847285777197,0.9739312873275368,0.6208292924234124,0.2147786215539877,0.305777795,0.211350059,0.222222222
0.1680976397860557,0.8595859183464345,0.3812749475762194,0.3692116554268106,0.2195685880950261,0.971704908122002,0.1854114472609404,0.2342035156832493,0.0614702091342389,0.312360693,0.400827983,0.109090909
0.0301150967994738,0.4131458115879793,0.3370663695596658,0.8471480749361858,0.5805804662381749,0.491896252544957,0.7308364840949939,0.932767602354273,0.3088718596876866,0.212094281,0.193702511,0.24
0.6611496083250956,0.1164774821936041,0.0809247661977281,0.937907660851918,0.574679580675194,0.5427015836773117,0.6607725106820876,0.2490990740253473,0.1450822962397514,0.099963079,0.460163146,0.434482759
0.1595049885650405,0.0432467702245723,0.2482651644738528,0.952623487366146,0.7373150920214115,0.3352426647589868,0.157175051856537,0.9933839108858654,0.1588549532000678,0.05864567,0.322668597,0.3
0.7241873792611431,0.5144244715775028,0.6931989902477951,0.0167551182592511,0.1772317414469982,0.0430991623837421,0.7370300621234234,0.7618456284782786,0.3409493838581121,0.262621584,0.210981386,0.657142857
0.3989034753996406,0.8536434729215981,0.3229959579102732,0.0263537766587711,0.0240255991248666,0.9121395826612032,0.1502551789910329,0.5795275184741707,0.7453358095476258,0.368231426,0.566914489,0.0
0.9416192995585108,0.2973079034925613,0.5346751740115832,0.8605468501061796,0.7164393614608839,0.4914579728050409,0.775742440104155,0.4240900973954472,0.1558745370127965,0.12759559,0.447065076,0.1125
0.0773215693726719,0.1343183604613352,0.8314415795637782,0.7939578706506419,0.344718823600083,0.5753118986892578,0.0639459696879803,0.9223536169285336,0.0742159326515243,0.10481191,0.106934553,0.0
0.6001307524046142,0.1766586171762542,0.02966988777394,0.1112660771460414,0.7224315422419075,0.7136112019483617,0.0525500248057432,0.2369582008430445,0.3953337418868484,0.058270708,0.448710377,0.757894737
0.7081762232208298,0.7958531980834948,0.7599979749587339,0.3763589737766289,0.3253866998056289,0.6070091291189452,0.9989396418645328,0.2044782375823218,0.1227895812898268,0.352718129,0.324297799,0.0
0.7167972135215108,0.9057983724136002,0.3949872803664801,0.4123054792881011,0.662449948917906,0.979786837080004,0.8922314178966768,0.0692894400318328,0.6538381690014816,0.535927692,0.577537201,0.211764706
0.2826317764498454,0.0182436728054913,0.5422235663212832,0.1996070096263872,0.9070856731466094,0.7775342869553026,0.0984218059040299,0.325186856594341,0.813000442316575,0.063559116,0.349644135,0.4
0.1667585965839048,0.8092548186081757,0.5886017034830141,0.5571488866190789,0.2344226159031197,0.4092253538655572,0.4387412951751804,0.2917712843135105,0.3036463498528418,0.265459808,0.287392922,0.488888889
0.1690720443086346,0.975321093365587,0.4741454390775492,0.8744769576041508,0.2375256774179621,0.6761873188162127,0.332284019907491,0.122764210474433,0.2684272688166622,0.438097369,0.374880385,0.0
0.2142825402109585,0.0853586147703635,0.4447305001513829,0.2297801919246609,0.5099395466251878,0.5905692402735454,0.4005747349164557,0.5834567535194038,0.4400985410179687,0.081199183,0.540736861,0.6
0.9285369454157242,0.2582723308900877,0.6526434201574615,0.7818761834826443,0.7962615650640169,0.6664862822584501,0.2715244713900622,0.7080837475954906,0.876155589129573,0.111974321,0.488992486,0.0
0.8847039538085172,0.2394766747938745,0.9586320809673226,0.8042526297082668,0.4852441651639473,0.2510950538074864,0.491005982073411,0.811380317536933,0.8456860949587379,0.069083189,0.416093234,0.0
0.8070899688459252,0.3959402814376137,0.2976910064583997,0.0059105781524617,0.0452771776605791,0.6914523725329301,0.8759423260505269,0.9378645303162824,0.1344854752749663,0.166555158,0.543519634,0.622222222
0.9824405283969556,0.411598297022698,0.6307150342636667,0.4747763227764736,0.3611639814516563,0.7198128817144404,0.170413692869263,0.4889244274663191,0.288923191718145,0.131467669,0.643736057,0.24
0.2336740110881093,0.7490263882918039,0.4657825840485776,0.4525668864701827,0.2772242408295636,0.3970202061767955,0.2800492822123855,0.6822707664097695,0.4697795688780861,0.243034704,0.191817461,0.0
0.8554327039058238,0.4900129775148679,0.1990021532890742,0.0815171899768669,0.6990099450292327,0.4515181411832289,0.9114406662234444,0.6429572777693634,0.4072887723027987,0.262038171,0.463793547,0.695652174
0.8026138879092826,0.1827945795466461,0.2277440543004715,0.8563234625641687,0.6113458765023205,0.1047930432882745,0.962868042847782,0.8097793278170062,0.8322865956342455,0.142876769,0.332329652,0.492307692
0.8758589676581624,0.031099227661796,0.0995224577797723,0.6251980533409943,0.6050984368806763,0.4521668507556332,0.4216424836345976,0.2601862618462454,0.9602029831180864,0.031482589,0.49882557,0.0
0.5804085637254847,0.9885883475521388,0.0365052049316083,0.8731193916231931,0.5255858198728163,0.715396361071754,0.7272367354912974,0.7171950704609922,0.589819062778748,0.51598538,0.503638949,0.135849057
0.2927392446237029,0.1001230268478418,0.5476850779224721,0.6723621929067333,0.9418844964549424,0.8283569872631305,0.5584803684855818,0.8825252577053306,0.0390814243372936,0.091386831,0.297552779,0.3
0.5280851705933304,0.5239995988428462,0.0611835153179249,0.4479758090204084,0.0701349307082609,0.7858339302779316,0.8782571053399533,0.0942954609651358,0.6856217005848818,0.246342917,0.483738615,0.0
0.0493082319268443,0.8297758630006596,0.7253283612247435,0.8590543799387464,0.7242927923285525,0.1973484004199153,0.4130683159695995,0.0250176578548375,0.8038591889355107,0.235109574,0.093405298,0.3
0.6479617072892825,0.6666215700162152,0.253039379021769,0.6238256285546363,0.0393866937897642,0.1639144921672634,0.7695286700233722,0.2922586766743876,0.5283479157847939,0.395689377,0.236172786,0.305882353
0.9293077405402064,0.0188270626589461,0.1895330924858908,0.8789226657341497,0.0729548459391234,0.6253120998269384,0.9433866003951356,0.5046196422782907,0.1883316119485222,0.084944239,0.408436972,0.027906977
0.3370330524904983,0.8346611306629447,0.4877712793393759,0.428997810766324,0.6436227322614042,0.2413878400694049,0.3996627834490333,0.2672435034233553,0.6888962204254692,0.240356819,0.238898549,0.0
0.031843254049114,0.8106548202910585,0.1205459545031162,0.2775335475337259,0.0849654965281628,0.240536710117763,0.1655349339056783,0.6778501333793161,0.1507618851728102,0.258413273,0.079192377,0.228571429
0.929520768897425,0.3126353104799543,0.0777861071888704,0.1943924965678323,0.233496527631112,0.7712113225884347,0.9954190436707016,0.2869734772152253,0.2718027990382166,0.170483552,0.601300722,0.306976744
0.4964248620087641,0.7894940838069148,0.9044004767170534,0.3747216170482544,0.2654859942698628,0.3293834635685129,0.8691846579591308,0.3771022343265495,0.3132656632479837,0.630114061,0.306010761,0.520754717
0.9429461219959436,0.0975793565799612,0.6129610890029158,0.8501999392569046,0.0137927191257464,0.3245584276131452,0.5333987737745738,0.3474273875626477,0.3255951853621767,0.096993943,0.480664976,0.565517241
0.2037351091950495,0.3919367299198414,0.1585481154485057,0.1578443141541172,0.5430533702515623,0.911570913873602,0.2378900722444168,0.0892537378671206,0.9301815347467316,0.148680198,0.43692078,0.0
0.8118653782055321,0.3407841938537408,0.7033380387026307,0.839651660108428,0.0197241132480308,0.3297807816364401,0.9429891212492076,0.1662782520991804,0.2506083872527214,0.137211802,0.424423307,0.08372093
0.5298023985629082,0.894925912007869,0.1880690528608417,0.6263877076372805,0.7276492491343193,0.8738128992530306,0.5319047975540179,0.0135660602367364,0.7336660605923546,0.489969455,0.610071174,0.0
0.3508561493357356,0.1831745073121053,0.3954265296688349,0.6300047854523319,0.4781064589440098,0.3518268887169674,0.7591355153147961,0.7987753716025754,0.3033824489941713,0.110998402,0.40008743,0.534375
0.9332789530023268,0.7602389356655745,0.6711992860438917,0.4300684768719364,0.3779370173883591,0.9333943878924038,0.6263273888776816,0.5040222130797868,0.2155102645512387,0.470967802,0.430148473,0.165517241
0.9734623678254134,0.6104532058373419,0.8109059654343203,0.6559618316168282,0.0199556389068565,0.95754796531477,0.8944333149829964,0.6438281123840751,0.125246031482191,0.350079176,0.463930836,0.317647059
0.756657985329326,0.58377774520881,0.3563957342948434,0.8518920051363673,0.8413961837064574,0.2958978285104191,0.1379917782091196,0.2042179076316712,0.3605653799198753,0.255045541,0.391974478,0.436363636
0.5152316572200091,0.955674678235128,0.3320497545784292,0.8234603943532705,0.2093582603359274,0.0546072417622187,0.5348876898516239,0.1913950620366289,0.985759310813546,0.558669894,0.044675343,0.0
0.3995619018626379,0.8004862161278403,0.3727665412031595,0.5009376317428156,0.3112484162273323,0.4560805774572932,0.0495283086824679,0.3526735473243939,0.5384365988508502,0.246212086,0.381968472,0.0
0.4619487339123016,0.1198686828979205,0.174440837710298,0.3045380758028873,0.7282724303548649,0.3647625981468079,0.8803570104319197,0.482854212593626,0.4676816904279223,0.09339292,0.310705935,0.0
0.070032980352949,0.2784930004016672,0.0777002016583354,0.1322272278566145,0.6400616669872803,0.6027801976889984,0.0200848272930739,0.4917955862478507,0.2339385054677353,0.073947866,0.212017589,0.0
0.4737003723743687,0.7951839387195071,0.6253158907894018,0.9992644210950586,0.0175636188091047,0.1711292282307629,0.263026578464015,0.8481547078421033,0.9832186547624168,0.313315254,0.2301223,0.138461538
0.4253181915542267,0.597488308037662,0.3030738365015724,0.2014832958770631,0.4189836055720304,0.5880748752476501,0.309306129889012,0.7511792100403636,0.6314864654072815,0.176106638,0.272025279,0.7
0.0665258062699242,0.5584569281082706,0.2240751893919307,0.1137028978160832,0.9025787859866108,0.3858891370652751,0.9862051435107886,0.2118019546123585,0.5835112553528595,0.260551768,0.159161561,0.342857143
0.2928073779493962,0.8322485874794278,0.9039075834352313,0.7280789398932265,0.9682513753386476,0.8622831887465688,0.1638977067651837,0.2756617829660243,0.2612736547556357,0.376275931,0.5348825,0.0
0.50789786304996,0.4685270222281609,0.679853788867316,0.8860265995138276,0.6113256040211229,0.7325015714318879,0.8428792318056192,0.6429592297517657,0.8851767797217224,0.229218466,0.506309734,0.26440678
0.0359946394121505,0.9083312195592737,0.2979583081780047,0.1385394223870948,0.1087909403818198,0.8092425680381361,0.1088173665354795,0.7638009121951507,0.0800552570828346,0.329641563,0.172545166,0.7
0.1926196021727945,0.3507271059374544,0.2501148870066484,0.2677880734676925,0.3782737006034894,0.6639714674358641,0.4631086901311737,0.4124657186127539,0.1766698465048684,0.167012113,0.255601704,0.2
0.6918086416078875,0.9016851776352578,0.7160496675182795,0.2373405263962603,0.212350508067891,0.5538322291238251,0.4097365368819842,0.7387563740333746,0.558994072849133,0.336955822,0.463230237,0.0
0.0045501441946173,0.4781261047795515,0.1601549532622339,0.6024571843206471,0.6731121844984,0.024445360597577,0.7102955799506455,0.2059640776796018,0.1342692558399641,0.21126896,0.022218055,0.514285714
0.6719277438223553,0.7885574332042046,0.0022019229326378,0.630840527268406,0.3523808911115305,0.4506409025236673,0.8385514289537704,0.1633702975485133,0.0006204107892829,0.346347401,0.350123704,0.12
0.7029610419567704,0.1133104410710806,0.1817035154363352,0.8740191192107808,0.5189561497781493,0.5124846917343736,0.0951572012430416,0.6735539197664773,0.5465506241646827,0.061880262,0.406609652,0.12
0.7430490019475392,0.5832811291317683,0.0407287919493559,0.5834995257904271,0.5523945711141339,0.2595219101985074,0.4938579305984479,0.9479184548000232,0.3554759063122238,0.229833161,0.424130276,0.672
0.6209925781783432,0.8712415864396922,0.8357424209840181,0.2723996094253961,0.3437412884393549,0.1898400211512456,0.3363505331948893,0.5826960721568774,0.914951425946928,0.392405313,0.369111637,0.6375
0.0968986205501974,0.8684948264892802,0.782066618740812,0.5752713633100055,0.1027549487990682,0.1714457284530981,0.1069712702298738,0.5146691668462523,0.7276818798723487,0.41156172,0.100169062,0.45
0.4816791803867033,0.1790583365745942,0.5815766220670087,0.2374345049611395,0.525755845551298,0.5870584268251549,0.8102897773407242,0.9070299012838364,0.0668747997238861,0.112202695,0.492228971,0.06
0.1822036934911145,0.791136168525448,0.9333360821846328,0.0837061601080071,0.463803548137034,0.6580789057058273,0.9956233681230766,0.088381008692271,0.5863275273623054,0.522695231,0.365463076,0.417391304
0.1718476770058755,0.8629674939555764,0.1131772282553514,0.28979469493908,0.6350806671970552,0.9624922963962644,0.9423464652207154,0.1588880261545777,0.3150507450915458,0.534362692,0.336441381,0.362790698
0.7514092988862096,0.3409339042657288,0.4782163242777453,0.8897200786446389,0.226584911664742,0.0107767497311368,0.5524457861094246,0.8635885405133146,0.1131130345868817,0.154085459,0.068706228,0.288
0.9394098570319788,0.7075897675501289,0.2502759906866768,0.4454574120975504,0.4460343621995206,0.7733683763865608,0.4168059228936523,0.4817157310326755,0.6932190021159628,0.279290464,0.534834728,0.3
0.2294940510561519,0.6251755696237339,0.1237887335926011,0.4965584630718525,0.0290062742385435,0.1826687532217533,0.7236532370364404,0.3377076699219007,0.854007959059812,0.343574891,0.164518706,0.204878049
0.395818137778412,0.3308644432157256,0.8366748127808432,0.9904048346407364,0.0244763499831204,0.2780694836604747,0.3402930109078975,0.918605283182386,0.8083016254202566,0.134791667,0.28131121,0.0
0.3676195784708367,0.6147039826848413,0.2722522206081944,0.9907386150445466,0.5753924750519374,0.4798227922822994,0.3590370638071248,0.8409196524314206,0.5227141864861659,0.193000881,0.395556695,0.514285714
0.4232495284930596,0.0125178527249725,0.1640929746959837,0.6690888458565533,0.0746156417673192,0.7200764426464894,0.3582548377297604,0.7084883268114247,0.5679841430543141,0.06056352,0.425758266,0.109090909
0.8996351615236196,0.2791949117795493,0.5946339459238384,0.3902274437652211,0.3899523371910054,0.9047696806296132,0.1020818843320402,0.8522327103166677,0.3485913279091661,0.058683188,0.791555623,0.0
0.8490069577405892,0.8621632338819574,0.9628341038870384,0.9690670768723768,0.6118775523446992,0.1987278935777158,0.5151586530875847,0.4705288001088461,0.3973961885706734,0.496126611,0.339702367,0.244067797
0.6491524372669494,0.319657355775476,0.8043542172702228,0.3337430051060179,0.0008031876145687,0.0247773263464801,0.4294317741059354,0.7943598693589619,0.8557819555488533,0.113877602,0.126461894,0.4
0.942407015200206,0.5788146631089004,0.7835855054423163,0.9282058951264232,0.1935225641311673,0.5471534175553827,0.0617038631151865,0.4034451752558224,0.9202347913977156,0.178151059,0.416315408,0.109090909
0.5722155170614085,0.3430585734405063,0.2193572075405552,0.5122074678004026,0.381732233818424,0.0381959076058869,0.4018317746681044,0.9148877384808948,0.4001540540501364,0.088991954,0.13021357,0.48
0.764672990320509,0.1139778718873746,0.1990391774681918,0.5600159942392328,0.0444493221734545,0.7348849645944089,0.3010856772359844,0.1425875713336771,0.7079472975720377,0.061774994,0.567342903,0.55
0.0912444116951204,0.8410406161060444,0.8029317733168883,0.936132194915767,0.7453014772549149,0.3840953390126109,0.8837928540506973,0.4513158417300654,0.4544960553488093,0.475918535,0.269220233,0.436363636
0.9446646649403904,0.9604707834342792,0.4943815392050346,0.2504734103476835,0.1468046034430182,0.848259589533749,0.9362479340158808,0.7981455212607452,0.1208944049345007,0.560673325,0.495676198,0.550819672
0.1847801719483536,0.8069531851471174,0.4296587269064706,0.3690891272039965,0.8434062218820944,0.9572105587480496,0.815840034159624,0.8520199150872098,0.7745683114692311,0.40665902,0.458899114,0.52173913
0.5100510549126388,0.4740038282409232,0.7141436644783988,0.2411256665969042,0.2588264490983043,0.6253489655477402,0.7773627098813289,0.3650298130178999,0.0833832028626172,0.285852091,0.393098171,0.211764706
0.1482584136007779,0.2187499612234962,0.9932985583966986,0.7778221522252406,0.6465769465075454,0.9342410959580436,0.3569084171852259,0.5001259527317607,0.7057167112521073,0.065778076,0.56407197,0.0
0.9148456968437796,0.7490555990229778,0.6811514369441003,0.1119477870967102,0.8031058168778621,0.4819186536623878,0.6474392476776679,0.4159571454322058,0.7363374905010598,0.427909328,0.541912573,0.0
0.2863894945845873,0.552938712188211,0.2708067367975565,0.6779475603422283,0.1308076419197845,0.2281498764455818,0.4460297805258092,0.866801802153787,0.8799718681752997,0.168914485,0.247400337,0.2
0.4121661919049897,0.056811885615596,0.3383656184461932,0.2146186850483235,0.9141640414893666,0.1824577006270747,0.2687378927737747,0.9369736989282764,0.649621233931668,0.0647716,0.227615479,0.0
0.2021654927306456,0.4985928507728058,0.6691444687392007,0.1959493123490737,0.2878987903587626,0.1734559234697035,0.7873967560970802,0.813538800112804,0.6773537403528441,0.284642925,0.253934193,0.627692308
0.9823426641422366,0.3035639127957293,0.2878621502635341,0.2129990748366962,0.0276682769198381,0.0306193052331922,0.3752960359316067,0.6245118640272843,0.7618078416587628,0.149953464,0.221286061,0.694736842
0.5070163617847787,0.1771794767835284,0.3804694639869679,0.7489693555130829,0.3082119479031602,0.5868566928605295,0.6782658523400341,0.4665747793425414,0.9036843183719424,0.130462672,0.501445017,0.0
0.4443330090603468,0.4095922406075185,0.5827327404649529,0.2303011389786698,0.4148260367653261,0.6185499714021345,0.1689396857186591,0.650480283477052,0.4053483991565785,0.149615648,0.345424635,0.0
0.4257737350889343,0.9987140900014516,0.1432825681336796,0.139238134254606,0.2803335170287625,0.3052092827656139,0.9122611658926189,0.2208147287936669,0.4847610295042297,0.6945897,0.209065297,0.032432432
0.0181318561656266,0.689764052163501,0.4386504156778956,0.3161965446000838,0.9654807577222144,0.2956154378667511,0.5480199805712717,0.3342883874018714,0.4301524168844537,0.337824461,0.129638348,0.0
0.6070174286027348,0.571989412424311,0.1553812050372384,0.7748527579653559,0.2260229020602688,0.1163250754086716,0.3257005835867972,0.9797856231293612,0.3734376744647013,0.164560535,0.330614065,0.78
0.4899694645264828,0.4512823498993168,0.3584933663345141,0.2785824201342276,0.2103155099765125,0.4659754945418477,0.9303722005232342,0.6576526149432289,0.1422528933998456,0.170524582,0.332952026,0.177777778
0.653908690523674,0.0635939888652302,0.0057606179112831,0.8123987244006906,0.0766895569618558,0.6012000168027106,0.2585339639167695,0.2676919103589746,0.3882806748885579,0.049233126,0.44450628,0.0
0.3143611494190186,0.2713371931714483,0.7094639484874038,0.1194321114644725,0.2945375283029271,0.5909906088218877,0.0166885603119476,0.8817945056205635,0.2149762442596342,0.078794735,0.518381001,0.75
0.3611070639146869,0.9250661849227813,0.9705447438447922,0.1814010067360887,0.2306438493573063,0.5710691856693918,0.6488544991567198,0.096714170673149,0.3672066738534006,0.474058594,0.514049569,0.346666667
0.0016222717909073,0.3141711535896272,0.4211753594262254,0.7417886744901436,0.9960278040748894,0.2187317220505743,0.7559752985936173,0.4056261796674459,0.9495448014298687,0.189707104,0.109927667,0.437837838
0.695315045530424,0.47253953359057,0.1308647069796751,0.3145889695641652,0.8497194743758918,0.2537391194706548,0.5465742225416322,0.008178866222769,0.1711389392651291,0.16543089,0.43370718,0.58021978
0.5000275771708547,0.6101609128918416,0.3287575795935689,0.3354231805123893,0.2439400895852942,0.3295600367204822,0.914968226041018,0.3534522829763307,0.6707258958507505,0.330238874,0.363535015,0.68372093
0.9851995424289026,0.0020609131449568,0.8467594822469118,0.0381086729972046,0.492945094157064,0.5589849655863428,0.7129063683743447,0.1865926297040681,0.8270384763803494,0.125241049,0.560542058,0.465306122
0.0812490795391773,0.6233862360639512,0.5861383651654102,0.9383607459010922,0.6171753818262365,0.4536056489989013,0.0717042320511671,0.6510860807581842,0.1591273187306107,0.193742511,0.307272969,0.5
0.5777044460263977,0.850973664833564,0.5532022396529932,0.5932054929315687,0.1623889701278907,0.4023228913179092,0.9091551645020766,0.8429727546143579,0.4407294386375516,0.498938307,0.362466185,0.12972973
0.0679519112561582,0.4369022883255978,0.2040134176016242,0.7386227593941485,0.5663985078525663,0.4699662881789425,0.6962027775002836,0.7509919744598904,0.4875238295311408,0.230359664,0.244251192,0.27
0.4122293873512523,0.6470749913284553,0.963486964500417,0.30937388964463,0.6443672397907074,0.5914394133670384,0.2754859723441223,0.8876915875964102,0.1495589236343737,0.226722738,0.466908531,0.327272727
0.4154265695556889,0.7603224013104622,0.8085224393075963,0.6281611669556988,0.966267149436534,0.1451803697099232,0.867149783904206,0.721151196108674,0.4460469692891841,0.349785559,0.20381412,0.0
0.3777383972432305,0.5860755549961606,0.3175069524172158,0.5545812615338754,0.0652579046484571,0.8166260436813964,0.2274641253780774,0.2161091517490793,0.978965991623858,0.166646249,0.598175248,0.24
0.8070673858505792,0.0439923253499019,0.1894833884989648,0.2036188215606007,0.3124505647424578,0.642732387150558,0.1115914832256969,0.4401473404614451,0.4123360704859561,0.056422211,0.458715609,0.05
0.9071274758931492,0.3580920880300585,0.4120588610220881,0.2486358200383879,0.4002637804833884,0.755309210736718,0.7923571370411647,0.2874371415687289,0.756366068345201,0.199326806,0.519685381,0.266666667
0.1064474180234735,0.2175943606604546,0.6697371278889932,0.6397903815467822,0.1387564040829759,0.4696262355253634,0.5250345885239667,0.3811724434857779,0.7367402152570086,0.156050209,0.293965856,0.363157895
0.8027827974623669,0.2936096319295709,0.2718965457871295,0.9415458409253776,0.5768647945778452,0.263796506978797,0.2671561674208222,0.1835649013569182,0.9188204215671172,0.122963804,0.476382825,0.311111111
0.645602242359662,0.225402239997891,0.0027586523342542,0.6546545274887232,0.2992341797506329,0.2281380788133841,0.89136631700418,0.9552780637356912,0.2639748664516618,0.134060233,0.29638384,0.204255319
0.9025097969080006,0.9124019222280908,0.2138599020691332,0.9275399270150032,0.4271116648468219,0.2094614424582873,0.8769083550293161,0.8185182007738686,0.6663726315507815,0.589320681,0.20569655,0.0
0.6165224067027099,0.2059734784879172,0.6384164787071595,0.8515094426391798,0.1752252204591609,0.4091780344858666,0.0987030178804806,0.4682540190171012,0.4999385085779887,0.122898913,0.518581421,0.0
0.9320365259227468,0.903119188427324,0.9265016426473828,0.2226798901297098,0.794363604282799,0.0491679395914825,0.9859170289231102,0.7995857061240919,0.6809506223491607,0.590384579,0.1790744,0.0
0.3112378087716242,0.9987514215126848,0.6903552799697056,0.5648783667358875,0.8780322597368382,0.0909891568884172,0.8170725800532558,0.043350727021249,0.5561988093497436,0.700954002,0.114055212,0.0
0.5199256480843811,0.997402926057698,0.3162657064974981,0.7796331153037714,0.9855157960270564,0.2737519124105787,0.1536294397190755,0.0494330654497812,0.5268989335849965,0.23780354,0.265100194,0.0
0.745911288654988,0.3773589216918682,0.8014768249186905,0.1558419140243775,0.7642284962362925,0.0350952378144359,0.9146387114842972,0.0524221393975228,0.1599926461388759,0.18068267,0.178154023,0.606593407
0.646433350693607,0.7978649661719972,0.7440388457213811,0.6571085293247041,0.0308626360294246,0.889681765808956,0.5086447472087037,0.7023966542787082,0.1641356781962388,0.344587034,0.413145916,0.038709677
0.2367742445782424,0.150233754464814,0.1675123260715926,0.223438996808149,0.5036690666461724,0.5600600420503585,0.2202532079025208,0.8754528424958089,0.0176037222885953,0.090470285,0.468274054,0.4
0.642735536130762,0.551794457900459,0.263100141864646,0.4466519923887246,0.5945716766374112,0.8799873423239182,0.4940346185202036,0.1267660774798955,0.4873178882870804,0.203405924,0.68076909,0.0
0.5530657639715457,0.8543416433622194,0.9153479137944462,0.6575418805334384,0.2753552580479573,0.3642634178455887,0.2705444824792311,0.5286289602588394,0.2410304536366808,0.399594268,0.36382442,0.56
0.4913022249126657,0.0248221311331302,0.6353813558097448,0.2669344767004012,0.9360424172893888,0.9988276710155,0.9310277727675372,0.5399079620540378,0.3203677249648244,0.0926761,0.480404037,0.176470588
0.7690889163498739,0.623336444911717,0.8805516303822638,0.3880664138880891,0.7168634176732487,0.3493421514582212,0.8029406762668582,0.2067897238465382,0.5175171383507045,0.411585651,0.387130867,0.0
0.8624368745040855,0.0003844313742435,0.263504638019324,0.6576092464686562,0.1309713439059759,0.312757867510973,0.3202042288035586,0.4291930169061914,0.3279514448089726,0.039123716,0.551534009,0.133333333
0.0534522477177213,0.4223900765757664,0.7747514124774777,0.0947797191338266,0.9691030852300476,0.7454393362941081,0.8166795611818688,0.1329489465481279,0.8323261253938046,0.284083871,0.360752245,0.586666667
0.0117470059418213,0.5416299313465518,0.9739881592921882,0.9068509404167144,0.1793128094943386,0.9224710434135256,0.254818878977372,0.2907637288790126,0.2304244592135687,0.196104389,0.208586763,0.15
0.3310539787883506,0.7753476613216238,0.2527134119508057,0.8557673688014469,0.3917015926903744,0.5104175455729745,0.522530322960735,0.6083565860716377,0.682413425517068,0.442561337,0.275493836,0.046153846
0.6066273460491588,0.1578025946071264,0.247083314764602,0.6689153772019385,0.0280213461166685,0.8228316258608395,0.294026518910176,0.422952725143731,0.7975289911259094,0.092647688,0.513828372,0.0
0.9199601646781276,0.5962647702776486,0.4843712915796752,0.8771936264165342,0.0535186105220302,0.5817225072260275,0.3977967705168153,0.687474525252493,0.0082965319912086,0.171908191,0.585918169,0.72
0.8771272994242088,0.2366964441381867,0.4870935018500458,0.7245217603052528,0.8748628582350941,0.213381734850792,0.6537221644587657,0.6642264389765551,0.1669027316398094,0.111621413,0.252575927,0.0
0.7672488888482938,0.1291350847260819,0.0456462948300567,0.5913531773937123,0.6116432262236472,0.8824614055245936,0.1942779872317694,0.8783955899137532,0.6504881355520022,0.085109339,0.71181713,0.218181818
0.8526050257333588,0.810203818534964,0.8032912332269592,0.0171724109758673,0.0826558153561526,0.4923276846909159,0.6092731603232591,0.5645908704259197,0.5341365702164311,0.43653889,0.533278812,0.582178218
0.6424042869542873,0.4284055144588959,0.963741258364782,0.8579585578100185,0.0155621529587396,0.4106585010113694,0.8696082798787736,0.5390553055751711,0.5422125238156623,0.241568245,0.369989223,0.342857143
0.4541571259215792,0.3434696867989706,0.5012071742978028,0.0523608966894413,0.1693809112254155,0.3405017657419297,0.4845235760682279,0.1871835424651368,0.4662118101167629,0.077939476,0.359643365,0.0
0.5985921163275135,0.4860977488601589,0.0868889890473274,0.2842682418753041,0.7119428448369862,0.5799296043166743,0.0793699725559259,0.1863933679338412,0.0049329469541951,0.14465826,0.529158194,0.45
0.618911158897694,0.8103827226840401,0.7030974225738766,0.1799246919143964,0.79747279903189,0.1398702075695668,0.1671236752526546,0.3972642852177507,0.0999263285110908,0.232716342,0.317909035,0.109090909
0.9142376151333512,0.2216514613724904,0.7029531624519987,0.8402688922639983,0.1947202056055244,0.9923483631623422,0.7506584852703749,0.4449352485326886,0.4562911163281611,0.128329184,0.535619227,0.097959184
0.1184925719059601,0.6169881735617622,0.5051796384415078,0.5750272127643552,0.2840534346491888,0.6079799160354147,0.0894323816808928,0.7139646533931601,0.526786737812629,0.153208714,0.598834566,0.646153846
0.8567220467380486,0.5603814415919458,0.161939620349906,0.5450295808294521,0.5051528468965433,0.351975992894615,0.274081846511252,0.2388229160074291,0.0401893048406545,0.158494486,0.50300884,0.545454545
0.4599860125494525,0.7792991887354535,0.1558955834345518,0.9708538636738568,0.8262043538006029,0.5034503740389188,0.2210289378743959,0.8605730595832898,0.7445797057846111,0.299093209,0.210485078,0.0
0.9821008986221644,0.9297638249441482,0.3612846929464858,0.5502181836787029,0.8920681519114603,0.8760516686373182,0.4380655454333063,0.5016251202734651,0.5789593744175078,0.514547607,0.694536242,0.342857143
0.1375810895229284,0.6999145274497339,0.7808058087907968,0.0873709706340324,0.1209447700654802,0.9240319436442086,0.2366798434758046,0.4389136895052321,0.4698353539223158,0.279333689,0.208214922,0.171428571
0.7624180782359943,0.6037296252768033,0.0918522957727413,0.8063845951184843,0.6281709587352,0.2201232455474936,0.7445648770325168,0.8254169564025572,0.3359638433301142,0.299292583,0.359435665,0.493150685
0.677292348164504,0.2077740981271181,0.2650836950609953,0.4952078531101823,0.6081532582969849,0.1114603627239987,0.4359082911793995,0.5800408058688812,0.6222080323311039,0.09167723,0.236438338,0.092307692
0.2520038746397354,0.4646351070870069,0.259396411739103,0.5867662177053684,0.4511823510701118,0.4558308607614751,0.2867803751311414,0.4242000657577843,0.118817812362985,0.11482424,0.447160266,0.442105263
0.7435038625483434,0.4969218010159002,0.2524936970573934,0.0914453075160451,0.521334723009757,0.6795873022255347,0.0081244917000635,0.1274874948471801,0.6279601180840214,0.13240216,0.516098647,0.342857143
0.3779556232001064,0.0617549496608408,0.8172677423667722,0.8620157134002332,0.9035287598618916,0.2982767685370721,0.2627303432722553,0.6254142005042546,0.7912449256369987,0.084336934,0.367591505,0.553846154
0.8727147113567022,0.5173493106640681,0.4703262206889307,0.9107053374193912,0.7669547012407336,0.3619210363163603,0.8812212155616348,0.8536291388210449,0.7854252395276684,0.357295941,0.466159737,0.0
0.6267285387749343,0.4652149288984193,0.7676893619226702,0.4835119777495102,0.0134048629923508,0.6543307182884043,0.6644350677612897,0.5521534911251028,0.9184745460216968,0.297497308,0.37037567,0.070588235
0.1249416523178933,0.4422562285528497,0.3317903427098844,0.6919006908485422,0.1234162518878504,0.8820307829840001,0.507914137824794,0.5362424659432651,0.7399851874087227,0.20595757,0.366467678,0.310588235
0.9780234810585976,0.7722649306627324,0.7098144419793789,0.3917445277689365,0.8884463246722443,0.1366429481344711,0.5793276412395654,0.5255700660397878,0.3044055927979975,0.395726689,0.278646455,0.294736842
0.5077339263602304,0.7487414292408879,0.2238835606620514,0.5394386271969552,0.7525409889913104,0.1738025573720351,0.3389866996784412,0.066872881475073,0.9961241967749184,0.277258558,0.352216819,0.821052632
0.1951514620371267,0.3957706736542378,0.5376943369836696,0.3308601594862137,0.1908741434363,0.9859533913914984,0.8048887767559169,0.129152972306888,0.6529993302265729,0.20174813,0.404475721,0.307692308
0.5361780174289663,0.0317091174753538,0.7560192344051082,0.63816972712232,0.2922866406235429,0.5600630225981333,0.9516027418628964,0.8934232736133062,0.766883303552509,0.109192665,0.429110288,0.24
0.2795565005514343,0.4124909198472548,0.0280929194340847,0.7605695872401668,0.8652386537300424,0.1821344134561791,0.1698544440363192,0.1321076520978298,0.4007167371596979,0.113449064,0.292932052,0.4
0.965697931114673,0.2378109564134997,0.2591116996836972,0.0034469331232184,0.7674382341570269,0.3662883842860306,0.3178907160201385,0.9782725376928424,0.5950976188049899,0.088045559,0.333532197,0.0
0.4858842661097945,0.0112372884867537,0.6357298743002839,0.683913107184236,0.4890676236388045,0.0372527485105493,0.2179874989289368,0.0681559363812425,0.5387064293005773,0.059905412,0.143970666,0.571428571
0.6360328010033688,0.6542362033201626,0.6609989938676373,0.1392994620364008,0.0251568911157257,0.8964951957232405,0.0384852660528469,0.095282334200302,0.0373219015898814,0.230144233,0.307765224,0.730434783
0.4752857638991861,0.6092001074216842,0.051502537765977,0.5407711690715,0.6015933207506113,0.3480157129288189,0.3267473185215734,0.9916648463221908,0.0609904201028279,0.135413056,0.344300624,0.545454545
0.291764857982291,0.9228491587531136,0.6514323195343555,0.5081182875748145,0.6820436962613582,0.9824441714638348,0.0930397362191168,0.6186922904352359,0.0868548841527531,0.290072275,0.810417278,0.0
0.8365968053863455,0.9838977585341572,0.3180089718926158,0.1349323493026015,0.5000753238331439,0.7358599060635193,0.9754758041974828,0.5060866262756702,0.3056797159559656,0.592391929,0.490268306,0.63
0.3504072444988364,0.9886363513519352,0.3737863927993492,0.3230662474187618,0.6351531474468217,0.7433627485885553,0.3530216615979087,0.9416133124059546,0.237979404933651,0.237154718,0.326037742,0.821052632
0.390589147635213,0.7127214117597206,0.7354975376365585,0.2440817421026644,0.069167773155581,0.5653942494323978,0.2927751359506457,0.3420669504183508,0.3321396664836579,0.27447418,0.462729255,0.048
0.5757472255780136,0.5349331386066174,0.8877235867813055,0.0364661958787718,0.1474320629514812,0.7217602831567226,0.1483760076433391,0.2484223243923309,0.1984067478835438,0.155866472,0.455349777,0.42
0.6407820241194042,0.4699842007699496,0.6386983149625587,0.3987775843955699,0.4152639912323791,0.8459927923716035,0.3361860549158468,0.8145663720349021,0.5785021867841096,0.139574752,0.54445045,0.163636364
0.0672140230619565,0.1953201073663004,0.2743848593360569,0.0475283832242258,0.6738632569945554,0.8391214001360416,0.5812214927637283,0.585263063890785,0.9660275088520638,0.151970438,0.272292945,0.0
0.8949897904726246,0.1107522028885461,0.6905923651878703,0.9147928115882116,0.919574608407085,0.6563982201580829,0.9669161339513976,0.471789232677562,0.585994520743297,0.114991777,0.476367664,0.380952381
0.4264476669729645,0.1239519752215038,0.5190992414024951,0.0602042499255777,0.4936239115035575,0.5198248490337815,0.0648549726547309,0.6811198687130452,0.9137047996169594,0.072451058,0.448732758,0.685714286
0.2219406357706165,0.2601181380099037,0.1329715152867405,0.3688301087986618,0.7442157530423336,0.4147528837911279,0.0811757833585812,0.0485351523245488,0.1937026902211688,0.097563369,0.325767765,0.4
0.7201485953452501,0.0784202001147843,0.0511507247970397,0.0242931123490337,0.6142114317879367,0.2695649609061112,0.7986765826223869,0.2614532753117881,0.7718822131396122,0.087201501,0.356181836,0.564
0.5056598293218745,0.7778975205170833,0.2924798213940557,0.9841682766957228,0.3713739725590228,0.2604242559241985,0.6658193563400349,0.9878006672664212,0.6127480778173315,0.395876223,0.391439825,0.272727273
0.6594917423089446,0.8798760437551548,0.8322228545402707,0.3887524543782605,0.8751941765831396,0.2356337609761527,0.0268903557180916,0.6970797379988727,0.0004847907442745,0.290770786,0.159178563,0.872727273
0.4147309883659115,0.0400338923969815,0.545788964643451,0.2895485342434601,0.2715993839818718,0.8039532923604392,0.1368693663306033,0.195189775633263,0.5173857496396576,0.064929183,0.461775587,0.184615385
0.1213899372032821,0.5673667056142344,0.1775431347003397,0.6902617393695377,0.9290557655943946,0.1997663507232867,0.9796094187788554,0.186713149479359,0.4130017149860173,0.292285013,0.188439702,0.378947368
0.2513214484449058,0.2220576622658806,0.2217886889052148,0.7175613555688577,0.502903855370286,0.0005112617054949,0.1200345003504717,0.0889531616242053,0.4378680600669488,0.084337028,0.016361722,0.1
0.1257162902753471,0.8135507375764139,0.0812284799594758,0.8172175051437283,0.4792618561381426,0.0620501922396633,0.9312707046450216,0.6648352291911631,0.4581127255389627,0.349891305,0.04077046,0.0
0.603196886731962,0.721620388387107,0.4531298036407575,0.983966729828993,0.7916826124975103,0.8164033265093957,0.4718448101407272,0.7671249591270164,0.1909250025166102,0.148219878,0.435422995,0.0
0.7719327991121365,0.6578544142049181,0.4027928701078166,0.6199240269071622,0.0550700521168429,0.8839703056968218,0.1668020585162227,0.1786615371247247,0.8492318695890443,0.205273291,0.631023709,0.0
0.3790332022461716,0.4248468346126651,0.1242379483202286,0.337051670130313,0.5103867299532517,0.7603618836892397,0.1515291172977054,0.0563162803599845,0.8417647388255547,0.131707791,0.550029461,0.1
0.4222735894235052,0.0471405236239067,0.0512405473486744,0.0189536917761696,0.1578060588123676,0.7722053149005982,0.2398189753742002,0.6329136534241624,0.6203478816153388,0.050338712,0.501311732,0.0
0.0089914289192284,0.9234322970968268,0.0029943336888474,0.5570951262087739,0.5864332473432239,0.5300611986331495,0.449436164404692,0.0423215126808047,0.5587456609431563,0.367300487,0.186497793,0.0
0.0763320887703088,0.8318186731576388,0.5514659482422846,0.7448193357906592,0.3714265252558868,0.4177385970772843,0.6498691602893244,0.9187726367169368,0.3110191231497873,0.418683411,0.158547776,0.058536585
0.7360929184917719,0.6274643778150992,0.4035349758233932,0.5339884653399076,0.1507341046705139,0.4172023319196539,0.0426213442854377,0.4300848537123958,0.2640032465583544,0.155547463,0.560433449,0.0
0.8836131123663591,0.1097805487725248,0.6317162320896442,0.4273902561677585,0.0674606956989498,0.7029627050215324,0.2356720691493131,0.1470803767481141,0.8847717124180116,0.059465763,0.766526831,0.0
0.0123342296408731,0.8718410139162007,0.6220286056476908,0.7936396457506735,0.6382086905899536,0.3027791005985426,0.6744889146738257,0.912113826166404,0.9091205518509218,0.67443644,0.111152958,0.0
0.0153811907134399,0.7974067436518355,0.8255866607623699,0.853506078494047,0.8573700121407833,0.7688494911111093,0.3917215379217061,0.2537150294948177,0.565208145045683,0.344705984,0.284302303,0.461538462
0.8228351449014482,0.4369206103009355,0.0102027970619512,0.935858673984861,0.5267757969853516,0.1170233551513425,0.0153834707489532,0.6141132632189052,0.4458129730687855,0.14216479,0.152214915,0.0
0.6937078411491383,0.9630577658248028,0.5118914594998633,0.3480857839025505,0.4911947386043743,0.2127828161582894,0.4850384277715277,0.5981548013560067,0.39253994960709,0.484986692,0.310118958,0.709090909
0.2179085018704367,0.9349103592957226,0.411220845698244,0.4841549803147602,0.5274111138287146,0.5416573843007935,0.7334641454562921,0.9994267257003772,0.3118010290041429,0.598751162,0.320964649,0.321126761
0.0632614275910159,0.4782026461284294,0.9469560064559592,0.1693151728108641,0.7590404670937745,0.0483307414314007,0.939856932996994,0.700358132407447,0.0692602892671456,0.203538771,0.019918821,0.052173913
0.3596383098717414,0.992582569923298,0.6840399087264372,0.165345721472066,0.837153412032197,0.7402396769853258,0.1516021338928702,0.1180231574004453,0.927346376184758,0.390068378,0.505254228,0.36
0.2375325507926646,0.4074916710302666,0.2079539260170702,0.9817825763694656,0.651325439689268,0.4364734368482391,0.8059644736278214,0.1173897798050485,0.4924589664653996,0.228850898,0.286103814,0.234146341
0.0960266521501466,0.0166938012393419,0.9767903548177485,0.8819844139847687,0.5772161672221502,0.0443804961019042,0.0416136167763347,0.0947485167489925,0.5922056942750056,0.063111111,0.031020547,0.1
0.5888162132763377,0.4790781681410002,0.2779291255161291,0.7282870981146451,0.9862334791658224,0.8245977100066121,0.3681571414895255,0.437327086607263,0.5079305400830112,0.18647624,0.53920849,0.0
0.7021948964733716,0.4018007694646149,0.5171098791600576,0.1941470843380164,0.622615945080599,0.2750297445244063,0.1093868386821712,0.8270281699648085,0.1441083609795035,0.123596851,0.376121505,0.4
0.3227815981104365,0.5569888760306636,0.6342752384084991,0.1708827975906665,0.0763490318682229,0.9604957575393516,0.5853579353558966,0.2705384433382816,0.1762030251228055,0.336491042,0.450523778,0.189473684
0.595710813599784,0.7801999387954706,0.2318419369857995,0.5905452154602597,0.8532367461983216,0.99968583332775,0.5976371734303343,0.0315992581009134,0.0589874536887436,0.314503299,0.516761708,0.18
0.3194980609248443,0.9456878801255908,0.8849272201489037,0.1250854688054594,0.3157237231797621,0.8953705258033415,0.0690211510954497,0.3293555302935258,0.570292373789466,0.282281078,0.459811768,0.225
0.1863437942093234,0.4229529567658368,0.4274509336853114,0.5929400960036152,0.8511088138170724,0.1859710853518511,0.0909078431809012,0.0087127203213299,0.116963438326108,0.085434135,0.131914234,0.54
0.0303624013914689,0.4672658211782087,0.5750416495172584,0.0696626353630607,0.4991598920349608,0.5441817424355591,0.7345921484616473,0.4268179233031299,0.2418032611845224,0.260970684,0.21154844,0.380487805
0.2875992973182716,0.2130214900083609,0.1270049718896744,0.1372617228140488,0.6909345479749481,0.3881117275318255,0.6209106162671627,0.1816146713633495,0.1813690917289918,0.112152335,0.339804605,0.208
0.658617051453998,0.7114656478718173,0.9655227567319375,0.6917636254378612,0.2384180473491922,0.664745024809651,0.4160262959862679,0.0059400314911558,0.3024289388569191,0.372034952,0.440293834,0.564705882
0.7371541676107172,0.4329903263185304,0.7043085327062723,0.2251956929294127,0.4995269389653142,0.9552759757355423,0.2167229071314422,0.179634442808523,0.3487266816646911,0.153844725,0.606527634,0.45
0.318164936414698,0.4735231845720745,0.3327003683066659,0.0404421339877725,0.9608379035156764,0.2038562251238881,0.1513165048800628,0.2602675243356417,0.9053958555093272,0.195810311,0.213420376,0.6
0.8218397474041873,0.4558263502728609,0.4663882746858002,0.4577442704459379,0.3662509056586611,0.8237333720132443,0.7522669150018498,0.2485836436797518,0.0617822574825924,0.190742552,0.37975719,0.442105263
0.2896506840160667,0.6561123824748724,0.3037568367563945,0.9144640506731492,0.1089861970718729,0.7209967219319873,0.6588704193223741,0.9876044774856148,0.6200120375504033,0.34014974,0.370487335,0.409756098
0.2243119385372247,0.6576371245265114,0.0151801577217942,0.4307915251367564,0.8564572298336034,0.904092132384407,0.2859718905778252,0.3749468600122346,0.5296822312518111,0.179062913,0.418336082,0.685714286
0.5504594471122988,0.5044186993368306,0.6417740647363056,0.3291915220021907,0.3162574007106584,0.5941074351805691,0.6542864544777304,0.0258081156967421,0.1536595200556875,0.225537172,0.541875458,0.370588235
0.451436853038802,0.5096840780533357,0.334479763674827,0.0487905124797858,0.1471662211177619,0.6437679485900325,0.0786188787941177,0.4632716434954885,0.8983340578186236,0.188151133,0.516825435,0.307692308
0.7468471427089646,0.357505024948315,0.271754055751405,0.540679453752946,0.7238783662562938,0.4243663516159961,0.7102170575245732,0.4100843647987693,0.7909598474552642,0.156098917,0.501173781,0.48
0.4736599705247825,0.6645077813408813,0.913952184096116,0.5923111935654807,0.4346945804551727,0.0229537979153525,0.325316422672827,0.0942255012422623,0.2286647067890611,0.193298013,0.08112261,0.48
0.8695639440409814,0.3380945152226718,0.0771651684868949,0.938013708752582,0.2626651604613695,0.8553683816809002,0.9770236834318284,0.886107575989524,0.9541456205034672,0.187601899,0.495132926,0.288
0.6854317025177027,0.6967781481453831,0.849533682627223,0.5425466104852205,0.7032110206050389,0.3443232317594552,0.6229702643636372,0.7975955446498941,0.1081597078755971,0.286204655,0.375645951,0.0
0.4412794492512334,0.7309876208834841,0.2255647851320402,0.9238550509698528,0.9554304379472136,0.861637062221031,0.0397300396536566,0.4692136769399849,0.879200065135342,0.426692966,0.438090473,0.3
0.4717067113620892,0.2851261033835084,0.0005590133416344,0.3818584263022392,0.6485366288518326,0.9121016900451068,0.2813890818642058,0.7732051200016149,0.1040692368515571,0.02216353,0.149422665,0.0
0.3746730648367882,0.5980571276651272,0.776718225816665,0.1000223070308351,0.4678740287040955,0.7666692351626568,0.9820100040811708,0.3604514521158941,0.916307016597918,0.367529877,0.48818405,0.612244898
0.7688966398770383,0.7187166416185151,0.7905432945850019,0.3645872619553707,0.5816386772670946,0.4308472297888625,0.2507856098484925,0.405286690129738,0.1147687874627763,0.190142755,0.345928501,0.4
0.3183532474423003,0.4104254656977621,0.234003131046135,0.6994698573180952,0.0558790552121694,0.6512248291692825,0.471958034088908,0.2126510655836403,0.6005069693018696,0.142919296,0.340182933,0.651428571
0.3110901352390472,0.4886049969946949,0.8880767311651527,0.2908243810166195,0.763399319136424,0.1114451814221726,0.2663109465801681,0.1844495506537662,0.3271966502623025,0.135969307,0.144684224,0.0
0.0965684940511695,0.457461912405896,0.208387314369438,0.0745835234645606,0.0620213279154248,0.859816424120087,0.757955089206896,0.7198675930358228,0.3502604693461522,0.172494762,0.35555095,0.465
0.7802005541497011,0.8126949078673814,0.6233340514843206,0.959434411948376,0.5797961119393211,0.9114783783102076,0.544388732281994,0.2897396357818566,0.7339583428046927,0.434578138,0.477853299,0.545454545
0.4994303151048477,0.6591969307760351,0.8351799486803272,0.2536473198275926,0.8247421399091269,0.5063888170657215,0.3824596273344266,0.3364923207936484,0.4935282090423223,0.22277354,0.452239081,0.25
0.2861664634742638,0.6356211815834563,0.9582189732995916,0.5051855025767319,0.51724721977778,0.771941722193992,0.7961408511275704,0.4675391635692041,0.129307190267542,0.291956856,0.541090848,0.0
0.6181084660391499,0.4477276484514833,0.0895980310172125,0.7947633554025842,0.8586213972400959,0.1993050956391998,0.5720797988503429,0.1758362316026758,0.0135363937284812,0.173755797,0.193362878,0.312
0.0496375650272538,0.7659947060483174,0.0248824006627099,0.9076741838367942,0.7113875602561298,0.606111980758126,0.2108727240246961,0.4772118524580925,0.2950786800595623,0.336611789,0.205320391,0.553846154
0.4658690482324056,0.1273237007575562,0.9189003427968028,0.0141869475527218,0.8881497712321412,0.6428609145548017,0.6491847369005537,0.5003538455280708,0.2610479007726328,0.097169386,0.477110271,0.531147541
0.61209551785653,0.2467592805350534,0.5683508101816365,0.4248487791639872,0.7170512020250923,0.0578690634907748,0.8427679820591893,0.892258041707899,0.9589281226236492,0.179254828,0.09832694,0.0
0.290447374653522,0.5761631744683768,0.6860804018178484,0.5928022113907561,0.9493490425817872,0.9717024489004304,0.773216354550672,0.3636075207180547,0.7080074756562482,0.280319892,0.481787495,0.373333333
0.845338440722024,0.393980809225059,0.5105000350683868,0.4849349880175503,0.2954570870224331,0.8784525175289399,0.4562731903486697,0.0901973163589862,0.773693541262669,0.14501485,0.530260156,0.0
0.1281481769865282,0.4113828451747933,0.6949541302500764,0.2554581098788595,0.0182449963413939,0.6232063820382662,0.5439961110799354,0.4652754392195222,0.2760138983861009,0.205091226,0.251544564,0.135849057
0.3280047595058919,0.7676277723868046,0.8097033729953075,0.4513332000833251,0.0042011135607682,0.108859553385289,0.5802034920220471,0.338746051281188,0.8712786046462743,0.586180306,0.106808098,0.416326531
0.2147475355108733,0.3560585975971843,0.348010704804215,0.3217299411301086,0.6822138770454415,0.7023085405036704,0.6888461918788271,0.4592449180721543,0.0821450650132988,0.161754267,0.33409679,0.225
0.9798855912896808,0.8132989229184311,0.8196028790974856,0.7065474785916711,0.6754105426661926,0.8635856964046672,0.8893022072447153,0.9413015759437252,0.8094172982930906,0.434188015,0.486586997,0.042857143
0.8563818729779032,0.0299456085632203,0.689513687490768,0.2367093536294403,0.4272463341608614,0.4238974662472501,0.0332695549202831,0.5717932967376015,0.1210567591214097,0.049898981,0.564792611,0.6
0.4603710642868344,0.7375010247957233,0.0869869607604175,0.7365813624911925,0.8283693959452115,0.6657579646610758,0.986562002625369,0.5302329884410859,0.0218975635780536,0.269183192,0.378774134,0.293877551
0.3544638751952963,0.5742019572166688,0.7648224273084542,0.441587312016639,0.9880163123677702,0.899328152678804,0.4502138739957525,0.0706928446140838,0.7567314147103463,0.182846132,0.342366814,0.0
0.9697886065372416,0.7462884275940909,0.4096930967467537,0.9172385458660548,0.6948510410896916,0.9537586633991474,0.2347948517211028,0.0820823783244379,0.58314065829435,0.042621689,0.652570959,0.0
0.2464009349394942,0.7054950410029623,0.7409247407102473,0.8607948175516571,0.021879546899824,0.4062132754870445,0.3879570481952038,0.1333254818500704,0.0021044822710638,0.247722141,0.385407048,0.876923077
0.4176783630803843,0.2345402985544591,0.0866472832062298,0.1264596777358902,0.4818625250983267,0.14193694736873,0.2162098864411944,0.6289925829435432,0.4806968160981112,0.099767017,0.115081159,0.0
0.7839725914370125,0.270991740419678,0.9712541098326668,0.2870903901669611,0.9812991025630105,0.3196396287923447,0.6215612226234349,0.8460807237019241,0.3098608054434834,0.159543202,0.37791537,0.163636364
0.3203476773431691,0.0068135864394842,0.0074810664888281,0.9467683445245372,0.1056213469778922,0.7524216612537123,0.3643828497551709,0.4062165393981632,0.8304488830812132,0.061920239,0.455821916,0.432
0.2860869985868073,0.1638871966558117,0.3429181315956131,0.8555789152291021,0.7828999778326167,0.1945176079466545,0.3409595434170548,0.6425441480982546,0.9867805825379796,0.097386915,0.372359328,0.6
0.0800056447315458,0.7615105632758192,0.5243451449864358,0.9000692487156416,0.198310629722493,0.515290797314941,0.3549605402234063,0.3878132603650243,0.7892449767890858,0.334668477,0.087036621,0.0
0.5603398483917853,0.7228585543836997,0.5213057598804046,0.3415833864096643,0.3490693101864547,0.4352493095280029,0.8465826971549502,0.0662737719222346,0.6678617836742458,0.358139074,0.417754994,0.380952381
0.8921853466208635,0.3830591920048098,0.4549148058053857,0.2776620162199958,0.3969621894155191,0.9131549710270508,0.4910368099790657,0.7712268530104529,0.2683871435182516,0.11910967,0.521959932,0.057142857
0.174722750665193,0.1591540151597777,0.2663886910883086,0.3837764151329595,0.7663575892583301,0.1436136645170873,0.915935222952428,0.1063612933249104,0.4717270428667409,0.128996781,0.069744503,0.291891892
0.5707904505430745,0.305951199226229,0.8864109520629923,0.575827993841726,0.9825791798616615,0.2215084298061103,0.289812929762699,0.6220945944585009,0.8736537131018197,0.100515974,0.357043448,0.266666667
0.6302571282555968,0.2864126201913782,0.075823077000977,0.5398695101999444,0.5157526667912767,0.0358607148521959,0.4265416784565545,0.9382437879757598,0.3799969277253082,0.091117226,0.140932414,0.694736842
0.0682568944705044,0.7512340468720735,0.8667468743516863,0.0622039263869732,0.7565766998874441,0.2724750605866872,0.6983254772245636,0.5531132179885384,0.4052853693572014,0.476698456,0.188451278,0.498113208
0.037081723110978,0.8725991745034521,0.1402130317155326,0.4231459984245995,0.3004985779397708,0.7343744106866789,0.3678746364946434,0.2472202955970408,0.7643352102568535,0.37706979,0.311367178,0.525
0.1946668093827913,0.0523410732943685,0.5320376187921672,0.6336233430999895,0.2259881959762942,0.4665660463978279,0.0454334326398602,0.4531379730855912,0.5098892145341065,0.064874569,0.333921851,0.6
0.9105499244478396,0.353205992471179,0.234086615820368,0.7647558424184394,0.2971552516182603,0.0071519865928348,0.9458325477541404,0.2887518892480945,0.6696277020874826,0.192021576,0.116911159,0.738461538
0.117678743045875,0.6262280921695709,0.3486455398462026,0.5793995440950288,0.5487479627688511,0.6109182090165152,0.951188477244705,0.8375078473037213,0.1203823601619393,0.400493329,0.198922349,0.063157895
0.9806842591951396,0.954276959302938,0.5567448253621196,0.9235252975631704,0.7728369747774345,0.4308451414986655,0.9759187764921448,0.7357543334851023,0.6227638380430194,0.582514254,0.483027136,0.472727273
0.6924633722666546,0.7028547145892473,0.8090577814562716,0.8119575300458424,0.4310347952289844,0.535614218077236,0.1387139246233821,0.1128361938146642,0.3001328478485588,0.248900545,0.516552432,0.15
0.7502501898890209,0.978961254346612,0.9118651073467028,0.9642871561125582,0.8403107771405559,0.714641080281753,0.4731847090715271,0.90810202238241,0.8771432498905496,0.290708521,0.563319864,0.0
0.8522776395813236,0.7115694195599603,0.9714644693160986,0.9779116468345064,0.4294959581622892,0.3871139867464338,0.7192211965985505,0.7985267992699886,0.0161172465845887,0.288755983,0.418186441,0.375
0.472183065494287,0.3162751731269535,0.5978613726645018,0.4641094915862847,0.5200582377394828,0.103619468858093,0.8154089244297946,0.6885059607426403,0.2194668151432778,0.127372336,0.200751629,0.503571429
0.5748555122117655,0.1707049924699581,0.1069304641221663,0.9461088267875022,0.7851680654442739,0.0184245739464529,0.8875835585840226,0.3561445931283633,0.0699057677467916,0.086814675,0.0804493,0.446808511
0.9521394958025828,0.6020430017284375,0.6995474368300066,0.2169320953781632,0.8212118497967815,0.3478989169222869,0.1134190769373501,0.6953397617826247,0.0326495139583689,0.108102112,0.381030989,0.0
0.183255860248974,0.9251066297228012,0.8778600734474088,0.2323855318556963,0.7546751396296213,0.967727221847884,0.7740548315101754,0.961165498341336,0.4030575945972949,0.533619662,0.306456292,0.063157895
0.9351019018798876,0.9179428059597624,0.1936791581119928,0.6065375581543468,0.385392310182778,0.0682552088507708,0.8577132781466345,0.314946535916448,0.6682725936208552,0.509694017,0.152648068,0.0
0.3743408966555129,0.5994989052475077,0.7866208760831537,0.0001961652291549,0.0120747652925063,0.6970454011534485,0.1692012533362855,0.5647974799949472,0.279175407511356,0.228638585,0.228722121,0.4
0.2782503547468334,0.7235698738219775,0.36512682469714,0.258946735064958,0.1896876917512292,0.4494248968187249,0.7744496349466236,0.7961125058744956,0.5135086143970552,0.301233699,0.349186253,0.366315789
0.0573737127239385,0.1672429357752215,0.1152179234307519,0.3049295659057994,0.6649691851087628,0.9539614864949928,0.5738728857446093,0.9125003060015588,0.6127917422023494,0.136533859,0.341986991,0.266666667
0.2996562678820069,0.4873273359964108,0.0273855623528345,0.339337957852632,0.9051751115891205,0.8222434926813069,0.0363143939117398,0.54287203391817,0.2847752650016343,0.156681762,0.414400349,0.4875
0.5691951971742353,0.1784439472906863,0.5860541976410742,0.0888251443321898,0.212254173782773,0.8975414602720756,0.2833711546356795,0.2131943905411374,0.3311671611244969,0.110493071,0.704233462,0.0
0.5357923125239812,0.9615521328174824,0.539483705933068,0.1426824867803556,0.0899362519829762,0.5369346707727637,0.7607432251729359,0.8614799890811926,0.038933260897474,0.571183252,0.332852998,0.440816327
0.1728414288708361,0.4588791743184642,0.7023596111192434,0.5259497437956937,0.901125180481508,0.3880348380285796,0.0091618706944782,0.1080470115370544,0.2887698310837122,0.137098982,0.291162444,0.742857143
0.8994682329937459,0.2712618011597476,0.7288217155073035,0.1934483105827882,0.7081357713004179,0.7952747256566536,0.3055702764904945,0.676060566679162,0.0660473584966149,0.104227141,0.397490475,0.755555556
0.5789414656968438,0.7711395701920442,0.9893844928657808,0.8782317707887298,0.111118853906133,0.1718711343166438,0.9828593651178164,0.3929135928023587,0.5514876682423756,0.500924834,0.201669518,0.269387755
0.4833324501453331,0.8967367799443231,0.3228833220472689,0.8215741223620899,0.1391155012709812,0.1245270675763707,0.765760495013894,0.5183830705370442,0.5048188283844884,0.595281961,0.236994068,0.260869565
0.9110297698256342,0.7998479696356287,0.25818874099209,0.3363030179267584,0.0216945408164987,0.7096157522704005,0.6552370145855851,0.8859327313595399,0.600690343291626,0.417941558,0.55233632,0.43125
0.574635275233127,0.3928859973698908,0.2131694818644591,0.5447817921127707,0.1166074381813366,0.0497930148588136,0.5294634486423037,0.07087602851657,0.3257400030511042,0.15655781,0.111681453,0.0
0.000345966233988,0.0385433163962405,0.8868058867068112,0.3341634766210614,0.8859119503099091,0.4216136339156452,0.972787977845862,0.9962217162803212,0.4945822362731282,0.104120631,0.144670287,0.366101695
0.0089529468297893,0.3025819176103661,0.7705801368582571,0.4765180297046305,0.14116452905572,0.9508425637776888,0.5960659026102937,0.0070407183027642,0.6458340882813745,0.177802799,0.279013258,0.189473684
0.1939881965774341,0.1166291045944682,0.0279965307908198,0.5194241166736817,0.6915614845322788,0.3339862730032703,0.0581035108510956,0.2162994145527057,0.0967742413233523,0.07764371,0.188474943,0.0
0.6351514093971352,0.721945798668641,0.9828233046784518,0.5829353333914846,0.6098745062280773,0.4555110137479016,0.1181929330643757,0.3344977799186561,0.2681065134414274,0.261704753,0.306784708,0.545454545
0.6952025142805477,0.8773081890695432,0.199824493454445,0.689677915237619,0.9482070234114288,0.2771373169188743,0.2357491355473446,0.4625854626013767,0.7204392913149247,0.261605946,0.304812317,0.35
0.2684296794795573,0.2916239834903384,0.0571787937740398,0.9976388660263296,0.1903443042863535,0.7724815952539328,0.4495019791631006,0.4643957175924034,0.1195900388079235,0.086704239,0.566104893,0.6
0.0188713670998226,0.0233072291512588,0.2148044693577947,0.834483654150497,0.1870517240611404,0.7121110277850997,0.3023205209782127,0.9255124638044628,0.7230922487825799,0.038181053,0.234799137,0.0
0.0538575443643445,0.4840570133976394,0.1023899933411721,0.8299592558422348,0.8739116478655978,0.31320985334314,0.1916888922532542,0.9318725480721362,0.3320954786258631,0.10043786,0.128821394,0.0
0.346209526408614,0.1677829927923629,0.8903647961020601,0.6524408404742688,0.6229988117233956,0.6458384378045339,0.8044070700447482,0.6230576398764702,0.63116633965682,0.100326735,0.349580536,0.0
0.0967827228088005,0.5539898663778926,0.5809606861662888,0.7614244346987918,0.6127522793471225,0.763880206892549,0.4474664404568246,0.1083446686818606,0.7463257609886363,0.212906401,0.174719136,0.0
0.0077397590099033,0.4306268475999053,0.1118308483182624,0.9014302683514888,0.2954440056980052,0.0217227862938963,0.640237314057706,0.6453831267559231,0.4818744128235503,0.2140948,0.015618435,0.407142857
0.0781482453755928,0.8910830904883644,0.0066699520920869,0.2973828641293293,0.0596713056791519,0.3006238372995026,0.8173430070234603,0.3384286879588194,0.9380070225039124,0.395616971,0.18139438,0.0
0.3958655163427098,0.6800790591995272,0.4179740751357941,0.9318753501738668,0.9606548873385676,0.1800980308125437,0.7617899952269099,0.5035498741020112,0.0954350514828655,0.322139448,0.225588551,0.293333333
0.486352577552729,0.6073570944623893,0.0623311493725562,0.6608104321984108,0.3207541548908844,0.6239992445058266,0.849611949232893,0.4021048588347637,0.1210165494862904,0.286098125,0.471020901,0.18
0.0970911952858116,0.5688131541405552,0.8614916790039385,0.5111350553182072,0.4106753992178076,0.7501838237211804,0.9228376560798702,0.8825167460754543,0.3911163302787401,0.320828379,0.347102898,0.475
0.0719548747337247,0.9528986738310588,0.6275158879033257,0.4546285549529397,0.6194493675714051,0.7928349710856597,0.0831051792740679,0.9640066548215372,0.3669773710626688,0.409928992,0.285398452,0.109090909
0.3239358750422445,0.560288641937947,0.9785964256131262,0.8941733515375359,0.1442739283241803,0.0257121385195102,0.8153011472628706,0.9938084409691078,0.745955765164161,0.289870425,0.060443994,0.153191489
0.5084707004014536,0.6470314909262908,0.5962350043756476,0.3615739406956803,0.6681413866399698,0.7177603756916682,0.3081824366580007,0.9528757634314324,0.670159661214084,0.188838586,0.496056892,0.0
0.4242140149980231,0.5872762759254075,0.6225988087833574,0.2338936400599316,0.1367727376120912,0.503629054534302,0.4279881755907981,0.9356255563988216,0.4197779262333876,0.200820862,0.43327885,0.124137931
0.3040642503573016,0.5231164799653596,0.4105724841921199,0.8520648467077063,0.1223492398916006,0.3092278726118815,0.9901419811143202,0.039761369130161,0.7445472399937276,0.22672761,0.26212113,0.070588235
0.5113170808504893,0.0566648263511776,0.4467043923221708,0.8126079651587561,0.6749087772619384,0.4453427314758527,0.801495889205294,0.2063527256320023,0.1035641262039589,0.102053889,0.383929242,0.632967033
0.2802872851635477,0.5988894373069119,0.6006662169099499,0.0014061768531641,0.086413944578565,0.0158351450898084,0.4849228583811502,0.5108788477770062,0.4396394211816139,0.194804801,0.057913581,0.3
0.388740509740148,0.0688968511298351,0.9953672501686373,0.3467937697559549,0.8176448936201755,0.5431491093123545,0.7500501242178703,0.7564048264894093,0.8035852903684427,0.106110208,0.34545715,0.0
0.1143337702298697,0.3069315217140977,0.6716916870999988,0.6421432275562879,0.5741702165549203,0.6171029366444568,0.4949355375117686,0.5872073451552599,0.1689256455180288,0.116933887,0.249692847,0.436363636
0.3776715330125811,0.6277146897411239,0.1250591862368707,0.0284269163008917,0.919190989925296,0.6219785292267653,0.2814996762155844,0.6009293293363797,0.7729744050166663,0.261316579,0.348529021,0.757894737
0.773873920179283,0.1776624241988911,0.0629676768903162,0.9198919620076016,0.5798003663865842,0.3013664088118021,0.839068660198269,0.6449617978692435,0.5357203841363191,0.135711314,0.276601534,0.0
0.3668794009795055,0.8956697781226467,0.8556967719562065,0.8839052043267439,0.2361189188602255,0.177626170991125,0.435657400597474,0.9150959840244028,0.3295400526136993,0.409675202,0.185534222,0.0
0.9160205646603108,0.3813337159034587,0.200071136807647,0.9223069351338744,0.234223319543516,0.9030756543884124,0.5633635306406969,0.5959551488518626,0.6313233193325983,0.191849943,0.605936609,0.48358209
0.17813088610285,0.7887523266478706,0.906424929783142,0.2794935323797954,0.949049135941364,0.6948994989760692,0.3969808469711778,0.0619810646840772,0.6227572251503476,0.224633655,0.49559504,0.4
0.80125151487844,0.89749844645881,0.1063325581417935,0.6950106821887418,0.4714968601114397,0.2497058362049156,0.9563215887650952,0.8615805539744401,0.1253969829324603,0.38759518,0.372385177,0.364556962
0.661467613516821,0.8591185156378848,0.5002891428483307,0.5872314745206413,0.1311653575689294,0.0575912953331617,0.7599219102097574,0.0562354135185511,0.7288735770390005,0.489845842,0.131013882,0.178723404
0.2370617047673404,0.863563871281441,0.0186824093390697,0.0095189297418667,0.3670960782484743,0.4258962122516802,0.0595196223768187,0.3570860283922533,0.5940126635292006,0.380187221,0.231133073,0.36
0.7727317805479472,0.3597425343332361,0.6304531689028618,0.7760632120085845,0.2907698618874149,0.4569559273788004,0.959474438766675,0.2654210457848863,0.3554350759606653,0.127358511,0.493258369,0.54893617
0.5045144042409141,0.8942089133340635,0.974067125915404,0.1665184147406689,0.0462748901671761,0.2680406220219292,0.102278332352734,0.1891516943703785,0.2279701425214774,0.362628787,0.332819492,0.12
0.6004296131725655,0.2225922283410238,0.9937802831049356,0.2307129499785468,0.2367930512305944,0.2283041577897946,0.8448262781562687,0.9101535689590008,0.4453556347897609,0.13898242,0.407438699,0.35
0.3980608180095554,0.112317537712806,0.861473124232489,0.2410618182091088,0.313776509849537,0.2160924104468908,0.7728164929353921,0.3710047125785798,0.9404956718345224,0.126528419,0.179742699,0.0
0.009827137287778,0.6790194391912652,0.369102018704327,0.7175162311264244,0.6972501302708387,0.195569381111253,0.0853670780850994,0.4343158990199651,0.9462148533106188,0.257232572,0.054203896,0.171428571
0.0735358860287067,0.6852268141159349,0.258067122541159,0.1107996717743033,0.7172503071738461,0.3404272912126955,0.9294009441556372,0.0781661287555386,0.5806136640157874,0.360411651,0.292671422,0.576
0.1172980291016659,0.0155045551544883,0.231633491192127,0.9298296577983208,0.6295717366944967,0.7103888900041587,0.3153652616726836,0.5327676983769302,0.023416607223284,0.049760716,0.273582547,0.075
0.4637606708992685,0.8901043377066662,0.0125729218039538,0.6672399283296263,0.3995984892588088,0.9928797029749432,0.2012902623364564,0.4248888897770718,0.963625261326072,0.455927254,0.757556254,0.0
0.9049126826362558,0.8896607828202266,0.6226035557009919,0.3679325814646187,0.5453441275169716,0.4922847685470182,0.453694268357648,0.7925270018527798,0.4617470739919113,0.43041658,0.221211216,0.0
0.5059160845359805,0.2722803338737051,0.581102082050006,0.667979294167185,0.3514570512118762,0.5344737636100668,0.2157817145566364,0.2416287349586969,0.0751401882640931,0.106753774,0.317130608,0.3
0.6567550647375929,0.6175393944816605,0.0338127249929769,0.7356390113469891,0.9037224601766092,0.1649459417108562,0.3502500833171464,0.8481857997866842,0.3141699954288272,0.110124896,0.19286645,0.109090909
0.0847961617719661,0.5482069680367427,0.6688220421888154,0.8925607030047655,0.2645917409631375,0.3953556651344274,0.5791968606815101,0.1304170687364886,0.879651510157799,0.239222335,0.212185643,0.021428571
0.8993658690485163,0.8648318259514322,0.1033849916595534,0.3735182532249531,0.3344389446036859,0.3461155974365192,0.0275009560474488,0.7780511297108491,0.9611575669664196,0.353210219,0.466857743,0.5
0.4925179702968797,0.6203727099318478,0.2083956642814043,0.3707429776121886,0.2256094985394532,0.6861470689366332,0.0617772166721288,0.885158174339348,0.0696724715919502,0.103688021,0.40851845,0.4
0.4601693780492371,0.5925499388541045,0.524351519188206,0.4144786793057452,0.6325586081878982,0.6096090162682656,0.6689876072913703,0.7914278178177394,0.1461711519206073,0.215477497,0.526737231,0.357142857
0.6697977520751092,0.859427348101981,0.3705316170407542,0.5396128620982192,0.7023362797450701,0.133557137089023,0.7014353319891089,0.2218550092125921,0.0930272272329421,0.371916341,0.255749973,0.184615385
0.6708391234621471,0.7516060279930824,0.6787001190690248,0.5110732066505848,0.317545185566073,0.4223840832238749,0.0634436267695609,0.6374898863351978,0.2093886571103324,0.207000452,0.373352001,0.545454545
0.1760874052143533,0.9674317566466404,0.0287872135506339,0.6780877184114541,0.7768745648854891,0.8754936261313149,0.5004121325046536,0.4587099182979582,0.3867135977957567,0.483815833,0.407406862,0.142105263
0.799601826374407,0.5845081881511635,0.8677119597019513,0.6578736419814905,0.8146201846449681,0.4052592112738551,0.4979264487938535,0.0788100416274943,0.8637849822991036,0.248383503,0.439620359,0.568421053
0.7018112665825393,0.3603341954293341,0.211722149311004,0.9525798805055072,0.5335138512085275,0.1635926273210413,0.4523977611371587,0.4736456479894522,0.3461542099253916,0.089329472,0.348907358,0.2
0.0882506200985886,0.5324478523227248,0.6576535432928606,0.366318841939199,0.1292774781813142,0.9216040268795888,0.0840740805806948,0.5476802257149124,0.2503516667125219,0.203244441,0.374804289,0.0
0.2811668162610109,0.4817035861149213,0.3956418977278013,0.9419968241209982,0.8416560211894157,0.7099535586480784,0.5692561609074513,0.9910424692148844,0.8431626392612431,0.238785238,0.438799361,0.284745763
0.1388886469962642,0.5080728459998691,0.8216034107775398,0.2754685979102741,0.2176811377576958,0.6972060597646168,0.3701093929664052,0.2857146374730478,0.0282455685477073,0.172013858,0.169806546,0.15
0.8653250341825768,0.3811527656923056,0.7236990014470943,0.9059334584596764,0.9193912729748857,0.0856571051201648,0.8319541407132289,0.9971893542154424,0.6406384059051284,0.2057756,0.215703758,0.194594595
0.1945725037524076,0.8333830452212168,0.3120753867000465,0.6341367619506014,0.4973104811593506,0.3475504574385428,0.9713274707212038,0.3647476974403271,0.3345320729729498,0.64325783,0.189325709,0.0
0.0224146115973911,0.1860831018323819,0.0037250600992421,0.1580874774455035,0.4139209698932193,0.5986020350101788,0.7998972164773817,0.6265658387718906,0.207882396170971,0.10345927,0.180510969,0.214285714
0.5620904073386381,0.0254715430082027,0.668720982543304,0.7389354110453413,0.2639116211608557,0.189902414339159,0.4737920292381362,0.0895028773153663,0.5527382787773528,0.058323821,0.285369454,0.428571429
0.885334434478623,0.335031237382507,0.0170973390382853,0.5480037875613509,0.1866105669546571,0.8135653346342536,0.4805707819929565,0.0110149210366495,0.3652714601823903,0.134460378,0.514409186,0.3
0.9889943872669454,0.2677189303264959,0.302659345601869,0.1771750201909842,0.1463093842264723,0.3926937061875631,0.5521086652429584,0.7775966115881956,0.4937835863320937,0.158819732,0.557042555,0.621686747
0.0550516160274373,0.9987877380365856,0.7986756667908019,0.0072350765371405,0.4556902334586171,0.4163327306043733,0.6979924603506191,0.6684335396336574,0.725321231764008,0.787351559,0.185475526,0.369230769
0.762822550034439,0.5292351669039004,0.0673068889608563,0.054666876931223,0.3009956285041038,0.1789305552599542,0.449604439802523,0.7647881666713333,0.2649320997146384,0.136723951,0.379429158,0.4
0.8180045965909425,0.1442001159098764,0.8752113527880704,0.8131632103164956,0.1224004963337521,0.0352113724352741,0.9304132876138952,0.8065925209811952,0.6208409126629073,0.160489473,0.19555667,0.638709677
0.0141321169999716,0.098703036467568,0.3612550193023591,0.8304278040154398,0.6333595236445407,0.9692965994993082,0.8811784104160587,0.3052198058336682,0.3878540024664282,0.128292809,0.319222393,0.416326531
0.0807152981929909,0.5944355446625893,0.5025851454621687,0.6199153641516271,0.1619912047088806,0.6744664280263929,0.9858049787247102,0.1107315132928044,0.512132212318506,0.372847869,0.291627929,0.347368421
0.1033296156561438,0.6389492564558067,0.1399558870636461,0.1348078953558805,0.6751909123921497,0.51636930909252,0.238426493032262,0.80205162379876,0.5488423157713133,0.153806503,0.246272336,0.0
0.900134508131267,0.4485907383368338,0.5016681458221586,0.1815045601484585,0.3438151452169674,0.7608940278798199,0.1646309733720319,0.5600704114212578,0.6364435008279844,0.128183494,0.62784558,0.133333333
0.2599385858363739,0.4896589158780164,0.8692603400862592,0.8668140481168874,0.1990477471865558,0.5926125180900533,0.8935405198395968,0.0053188507047582,0.8542718907787235,0.329235574,0.422270944,0.393442623
0.6097228760798029,0.8565276287092768,0.9602529084590152,0.9665817989556992,0.2379006601702245,0.967922196427494,0.7420872837760027,0.4528985829875362,0.6985864874706998,0.715442058,0.512746746,0.0
0.8235414991125524,0.6124002049411804,0.5510476422629552,0.1581535627335784,0.1401116205464241,0.9040025127138946,0.3466038436975676,0.1161518353761277,0.415998103065804,0.218105499,0.502575198,0.0
0.0238954297511767,0.4965074945570558,0.5793956402967689,0.8614671940290339,0.1735255104363294,0.6403702754661659,0.0862235431942143,0.3193039224527555,0.6817963075794559,0.162760704,0.16493659,0.0
0.907368308853121,0.625707335447063,0.7743612250318043,0.4953806539341513,0.4137639076414303,0.6493848300979747,0.0605288678071485,0.2051508011903019,0.9446820882283108,0.234211731,0.501934736,0.0
0.9797243917349484,0.6172360662404428,0.4952167446307869,0.0296776696066931,0.9593345381995284,0.9944808063183028,0.2384267952695018,0.2857033432305652,0.9939863115156404,0.164517287,0.531645066,0.54
0.9311120817629064,0.9945097817098344,0.0151624169050513,0.2455265800667779,0.141961611146989,0.6641802031453532,0.130727795654485,0.9310850282356558,0.2327205889805864,0.298163128,0.495067682,0.282352941
0.5528231139206794,0.0911054688641933,0.7773518146268141,0.9809389954821636,0.1553829123781412,0.6064916909321894,0.8914268378584088,0.2639032692222199,0.1762610638638777,0.115419877,0.406365464,0.24
0.9181950852454294,0.2150780576860546,0.9376989015873244,0.1134885724548337,0.3121895142120102,0.38126568744111,0.016771004297566,0.7414010490196495,0.4153211399077609,0.120609658,0.453270946,0.24
0.6252435685909921,0.3548022011328141,0.3295335476193181,0.2205598344104886,0.2616867982322246,0.0201470351924321,0.0947745413053432,0.8729252435376607,0.0821932253612106,0.147007382,0.091180488,0.225
0.2729840046420725,0.1087805192913864,0.8732537990392647,0.2101731953350595,0.0221248991196011,0.4807454545933386,0.0791013802163732,0.5145550312098142,0.646074070620307,0.096708226,0.383296459,0.066666667
0.3994142454387474,0.3757278572130261,0.1018711885021298,0.0812073216383646,0.5029169793477527,0.1424721343538005,0.3753540533970363,0.8954886542708389,0.9214246718821016,0.079433664,0.259816109,0.0
0.8485501460914783,0.9145490022013664,0.756131041888238,0.3765598250764191,0.7665191015774018,0.0472100717255972,0.9130151299803434,0.5753231016535174,0.3608823392793298,0.524706416,0.255457964,0.586046512
0.422530227712664,0.2392633493344275,0.8647874942439354,0.6285196921300403,0.675657211283545,0.4567094289891835,0.261794596620946,0.1301601895895523,0.8673792938317868,0.079066617,0.325791839,0.0
0.4976639309725598,0.6474885494792524,0.6828688001295335,0.8107755989582084,0.6282949567403319,0.3605670821054428,0.880027215195233,0.81558057587604,0.2339430516406481,0.327733222,0.316856043,0.077419355
0.8979198329341211,0.7984622417799643,0.0046750693170076,0.1800297093667433,0.057080291801262,0.6857297702810716,0.3787343168495355,0.3920389891638662,0.3873012875643771,0.207034252,0.144344028,0.0
0.901316009569554,0.7922524380489975,0.1785976837743593,0.3043492045852858,0.5615827954326938,0.3243980014758941,0.5184105326532263,0.0748131621341099,0.9947862210143836,0.413216896,0.428937438,0.0
0.7254292030615811,0.0342588535732482,0.900774821162014,0.0791119216558684,0.7172044989145011,0.4060515664339471,0.925562401653891,0.6939311024289806,0.944951887279084,0.14426691,0.410952801,0.12
0.6305395183030376,0.9411370074311828,0.7051276805714639,0.5916123515414936,0.3917214168072526,0.2109258335467133,0.4111568280110962,0.3726513022201991,0.4443710010361016,0.470731065,0.374020469,0.642857143
0.5027058818766819,0.4575915175923,0.2471069245600279,0.197085075304496,0.2575986972990806,0.2817901648874279,0.495890592354089,0.454533890564007,0.7545783336521147,0.129704837,0.55152301,0.6
0.3083359331308363,0.4695466133825482,0.8179846353661511,0.8848690748146315,0.9218758115030548,0.9009717606921802,0.9226114706492968,0.74804807388148,0.6000010709745232,0.245658248,0.370967577,0.1125
0.4979715411155152,0.5778669836860945,0.5937146440611928,0.8623392314670789,0.219893456035789,0.5633989938495381,0.1713953569293126,0.715334840138488,0.5420806289762132,0.19400452,0.438698035,0.0
0.7224638761847608,0.622507036077036,0.7036450869948064,0.4166240864392523,0.2149280081218565,0.4281264998002794,0.7224259183873761,0.2931409673217121,0.3773174644788769,0.360801259,0.411691113,0.206896552
0.2909099706176822,0.4262388356352319,0.3127599071952447,0.4855134284716307,0.6853494673965329,0.305501015566487,0.6083682797908853,0.7388250062278806,0.7718198314430863,0.218511357,0.316608934,0.525
0.6569858726673901,0.209768625118218,0.6752754428503497,0.316334289555675,0.3949931210501494,0.6502872281453829,0.8501256963379874,0.6044609443767317,0.6067764901171662,0.155612976,0.488395664,0.591780822
0.2409543840385921,0.3246459089772112,0.2402591355590597,0.7301227016356928,0.7075986805498455,0.0681658484560165,0.9479662868920874,0.6267182526543598,0.1376289874637591,0.164788816,0.105898811,0.464516129
0.8993690154592404,0.9929527099266516,0.6436003570825259,0.385471543421516,0.3481968266942353,0.4188774627648501,0.5746467105235751,0.5225746568901386,0.7170292774277791,0.647072565,0.469573289,0.0
0.654839380065576,0.5377609624471482,0.315674817228718,0.7415907349787737,0.6087356144539374,0.8426147204067603,0.3214616295394586,0.333750639913115,0.8063116485922849,0.206340649,0.54695052,0.0
0.8722372615888021,0.4890506442995583,0.1771016671973789,0.433148635699326,0.2067307042641812,0.5990530122386998,0.2549883752004362,0.5105656000782519,0.5242025610041041,0.162831138,0.474121173,0.646153846
0.8153985670860154,0.7997532695832233,0.9193302721892278,0.3940558995057754,0.6663868926873879,0.111628450911711,0.2129486293484218,0.0781458583448325,0.588162578340544,0.360116367,0.257107164,0.0
0.7367418897850573,0.4879880159972788,0.5542049039454294,0.8568147013555325,0.2350691466174033,0.1746204496361411,0.1844992403910014,0.1611492257404123,0.823890377954752,0.107631048,0.380617774,0.0
0.0967274249160834,0.5612132017560956,0.934222326231062,0.3341155704267791,0.6284471107019792,0.3359814956623158,0.2391367006920804,0.4781543064163417,0.8024749761716176,0.241708002,0.144928092,0.3
0.8733642098471506,0.1070717164824579,0.043748918227789,0.1177486907399165,0.6499529555350493,0.3523344136497867,0.4968283904151219,0.0340434855000173,0.0411159457586107,0.086802969,0.288180657,0.0
0.2904475251859282,0.1204905253332052,0.635508071803882,0.6732969353436611,0.6144578207962079,0.5195026792548126,0.6292439032253089,0.2869071310817699,0.767423680381711,0.12272326,0.33846292,0.4
0.5454610371217293,0.7893941360981349,0.7494254211370986,0.3585686183829499,0.1620612781518023,0.0668469250416227,0.8732862594544687,0.399606010043555,0.3964056380577475,0.475507645,0.148043825,0.592405063
0.7175379295068036,0.9698976691142284,0.4358463636367624,0.6001175912370299,0.4399977990334406,0.3473689106054064,0.3039311298811167,0.6631322047306983,0.5716464020517172,0.378479874,0.168857691,0.733333333
0.222438572788855,0.3624279342086057,0.1628088878038642,0.598105267967917,0.4363383678269862,0.1385200562647812,0.069102169987688,0.7663543987521645,0.2956043018773553,0.098286955,0.192840207,0.365217391
0.8088143917834316,0.8931304762309433,0.3558255975458688,0.4632010981270831,0.3919562975541989,0.5356956380035877,0.6033665054125887,0.5983458731207322,0.3118906922676151,0.441359331,0.446795592,0.126315789
0.1602054610813916,0.6519456050562048,0.0672635967270769,0.6334557943903781,0.9190190974018846,0.4846392283025886,0.4338007804830815,0.3901926897418363,0.7901205575980451,0.186412687,0.318313236,0.72
0.0052234894775853,0.8382381371758704,0.0053050802461449,0.0092808993410871,0.4432200434844379,0.471569730457832,0.0864331914339904,0.2632380557243018,0.3445316791384252,0.20810633,0.194089599,0.24
0.9502661471954236,0.5572277264735228,0.9950344163227408,0.747980874232975,0.1583862442289993,0.2851829341061581,0.5263015453178463,0.2265168686684463,0.2499661665590601,0.411245422,0.415425815,0.446511628
0.3151182813767108,0.3551545512283977,0.4345134671946554,0.8639217469453606,0.4546583551857177,0.945141868590608,0.7640620722247213,0.2861811412387282,0.8931505508060065,0.208950145,0.353346495,0.0
0.510891969793356,0.0148349026088556,0.7153406495592609,0.0095367234314468,0.3712662083125543,0.5677030916147234,0.3017748066799113,0.990334865649572,0.5232845559066304,0.073347242,0.527787263,0.6
0.6326319231340922,0.3066358604083588,0.2862502914777803,0.1935978935095149,0.509953938675803,0.2459395447778261,0.6552726521233501,0.2585151220396485,0.6907625767178815,0.173705957,0.196826602,0.0
0.7218866821923094,0.685526732074102,0.4811653696494458,0.4828358152564603,0.5733298695880332,0.8863669140779349,0.8895660998726622,0.8273029300271371,0.1810874008990787,0.302663159,0.48717916,0.54375
0.357197985593411,0.8816559871862234,0.967290531360769,0.6166979845255457,0.6869949525039766,0.444519687272278,0.9298496931730968,0.97509540570634,0.1052548379320339,0.529648715,0.400380982,0.50625
0.4544816054660288,0.3462189782068683,0.94421435611862,0.3070926052865341,0.9334395324629142,0.1081189902057001,0.7036498897676439,0.4571800806827243,0.9732095841615468,0.187061074,0.146233693,0.0
0.5282869323110785,0.329443347808226,0.2989873587660073,0.5589605848126843,0.8243277832395894,0.7560278762803649,0.8437608002718006,0.2551223574773211,0.3581351335608096,0.185811951,0.521329263,0.352941176
0.9118113978655468,0.8651206094032198,0.8290651040445088,0.5574271296753124,0.7136331014626018,0.0814095056078942,0.6011095701047584,0.3138274446662419,0.7838523314747982,0.552190093,0.214831189,0.574468085
0.8724235782248086,0.8115623875040833,0.2961060295320692,0.8822906425827516,0.1081423849348245,0.8177315543301831,0.0494942931919748,0.3931405030161107,0.8972812860935947,0.357619247,0.421271291,0.3
0.79057325280896,0.4845209848996394,0.5044687195622634,0.1643986891748566,0.3181370364073533,0.4634472335611224,0.0210078527432345,0.4591151034103722,0.6664334525554867,0.183007821,0.325852468,0.4
0.7914281399439349,0.4954916299476769,0.1871165397214049,0.4998986273060265,0.7736687142873641,0.1434670957144443,0.3570109497205092,0.6730178915774755,0.7209484816349355,0.120247145,0.448816294,0.635294118
0.7904594712324454,0.8532824635748409,0.4067499124845191,0.6822512970850018,0.8474676766749666,0.5740884374757436,0.7658581554923688,0.0355411650147272,0.3157122616492904,0.441195633,0.526332462,0.382978723
0.5113251181660095,0.6521504024546769,0.7354210407679992,0.8100577381035085,0.7496502827377863,0.6907825977584393,0.7728143536121743,0.170516809329107,0.3539162712413407,0.324323099,0.447172668,0.045283019
0.4122564527285116,0.6989973203952433,0.5498206160283324,0.3061590513673208,0.6406024876642687,0.6762931148174582,0.3169530840282085,0.349338583894019,0.1584998943170824,0.193229739,0.260604813,0.36
0.5158930163572196,0.3012857781161696,0.3747061118763204,0.684656892479544,0.4092956888529755,0.596472891343774,0.2663161297604723,0.3299395009187427,0.3869364857607072,0.080098416,0.513871237,0.533333333
0.4392571566885593,0.9643880356639278,0.8359136424015411,0.771071445032921,0.9683072963613616,0.5106963084051722,0.980162369816774,0.0501864833059076,0.5743151683794817,0.607806117,0.482851539,0.233333333
0.0575215874478496,0.0532189165739396,0.2969948821357296,0.4303844521906451,0.6131789193338543,0.6684306456138088,0.0739800351666488,0.8475644213054925,0.3038309577582815,0.046773102,0.256978264,0.266666667
0.8136892830522376,0.6159152269105926,0.0624220913953714,0.6336939957356307,0.1405305749461316,0.6912564233973068,0.9390366004612736,0.2165744543412362,0.5013001023496478,0.266663706,0.509535625,0.347826087
0.8876598830343821,0.038863034901501,0.9234480466489432,0.0069855676892336,0.0029254686036948,0.2319081030379625,0.0554264852967811,0.5928196503413761,0.8868818263759196,0.070566853,0.477783975,0.347368421
0.2392371324445497,0.9501486913495965,0.0084682423550727,0.856583624103252,0.6929592338753026,0.2905858057814299,0.2011650453458459,0.855081946646086,0.0703629446874021,0.3701048,0.23041785,0.763636364
0.5888053877546612,0.3935443290793097,0.1158161127747062,0.9530014320866552,0.4550300820487906,0.7954326697478179,0.964203678110301,0.7445651225955677,0.8457362118547644,0.148424174,0.366169052,0.0
0.7308728288787744,0.574710428120647,0.5833284793987682,0.6550752041968188,0.173647347030548,0.3361867906329246,0.7012676074815315,0.0941015895400627,0.6424181046300244,0.353969698,0.392959246,0.342857143
0.6426684549638466,0.4086985854236012,0.8049058152312052,0.8413976086951868,0.6587686302592103,0.4843515583583353,0.6434898903220035,0.9528838394786232,0.7907940003792251,0.237116744,0.448474215,0.184615385
0.1545050648284275,0.9062880973038928,0.4365600589210441,0.8232777262856397,0.2106248007452742,0.6291249787598402,0.9067808311848844,0.149946450118949,0.3382650064942691,0.570858555,0.328870211,0.176470588
0.8562063948143338,0.8761301908767165,0.432008695121773,0.2912007855907425,0.5124452278096954,0.9163629211683032,0.0075328871670808,0.2603991891231931,0.2101540839322055,0.326650552,0.296067456,0.171428571
0.7101828155457314,0.899244524940146,0.3470992820975388,0.2954913190453956,0.6170981281751897,0.2378750396653636,0.1459346961686974,0.4059992377441457,0.777476044244617,0.430641282,0.432022203,0.738461538
0.8028970578517574,0.0946197008181503,0.2754069995000672,0.7882925623947675,0.4082974726509863,0.0351463692894844,0.8607349988237566,0.5944334985384561,0.0551480784817469,0.116909696,0.050174264,0.08
0.2432168247034779,0.9636548606572484,0.7804512529363272,0.2167098428840927,0.5906456483191956,0.4850457497367394,0.4710272232650291,0.2497643658641921,0.171674156299425,0.365839571,0.335379237,0.109090909
0.4769160862907708,0.0970886036090145,0.2177231958755129,0.1445243370903804,0.1823008221485966,0.0303132663560352,0.5357105653111428,0.1954235479421744,0.7755134945384471,0.127957675,0.05201024,0.03
0.540809286069673,0.5379324873697818,0.7696433613238162,0.1366588966490447,0.3767452709682604,0.3549984109451288,0.8925317074747057,0.7267272977015491,0.4866578271304554,0.320661991,0.394287078,0.56
0.2762524813142385,0.312794122403055,0.8943663964103942,0.7732031924476386,0.4190662080528846,0.3762656773445357,0.0253681933280131,0.6785387070687803,0.9135698152845744,0.107224992,0.405201525,0.327272727
0.5781622819569271,0.3065496607031553,0.3358822018167791,0.1214252072152241,0.060236376527375,0.4678674758869497,0.6562868500997765,0.6532902416522275,0.6114404763379808,0.154569758,0.348407287,0.0
0.7501597640726763,0.7667102600139852,0.4827538305519823,0.4927053931179269,0.2118917649001577,0.5523501032436898,0.6925463335756444,0.5035193246040952,0.9839540958436658,0.546309092,0.433398043,0.066666667
0.5127289439816731,0.4148601683923065,0.842154216943226,0.1337581825825555,0.126005557889769,0.824041722326207,0.2633177485099399,0.8307384585676031,0.6034998034662622,0.160522067,0.574902545,0.141176471
0.289893772675424,0.1765770372224853,0.0608627473399384,0.8606777391143304,0.0798116303137672,0.0475269324803588,0.0065199617097527,0.8368983744933142,0.6390986406250889,0.101573655,0.272378487,0.8
0.606469628156793,0.6568652659098606,0.7057634339501081,0.7633493142128259,0.596424789211225,0.1866563436431679,0.8653624739616073,0.5106043951565651,0.6964847164214646,0.397576398,0.307244861,0.589473684
0.1207395260136309,0.8488012817563793,0.5271559809494185,0.2471326570368152,0.993467716633394,0.9128065640781784,0.5762726620492358,0.7317661455645149,0.6829688873935358,0.620488177,0.38515493,0.6
0.1753036630928128,0.213619737532028,0.5077025305822807,0.1579123842904702,0.683717722290529,0.0252783601864141,0.6821501003017608,0.8347200684469088,0.8837687447374731,0.135537932,0.032792953,0.126315789
0.520428451020097,0.2957416808219832,0.0876844296268983,0.4061246127033789,0.646922712699969,0.4576999657204477,0.0381396079344585,0.1131121451594022,0.7500497044856818,0.142326263,0.375192528,0.0
0.6288466906069078,0.0305919662096656,0.6009837089443728,0.6840181019167453,0.0077429132139299,0.6952574762269303,0.5499452232960496,0.953013460998992,0.8721259123716345,0.112898535,0.468390009,0.452459016
0.2250064460589329,0.2325448361447606,0.5018561618137902,0.676396203110564,0.7728424375133595,0.6748448135090537,0.7996369514500726,0.7548274806742199,0.9099370584969908,0.181741808,0.406160763,0.3
0.6800078521921167,0.5073948986164657,0.7212362699211052,0.5742141240404737,0.876819992708837,0.2215436367967582,0.3541569914855568,0.5963397190985472,0.9830527532895988,0.175118731,0.367268441,0.211764706
0.8507330503426275,0.5681770225614933,0.621746411896963,0.5152353438749613,0.8368853894299362,0.1099588807052779,0.2485000676011951,0.2800990051239022,0.4520272025721024,0.154660081,0.314193777,0.514285714
0.8943617339653405,0.4968780936736295,0.1489488064126166,0.7977221015848928,0.2587454520379779,0.4927142579481395,0.9908439903817876,0.03148588588797,0.6729388044168733,0.250440058,0.441920293,0.044444444
0.9293894273188592,0.6401011538732243,0.8100760237018801,0.4509944812104307,0.2767456493897159,0.4545528619743159,0.2550432747804925,0.0903312992821825,0.4156111191327343,0.214596872,0.629215494,0.0
0.8132789376644466,0.933817002069842,0.1300233206325564,0.7466342106441451,0.049283160658971,0.3468692039936563,0.5409548001049331,0.7854897504561815,0.6581407420618604,0.50684151,0.525886327,0.469565217
0.2275504445140946,0.6455563919533446,0.6148828943280024,0.745707570840489,0.58601879877853,0.980536088764427,0.9322576597106832,0.8099051575241212,0.8837303664803036,0.421139045,0.445008779,0.162162162
0.0835535747997344,0.1209519662337621,0.0999616921912729,0.297635612317301,0.0674512368720411,0.8081405731593109,0.3909155839412044,0.163973264978452,0.1925550546608807,0.061897825,0.221247035,0.6
0.3744282404679691,0.4721078171168814,0.7602888707604549,0.1402174176365441,0.3581158120335167,0.7566395726510892,0.0967909434025163,0.2172348937982615,0.3984906661675722,0.102016279,0.450358578,0.66
0.7693686309225855,0.5799875006067047,0.1758179359478628,0.1466249939793247,0.3288412862127886,0.2853569646108446,0.7906288998843475,0.0856831723064007,0.1123634845777373,0.303239615,0.30652198,0.339130435
0.9746193701748715,0.8123768378184313,0.451659988844205,0.1612464734281107,0.5943543564401225,0.3903532178005302,0.4834504380498472,0.2401973145335215,0.1137393505138512,0.252553235,0.502507769,0.65
0.6629631846442663,0.3133990564173866,0.6564475500432295,0.320168261633234,0.4896508306045131,0.6140852042032265,0.0589512311728656,0.0477377061773994,0.6291378426045957,0.126463686,0.346671465,0.0
0.2535100677024627,0.4668435291274249,0.5417917845462762,0.8981482558924956,0.5455366705709611,0.3295459664479576,0.8110329840976375,0.4080044578376913,0.1873023142830402,0.188431563,0.275829463,0.315789474
0.4582098157316723,0.3937219594405834,0.5484353592043634,0.1083176768422868,0.2603278162239822,0.5168222633429365,0.082082717136096,0.03089551809833,0.1600316592788432,0.102259088,0.286255453,0.2
0.8115593219222845,0.6075805772820868,0.9116849144427804,0.4121940720906673,0.539179475747002,0.8266903455014131,0.86100801209012,0.4014720394852705,0.3388182951136339,0.398793874,0.531340449,0.514285714
0.0552243369396039,0.3275299370055055,0.2100793643273114,0.1666968275622636,0.1394897120816833,0.9295810564371276,0.6617854905194235,0.2561686998071727,0.1486855526622591,0.167404655,0.311921754,0.545454545
0.8970263745231852,0.8515394757081144,0.7071078002563636,0.8862302979899649,0.9009076324750296,0.20357519103941,0.0496212823442847,0.9242202608631238,0.5395856035623503,0.262938768,0.454600795,0.553846154
0.5922635576987391,0.1069929819408801,0.8321763858002471,0.0639998996961477,0.5558762408555118,0.1625114553981353,0.5414119591614514,0.3177766514453762,0.1706379872453698,0.113476098,0.278530567,0.48
0.1790748281900103,0.0711994351487566,0.9455664743427667,0.3237068627222867,0.9524680779980248,0.8653498097489511,0.4732509246657004,0.4807690868476617,0.7092470213112442,0.096575068,0.301336542,0.0
0.0297651164883755,0.7883782175239207,0.9753587367988176,0.972164022271987,0.4302023574971555,0.9683130267786644,0.7614913081644177,0.3120551794280705,0.3492623424306464,0.568068828,0.234280029,0.085714286
0.1742179837389413,0.4262858897897437,0.4598277318068382,0.9821209547494218,0.8021681841417776,0.8828530683506193,0.1906698062126663,0.434704179167816,0.2981119101829748,0.104048135,0.539799846,0.218181818
0.7490754556062771,0.9071688988282852,0.2823851432725242,0.7573134713939599,0.641839591748347,0.0792664121513606,0.404480190000289,0.5789372101856509,0.1842000112942267,0.241080114,0.158956231,0.3
0.756067653063684,0.898521280649244,0.6845710488028516,0.6015104423317263,0.5767367621775199,0.0066602017287707,0.1814466289702909,0.2714399548008762,0.7336093377828025,0.460713657,0.031125097,0.0
0.701774756202042,0.6189776581027213,0.2682766814808511,0.2959392238576903,0.2696049181367915,0.3067335894008801,0.4015497657224237,0.6880971632026814,0.7005647720654041,0.247714477,0.461987408,0.6
0.5673421911870072,0.4267077438314048,0.1398698820227957,0.7427040355190759,0.0649230343300545,0.7280251236079426,0.0664538433628121,0.410126023453726,0.7080005585745546,0.171616935,0.385381423,0.0
0.2980263911896674,0.5842569226195246,0.70335597444065,0.4360100653602633,0.5668906828864452,0.2178021120154479,0.9508862206925024,0.753687462299811,0.3247942609170611,0.254635162,0.324679534,0.567938931
0.1051091890376145,0.4974338715173346,0.148689508958279,0.5282230100939306,0.7641204895438803,0.9774041357742848,0.784471742547326,0.7295255675828232,0.2774692691962358,0.197564572,0.309172576,0.0
0.1874461145482605,0.3600794667677174,0.815283108937353,0.481060620412152,0.4991457312253163,0.1249737535980609,0.6914623004136233,0.6935581589913529,0.0955305449402701,0.200945454,0.103617863,0.171428571
0.1284050144354991,0.7257254118019725,0.2982858476654745,0.5894626529030382,0.3373292950273954,0.3274125212797588,0.3612056172117357,0.6186982797157085,0.7964477623382973,0.267760008,0.18337703,0.0
0.8862686567609767,0.6662602653406133,0.5480506740438384,0.341617848611861,0.0796247316618732,0.111021903337796,0.1575637617340681,0.8423592444969568,0.3528352590742538,0.21990745,0.215418815,0.6
0.2693468532434272,0.8757233554446163,0.6557485013342856,0.882606054263364,0.7127253225988286,0.3138721283676775,0.4644103712667563,0.4262928918706676,0.8301098746368842,0.336218135,0.263496464,0.24
0.002419435890086,0.4526740049775922,0.2845531813534909,0.1906186710679097,0.73119445419149,0.831768788347196,0.4802349062977467,0.5640466522014512,0.8146025230331821,0.140589066,0.230600623,0.471428571
0.4641052852640034,0.1596061193024001,0.757176546456615,0.1777657097210657,0.0567130046399061,0.6237596269935809,0.0205841649128434,0.7642630872386311,0.6185039208376166,0.093477942,0.449580845,0.278571429
0.1934882996130223,0.7631310877106311,0.0510267549562543,0.7562968830281901,0.1768897265477566,0.0841975783929795,0.2968148023156691,0.4493311550316039,0.2426552541448118,0.15340638,0.09210067,0.685714286
0.4325103904228669,0.6977568613957854,0.2027749339932337,0.5823854466118896,0.1500307764571452,0.2563523230342073,0.4303173182786967,0.7437813197691109,0.7816412403979554,0.338392601,0.356411491,0.816
0.2678899739684222,0.3020420055834028,0.2949701760663811,0.5215474273445097,0.9171873240542316,0.4422825289400971,0.0798605176931134,0.8055471508983422,0.2984317724966172,0.115739663,0.305280066,0.514285714
0.2755310047847923,0.8878942038577204,0.9289279379924892,0.3614557587799063,0.4780306501689451,0.6153879098249587,0.5273060697342701,0.0210538473088686,0.3947703226168843,0.395851256,0.49255236,0.208695652
0.6692200479551169,0.5449037737769019,0.1750877263437867,0.1228779146045331,0.1890650658331882,0.8753353085965018,0.2897359753371309,0.1564015757620902,0.2352531320408257,0.180656218,0.374972917,0.109090909
0.5411170450000742,0.9462538104975962,0.8877609035402285,0.5455807565163827,0.0799347908846807,0.3546180193228121,0.1190226223374865,0.4558644637022239,0.6771432358450667,0.451043665,0.138314112,0.0
0.2471644144827927,0.5017846077057704,0.2083128879617929,0.3227716321628057,0.7303704760548971,0.999854495653496,0.5744887339636093,0.866701669819771,0.7157152471996376,0.321088372,0.413696932,0.36
0.0739960144416583,0.834520951173,0.8564748115934326,0.0781123183885049,0.2063367059290526,0.1530362362913639,0.104544171771262,0.3897581606439654,0.9598707200055052,0.367751033,0.079545321,0.444444444
0.2257893964789101,0.3329197923160092,0.1752191375209691,0.7857232877920738,0.7059612333769563,0.5407155550409678,0.8940418185654339,0.4155171165596938,0.8883479843766743,0.173261488,0.405569757,0.352173913
0.8822228397679283,0.0160209528992588,0.5636387403738388,0.3108778785894917,0.569848494715674,0.1256612749499863,0.2677864520795291,0.396857100583924,0.0598594129781321,0.063193021,0.29880987,0.52173913
0.5141591751167348,0.8775799837130811,0.2770685175845617,0.8649608646984113,0.2723104677448229,0.4541259834304822,0.6461276956750455,0.874229950774483,0.9063841132102828,0.485599321,0.385042239,0.066666667
0.9936522131337322,0.0335777431299417,0.1944917823769288,0.7035674495309406,0.503170051082827,0.2726475742334204,0.9319986346924892,0.2225076212501072,0.1074154757971277,0.090647436,0.386901418,0.306976744
0.8024472865331741,0.9642353757429408,0.2042884036861222,0.5736056298248974,0.5877508654507778,0.8729661094642356,0.8100190835192136,0.462731804741157,0.5374118259650421,0.601144363,0.583488482,0.321428571
0.3448670483254002,0.5168357010039931,0.978615944215305,0.4115712182405041,0.081337467216758,0.4033828638724261,0.2852495487366187,0.5968381559454298,0.2487558330378253,0.160766819,0.315500911,0.0
0.204629749444575,0.643425368650494,0.8929117352093368,0.1959673531263028,0.5127031719774765,0.6916346519689179,0.2299360792102741,0.2012813824038279,0.4663560798972092,0.327897858,0.25402187,0.5
0.1662259173776269,0.8898692912249389,0.8061632144803348,0.6074784756754833,0.3563872432356796,0.5300485926226761,0.3477549345426517,0.1420729993481932,0.0495541749851611,0.344801307,0.33453134,0.0
0.0428305791969291,0.1188094880951918,0.8516908864572973,0.4097543311735737,0.0236092164992747,0.0880705861298016,0.5202075884272468,0.6624235513062534,0.3909876121273692,0.111596809,0.075089476,0.488372093
0.6222197497409018,0.237975365588933,0.864511429307458,0.2911068878948272,0.0521016997514942,0.2881509439733478,0.8132322981970095,0.7769217987104587,0.8890891723507756,0.139333588,0.395532062,0.125
0.4495020994452916,0.1297585164465394,0.1633891053539976,0.7107348851460787,0.1257606733239199,0.265027319695975,0.7455825260194466,0.6206237460026399,0.6468248041493084,0.112388929,0.331671495,0.367058824
0.4129083953729801,0.6814963560252706,0.8281207883576528,0.4285579512678059,0.0659311333860678,0.370788778678772,0.324251685586119,0.794096762946231,0.7605371112758312,0.325498698,0.345910081,0.1
0.3982173353799687,0.7195273152736895,0.8806732012162818,0.2401319488094275,0.2999294359150536,0.3440395590437352,0.3298347339785962,0.0443648851732669,0.138208039857391,0.226342701,0.407959885,0.553846154
0.0353139282746013,0.9812034657031286,0.5329077669596926,0.5173787275034748,0.4737005440463187,0.8546353335944138,0.3161256058622521,0.799782698686407,0.5887304399321728,0.300026949,0.165506831,0.0
0.9122905956903316,0.1305750398110958,0.7122680700335035,0.9833041398395852,0.6793055038610305,0.0712762825045512,0.0659651068439298,0.7861918359246575,0.4285820968648127,0.068629402,0.256997897,0.313043478
0.9338014126161428,0.7744491933553812,0.942468647807076,0.152231362724758,0.3461776087954334,0.446170345675572,0.4627115378476445,0.0204896214659844,0.5268189383776338,0.315721724,0.618168031,0.36
0.3777353091050056,0.9869913711800654,0.7748205635078826,0.99879284739933,0.725848010610928,0.8756834803655259,0.0345224701200392,0.5430801127312119,0.6476664560887755,0.419037596,0.358705767,0.266666667
0.0915847511402708,0.0491810981829299,0.0434569185799279,0.1179131568741047,0.7318567787135538,0.8650608282201085,0.4517586386721118,0.6397897826662684,0.0930274491062367,0.053927435,0.15308504,0.1
0.0328198283928387,0.5962887817014579,0.0349708665046721,0.0385213950683376,0.8791959084863781,0.1749100769900393,0.0503466423833632,0.794625725677928,0.1942816286556208,0.238931789,0.126479291,0.666666667
0.4863044308652637,0.0086669901784399,0.0160394823530831,0.920898393475824,0.4337945794897707,0.39309207490945,0.7538366888857588,0.8074991007218316,0.9823277563679492,0.112579724,0.424889491,0.506666667
0.3221691485640121,0.509192059807776,0.5910581617090094,0.7840631547907017,0.96452515289996,0.9739281838809348,0.7711253574018176,0.1031200830227072,0.1354189969512615,0.232297325,0.511937839,0.279069767
0.7829705076049494,0.0454161395810919,0.5646760973909886,0.2839184882622867,0.7230554847102141,0.43284624275946,0.7663735298451647,0.6478106242930176,0.6003336447913358,0.095697538,0.510388954,0.576623377
0.3290662093791822,0.7716463268948396,0.9667126554210804,0.2303854546789174,0.0458579269489369,0.9733572126075328,0.2033721273801255,0.7732152733102554,0.110347888815104,0.297169855,0.459484607,0.1
0.5986912708575476,0.0508967185268519,0.6695126991009168,0.5585160351274756,0.4182524270156105,0.5510584160216713,0.2914998565332122,0.3501955338859263,0.4156350540663703,0.049513142,0.612230477,0.109090909
0.5903099497742048,0.6101798566942318,0.6916654345385322,0.809892826991381,0.2920414792628046,0.6678518452186707,0.1633650950494203,0.1884386871986604,0.3914726041748124,0.187099371,0.462527283,0.369230769
0.8894097706609618,0.9600618197651046,0.267763715264966,0.8748383064843172,0.821837722367669,0.1271154658048761,0.6412963507141223,0.3531459748346102,0.8558417188495306,0.54119126,0.294349495,0.506024096
0.5836135581213846,0.4215897011738643,0.6662356477534511,0.1006105977303497,0.183964355734143,0.2315687874399904,0.334748554095456,0.6956495770860457,0.9187388258370254,0.172146451,0.336831118,0.763636364
0.9150906012333224,0.2245548967385109,0.850539514750272,0.1962931099869779,0.6688043939365025,0.0885709014368387,0.8241286575512444,0.9584028981595544,0.8218769799052156,0.170953228,0.228871876,0.0
0.9683487981785112,0.843179767846433,0.6325935345716601,0.2014327713644921,0.7465775842818906,0.0015871526737007,0.4066806128615561,0.8850351422844481,0.7258984682580233,0.363992693,0.100871383,0.733333333
0.7174130441881928,0.1345977168897267,0.3544379666797713,0.7611663533329217,0.906455248824599,0.1812147243345364,0.642689050266721,0.3383037702819139,0.9823259624502398,0.11247986,0.306972692,0.465
0.3072764680051175,0.454485111179978,0.7378906003411592,0.5089351931786527,0.9079430670484582,0.5822568707712116,0.4262776708445653,0.1751458363740969,0.7992641337466435,0.134182075,0.458767643,0.0
0.9361628591810948,0.9690361766499188,0.2068084278899741,0.2968015139951128,0.0044040296831789,0.1547929785833353,0.099875554328054,0.7523055908333377,0.9460540336982936,0.428757493,0.462110359,0.6
0.6640443580434533,0.8225750652241065,0.2982268574095348,0.1527999081047055,0.2881476671983474,0.1330340258444819,0.0031709789292545,0.2889066014630552,0.5456148827311504,0.226122631,0.170311941,0.0
0.6598156427505149,0.2100799205138774,0.6140175398256669,0.7076912545708075,0.1860175626964552,0.9595347737684746,0.0365673879978626,0.3704196290526259,0.2734792800394969,0.111082001,0.531267289,0.48
0.6165600057854606,0.6247980006624473,0.6752916542440831,0.9710315890908447,0.3666933574682162,0.2416076748201417,0.797644001629318,0.5138929631651578,0.0302521567645341,0.267148901,0.307633425,0.4
0.2928896982122149,0.4833820859237849,0.7462206275667675,0.2576974587624336,0.4330576547316119,0.8237170052714183,0.7035734157495679,0.6157897717307086,0.6182821518874824,0.214966137,0.388474608,0.533333333
0.1514677843185771,0.0279117914704338,0.8611496545561892,0.3855612497202909,0.4646275291745623,0.9273806127299584,0.3593648784042125,0.1202699773618489,0.3907196688368414,0.067714594,0.489483932,0.455172414
0.0675997174677396,0.8680197609149245,0.2418868369775417,0.7308599171363808,0.3341858459111955,0.7514172021976063,0.964843088164166,0.3729237718581386,0.4563859426855483,0.430950034,0.277618127,0.451948052
0.5512178338117347,0.7381564552827908,0.6682984603907296,0.8878334279220046,0.565019088159105,0.0631156089032426,0.3585409254935388,0.1571008795746381,0.252686945912137,0.291573063,0.127776975,0.66
0.9511596540008026,0.5038887605058907,0.7869076275713428,0.1281693836690521,0.297240968503914,0.856307227174948,0.2663060496360407,0.2886327645076323,0.835002731090128,0.130834686,0.537673065,0.586666667
0.9303432002763924,0.7058789365975474,0.3281010209952263,0.2503914045175602,0.7338004772497179,0.51427504858466,0.5842208498712302,0.1041821523920432,0.6341528031982189,0.352358845,0.48385305,0.0
0.6954358070811846,0.3923022749048576,0.4537900101157719,0.2260573018340593,0.900707080778099,0.2245508666081467,0.7426653271612069,0.5700433044510925,0.7880105998253333,0.200550096,0.283838666,0.0
0.3397075862401404,0.011969268318413,0.8716529751174253,0.6053212565397377,0.8061870299867004,0.6752605070851438,0.2169301400098658,0.1176174706092977,0.3261856254222878,0.049487494,0.77241065,0.0
0.3721326669244964,0.8742283985274952,0.3783797958205278,0.8527592408989052,0.5420778302030475,0.8653810008131912,0.8398749030776983,0.6169936168698114,0.9988823922522372,0.531876389,0.489302536,0.428571429
0.6947634393983181,0.8967109612109847,0.2422753750437353,0.1999990569019324,0.5308351433501975,0.977054944619113,0.9614735801612182,0.5130069805042415,0.6119195441641648,0.402442694,0.568521807,0.510447761
0.9554438867432418,0.4395823147938191,0.2092414233350421,0.7921799528955003,0.5403669459831583,0.1436717616506883,0.4271894135617203,0.8851413088140146,0.8460013408186613,0.08923653,0.294741716,0.0
0.2118221782497412,0.8802734692770946,0.1779301378930518,0.7703570613751891,0.1236689046493677,0.6779222461862644,0.062171235362013,0.646478226835624,0.6491536591724745,0.43670663,0.309829683,0.0
0.8227699016745132,0.340512793047889,0.9220693222859992,0.5640190893560127,0.1044509361994953,0.7989160807537337,0.7299814881431403,0.5335571879884092,0.2186262157431954,0.159342182,0.507790487,0.43255814
0.5537314645591717,0.3518581344455945,0.9104530067387724,0.0942193453088502,0.0202188803237742,0.0033124031159171,0.2480271898952908,0.230044149320052,0.5237065617263177,0.143749951,0.1155466,0.533333333
0.2273219501655147,0.2330286928380195,0.6697847943637368,0.178357165302025,0.843813767227009,0.4901972239321635,0.3728191076709537,0.257565149241077,0.3590854465768128,0.091246246,0.183255613,0.757894737
0.8082046410183515,0.7159360448025857,0.2167707973705079,0.3037830162332899,0.3546636758391879,0.0001780822682242,0.6030187412087025,0.7082070938642765,0.0774778398442419,0.368033014,0.0513601,0.409090909
0.5282919801594004,0.9318555213143332,0.8605395328065144,0.1168177043892474,0.6955926398904894,0.1657484065403661,0.8986174699561527,0.2403534032329031,0.2154179647158322,0.703390374,0.267881249,0.683544304
0.4640196197699654,0.5348079072202925,0.6574242993040579,0.9709042079467788,0.1443164183678876,0.0843348090551427,0.1839654825478414,0.8609594839093749,0.301375850278022,0.176889928,0.223082225,0.84
0.2245150141027033,0.4694636985857725,0.2997642934874379,0.3382178979014331,0.661018198032567,0.4664665577046787,0.9000441015331945,0.5319269921778654,0.3256530264150833,0.24262878,0.184796428,0.0
0.0863570158832039,0.9964841767620892,0.3626534825971249,0.1122482923350601,0.4747977836443746,0.9598378661120668,0.5853681113960925,0.2559718320943653,0.6678060739801941,0.594798004,0.385001294,0.534782609
0.9517199324476002,0.4339868549018458,0.6435600189653438,0.8517130514291518,0.2876474389989656,0.2363405292300315,0.292804749177613,0.5516717730793314,0.4424543127388876,0.160520017,0.491457892,0.54
0.2315536801916786,0.6554557172029882,0.3131290123280813,0.4268975688136869,0.6366400024997886,0.9430660462566558,0.4025815092233719,0.3021520868966253,0.924673972584336,0.184245046,0.466102732,0.0
0.6071414483405257,0.5566691764275488,0.235405372520455,0.5084244740161464,0.6294692449820817,0.3816243885296444,0.2461596930783774,0.911427261573206,0.9184871597364684,0.306714865,0.495960945,0.3
0.5737695698060727,0.5581354614938557,0.5982601443471066,0.6846070391703407,0.0371428295282708,0.5712511034290171,0.7781589393847638,0.3971217694995164,0.3197679469823095,0.414259473,0.414903285,0.323076923
0.5145314936978241,0.0059385334506328,0.5684636142484524,0.9403737100580633,0.7501440106229401,0.4787511929366314,0.1252515833650889,0.4705996396295784,0.3991956142553836,0.066424099,0.375976605,0.327272727
0.530958309658407,0.9064035554930584,0.0440006382134346,0.3769036532293338,0.7954445126019374,0.410486758262462,0.5646218146734437,0.29252695240973,0.4961551335363307,0.602659945,0.295996997,0.0
0.4472190033908487,0.6563376980542889,0.5755691315365531,0.3331947578649,0.6480378003257261,0.0667703471197533,0.8543740892884852,0.4176599308735993,0.8576727032668177,0.400108715,0.215211962,0.516923077
0.4286881372608829,0.1104662092294646,0.7301911863148621,0.321268939281877,0.1959933486257223,0.0729294175313375,0.5160675818182049,0.7542713039702711,0.1530229884642405,0.103817789,0.107377487,0.21369863
0.1331430965543656,0.7878020567555322,0.8514367001212543,0.7804395025212241,0.3946136969012872,0.0014668537151197,0.0381319223834382,0.0715997922274389,0.1257614730594874,0.339609932,0.023639583,0.8
0.0919037787607143,0.3133368879749429,0.1065422711845623,0.0443669609936173,0.7834212268413222,0.9904878801942044,0.9051948399836623,0.8907694009765095,0.0428367888693287,0.202341643,0.289165117,0.628571429
0.9233558218718084,0.8720819950307989,0.8036454553594327,0.4972225808497669,0.5669162078421145,0.3344283856589947,0.0022944845557179,0.1831480771059894,0.644155990872435,0.407491609,0.370514101,0.533333333
0.454712724621833,0.4865850621248326,0.2480216452202341,0.9299075979426584,0.8240426636747724,0.2210722028075595,0.9898531795629536,0.9415034485534642,0.934541059984182,0.222223339,0.349345421,0.652941176
0.0332077142167159,0.1134627861188551,0.3761685701120371,0.4447099259489981,0.136248645879365,0.7807974589605594,0.9236398666855198,0.1535908877895103,0.4396522262791965,0.122896957,0.214053005,0.0
0.2953216948909937,0.9194995675873648,0.4855554612336551,0.2053622038826087,0.3284688726545657,0.3605594269183813,0.3612170071633491,0.6683590401024491,0.607690233325133,0.370911234,0.341645379,0.069230769
0.8842325995090101,0.1454200087696704,0.447786351859077,0.0511627021547492,0.9301717861911004,0.7058529528792853,0.487882359059642,0.6240705878389169,0.2649105016093594,0.083956237,0.610428991,0.141176471
0.9812908463546104,0.5590776596290783,0.1515740048650992,0.0026068808180274,0.0066059482419263,0.6748414332073716,0.1790804507119499,0.0891796674664529,0.3641349882648613,0.140229573,0.485664952,0.15
0.9296035875790292,0.3853272562432319,0.2556580663635989,0.7450490285393895,0.0872143974499038,0.3727943525388961,0.0657623227310292,0.627112644472271,0.5321644089134071,0.133936338,0.397020173,0.15
0.937152770850084,0.2182575329834249,0.6754635551134139,0.9866809326616134,0.3079542270519013,0.3110816761899437,0.8921714505061726,0.0194965080930675,0.1712212093667705,0.113061248,0.358173088,0.094736842
0.6139584380126288,0.9317580967187326,0.6970644942537801,0.1641813748162194,0.5427124217191325,0.3489171200781574,0.0883813411109202,0.8478600786623586,0.2932699468729997,0.217059648,0.280963201,0.54
0.4409984723074752,0.0257644161346286,0.5763578987171851,0.2786006405137585,0.0322588302826899,0.0951990306953655,0.9698381916475224,0.9836272396295748,0.1164665756359,0.076317428,0.215107399,0.405
0.1963275010023334,0.1398015583421128,0.4114951219040388,0.4682350688036929,0.0924098492030811,0.4562004522611708,0.212338871569501,0.5189345320706215,0.340309168243649,0.059940041,0.257004925,0.568421053
0.3186707348808369,0.2981198823193903,0.8794868433618467,0.5384909890012483,0.1691144687770633,0.4539062367005539,0.9521446381684002,0.736881492341873,0.4296218625179387,0.193293998,0.235535109,0.0
0.5432220318237193,0.4562881016859761,0.5650894954182749,0.4816287744864316,0.7944446396083871,0.5104717264614085,0.2925447961965529,0.6168553977402751,0.7956945800967502,0.153253606,0.353994795,0.64
0.1413539833936722,0.9537679413336893,0.9323849600045768,0.69056119302053,0.98579974443621,0.8997713026693879,0.0641852511889297,0.0564136378660377,0.0205354359100671,0.057110191,0.461080076,0.0
0.2954197479989291,0.75543230174793,0.3001452873179078,0.7172200962518851,0.155683903680846,0.491222230337386,0.5050511241865124,0.2093655640948879,0.4066980913778011,0.335935136,0.225159693,0.0
0.5417504353411404,0.9563385633069694,0.3142283266311728,0.6178865177058503,0.9720326491000746,0.2239385735689796,0.8222521112542709,0.0175445850727926,0.4994750140536105,0.537725668,0.338214112,0.304477612
0.3621377960794267,0.772966433097319,0.3985997487436374,0.4145692414306124,0.9767445740021672,0.2501132219905885,0.9196223111071784,0.8380567739301619,0.2707215481352917,0.368673739,0.338917217,0.618181818
0.0255134823834798,0.5824216707378581,0.0518102315175735,0.1048887475198326,0.9303327894869862,0.0058904339177829,0.0868273461842026,0.0194912483460719,0.8672801281233828,0.188896816,0.011453304,0.45
0.9921591951878148,0.509043010798009,0.5371968531694097,0.9478567442875516,0.3428214503285767,0.6338316416041678,0.4586419008137737,0.994218759766492,0.1744502522971763,0.187151992,0.532451902,0.276923077
0.1876218617003173,0.8464856728846579,0.1683823130151568,0.9187141791556532,0.0391518876632951,0.7048221454897693,0.8379957282985938,0.3006732704378352,0.1430762969561496,0.336444174,0.387666864,0.346987952
0.5365169155956196,0.4767155700083714,0.6241950396976723,0.4724183491641629,0.7669786391679906,0.4306101906175874,0.5477489491081893,0.2822894958219254,0.857861418626254,0.339662585,0.399888859,0.351219512
0.9820434778587736,0.7429753520163307,0.1879728149271788,0.8299323963096731,0.7891089922267442,0.4116169390181937,0.0543371873797466,0.4525937599714981,0.0232487820307296,0.119226665,0.411514034,0.85
0.4905554390848178,0.5399222519389811,0.4900656466877267,0.1591994046998431,0.709731452163236,0.7193128147896749,0.2447796951925936,0.6302344989608928,0.9792249231469096,0.193736376,0.484521179,0.309677419
0.412734720970378,0.3323097270656596,0.1146804928732878,0.3086759328801022,0.3026333418640782,0.7207375803832765,0.6768469360329159,0.0042541125110772,0.4185878731859302,0.152096758,0.433526107,0.088888889
0.9883031795320856,0.6451324515976591,0.8755804289607377,0.5277822134537328,0.1222374592068579,0.8603035315601674,0.2585291343648945,0.4418548551554604,0.0300508019474216,0.169453004,0.282910233,0.675
0.2691354541142952,0.6616336559244002,0.0430202160671958,0.1303288201943652,0.2434836016410084,0.0834177103236738,0.2782141838055731,0.7755185993735344,0.8624182727464099,0.247711267,0.110196371,0.72
0.6820882377530594,0.9028505309313344,0.6819390710543227,0.4614968531200927,0.0233539186353901,0.5700380884991036,0.16771867655646,0.5504605138838788,0.0108865272620913,0.393801818,0.458663821,0.738461538
0.1589691492090306,0.8084858071861643,0.2548097073135223,0.4538659546300903,0.3575110902704684,0.5027172699442767,0.2123502872756948,0.4095026510229673,0.2968634139511498,0.244701237,0.375927721,0.72
0.4830650582320496,0.6089730937754448,0.9024718139094264,0.9953485298513114,0.7763752629919249,0.9718157287525,0.398250626404945,0.9654196433728224,0.7413829019895929,0.243982363,0.524436076,0.514285714
0.3458342537077512,0.6247099381039596,0.6333134805641194,0.8359856514976087,0.1208600227573556,0.6638465767302902,0.1121733313998021,0.3927231016855815,0.478938691874576,0.157237271,0.380049257,0.0
0.5130411089419683,0.9361014026192628,0.7317933055135007,0.9151490078456364,0.895423331075219,0.0322065548735872,0.5758714099271149,0.272010991844246,0.8400465587559524,0.546951255,0.123775921,0.696774194
0.2715450757480392,0.5809637036220291,0.5159279441762993,0.8452785816056004,0.7685334797158536,0.4191616064824149,0.1185044294799797,0.0503662879035887,0.4249432212231288,0.184759593,0.340783309,0.32
0.6748327812521512,0.5650118719878633,0.5641945774770262,0.7538471325161962,0.7076701727871829,0.605557936756348,0.1231878206760861,0.8899802889970447,0.0982502094007449,0.194130295,0.418221921,0.545454545
0.3075918640784097,0.942162065052933,0.1280115302076507,0.1136008236227824,0.3536864892276429,0.1488515846907896,0.7136150984271387,0.9407654576616696,0.6867449532522525,0.509497444,0.134602031,0.0
0.7186523850485249,0.3129515306051206,0.8646019924024715,0.8408862250789543,0.1578644265239144,0.6871347449325681,0.5090034206322882,0.0540357783774825,0.7077018670694205,0.16736003,0.415088241,0.097959184
0.725397846379019,0.9624943317388138,0.3541264575735049,0.6066018314898112,0.4240408376300258,0.2222945180367577,0.9668533742318092,0.3107212478681557,0.132270913137061,0.472211635,0.292305192,0.146938776
0.4126703642984859,0.5122232972312663,0.7008768658438272,0.858313996459311,0.99164833284321,0.1070264656338739,0.3841109075797559,0.590944738575919,0.2527779912011253,0.101001704,0.177639156,0.54
0.8974095088912495,0.3573788014339398,0.8138764933480391,0.0217624842999387,0.0753799066715429,0.9640906728200896,0.5904632515390404,0.1303354429557589,0.320163351475012,0.180494051,0.593955583,0.371830986
0.9753045148574524,0.1480825943823315,0.8465735683294346,0.791810739683453,0.9741921291799184,0.3963260518450743,0.0900547052982096,0.0261082816937899,0.3007421776469761,0.073127896,0.548882855,0.0
0.3613019875437933,0.034667889452686,0.3624856081029739,0.536818336615008,0.0746652853675597,0.5165130603031761,0.948287625843748,0.1469719833887696,0.6847117029842774,0.122866922,0.445120044,0.266666667
0.8431673972580435,0.4984344876237964,0.1645581963165975,0.4514980823410565,0.6055510827312709,0.7190671076737276,0.7172217964475567,0.3444480367449993,0.0911201803850979,0.225856733,0.576800294,0.272727273
0.3231354969909971,0.0337502251739383,0.1411987544563316,0.2854303790635043,0.650227871118746,0.0384001822029197,0.057643956693127,0.6159957816833731,0.8020843852736168,0.068629054,0.062963015,0.5
0.6843620766029257,0.8759469466564169,0.6818973488630905,0.7506978641568405,0.6462050635770461,0.6613699764881783,0.1642985272581131,0.4774254767859165,0.2604980751086927,0.400459043,0.451407293,0.0
0.0539709994081244,0.673073729886562,0.7950350083593567,0.3586294050852033,0.9210712815862572,0.2756766720641022,0.8700255147158467,0.9768518075977742,0.1462200423335292,0.32436883,0.216798752,0.730434783
0.7733685244113633,0.5697255617097281,0.0411926057644039,0.0997768268404584,0.8084708924120729,0.2436345002644576,0.4860891899828921,0.7458820071655247,0.5097715250243161,0.16192651,0.346671051,0.8
0.986286058652277,0.4618315146057945,0.6408983650244665,0.7928583348972983,0.0332020259209017,0.5953361258078517,0.1968790169127379,0.817158257392013,0.1657127942666947,0.171079281,0.333450115,0.525
0.9233503845209898,0.1214212751858594,0.4436461495116075,0.8445608480522182,0.085408935773538,0.6816900244497898,0.0647147330593818,0.3377116452830534,0.8975924375163216,0.071067142,0.428278541,0.0
0.3014701517273589,0.7078500198553034,0.2530751932581211,0.1881061920619502,0.3658244835916296,0.9722402908824817,0.1419173290419583,0.6532487032265629,0.2291177467220596,0.206642965,0.465353557,0.4
0.1542125523303186,0.7380655252673157,0.1250908750027703,0.3384121457040641,0.2689362865214119,0.4897330252750074,0.2711260100523937,0.7850049546259186,0.0466947514131369,0.267701929,0.15379743,0.08
0.9587926095815062,0.9860086272150612,0.4086908861211215,0.4689073593311403,0.5887128146436136,0.3788199886583612,0.3403230381095173,0.2132586675511769,0.3014786313042505,0.475048951,0.397321563,0.571428571
0.4197201900753688,0.2581990878933553,0.3478160231382596,0.9587193105928112,0.1819794589257234,0.6855817024983688,0.0961391673158132,0.1127707431406646,0.2704899919464381,0.07009499,0.441153695,0.45
0.1734952361469564,0.1984813795455248,0.1161762360024759,0.0893588830824165,0.1694619046803069,0.4300807066402309,0.8944657006633793,0.6915320461553675,0.5221745650082269,0.14528247,0.283908503,0.346153846
0.7650930375806174,0.8028600705987095,0.8844951058240671,0.8194345373062847,0.7922946808579366,0.7695018709181568,0.0101362957514998,0.29696551954076,0.5114144547931583,0.507136386,0.506741219,0.0
0.3276247242817947,0.1082476413854153,0.249767551594304,0.5807931032444874,0.5622285084397074,0.2991400493245755,0.0874806017258723,0.7327583534647668,0.7133518437801342,0.065358642,0.265676688,0.085714286
0.306578113357407,0.867402783047749,0.4686745503746934,0.1820983151625441,0.9050841364912542,0.94886130986798,0.5767293947450574,0.604258122573416,0.9968810591956672,0.619846469,0.539214446,0.190909091
0.3701788112725078,0.1528438121428976,0.2088016431235287,0.8026551979418394,0.5531364242616844,0.4656171484567634,0.7455558551783241,0.6907013811378592,0.9671769574624656,0.149309281,0.405289884,0.225
0.2182300978078178,0.8339075135381343,0.0248951292645883,0.1577782896356363,0.3503464156901151,0.6843518951019086,0.7031740035282915,0.9248453077461596,0.5237335799334455,0.410496645,0.431141365,0.209302326
0.5105790154378174,0.6114277502173994,0.8286743161461042,0.0954250323705357,0.4832788909965586,0.5480649775780475,0.2887104386437645,0.5703174605968055,0.4135157209947417,0.186130479,0.548310276,0.171428571
0.5017530048975425,0.6951928333124812,0.4552668080501213,0.6437176842115537,0.0835896983811648,0.8785608584177276,0.2371937466236294,0.3504305242653723,0.0132442592771718,0.177634633,0.416058075,0.857142857
0.594780550119901,0.1285623424179044,0.921725857052824,0.832565372546228,0.1793774041459129,0.9812038329460164,0.1442960762680257,0.5636015395847744,0.9580508736979558,0.081855637,0.625861752,0.631578947
0.8640957577366069,0.9505974163795696,0.033779843985126,0.1831338647036478,0.8541166483968476,0.669316724575322,0.7932851911124179,0.6703585977238731,0.0605534065471031,0.489621202,0.506383548,0.351724138
0.5159032154900314,0.192394857090083,0.9356549300220698,0.0919917489758042,0.0938298599529816,0.8514169243306682,0.5818520451809329,0.2392468909609116,0.834582159177551,0.151795847,0.523261358,0.448
0.8900756729299086,0.0763502220122215,0.6015628388075112,0.1349646772403806,0.874219420420048,0.3913291215863812,0.9395017501782598,0.3645270031487151,0.53939087675086,0.106292704,0.454200703,0.533333333
0.0812541671954855,0.975586467423542,0.6366061576334473,0.1855300841252339,0.1873897194976174,0.4647581206200759,0.1769220153892011,0.1117490276556565,0.5668935622139327,0.387082292,0.170692439,0.0
0.2897539241010732,0.6699622397139381,0.8233235863143031,0.0932150980659743,0.3115566905919852,0.5695048048465008,0.7378153144806066,0.5951729517999856,0.0961245406192422,0.255841481,0.347034416,0.114285714
0.3797030201356385,0.8094875868353818,0.374393716617291,0.0651894986355884,0.2945363808581562,0.5179446920806773,0.6643796697703763,0.7735362233648537,0.547046933245984,0.443015044,0.400232553,0.72
0.8085697105426346,0.8530888042915513,0.9158067917943972,0.2151787923320592,0.9790122511392548,0.5094061894164955,0.8704599187306544,0.0526867988014069,0.8270975398322663,0.683744918,0.571694399,0.046153846
0.8418428833559042,0.6666803494129797,0.7761520797929983,0.5314801135213122,0.4745834058675058,0.7575612497641926,0.4902741543366009,0.1336320711952809,0.99973426187062,0.230324666,0.307854991,0.0
0.2864889954977467,0.7013478482767985,0.9028739451639872,0.2223409281716236,0.2673533693520017,0.9342217372670032,0.2640564373897808,0.7318372863331472,0.3014102488394897,0.261406268,0.249194477,0.545454545
0.4765894488749805,0.9211428768726097,0.2775085776608953,0.0305831117399233,0.7428941353839857,0.0802854347061243,0.7987664204077453,0.3641180160792782,0.2304277458681884,0.467184266,0.222433461,0.687640449
0.8367368939856744,0.1337638873664465,0.9796860910447528,0.9104775863126082,0.9381280938828478,0.5193576286296817,0.7159352860013038,0.1029401866047761,0.7189730597944193,0.154869023,0.53512735,0.64
0.1078671298947722,0.1232981841221027,0.0347646978438809,0.5041457504210095,0.7544825784863282,0.5547572254125488,0.7425259679503993,0.4017075142876729,0.5285058491008509,0.145466242,0.202900028,0.0
0.1280015804383381,0.9243967342225278,0.6142578901006936,0.4019091303690968,0.0638939550297772,0.5446691620425735,0.3982974913516196,0.0761373925933017,0.0002490605454975,0.399522691,0.264531974,0.63
0.1718141921264162,0.6632492347044332,0.1640043701123322,0.2050589242352914,0.0232916403613965,0.7041724108990883,0.1529268366924626,0.2137421328174281,0.017383011226128,0.207226408,0.383835458,0.576923077
0.6195272666481915,0.496069609265369,0.2918697264930104,0.9850946650112742,0.157838674574359,0.4688644395022523,0.3521117635583612,0.900889141045678,0.6373992616661658,0.16312912,0.489710057,0.0
0.0130973015908455,0.0368466239116623,0.9304165740097078,0.8582461003605741,0.0028700788981291,0.0013726646135028,0.5157083741461292,0.2616691229647758,0.4773808660042126,0.110084615,0.005048441,0.0
0.2311517358889063,0.3531450877399921,0.4128867721123153,0.3112651156258049,0.6487206387196178,0.2531992982408038,0.9292981881691014,0.18205050793882,0.9572320620489788,0.159620094,0.287935409,0.411428571
0.4993229034863757,0.298387147056815,0.9814975140810078,0.7756235992287509,0.1201754368717561,0.7188885099265775,0.0021589301594645,0.1878511175961884,0.2743079245131952,0.120469147,0.365178328,0.133333333
0.2771749322080896,0.2501502074091207,0.5202384858902273,0.7507199402147683,0.4449862338157253,0.764686928203367,0.0819597232784714,0.9846515778166468,0.9113659111887016,0.102115993,0.549226705,0.0
0.3383183986004413,0.111487675668246,0.5189548762488623,0.5551428333229627,0.4774398044362004,0.4042238228035841,0.9161230324150514,0.1690612869369548,0.0368539301655447,0.101305641,0.329551699,0.551724138
0.4615395123355741,0.3593194005461851,0.7290631339576866,0.0274189763083457,0.2715463486220109,0.138237603486381,0.9947905895624436,0.188018162410737,0.8377813740620844,0.211041639,0.170621951,0.0
0.78084997548359,0.8946004366999649,0.5046459708129106,0.6210096143489349,0.8299462772401771,0.4606660826099823,0.9409873135244534,0.7844654112057777,0.3864528681129201,0.49135257,0.474941315,0.536842105
0.7198284733180275,0.8473754587333362,0.5598548775252863,0.3621474820013387,0.077892109101338,0.0260144423637427,0.6801776774818692,0.3252796951789444,0.6516932021209837,0.5909042,0.092782613,0.409090909
0.1064180984200102,0.171253568368716,0.9461332735266708,0.3742534513097512,0.2158208079473578,0.5771411778412276,0.1699722887816298,0.5322909687094142,0.5880825700530233,0.098107849,0.244059559,0.24
0.4137448419759784,0.7383505152059213,0.5019195334963787,0.3295409911032857,0.4881908836674078,0.5985244941458359,0.937715461754044,0.387601054744107,0.1536983902583065,0.322253635,0.436831223,0.593103448
0.8124898212264374,0.3629928786057476,0.9124974485300592,0.5110413371942338,0.9861185365281198,0.2560629014805017,0.9556276882745396,0.7741170653745129,0.8057319058179316,0.221692075,0.468428629,0.504545455
0.6406272116331027,0.6042416819948572,0.3482674839821975,0.3365883116807444,0.7330940121374007,0.2245466889150276,0.1319754353248674,0.9729675740160764,0.6301968406413601,0.140122948,0.215664577,0.0
0.7550083338404839,0.3694348132377492,0.8597790097752401,0.2165196916724814,0.3983973956446051,0.2197337824803854,0.9632854099769512,0.1512580771603942,0.0165813454677064,0.185223793,0.360632836,0.796460177
0.7791105262651785,0.5542177187600383,0.2330657934917721,0.7087724649339653,0.5303545785264353,0.4538745732161401,0.5709311101513324,0.5540092511212339,0.8332607510190413,0.282386988,0.53171028,0.6
0.5457803077082521,0.414374814074526,0.6125442570998484,0.7784528615113773,0.2720822514014952,0.3908079878080286,0.8058453181323039,0.2107145662214425,0.2172127362537349,0.21062746,0.444398669,0.748051948
0.3789245932728189,0.7489108189788916,0.5299805071512366,0.7172839356739796,0.9121373798930184,0.7073205727390164,0.435279272084021,0.7521308080965569,0.962574610581686,0.250294053,0.398300495,0.0
0.2343875715362364,0.0843257654620093,0.6321586636952908,0.5363581037317318,0.0790520970241479,0.1745753953331735,0.3465429184410348,0.4013280245213674,0.8187036183165971,0.088883973,0.256298122,0.666666667
0.6686644989690957,0.7061519796269045,0.0634241410816682,0.5376179475844126,0.4811171034014823,0.3068654156111351,0.9871435655250324,0.8949556294349026,0.6810841730683895,0.337530093,0.386494485,0.063157895
0.6951429169469476,0.0929045990735918,0.7517274478509841,0.6932424033195832,0.8668928930634983,0.1749325364013053,0.8472453022811638,0.6187377588817959,0.5008075576166705,0.093602893,0.273387348,0.08
0.9839885208926094,0.8092322871811175,0.2733283685872087,0.954046616761235,0.1359112863209791,0.7139456324889475,0.3751802614836235,0.6761705099998868,0.160938718844272,0.282499859,0.541868337,0.514285714
0.5437808638196503,0.6495003762531004,0.0820884988418982,0.6506023782689901,0.875160983293167,0.223870081544624,0.0340914819132728,0.7811208044123702,0.0962580119553135,0.129505375,0.210968603,0.525
0.4683327696545788,0.6691518686473171,0.269473553590469,0.7918431502149775,0.5682896762592714,0.2897909710857883,0.2003566540748041,0.3879799907429591,0.7360770564508939,0.231285623,0.286329259,0.0
0.7627284498537344,0.3734138600613952,0.6647927000135709,0.6483915228859021,0.4435953396770803,0.4092955990533446,0.2718770310803127,0.8454748454966332,0.1876853401103853,0.110891944,0.517210749,0.48
0.8708872707355615,0.9275473853711304,0.1418072381296764,0.8896458548448907,0.6961578552451273,0.5014013853555712,0.5982322410191675,0.9795803699676164,0.6401494579310827,0.645757848,0.44491115,0.088888889
0.9808593970899492,0.9245908633472518,0.434404295165104,0.0092540208044459,0.712385638300541,0.0619137622899541,0.8180464354596347,0.0376752540280191,0.5397344276620054,0.487775524,0.305128055,0.553846154
0.2002522514467155,0.601385002465617,0.3628559145814961,0.5754647484172274,0.7423726761710888,0.7067682092845784,0.4726857172976683,0.2115734544473803,0.9305253824263492,0.15995829,0.386980204,0.133333333
0.5145363928194189,0.2817529129694625,0.8652232900249268,0.8586270040149366,0.8752380247626508,0.8550794689065446,0.893184016402468,0.4766199347229437,0.5853650487676721,0.166399658,0.471391603,0.043636364
0.9636667986955944,0.5549592620067471,0.9453170016185588,0.3838462253174204,0.1185357652873397,0.3710063085165039,0.8994090483246971,0.354345551945759,0.2118064729535342,0.382517791,0.488020312,0.331914894
0.2210785687338533,0.1540058627536736,0.2230051579138692,0.7865112337219065,0.2794046880672579,0.9049707708257028,0.1253960839115921,0.1622153819355675,0.5658643924278702,0.065607067,0.0,0.0
0.4645327699641012,0.7962564902512055,0.1461178176695807,0.0176925256451533,0.8314040386707238,0.0394689632275618,0.7360523952100749,0.3779676094146268,0.968310699962024,0.492334803,0.103023463,0.681818182
0.7732605018857761,0.6589450345583218,0.1711251483256801,0.9944342053612748,0.8287134149211147,0.1237813034538863,0.3910353011856277,0.8544029101728918,0.8450324053069914,0.187404605,0.175242098,0.0
0.0961477770921243,0.4023046537005219,0.3842593867421608,0.4788927832574146,0.8871480577101511,0.9837531656209004,0.46875281405134,0.5503420152974958,0.7489377774994577,0.114165718,0.321189822,0.327272727
0.7635542119345963,0.0826686942111213,0.444410617442333,0.5632169708082724,0.5505408583562069,0.8040165002385524,0.0918016240430522,0.0542237329379097,0.3398027232954907,0.08529883,0.397756934,0.0
0.2716951304562298,0.105108765766128,0.0254134721688285,0.4390088021339702,0.9672768510548934,0.2044201544620766,0.76581039066511,0.5687233207470842,0.2168600385486673,0.107515786,0.274622169,0.669767442
0.3774706452458327,0.7176940018127125,0.785700431453597,0.1145171646690136,0.8898288506746272,0.7459745531623331,0.1504257588650021,0.6424151922650612,0.5795853202807758,0.332770277,0.48140856,0.378947368
0.0440969165501855,0.5509265937159683,0.8932281409401504,0.6720485323835693,0.1325819368337782,0.0362371236481043,0.8034113208651824,0.0929818214888251,0.9118676019805824,0.322377981,0.017815167,0.0
0.9615544520926856,0.9540046670185486,0.4563306945305913,0.4416447293104041,0.3878808761043816,0.0768059648322436,0.6141232088393115,0.1157423180803748,0.8934061984271577,0.543411013,0.281167126,0.375
0.6395697621909456,0.7892618526219978,0.6097324280941855,0.9293305634452708,0.5510777864554433,0.0240022883011687,0.5497733136391261,0.633677899973934,0.8997828895718589,0.470249543,0.11317249,0.508235294
0.5230797426207082,0.0679893896731049,0.6870698904611379,0.1657061284777451,0.8550130727933779,0.5237038323726746,0.5452571485531814,0.9373361101919222,0.364986366835062,0.106925283,0.553645368,0.46779661
0.6168942395610243,0.4810179396143175,0.3062278035767704,0.3280195365318435,0.5486760853347045,0.5432625851543713,0.1465619050244802,0.1619995972126586,0.4329676909408794,0.150598535,0.527510142,0.64
0.317347125205448,0.426224040066671,0.0223636089723744,0.1667503457878392,0.2113281672513118,0.0048074668402321,0.8458215190668366,0.2304430144798843,0.9101695733441544,0.200655247,0.05605406,0.605714286
0.0541014166086188,0.785211653494261,0.223683573846772,0.5773790652645061,0.8038331847541841,0.5462666975601786,0.4637026405039356,0.2965890283834296,0.8634115805129144,0.234252206,0.320042361,0.109090909
0.6557742465968724,0.4828131094239881,0.0190724966001599,0.6626069504452289,0.501038295530373,0.2848464756682202,0.6025441520741843,0.1339100400732813,0.1528963939166709,0.264420242,0.259375452,0.109090909
0.0829870575750237,0.3515005948539869,0.1047976723503999,0.4529778928252027,0.9091279663217384,0.4392032759523377,0.7373703447263428,0.4720254103039182,0.6384511886514741,0.15861077,0.167055657,0.0
0.205798472008848,0.7142421154452767,0.086527238982952,0.463182943832084,0.1423767522007001,0.5889252757024113,0.6685429405101229,0.566760370695339,0.8897973726097681,0.424154724,0.320502469,0.305454545
0.8528395841113712,0.544346208644632,0.7852360886032571,0.0247140661644118,0.4719995076010491,0.9678556459211676,0.6792334236737113,0.9936427921540656,0.1808596774011229,0.261289555,0.658539751,0.216
0.975480505644249,0.2132587293479083,0.6063095520057288,0.917535210533826,0.5546426672122249,0.0259324302579084,0.4651510476077728,0.5062794045410586,0.8562764623158163,0.117757762,0.124923644,0.288
0.9022442444821028,0.4830893411664759,0.837496316871531,0.2794468438788855,0.677202533023283,0.6293488250314687,0.7756313326514452,0.8018141720975948,0.3512181682175641,0.23994637,0.564095773,0.225
0.6139994002727913,0.4602544649307656,0.2493507678607609,0.868911275609007,0.7683992478708327,0.3805050119559001,0.168434022460031,0.4678396666289517,0.9103403220072072,0.144510844,0.313116794,0.525
0.1345641293274825,0.607603589956418,0.543431100827576,0.7931601934882297,0.4844603944583611,0.7256200378341042,0.8881448280576596,0.9268075605948652,0.16715545813629,0.269400079,0.371289995,0.581818182
0.4305453051454206,0.1083076288269762,0.7419201752632821,0.4059874258110915,0.713725595684767,0.5664386901021654,0.8082609573402543,0.2118232728698199,0.9783748245178756,0.132812948,0.411600092,0.78
0.6281804806436708,0.1023108546499751,0.3997920450227533,0.184232555918288,0.6848906511906317,0.7712791073955487,0.5007370340352515,0.905095110282189,0.4193985335642387,0.131191708,0.469638316,0.609230769
0.6527855301957951,0.737669371222864,0.5194426920409089,0.9859287005656144,0.1749898595932884,0.9947835813830104,0.7584438779048291,0.1699334844145785,0.4262262508621312,0.440862811,0.435022678,0.0
0.6101450121958504,0.3554733499592487,0.9784599169837368,0.6738375668729069,0.3398023390138399,0.3665999305260987,0.2329889511228015,0.8678380821742158,0.8276857648628821,0.143155961,0.477557741,0.184615385
0.8206652404197721,0.2550493631304369,0.3631409434119546,0.4608589275512657,0.4842342819454683,0.3798145976338763,0.1870544965180723,0.3421812446486331,0.8757439966071942,0.088341804,0.407031967,0.763636364
0.6960707817424505,0.6412984888106213,0.9181357441355452,0.2743492418734694,0.1862987404956269,0.3252029274549988,0.0623048179198436,0.7953127379636845,0.6201228448109983,0.155007927,0.370404569,0.171428571
0.6836081894141365,0.3840058911603005,0.8580726530215179,0.4342554505979111,0.9356836451505036,0.8416041165406103,0.4929076732592125,0.7620657262092728,0.5723246213565559,0.087366469,0.655974478,0.685714286
0.5843089626742666,0.9503442018976612,0.1007183760147311,0.6016451690344017,0.3116993654511257,0.3469042611882688,0.9125984281563324,0.0282579239438118,0.5944041617514829,0.49604251,0.34729276,0.0
0.3816093668585193,0.7644318515965293,0.0191932014104606,0.5934524271997154,0.9809305396496368,0.3955505086595853,0.8454046759609883,0.2223385760046041,0.1675496499980791,0.354101781,0.394207065,0.444444444
0.5916374431594326,0.5360511968454046,0.7600294304957222,0.7039594590143464,0.8889422481174069,0.331225533607477,0.5046038724701005,0.870528666478248,0.5140117515954769,0.286854898,0.394098514,0.061538462
0.1569629770691133,0.6691571477264274,0.9455571164428156,0.5591666463358701,0.5136649804898273,0.6296114511041718,0.7173644330897477,0.6714209651090269,0.5258266569696519,0.402731694,0.273385874,0.3
0.6353552447863547,0.4076456482878474,0.0365839256325528,0.3370585870194438,0.9352777055568288,0.8820726998591023,0.9655953245823918,0.3845023640752513,0.2787699836181021,0.19371856,0.62436427,0.0
0.3093745185925827,0.0899745656267372,0.0150714357053702,0.0399256500830833,0.2592266743877949,0.6495492893362438,0.4493006744787156,0.9702931601554556,0.3684662479388912,0.062785764,0.445240139,0.218181818
0.120601636902102,0.5717646060646462,0.2256203413798249,0.5469047397766162,0.636649758860747,0.138934322388889,0.1107035539449962,0.6980189508691991,0.2696903871372617,0.16571908,0.088316922,0.12
0.8394263816838543,0.6064231585825626,0.0644133892747234,0.2450594537172588,0.7439800258332505,0.6077299166031186,0.5779664965720963,0.2725910751168795,0.8763740444632623,0.245844924,0.534728028,0.214285714
0.0855948378611616,0.3294465452773764,0.1748909803324018,0.3519785192833348,0.0475048292717612,0.0036280760016087,0.487845965909328,0.7133192583972874,0.5166024509954237,0.129701438,0.006643254,0.0
0.1552476188555024,0.1666408443065424,0.7853747171367872,0.3281715340753306,0.5710969603956442,0.231934680457519,0.2064803030087044,0.5743711853435183,0.3917848111062273,0.090564834,0.145466192,0.545454545
0.9476707378900748,0.0353431254709537,0.0992877243531992,0.2330107744055849,0.4848770571079066,0.4080631131713073,0.360709581499941,0.6199022861002661,0.8833203084494963,0.054877841,0.520592708,0.0
0.1587565434819335,0.7962503155682767,0.9421937688961918,0.0916506026578765,0.1751708295287735,0.8769833227571756,0.5488598900849745,0.5936204552022037,0.88853810843252,0.516191353,0.449743406,0.48
0.1183525858597027,0.99011219719659,0.8381311436915965,0.5607816294495244,0.2248317574946532,0.2508886544509111,0.5597225006464945,0.0153365867075954,0.698054545459618,0.750555204,0.156806568,0.048979592
0.3018567945438948,0.021291340462759,0.6246011357129913,0.0989422803210767,0.5298046881723103,0.0967438842193071,0.1321911041761286,0.2629382767240265,0.2470099643717314,0.07863255,0.242142374,0.757894737
0.1513333307529888,0.9523350821409372,0.3112657029640886,0.1178054925289285,0.4013236778944011,0.8925480247550925,0.7919413251728367,0.8134151783447949,0.2078381571069557,0.559131979,0.367538838,0.2
0.6140150539466785,0.2484897939972971,0.7796034848689283,0.8983558416679335,0.6787069464954465,0.6044258410363316,0.2193166522180066,0.7015912930518233,0.1693684356577144,0.082108372,0.490947415,0.24
0.8694151691803514,0.9846581311086442,0.9540229376582232,0.0218683544341239,0.8055575825654429,0.7361766785126994,0.8985493655414121,0.3323983296113115,0.3186868622555069,0.641832023,0.571587777,0.092307692
0.5435715574007399,0.7595372690287211,0.844604064529975,0.5799784397522559,0.3173528053083925,0.0283050539613332,0.7896712323480004,0.2440859709084447,0.908020398179316,0.402790241,0.083318831,0.546835443
0.6198949039057815,0.9482070817581274,0.9010763246900132,0.9362110424666256,0.1026705834956469,0.7361029851527674,0.3701905984306198,0.5159139547268475,0.2033414474735698,0.348779957,0.588938517,0.0
0.3206090205900191,0.9239911576591848,0.7047519140323388,0.4216376808006753,0.8453920342018724,0.8876474440929414,0.8520242959871069,0.749152945943318,0.93747875348074,0.783834002,0.475708481,0.279069767
0.4929132902748018,0.8644371256804154,0.7719408652991488,0.3746416103547041,0.2377160136563738,0.3463509696653244,0.5830776964081406,0.3187710380029936,0.4489984940413235,0.618840092,0.432541004,0.675862069
0.9220842568055544,0.5650388607676736,0.4269528610712145,0.1880149033027724,0.6466058903437529,0.0937237122702493,0.7550961104719814,0.7539124545314442,0.0646765354435983,0.281690446,0.196358948,0.038709677
0.5640999680271145,0.4647136507989333,0.451487533242188,0.8651161942849505,0.4703571288074555,0.1311482702368268,0.6125056974895623,0.7123134313861683,0.967441068497608,0.364702158,0.241676049,0.469565217
0.2568143366323779,0.0297839459575831,0.2700555023286074,0.6446624107954596,0.4568564111176353,0.3361956872300088,0.2922020341313587,0.237042064811022,0.6443521332778668,0.065022696,0.268474726,0.327272727
0.2644258692746973,0.2270134450730936,0.8047401666873223,0.7578703653914916,0.5047977837582772,0.2307585145886944,0.0530565778143533,0.3576692086134703,0.5749342461661988,0.071829621,0.153796305,0.56
0.8523155670593777,0.6528691411768965,0.5164859067915288,0.2643814062717824,0.8824853933206663,0.8749829918512747,0.1026925321534297,0.0549502595626583,0.2348833178464745,0.199957493,0.595964447,0.4
0.4457454598165332,0.8740844446710228,0.1381832477209307,0.1880706723627762,0.4144513723041478,0.4935567158105226,0.0134001009902425,0.9864703981332016,0.3634248922123396,0.314382859,0.335830586,0.266666667
0.8495956039036634,0.3921062787631856,0.4222139479539201,0.4421915938765073,0.1803214479832567,0.7297595768308277,0.6406407867104842,0.8682210923399012,0.4356247652370244,0.19973057,0.524069471,0.053333333
0.0220481533656946,0.539981871333144,0.6805718478435983,0.5790097376022824,0.3568263281509207,0.5756245050239998,0.4924139123595967,0.0329432664893236,0.349365398880514,0.154213851,0.223235589,0.109090909
0.8288520207666774,0.1464509790940934,0.0271328179178276,0.048995878464633,0.0374088316114151,0.7668381710181976,0.7555823049454409,0.1280566969034674,0.3869241296875816,0.110408036,0.627065979,0.473239437
0.7496295782836492,0.5669925087745196,0.6279140547449827,0.8331653008233417,0.6215907594338744,0.0676810664041416,0.765426247994001,0.4288133127397887,0.4251677181456792,0.280234819,0.303114626,0.633707865
0.4176855712517164,0.3538958136127836,0.0247006838725528,0.3747014029395463,0.765042692100026,0.2779478291816735,0.7096132339959154,0.4202915225220576,0.5601931682187131,0.175154018,0.400618222,0.605714286
0.1757319578613947,0.1670638441266371,0.6921146510513755,0.4617742595451856,0.6715764776320089,0.7787892480496165,0.123270401601101,0.6419375850884115,0.7413071220197479,0.085416859,0.389652123,0.24
0.7390480862354887,0.6100774287369838,0.3444321777211724,0.0055985986158183,0.0926090787402371,0.3124332085509902,0.709739013313334,0.5869418727400353,0.051700636839666,0.269584568,0.403866257,0.426315789
0.5975823519951388,0.7722799111213188,0.9357716509043672,0.6457987954228747,0.7849957583281576,0.8149270832544163,0.5384938614422483,0.626084300434595,0.3066836944997465,0.497646871,0.37824093,0.0
0.18546088962458,0.1362240993091892,0.5170373100554437,0.9183378777903264,0.5000196061032501,0.016829912218657,0.9658406028915876,0.8671162805014805,0.7840381442411622,0.134001862,0.05122085,0.428571429
0.314859768170432,0.4292991981594646,0.9561921825243338,0.292225351863369,0.9746072355553456,0.7236521657043332,0.6327574000614553,0.98924399261926,0.9254040403063288,0.287726393,0.522282818,0.444444444
0.9727114377590852,0.7409362353548562,0.051084786724677,0.1025289583111219,0.2826754103396026,0.9017575568844328,0.2784436890897637,0.3465425882949502,0.0178068520837585,0.254980819,0.344209931,0.705882353
0.5178264198499015,0.4227966428877014,0.1331500747234218,0.6765026541461278,0.0907574525527821,0.6384251455920054,0.1477972827546897,0.2181924920094805,0.3853335830096268,0.131055755,0.575324856,0.126315789
0.8501036329916114,0.8223296486849462,0.3524049709398551,0.9311389299227242,0.0966318487797293,0.777890953557473,0.8270724566692831,0.9885185586130166,0.6085938957300808,0.551979033,0.606488842,0.32195122
0.3740660620802285,0.0215952526586302,0.3659264343578251,0.938419443012035,0.7191236991515076,0.6193738481564378,0.4847455747788173,0.9602578532730752,0.9619593545992994,0.049937426,0.493105772,0.56
0.9571921785586168,0.397127623004513,0.6230596595555944,0.5752874634398853,0.4552020377770865,0.4452507154312457,0.4143456802047988,0.6843443656550605,0.7447774468063102,0.14651954,0.577564603,0.6
0.4188010939580224,0.9333776837057296,0.6862456141234112,0.1266141752083679,0.4298893166736337,0.8061017400454756,0.9874814483566756,0.4472358287041346,0.7159810453692299,0.867906272,0.531053507,0.057142857
0.2174486364899026,0.9949836845848752,0.4605757374025276,0.5915487846635528,0.768029386601544,0.4846196103225144,0.0002116957720305,0.8930383071430701,0.6696954854159844,0.557911463,0.196033109,0.266666667
0.5974118014313539,0.740411665872296,0.7408834336552366,0.882150450789106,0.5722487623505087,0.462570198734462,0.985081704335906,0.9786118980920572,0.456172295319724,0.581023626,0.460598941,0.518181818
0.8063703873148195,0.3694752349756699,0.7600719274135526,0.6841014857249518,0.5968801531802561,0.0659999967249007,0.0141249637907542,0.6659804384356192,0.5830618387347793,0.112401257,0.176274919,0.263414634
0.6685978337225937,0.920181051017334,0.9857987295936408,0.5776269030918176,0.6957032378868939,0.0350273585584531,0.9311838963595012,0.8725190680368878,0.5668051996110262,0.666421895,0.064029898,0.0375
0.7123515082388293,0.2560005344954872,0.804529272817086,0.2079774071426056,0.061954680813459,0.9506276769513998,0.8603032034065852,0.5198769325494571,0.7329329294848215,0.135620827,0.680030081,0.0
0.6547562325230295,0.3752747853280243,0.2164394555535286,0.6393191713586595,0.6178502690792765,0.3491335632183198,0.6013817381389275,0.2684860316821165,0.1536561042193327,0.148147909,0.337977168,0.312328767
0.4913220167165759,0.7879344572205205,0.3937396538636987,0.0878908412280347,0.9248694531995758,0.2345775759345392,0.8977720963154288,0.2333068728076329,0.3709478643774447,0.425825365,0.390312486,0.6
0.219967922782828,0.7286095237473394,0.9788776931784964,0.5903593572554017,0.9691926934050448,0.1021662059232444,0.9271905327279092,0.380905313477907,0.2719265133116222,0.331348815,0.098217572,0.153191489
0.6740570741141642,0.8220383198450038,0.6685985316527222,0.3554520933877375,0.7906063373215527,0.4836912072128085,0.0263775914716662,0.3332366292925227,0.4756698008936344,0.231591036,0.478381879,0.0
0.4492849963091879,0.703146593837103,0.5427341710262875,0.7324628365926604,0.0595331303476297,0.3214323136875089,0.7180141120496575,0.604343439990615,0.4271250883560896,0.437705039,0.20015494,0.12
0.275437637439056,0.6368768357428576,0.9240753656282816,0.2037169450080465,0.0425281407017184,0.706964781967262,0.2144110140072301,0.8595541613915808,0.6387061532156172,0.246865277,0.501175494,0.323076923
0.9175923326473312,0.0147547767370155,0.4511589539478285,0.9683357464269228,0.5810415976939098,0.4974945694068514,0.8828181414275424,0.6611326513132783,0.2868980148353302,0.074638443,0.379132107,0.0
0.6316653023082872,0.819142888229858,0.2689242246813649,0.988087869204766,0.9951306793405272,0.4917166498035794,0.7249473946285342,0.0821111265360756,0.6329753925809086,0.363266,0.490774587,0.419047619
0.7260735630943634,0.7202736375231384,0.9655242746518056,0.515986499204265,0.0629374651577483,0.0923652388134963,0.5283261040272202,0.1480824457908802,0.7842486890120054,0.441924988,0.255250785,0.490322581
0.9715501632910049,0.7492901522197885,0.9542052171968473,0.0509060430873555,0.4291318174075116,0.1046438882176146,0.6097615997347358,0.9348663069120005,0.9836743525933956,0.419465597,0.294710284,0.096774194
0.1870071159262141,0.3074283126777694,0.7537583514224911,0.489196332046493,0.1701460242271708,0.8763192442337361,0.2606451965032506,0.2052143306149402,0.6829589018510946,0.117220823,0.29258417,0.257142857
0.5303750131656585,0.5841760971931569,0.1650556590208525,0.1968415429322233,0.8855894847971889,0.9233810855919172,0.449623304048575,0.4207449446407405,0.8760303078722177,0.190447793,0.56184843,0.469565217
0.5309853428058123,0.9166823350180452,0.1930211275557714,0.7780524142693306,0.205759426038674,0.5024651038840394,0.3848163371670843,0.2005555105068184,0.0444903218293541,0.332399996,0.401836855,0.126315789
0.5644462732257222,0.4087037873396169,0.99402600774171,0.9347119137913444,0.040393028189948,0.6129854407368189,0.9371945522691154,0.8125890368818975,0.0965543890043841,0.181274579,0.402330111,0.206896552
0.156740632234125,0.801547474669824,0.1224017143524174,0.4936868312344842,0.2297041765980869,0.3703027023310732,0.6230923401563112,0.2751524889954294,0.2597656380487537,0.452102221,0.240954388,0.664615385
0.5105924490017839,0.960256889029369,0.7072114579335191,0.8130500270425989,0.9509020025970076,0.1418231505446087,0.8951362434753217,0.7804521165366229,0.8430398007145498,0.689754218,0.270751296,0.645
0.0212094507893166,0.1720130822629667,0.6539620973850219,0.5305259757252369,0.9149137139043636,0.4161121728082773,0.6985534680262716,0.4770999236202914,0.6384861856030033,0.129827183,0.232368571,0.368
0.9665182084540286,0.311972467371243,0.2399797857917885,0.2036443339923047,0.4306411905266184,0.1935701403431362,0.6467128705962579,0.4027969952165927,0.9087439544580956,0.220505638,0.408543998,0.72
0.1556166649479297,0.6451595440667035,0.9197239733272646,0.3385469842691916,0.788650163771564,0.0366916470630729,0.7611322690175472,0.903551694518542,0.6748173916123557,0.426390743,0.077203133,0.642253521
0.3451273874533824,0.9217644732332858,0.3910933799285977,0.7580569011250857,0.1873677147882483,0.7317888167494857,0.0639897745885499,0.5305097361898408,0.92689683001274,0.433023347,0.447193959,0.0
0.0378374173169241,0.2234220309570765,0.4431730895857025,0.2523642578020452,0.3170572540227521,0.0178800122935673,0.5466601017214414,0.8810948180227047,0.6704659453425618,0.132116335,0.022056036,0.147692308
0.1414251040549328,0.0196405278136083,0.4850356960713836,0.1570186384192937,0.2068037827409237,0.9855694417019972,0.1995757189140449,0.3292880664421396,0.3533390313411868,0.095817624,0.402097321,0.886956522
0.8964454519289983,0.0530792803197385,0.7109655168837437,0.9842141680096788,0.2522856980284722,0.2025941519376376,0.7066148662040455,0.6221334926144029,0.5682885810553238,0.098363422,0.383733241,0.458823529
0.115448872314621,0.4672591524220187,0.1361946104577508,0.0874629567576682,0.4404410655538526,0.7474617789849606,0.131986475320717,0.0554587445753194,0.7659097708830603,0.132671201,0.213054243,0.0
0.8154539222104769,0.1942291642644416,0.9208455030714768,0.4777435921353035,0.6095722731306685,0.6532262288631769,0.8656466196507621,0.6905677525767984,0.9011928101808884,0.12856173,0.345379702,0.0
0.5501470122001859,0.1953074255183704,0.7259093888663848,0.2720076315277306,0.5660829918036602,0.0665218638521959,0.9582126947584452,0.410143932466777,0.8182243021498516,0.155223798,0.209091639,0.659340659
0.2599714417858426,0.3551030770865685,0.2547953483104738,0.3040669776791047,0.6910138547115395,0.5176973014994783,0.9618353474254516,0.9885570598614002,0.8098328033336418,0.181138219,0.294045679,0.1
0.6675077715763872,0.9240759098258908,0.5683373117244427,0.7343786208084475,0.3642808947426629,0.99155034212716,0.3121624989502765,0.3456090812719619,0.1210780039305203,0.365560252,0.50191219,0.571428571
0.3740358740332348,0.863832123170144,0.1882629534894705,0.9200652518096524,0.7089058218200553,0.083314957969989,0.1944705417608844,0.4724653825690478,0.0884900165706326,0.23856237,0.14510426,0.36
0.6974362255482845,0.3484568283583021,0.6032881366399547,0.6566405668031358,0.0023261441428865,0.3725601748384761,0.8316377709824501,0.7080176172811711,0.1872438145207082,0.1410163,0.444783648,0.575438596
0.4259063693007284,0.0122580428497048,0.5736679567129843,0.4588554922300718,0.3095211483023077,0.1170963182508189,0.0800482654086124,0.2536246514145479,0.4282850463236736,0.063123774,0.189733092,0.3
0.6918194223503912,0.5080743667259217,0.3068850381933813,0.1658312271532329,0.9583853460370564,0.3134697861480393,0.8981639309239149,0.2984807827179514,0.9696931707417088,0.262629561,0.403575037,0.445714286
0.0995975091662203,0.2422548087687125,0.5546381488823252,0.9288077585244062,0.6683883043452142,0.0321333386125264,0.0986168139258518,0.1596580993677765,0.80026458233043,0.116793382,0.019203799,0.0
0.0600133983579108,0.7714337734549138,0.600539976685443,0.047281072147176,0.0665943531175786,0.3846680018484739,0.1586236324601888,0.6643302903143282,0.5555801792456125,0.204443635,0.116667194,0.3
0.8752259077147935,0.1620948600595718,0.1049139328852665,0.2091382689836119,0.1558838612429641,0.6453369843145764,0.97347941246716,0.1933582922201354,0.4027705967164143,0.12693312,0.618167503,0.415384615
0.9187981449980952,0.321624663100004,0.7698894631774706,0.3007899345239667,0.0276511095907384,0.285556973768359,0.1116625295217497,0.90719933415362,0.926845508603029,0.08600405,0.53525225,0.545454545
0.4246118544128668,0.5131111145729226,0.599547212512515,0.601285153500068,0.3101850608302199,0.0396696673591129,0.3198911617159556,0.9224445182687204,0.5588452154433845,0.211428363,0.116539479,0.6
0.8077432546013857,0.1812829555931528,0.0423731781799069,0.5714111876434963,0.5992590118983051,0.2550864270538286,0.5005930150050328,0.4775497163515237,0.5581193221638377,0.118602529,0.277175009,0.0
0.7624850077258134,0.6588061334323968,0.2282265595570544,0.5313938724224384,0.6630452792366829,0.7146387240409133,0.190532332248583,0.3872067496074418,0.9460567304217204,0.249877314,0.518805789,0.0
0.3894108276638055,0.0925457059712244,0.1763942606102301,0.4326323330813904,0.5067731309992357,0.1839702664342641,0.1056039725417313,0.8452088198075868,0.0213952310551351,0.028341739,0.173352503,0.133333333
0.8478685051294823,0.5639063904869465,0.2045534140408854,0.0608771679007127,0.1453492713289529,0.5256814998842557,0.8194000400785135,0.8158811194061584,0.3805123892700641,0.261119334,0.476051415,0.318987342
0.8684074556348366,0.8445250554166118,0.9765662819438328,0.1729683288086552,0.962469124385366,0.5617354729535863,0.9642550869798936,0.4056757707990066,0.6202980761333825,0.513342473,0.58923657,0.0
0.1181763727488844,0.917945119679216,0.8959885231736581,0.6855333045114391,0.3335944298318591,0.8939791515293877,0.8753778012455427,0.2332969087231505,0.3534109421151312,0.570064374,0.428402121,0.329032258
0.9268239037712842,0.9481593675222516,0.4175577706408856,0.046583028326385,0.641502128066264,0.3059083642760982,0.8190266635121968,0.7899292204269004,0.0534573456835495,0.520075193,0.473180128,0.494117647
0.8899216138850442,0.7720459002914744,0.4295409949405939,0.0359574368157583,0.4347452065406401,0.2745105489810424,0.5033609566245656,0.7580103666765388,0.3131649311691348,0.39822525,0.353883316,0.048979592
0.7282652725673222,0.8882922390555964,0.1036862844418793,0.291530955049351,0.616812592096824,0.7306097978785248,0.7375806123446207,0.251216707648902,0.0540086774070658,0.540595409,0.356503999,0.734693878
0.3286676677029809,0.7000132714032258,0.011710199689071,0.3842266797554081,0.0357489032272818,0.1388555183081717,0.373915253209295,0.5465299177034033,0.2387922821190008,0.223438934,0.115208779,0.0
0.2851168539350738,0.4826392150632244,0.8341709592042005,0.407165315155964,0.5347083253757774,0.5480445444303343,0.7922780625919901,0.0879639045246363,0.1940436567455254,0.1903585,0.405577935,0.483333333
0.8400748398530093,0.5839241434386204,0.6975422781301773,0.91984063855904,0.4044402543396604,0.6887217957255366,0.5666911036914174,0.1787145923041831,0.545130316008958,0.267212785,0.538794996,0.357894737
0.0433409409075127,0.7667297998828371,0.8016923604821496,0.613837427461593,0.7620526516688534,0.948049881423227,0.9011805663631952,0.4083631359863036,0.023759430010116,0.364128976,0.263347624,0.35
0.1828778552635492,0.9220863214191048,0.0496164139552001,0.4172714798077738,0.3141875078953163,0.0904561350789829,0.4566689261192463,0.8131799596121829,0.1238690945481554,0.267015066,0.085234088,0.75
0.4388638115729302,0.2612807807733071,0.968198813762392,0.3986981385073129,0.1779884986811045,0.9950821536681432,0.0005306217029112,0.5151514228829187,0.2072762962917085,0.086252465,0.604178453,0.533333333
0.9047186750176462,0.2751792600683441,0.8074725474163466,0.3451494563927558,0.4806827313669688,0.2064031730787662,0.6857837591029019,0.7119956759318552,0.0801414114258946,0.147858994,0.420389048,0.804705882
0.2704559995823754,0.8679569376157791,0.2445699370071002,0.2816737925148912,0.1703200545364208,0.90452349634928,0.0860401079396393,0.6967455960907556,0.3159322039617223,0.387488908,0.442001855,0.0
0.5906798974402374,0.9263300034700532,0.372762092849569,0.1117206036446456,0.8415357699917716,0.4706048578402988,0.3438742403681185,0.0649056415391793,0.9685965731598708,0.204182621,0.536921422,0.757894737
0.2632929402544752,0.8391205950853491,0.5637444196288511,0.9034522480409228,0.8800965589939851,0.018082818333553,0.4286356754642814,0.5264956965117885,0.5017323644587197,0.301416921,0.05155268,0.694736842
0.4894957467154059,0.9177173473038724,0.8465198216265328,0.4872618633408917,0.5511631636731159,0.4485191712251698,0.3593953998482941,0.7180446692798228,0.1982217197251267,0.306308749,0.425552591,0.580645161
0.6242082336760693,0.5133651319163997,0.5550529803077004,0.089394659523797,0.430248240505214,0.5366745240265656,0.0425289382895868,0.4022175133762682,0.1637187108407748,0.200823155,0.561967621,0.7
0.1245167209656537,0.9195164439960252,0.6100024259564459,0.4149160861354868,0.0812530329869766,0.3779455530856684,0.6742778070429729,0.0274603953033044,0.6886241423934013,0.534862141,0.211059005,0.15
0.0510282368380327,0.3159717702942812,0.604336424737526,0.662790887227052,0.2508612181233599,0.8919328562994224,0.1120823709622789,0.4566438997143537,0.1583792182721479,0.099255615,0.405444278,0.3
0.7864624419333786,0.3124410322641375,0.7148445337717318,0.1415972249589221,0.3471768312063128,0.1747108352768513,0.926496821292343,0.1101525977206702,0.5079245776388672,0.26616063,0.366533513,0.530232558
0.6124964832877654,0.994657168905872,0.7656569301051481,0.2756839384344626,0.9730138888186513,0.1300081592381223,0.8946554514853523,0.3426062832094949,0.2839193844488614,0.700125958,0.282682321,0.644776119
0.3286204728798573,0.4393345807405714,0.693984793504472,0.5631275718281732,0.2908718637847324,0.1974508327276712,0.4286608110571179,0.1552006838017495,0.1602445057210986,0.137628274,0.250864525,0.631578947
0.1068756947123249,0.8446084722561391,0.3508563650392703,0.6804833495390815,0.6200991063380039,0.1566041557814241,0.4287945633151512,0.073201966343061,0.2034725497236658,0.245726386,0.127776733,0.48
0.5965706262521053,0.7865517674730228,0.6418456457300544,0.1120721686065875,0.3122820017355646,0.0776271552538621,0.7891517539527261,0.3825831373212833,0.9525614022115124,0.522001918,0.213671366,0.707368421
0.0628201340168412,0.789913898558509,0.1277837123107552,0.0797758265745171,0.9833760083757238,0.4346175761180212,0.6336912746279114,0.334650939288766,0.4284373394223193,0.484968487,0.245790602,0.745263158
0.9028987728713326,0.0833615213686134,0.3615583340270056,0.2815787289516668,0.225330652921713,0.0226270159666509,0.2235036495210463,0.0935175232296288,0.5058112406098653,0.073718765,0.09194436,0.16
0.7264368435931676,0.5779444883796452,0.1156436041784294,0.2321575691455365,0.3728102211357276,0.5536052576800821,0.176442579716988,0.709829620014469,0.7270334614836761,0.1896382,0.579375316,0.16
0.426102957126362,0.7972911841718667,0.0929113486768286,0.0726990264492364,0.2151410547387944,0.6620400572424942,0.8161953096873601,0.4094014509659964,0.2982657908374639,0.364115786,0.530681168,0.461538462
0.3075081626089943,0.4936133815752516,0.7160172831497388,0.3531827100707352,0.414670242249302,0.9933034296852624,0.8551119102581792,0.0256309235329247,0.4455668316774163,0.22921984,0.470274076,0.244067797
0.1451555597714131,0.2127501493583851,0.1862860913547118,0.432120721531966,0.4780261762855966,0.3930106533460265,0.5945965851248036,0.3041164128048552,0.8167083391678149,0.168514717,0.26448065,0.608219178
0.224153397892686,0.861807800522219,0.5755203786591458,0.2070795869145394,0.4241489505594902,0.1857837124442759,0.6270127746552022,0.9604888017335956,0.8867168186791808,0.561133114,0.168412002,0.057142857
0.9429502011158104,0.6547032702118057,0.9249195557429876,0.5470478491459068,0.2925775467280778,0.7900147398916145,0.1821485921958753,0.2783483034372308,0.4085221424781331,0.254237897,0.641270633,0.4
0.3902727914993741,0.0056510594817897,0.553953935799373,0.3025231752235112,0.0931083117561483,0.8619500799835834,0.9145299318790092,0.8151940303213563,0.6818930335422159,0.094787449,0.485999338,0.0
0.0576879126817245,0.592353302058062,0.1229192618157776,0.2299847806887074,0.6680965475340586,0.3676452504963703,0.406918493851966,0.0724893604228186,0.136761081962623,0.157831226,0.281859522,0.48
0.9888142418567604,0.4867414314696782,0.6743616185496144,0.0372775705553036,0.3599839153832249,0.3726154522372513,0.468334605888418,0.5529235759741984,0.9224700043770148,0.239115499,0.698457922,0.2
0.3640000437074718,0.4794834816555211,0.4576997972151552,0.9381582171044932,0.7083265436681923,0.4306081535810543,0.5120807599289305,0.9648165348378696,0.4117830090616542,0.187845725,0.202741213,0.0
0.6571869494772205,0.4125438342236684,0.5669633815532016,0.8078908705491173,0.5803368289402839,0.4654236276847685,0.7383121102631945,0.372144138841435,0.1660226732393805,0.14060089,0.416643328,0.408
0.7989600737365411,0.5481640899437594,0.8156286599070038,0.4814615335039108,0.2708142192255649,0.6485664943276355,0.394038931372307,0.18540582393104,0.0974679008508629,0.160027845,0.474610404,0.769230769
0.8989817369722084,0.5761071886784631,0.2637036654729126,0.8177070915122772,0.3487439293495836,0.4677366123921225,0.9713534061249156,0.9985413042642424,0.9215239482304288,0.288174173,0.478462647,0.053333333
0.279928116013905,0.6949232461592273,0.0737855870191431,0.1706514780399136,0.6048060424298266,0.3925683697650293,0.4613469448551988,0.3122350897245428,0.6240698794070246,0.266798018,0.273992803,0.442105263
0.0232425299251889,0.8640510066278223,0.5602358429031008,0.7515673414993544,0.8871414561349731,0.2671268973229843,0.4161148809282324,0.3128972257215431,0.0604762231902438,0.267542967,0.117901883,0.073469388
0.6107241855620237,0.1336148680626966,0.9209136590073764,0.8983884045896741,0.5372232628719851,0.2551438484961911,0.7787529741841688,0.5237301069721594,0.1682677860942965,0.108203263,0.308092886,0.113207547
0.126785676201918,0.1828592016305044,0.1266487630861537,0.7486302126830693,0.9697333804217244,0.2847626753824402,0.821608817530949,0.4616677529484839,0.5029575423695638,0.114995891,0.226717345,0.251612903
0.7017709593751063,0.8828272790596635,0.544732420729799,0.5352045480854537,0.6341361425658844,0.8806369869827602,0.9029401128763712,0.3461032571776269,0.1187571389575822,0.436820351,0.546216297,0.330434783
0.4115011004111378,0.4073680362287112,0.2248956045307784,0.1095227811898519,0.1173086048503035,0.250786909382175,0.7037550660445561,0.4268162836043842,0.700915844555106,0.209613888,0.347326957,0.273684211
0.5607697128839069,0.2050063511532629,0.3017518554682908,0.6254518974135674,0.3762321024283338,0.3268049297399642,0.674427253150797,0.9685245130873232,0.1212028761983056,0.116135797,0.450800079,0.488372093
0.9803866702344092,0.117564592813563,0.1463115400676435,0.9709679514715884,0.932357018927522,0.4207086458373219,0.5636949850562585,0.542892358171072,0.2444086818208957,0.082504758,0.503241166,0.0
0.0930052000845964,0.2033117975290252,0.5796287332265811,0.6513552642103367,0.2202204963194256,0.5798327118238868,0.3782262586585253,0.0204557617093811,0.6931212265100958,0.067721135,0.301138449,0.0
0.0470177851725133,0.0713923300197713,0.6796748854789753,0.6365996006631516,0.5793730753625059,0.0486705183156075,0.2104885520294452,0.6618538091075811,0.1555262871065392,0.051396898,0.057419927,0.218181818
0.3007418610635831,0.19847570556799,0.1620464749737896,0.8084505670877088,0.026034452111194,0.2684312999960382,0.6278319324231156,0.8651000052150614,0.5737464959363799,0.13702342,0.332476105,0.430188679
0.426676345730159,0.1956261771562139,0.0494646154122274,0.0760349123565464,0.9758568391845034,0.1347402425941732,0.7160731109293638,0.6118372088878775,0.1783891875924153,0.097708281,0.146264913,0.280851064
0.1560493625425163,0.0687593887251185,0.6580591512897126,0.2770123378078571,0.7142193296777355,0.5779682916721113,0.885192473211449,0.6113542130307679,0.1708135079199836,0.092764153,0.376549018,0.488135593
0.3411017540314737,0.0432321650669285,0.3616363134351715,0.478095119056096,0.8803567471035798,0.9049612757894596,0.9631488586983892,0.551506859361517,0.6287673756726591,0.07777085,0.436356204,0.0
0.6367781793510707,0.6807931011471626,0.4261067203587491,0.2102628950108952,0.3181588384056153,0.3662789475226395,0.5567408293886699,0.8226517338023179,0.2903164719417519,0.314031683,0.2526741,0.0
0.0878629935155944,0.9564598877179789,0.8510178580804927,0.97905991186663,0.7082115741779968,0.2386345105121198,0.405173374370479,0.7428223537208664,0.48362545677651,0.483520173,0.215986288,0.0
0.8344419959555442,0.409723427623711,0.9140399529765284,0.5667480018871109,0.1943062702130658,0.5086557862187,0.4764663380604292,0.979376412389355,0.3800230221662205,0.093893212,0.679511574,0.75
0.470119971809347,0.5621624139243916,0.104452379652148,0.4820447687634908,0.3661599065017062,0.2441316578159613,0.4454302882705157,0.6018555920774469,0.7913630457692401,0.184804555,0.388345859,0.417391304
0.8759719722912576,0.5004999295491003,0.966713864335818,0.873209219468565,0.0998270942044681,0.4702197734872175,0.1321102695569834,0.8383484158607202,0.6269592772544416,0.14733453,0.606132176,0.0
0.9605100492585584,0.2369305748102882,0.5623134063257712,0.5270560888630991,0.0325139252601888,0.4433821827623128,0.3502677813025546,0.9630788934758522,0.2413724137423702,0.098755835,0.223764154,0.0
0.5875463054838868,0.3097233795575235,0.0405240018533041,0.2250606015467076,0.2753696284256077,0.3336169045660595,0.5743321088714097,0.6331781367533416,0.150642491049383,0.165440689,0.386118161,0.428571429
0.5454287443774034,0.0085056444768515,0.5301846819390952,0.596887007155949,0.160957139078951,0.0302700432413289,0.969142907217748,0.7405026039747952,0.329566866507571,0.089593233,0.109115212,0.444444444
0.1010069270334006,0.7123296151492758,0.4979684784906156,0.1514900480795669,0.6166071605049729,0.7239890771059191,0.9462078446848275,0.1521985460448821,0.601527531850699,0.381449843,0.205877003,0.0
0.7192006296013925,0.307798216026644,0.1087300593368563,0.8227330339440998,0.0481461101356078,0.5831929468130623,0.8450113031504338,0.5661636814305226,0.8268921906642472,0.137920432,0.333962731,0.331914894
0.1172100439522444,0.8536779603376173,0.0003590505561493,0.7058626462989334,0.0138297645189027,0.9977064525613656,0.3087023578823937,0.8417464803970535,0.5528409371740564,0.344686931,0.253668522,0.56
0.0540473786884293,0.3371375408760011,0.8014929028442973,0.5734814752494769,0.7490047937052957,0.0328010568210718,0.266169276968648,0.8392221204393495,0.8127702111609416,0.129146765,0.048810401,0.293333333
0.5724260349502501,0.9162498032162116,0.0954541073375839,0.600228549822245,0.6597823742963226,0.8233675760401263,0.7089073861008831,0.2400318477771755,0.7103046212923212,0.594402944,0.496163644,0.165517241
0.8228966144333547,0.4745055977552987,0.4992795832559612,0.8976643755474429,0.1238493461468719,0.767425812138563,0.7997394845866583,0.378000738569223,0.2391260694637341,0.259794994,0.467273024,0.12
0.5574051328562465,0.1961278038536544,0.5050123426675515,0.6917113146631476,0.07560018652839,0.4405160384790413,0.6216164222580155,0.2681429937030375,0.2723081172810472,0.126377037,0.447285155,0.454054054
0.0375704900542178,0.7671756392116161,0.0021020195221091,0.988539229228485,0.7664510478363793,0.3531148208258872,0.9241759139100392,0.3186241858825841,0.2656586128446695,0.529477093,0.181881024,0.442105263
0.6049189712866135,0.8465646267400804,0.9355193053142634,0.898686700246291,0.4995281051988943,0.1650321369222374,0.7978226732710891,0.9844323453084982,0.2822598758432951,0.602847371,0.334764477,0.627692308
0.3404017276149901,0.8429074671898891,0.7718029380377498,0.6245077187284299,0.8406881579663857,0.4885429263797775,0.0638918933681047,0.8697310621503136,0.491041128661411,0.369934952,0.304298696,0.12
0.6838590277588816,0.4456551063347929,0.5411691337317547,0.7428341156560917,0.1150430172543338,0.7735578650950898,0.0380024612375267,0.0256129482649427,0.3099562641607611,0.120335186,0.543389808,0.6
0.4119447957387863,0.19639765179618,0.3624810906216038,0.1484995093447217,0.0228185378598129,0.1846231440020191,0.1766751765517916,0.9764209328015728,0.295089697571814,0.104764263,0.293462404,0.577777778
0.6950885991178534,0.9264041373448118,0.7096226312949498,0.9912715755249896,0.3596198612266374,0.1469711128784632,0.0175158478423672,0.8073047835840497,0.6317922914368983,0.325488363,0.213960553,0.0
0.9283887552022604,0.8147332475025136,0.8494633474535812,0.8381800172487831,0.4286342789630546,0.2414331088660243,0.6456059862768445,0.2445332802248473,0.7728525145932534,0.500680652,0.357335995,0.557142857
0.2100080370548519,0.9393702788236048,0.0787765318458133,0.4310053117923389,0.3464223409249768,0.7331970484045035,0.9700654887386128,0.5459071063954366,0.8511274574747755,0.474960264,0.469257325,0.412121212
0.3304804640849713,0.630381051917719,0.3717284316357278,0.6217882858049022,0.2049580637001046,0.52287707944201,0.99694868562528,0.3351228854060223,0.1267687722387446,0.206336106,0.286272589,0.0
0.2095302384275278,0.8065640355380765,0.8579761168478008,0.9140377564032957,0.9208742719369896,0.2207669304214055,0.3226369592268063,0.6551361217790217,0.6431673216426126,0.312295901,0.153034478,0.184615385
0.6919721803523902,0.1655708157361092,0.0068095727639875,0.746567113358429,0.1727060894756141,0.1077690863502632,0.3772614019220308,0.7490736728936577,0.1833713141298306,0.069969362,0.211984509,0.672
0.6894253997398184,0.3519598069777695,0.9615341987028776,0.1674825054135443,0.1021314727934052,0.3125091523545518,0.8658357024591171,0.8861006643532088,0.2994630456396883,0.204726132,0.495764502,0.690909091
0.5524662106766489,0.3108593858813741,0.2317310870234847,0.9229012724393042,0.9143331395023234,0.1865414800798193,0.3858188641251371,0.6338988958088001,0.3092622551271404,0.133136452,0.252845156,0.5
0.0925344922044064,0.0098483708164736,0.61157399810591,0.1738521360081099,0.5357303604066576,0.2513983642068965,0.1596968652845204,0.393471817104577,0.6925193423181768,0.073956772,0.216832513,0.568421053
0.2034481892387962,0.6195062722215708,0.4554135744023028,0.2813347296713645,0.7093746881296021,0.6375208156683702,0.1350466339149889,0.9291883379980744,0.8037925555333982,0.180249862,0.452936153,0.0
0.326112658430884,0.5744758135153789,0.0534794781452135,0.5790818499010361,0.5520319512388334,0.9713407773657412,0.904276842359838,0.9832434153915798,0.5812081150717023,0.309122305,0.351250425,0.206896552
0.4655339966023443,0.3662325487268614,0.9758086024734188,0.7968222899591202,0.1135350162704856,0.8452792921468057,0.8481519793387479,0.0421853151221995,0.1845033811712867,0.183052912,0.470859065,0.325423729
0.7953889023900119,0.0389118368127292,0.7999601420118557,0.7031591808445495,0.9623989208712062,0.6660261814657799,0.220402043157182,0.234594483593746,0.7530321819203822,0.062779161,0.645583066,0.36
0.9486613173925554,0.2617858591924163,0.0950899042401963,0.0806026055333136,0.968451001291712,0.5439762638199243,0.9867101036621088,0.7370418399112844,0.3539514882316517,0.128202189,0.502436876,0.16
0.5253253347109582,0.314310421045863,0.6895028542087017,0.2519258702688373,0.3981678194279482,0.5192497574110251,0.946013684901937,0.9903419404124092,0.7794299246187374,0.217747451,0.451436411,0.569230769
0.755404876261648,0.888940181076919,0.0532228678594379,0.6526403786137118,0.4789051547890748,0.3307753949794768,0.9581239960962808,0.8045711407647091,0.5068374388448565,0.509730807,0.40725359,0.0
0.9365822608070972,0.3826465545769824,0.2082043591884409,0.6856794295909683,0.6842101080666699,0.8549075411113051,0.2345220571633243,0.256499800550333,0.0420446932266563,0.156641096,0.617084751,0.0
0.0847500205824545,0.6866918098829635,0.8786250674435659,0.0512152978907869,0.5240965004268228,0.9563911128174276,0.4273136637229158,0.2866338006591723,0.2993145005603937,0.264929806,0.643149261,0.2
0.4574495639879861,0.098919935849192,0.8932351076756702,0.2662946399398859,0.2163420683287747,0.2930670948029329,0.542790335958115,0.5419510362924506,0.1897060121418399,0.140618121,0.229173418,0.1
0.3085625758128913,0.1035828386604021,0.6658432792688019,0.7368516960618603,0.4563663745625435,0.968606016048272,0.8920832052199368,0.6208804184257795,0.1221784709754301,0.064779361,0.479583684,0.042857143
0.1897916592958579,0.0698427713716121,0.1566100552914384,0.4615555319988402,0.5534085384763693,0.0226174370618423,0.0349502298928258,0.2764236799804708,0.1927149422469173,0.068453365,0.04057856,0.375
0.2538210135893678,0.2581278712597031,0.9017256298575654,0.7214995084497774,0.2381342099976539,0.1562932288950255,0.8080059304450105,0.5355505006834205,0.6075764829467541,0.176855921,0.153413817,0.195918367
0.6562943544194686,0.5730818870638941,0.1837532586891681,0.4754634045720064,0.7861869923249105,0.8503344366224931,0.5400888794876372,0.6682291300654591,0.1037821357578282,0.247042839,0.568703507,0.521052632
0.3654825303734919,0.3454199695481846,0.0727056627844459,0.71416643946655,0.9137702112289648,0.433183238595583,0.7877132085399791,0.6718861088819664,0.9455054995442428,0.283918782,0.26998462,0.082758621
0.2404155932964425,0.0059258746289748,0.4611711465676547,0.4972584719871205,0.3630903902784339,0.5128231266262735,0.972548734493444,0.9939504745717104,0.8084567608385828,0.078358196,0.374707912,0.133333333
0.7804769434691252,0.2666675982494605,0.0293245640821535,0.949781863609542,0.5361409003252091,0.2314113258933015,0.0454666069333827,0.6761323931287649,0.8077126979384752,0.073911371,0.254943434,0.0
0.8353184194052123,0.6119440354828842,0.2870066156898613,0.6542833376379171,0.905466207301301,0.737257713755801,0.8453223218281215,0.7506464840222853,0.1254079532458571,0.286763038,0.422465196,0.55
0.1245653207981274,0.5137534859920909,0.1813866331476482,0.219982887968626,0.241874860119601,0.6248116559396137,0.4682155369753322,0.8675462837359508,0.6439360871339477,0.15538014,0.212706904,0.352941176
0.5145245405379912,0.2431253689547932,0.7498750094208595,0.9944594905153964,0.0366767428026325,0.5072227930473574,0.968886854977008,0.1662532771935487,0.8783288695994524,0.138987587,0.417090904,0.0
0.7623609972690888,0.3640459223941142,0.9386378883001378,0.0510908376414599,0.0451438751546128,0.6986563609508398,0.5892435284941038,0.8987872845644507,0.538830617782573,0.240613924,0.583926862,0.52
0.2999286066945722,0.0558935171228113,0.1660540716536979,0.3404139083583759,0.9483580459488062,0.5625889530396546,0.6396890685705704,0.6825343793749289,0.89766517668984,0.113131975,0.420214063,0.08
0.4733458105071056,0.3861212820331721,0.7606723071574535,0.4003083374799215,0.9297898027023912,0.0305054991527413,0.0762398684702841,0.7097580160604235,0.3983567731305543,0.121545237,0.108991456,0.564705882
0.1969241361038638,0.4168922913715134,0.0631233941020219,0.4618334436898569,0.8718859108166265,0.9563323752109714,0.530434067256173,0.889873509285374,0.8919972479071744,0.200696576,0.415694607,0.410958904
0.7637419211236443,0.2578890652614142,0.406389972636206,0.328227566173383,0.9416357841918578,0.7821767423566891,0.8313196142012794,0.5626695756059837,0.8179854961200954,0.146169094,0.570479464,0.335294118
0.4416236610745602,0.7604796553019945,0.0738990773555927,0.0025392569065662,0.5868806563863819,0.3422134834193973,0.0701178639074732,0.7434902544336156,0.4783797822729839,0.217117783,0.308727747,0.537931034
0.5439890157815497,0.5875814275867938,0.6690206787623596,0.0375480233238615,0.6019187398261098,0.9823281263095792,0.9571116967204992,0.0181609507561961,0.2661163871247144,0.251535779,0.577109047,0.05
0.5068611254721743,0.2202029481626917,0.5683865850666863,0.6113482916662609,0.0106930706293228,0.627191946846755,0.4698189244542016,0.2851846090223126,0.7489359185288613,0.097578883,0.492621068,0.66
0.400693911771779,0.7119439110979833,0.3137013805122597,0.2237376745260485,0.3490630541228675,0.4666352335492644,0.5872630992051238,0.6268144646323313,0.7172583064519064,0.318565784,0.421122309,0.522352941
0.8378081891161632,0.0111951245112635,0.6166870756511071,0.0987031655567606,0.4992576702529627,0.4932458043295812,0.9967710835715116,0.297022156773153,0.964380435826352,0.109379376,0.479527474,0.45
0.1875547539759053,0.2755271597693364,0.4833659135902699,0.4503179612019778,0.459602609244126,0.8895916151752532,0.1932973141069288,0.3920128942700256,0.0280817364331,0.111584307,0.300154132,0.635294118
0.8032580951104735,0.1319492533846508,0.4051630604957609,0.534520774570334,0.02169339201057,0.806306164179899,0.3208828806504101,0.7992115588253879,0.2486110208060565,0.066446981,0.694413279,0.0
0.4504485987914273,0.8815921016226371,0.0276084525030261,0.1911291811429655,0.6304967783937931,0.7826247368262473,0.1367947103825659,0.7560074237867411,0.819497540026967,0.403573786,0.461930769,0.436363636
0.9501198867048516,0.6395548856432024,0.1233455301879561,0.5853064405591192,0.6001916027469015,0.0572507963265719,0.9442600159277762,0.2648207160918305,0.2834264765323064,0.280441373,0.131635538,0.0
0.1608602400743635,0.5343507340291013,0.0825179581124389,0.4712580216507906,0.9134621220353026,0.7311189095976519,0.7387814045112309,0.944812523053508,0.5832686252958891,0.297319095,0.403245281,0.117073171
0.2343221612665316,0.6022979483101085,0.0015857004929432,0.3501058709403135,0.5800431615582524,0.0752548221740411,0.8338725325471567,0.8862151545001987,0.5368716924284842,0.279011567,0.102727494,0.276923077
0.3453669017891195,0.7685932362070631,0.7237483740188808,0.0687545614369529,0.9598554546822248,0.418822573562286,0.2394187849307492,0.3730347096694967,0.2578095048470932,0.25185234,0.298870261,0.0
0.337512333307671,0.4292717494175899,0.0728230254872618,0.7775610454751406,0.9869358807690904,0.7511250873524472,0.2668593181955634,0.22153159619009,0.1870900268007076,0.097403105,0.327047566,0.6
0.3715667334809496,0.9010325965006436,0.7033055732021101,0.2055627156540641,0.8035878315648532,0.8145870465732353,0.1276810470645738,0.5347652443148727,0.3021254849013886,0.352738005,0.356533623,0.211764706
0.1465466202852626,0.3713377373258562,0.6489981006496333,0.746224786187013,0.6706490679437572,0.2594174279603064,0.5631769265590717,0.3873776618134733,0.1867984325812445,0.162589032,0.145193547,0.266666667
0.4254945933197598,0.0809888128668888,0.4892327078547794,0.3216477186773545,0.742858280395871,0.947842782381478,0.9586664902338242,0.9095875487396698,0.8000795177068823,0.108233787,0.418235966,0.373770492
0.174074352995541,0.2455319442105757,0.9207005184879136,0.8996938196861387,0.3088419661645899,0.3596178885488779,0.6853311216794168,0.8172590390497161,0.3258691593112122,0.20048095,0.288955508,0.59047619
0.879378539460976,0.6367326408814331,0.5459867802013215,0.3075451708088573,0.5043492303101197,0.8493162948654684,0.7203134497890673,0.4325336644040789,0.3916754088518897,0.267194954,0.602966252,0.384
0.8638772743089886,0.7910018277765477,0.0075262120422939,0.080666367633982,0.9221075855547174,0.4268281217502303,0.8579726668470414,0.1183596714437372,0.172173104964716,0.33985927,0.49482417,0.544329897
0.3626091049365267,0.5606769949866597,0.7696315860089793,0.8529047373170023,0.0681921265847312,0.9668549574065748,0.0716925810173009,0.0064108838925028,0.0885834568528718,0.151384385,0.521557201,0.771428571
0.6943302440711524,0.5501004374137881,0.4565410500763929,0.3652428816254525,0.0417839355938438,0.8169922165052865,0.5086913114455467,0.4222544885730418,0.0678600725364667,0.268650128,0.512947832,0.502325581
0.882339172952985,0.6951243118654555,0.9675325176350924,0.462209688778368,0.2653840158197436,0.8589187096701419,0.6151117342335233,0.6239150046878301,0.0753531438213105,0.434778348,0.44214999,0.625
0.1367117467140607,0.0606976126818443,0.7553490990020747,0.3517197011428827,0.977736107774182,0.53234225881908,0.2943383770737496,0.5925282459953242,0.9855532810546996,0.065869367,0.266687495,0.64
0.2831570414883241,0.3608883334478788,0.5826280691796304,0.323610835946111,0.247302331998145,0.8199588142304254,0.2535770439557886,0.6416431730233518,0.6817268372697497,0.170023722,0.308510172,0.428571429
0.0789356993601093,0.8836688576284405,0.2668887261496213,0.7033277463373481,0.1904233221518114,0.7115591630582339,0.0571275985501422,0.546329047908886,0.803386636979034,0.304883383,0.211490238,0.0
0.5795941220688636,0.0831579318708368,0.6858723909413559,0.4784939500736554,0.5975694401798466,0.6694570967694149,0.7615483560918151,0.0059466861490096,0.1035828578038786,0.153937499,0.575039414,0.085714286
0.4836500635150114,0.2933611141775682,0.3092453615594253,0.9101272422253956,0.1438058976958083,0.3981531901974374,0.5017234905860897,0.1280751195507167,0.4415637167442675,0.130044926,0.419554437,0.071641791
0.5073243431191595,0.7861119067290799,0.1103088819238043,0.8421722063852521,0.8322524560713324,0.2291235543322037,0.2569122503216128,0.4901625230867796,0.6257264355393669,0.257859609,0.304208152,0.369230769
0.9115565677893452,0.424447872402022,0.5391350247300964,0.665534547816441,0.6567985667204799,0.9055121331572844,0.670221651512632,0.4452742405347633,0.2969897205911167,0.226187398,0.48339333,0.357446809
0.1683340718578647,0.5885563654955734,0.6258981395371207,0.2835272405110954,0.6068638668037613,0.0089486730176251,0.3516067265445859,0.8893058227160178,0.5883247948656731,0.138079673,0.024771101,0.0
0.315818563485704,0.0462333331022041,0.7474854240035639,0.19252826490791,0.0030174008316199,0.2068400897856048,0.6442561886024583,0.2626772884378645,0.938974547046424,0.135240583,0.218266297,0.60952381
0.8338855180052892,0.627348937522651,0.4082082810704048,0.5288787383363752,0.5177566398352502,0.0145971103483351,0.0779413854445231,0.1489992129160485,0.7736409667550669,0.200323332,0.136865604,0.618181818
0.9132081594631452,0.6567774524910823,0.3549983385618936,0.4220810513107307,0.0318750582117782,0.8223933331239941,0.1111201304571239,0.5033039510680455,0.7138766364096196,0.231200793,0.616550199,0.423529412
0.9262098652813948,0.5314470252169599,0.3198643939140887,0.797208572196918,0.6848584131103249,0.6156461186957515,0.1532147911560705,0.7805707007500253,0.9091984604241714,0.2092738,0.518354887,0.6
0.6388175794292312,0.6128351167795579,0.9344495474546036,0.7595013958313069,0.1535957465785382,0.9232900613968849,0.9817692913010432,0.1063344379417668,0.4119848923212444,0.343300886,0.540687819,0.066666667
0.7971391541782453,0.450524589178131,0.6686133687998399,0.4985426266456472,0.9743377186070392,0.0841467957447882,0.4603239845367092,0.5927493502930866,0.1884711905481947,0.121609501,0.235026012,0.2
0.7568223247593068,0.9387573439194457,0.2489257790949932,0.7449814096070436,0.8726130041793675,0.4568306626622381,0.7535320681216218,0.9623780227942488,0.6504582555461961,0.542595696,0.399846329,0.064285714
0.8437117845056276,0.0529207717251267,0.176313450030461,0.565602994039941,0.5167785062365358,0.1279235070446761,0.9820115314675756,0.91818801220401,0.0831403808329594,0.082799542,0.222864668,0.12
0.7948928749626069,0.2063403025451561,0.0472103019608758,0.2197353419248137,0.6653129455590648,0.644029236523162,0.1162508847610398,0.7598281729322829,0.4186208251264377,0.080037485,0.546371666,0.16
0.703923695719703,0.3049108219532751,0.7387773716222042,0.7660444307920208,0.0192540377921516,0.9228288162034688,0.3505790452042474,0.902711459303212,0.0107871157419061,0.132743115,0.219861994,0.436363636
0.2562550586481251,0.0972548250556492,0.5728079153193497,0.9813839199168968,0.7172999465567851,0.4787842085492841,0.8419327913217867,0.9433849224979232,0.6258160590112632,0.114971846,0.279010758,0.0375
0.7079830532934023,0.7458467965601552,0.8452197343277086,0.2304254534931826,0.1134794079820569,0.4701862835116787,0.902041580735472,0.9992017721292448,0.0855445760162908,0.40939704,0.458245627,0.279069767
0.0214849989370833,0.5856381577806684,0.9074163285947956,0.1707775031514017,0.2662217315308595,0.8313139588871243,0.5501670155017844,0.8950349122088,0.3098413082695197,0.296277114,0.296451708,0.085714286
0.1828470973418078,0.5285378581767279,0.6555676171463454,0.3223264438106937,0.2075789982123226,0.2237084668479885,0.7762872688040089,0.8143663191677171,0.4404536679229481,0.300927431,0.275967037,0.533333333
0.2159607486980324,0.0824615083418358,0.4732016615610596,0.6061356346242551,0.9259561632673216,0.0226881537180284,0.5580369557125388,0.0048105818427073,0.3403539343650542,0.084721545,0.053617807,0.404651163
0.9781277042030724,0.2790029326101181,0.3110368475918182,0.7343717739058405,0.7019208821189278,0.8062185353632331,0.7861225214134892,0.569630106795182,0.7468514287361092,0.13857779,0.520350854,0.0
0.6985186709157502,0.9727891550177248,0.1473160174445942,0.4758120556209665,0.9919795298374756,0.481081489919022,0.5323659788352004,0.4166598709067368,0.3878785732659281,0.677380319,0.437663788,0.464516129
0.5290034941036149,0.1374700956287333,0.0789676328299591,0.5469898078942116,0.9942513063004168,0.5703769581556567,0.4261085859743684,0.4974640123229875,0.1045581834629104,0.069069831,0.527853592,0.252631579
0.4685327208340418,0.2607037143483,0.4790228305318011,0.4855343024103757,0.4198153912057886,0.4894824702039101,0.7700583928841869,0.9706553652690718,0.6884732216822328,0.186995426,0.43192853,0.225
0.2552822466231635,0.9987764797528612,0.2668665352632959,0.8061708006354307,0.7391233439450878,0.8655021801077277,0.8834684847831081,0.8680848390156707,0.2887958672943376,0.503891989,0.525278306,0.0
0.5086157044849475,0.3536827597321338,0.5202369812810603,0.2185738899712334,0.5812226714654364,0.1050040901650357,0.3620376731501655,0.1691361403425071,0.9735793508062068,0.134284603,0.188105233,0.282352941
0.6442343343707725,0.0351940443250207,0.7393026112983727,0.9302449326681425,0.6963640269888357,0.1551105597605265,0.1305113039732846,0.641608605716858,0.772496959196956,0.059147114,0.261033914,0.257142857
0.3853512274233728,0.7065498541446912,0.9223407541232186,0.1670962146088099,0.1240286245071292,0.4697591195272769,0.1771167749934853,0.4488925627289262,0.8803311907195499,0.292296858,0.43761134,0.3375
0.6373494387337133,0.3789801002826559,0.864896430103969,0.9962403703621292,0.9236222988057076,0.9113250569120792,0.6983064008419864,0.1465733128863777,0.0757341600864974,0.270743828,0.351359212,0.0
0.9146278224858968,0.4330665741589056,0.7265163712298276,0.184360573853997,0.188013007468079,0.7767145418226753,0.013435500103447,0.4264734688526409,0.27151162938808,0.124498924,0.563108331,0.555555556
0.9374124443883012,0.783396053905557,0.0705207108058256,0.0307806377822893,0.1813425210479022,0.7887966088229076,0.6919877572549575,0.7275407381657909,0.7691763891319147,0.366989564,0.634803038,0.64
0.7552771118071276,0.3867099696508224,0.0106075896818124,0.5159470387762548,0.3126468574668033,0.4312576928000419,0.6826612515334943,0.9101135830577376,0.260123281740341,0.218686535,0.4522627,0.0
0.9231007211355432,0.147543825314606,0.673339140560152,0.6173679088506361,0.4482599148789857,0.057067189061075,0.3093120594992302,0.0483096092509359,0.8486232774832941,0.109041863,0.202508711,0.461538462
0.4832821034103988,0.751496027331567,0.8419992847694258,0.6167714348998065,0.44990968657384,0.1484354847142864,0.6103981862598729,0.5466040140264661,0.0111957998445546,0.439153871,0.191067006,0.905882353
0.4295268057567254,0.3350282342609536,0.2606026798314713,0.791107998533237,0.9500749517944224,0.0061157260057398,0.4052255978624174,0.8219289764200081,0.434787104123764,0.114560932,0.050006172,0.514285714
0.6458729894305852,0.4814077555613588,0.7254111377593101,0.5120274414156132,0.3581074093327701,0.4218343769714149,0.7453580958637873,0.6006119281807062,0.3132816310872662,0.213397299,0.48759199,0.0
0.9939138573580932,0.9752521225090688,0.7644318969455208,0.0957076957730123,0.979944674788206,0.0720354361109467,0.675750655902651,0.0433178552310418,0.6919325668191735,0.671124745,0.2034455,0.171428571
0.4052240211377628,0.274287644199058,0.93123279814967,0.7296110418444879,0.3725349299926608,0.8950036326257548,0.1055720896785412,0.191776273149557,0.6299128054818868,0.07479009,0.492231673,0.0
0.238445794326192,0.5813780365688139,0.3297512607085483,0.0705408030760365,0.2700053465372095,0.2273551349981009,0.7168318767762207,0.2724104412015412,0.1968344748555264,0.275643166,0.223084108,0.62
0.1797872606643198,0.6506236566236625,0.3628271726579272,0.7557534145799761,0.441646741229767,0.9307849168501324,0.8606541737873797,0.2729171222986759,0.8277449037661733,0.306604073,0.433294206,0.457142857
0.0664984673105427,0.4130725419554436,0.8358897081713359,0.2877299473928432,0.4816415342190715,0.1863254760865572,0.9660989507990556,0.0590153751486693,0.5096248724972394,0.18810493,0.094462209,0.274285714
0.4612154575863842,0.1103187307888791,0.7416036334095324,0.4963650001851019,0.933666838884862,0.816736821984599,0.1825077249302071,0.9095427869114068,0.7870394000688105,0.079106058,0.590987019,0.15
0.527391009058429,0.5431890727432895,0.4195271256853483,0.793632122351529,0.5682886549145801,0.8222515314785264,0.5083777164704089,0.2041941532445588,0.79049019826952,0.299695029,0.547048269,0.106666667
0.2737161885077295,0.1493168304263227,0.8452764047654371,0.0356204377845286,0.5293130616045022,0.7075879337995836,0.6279158359738086,0.4917277694912513,0.0582259258013052,0.119261356,0.432499629,0.774193548
0.2533910948352206,0.9872700158837052,0.5882767602839943,0.3639110771425717,0.4796592652264616,0.4107212298330251,0.996678096100539,0.8863574954233203,0.3481137142630418,0.681254083,0.207867056,0.0
0.2058006849251963,0.2606878576583387,0.0287859478064168,0.8110220343891347,0.8105258061840432,0.4187748258579772,0.948587098624224,0.4227267595040723,0.6335655561232798,0.152103901,0.25408216,0.069230769
0.692258440682863,0.9804100592532428,0.1584290250081409,0.1160698105992205,0.7882324055026447,0.0170459198445385,0.938190115078744,0.3981834204862666,0.1348203138933034,0.449484724,0.066413142,0.087804878
0.183312392825935,0.353623273983084,0.7319408660360793,0.8869191336762082,0.2319540145865883,0.1910863047526951,0.0237688374569646,0.1012439218999836,0.5339656891409477,0.164926931,0.254591832,0.218181818
0.3097570408925909,0.2560172803754101,0.1740340109829347,0.5595925112574064,0.3416010276310631,0.2203333258526096,0.3386621423563659,0.4891509565481563,0.8969552156901762,0.08665203,0.167389214,0.0
0.1545312571915185,0.9434957711162024,0.4438557007842884,0.4990550714274127,0.0447607537536822,0.5446889018160394,0.4548680674342683,0.4260208066229629,0.1375881958163134,0.425714644,0.278712139,0.72
0.985893209031196,0.4037324175026462,0.1168802487166181,0.6426028845123839,0.3861555754413008,0.191385574405143,0.461175485807593,0.6917333158373115,0.0818795248310142,0.138378509,0.478576712,0.782608696
0.5470410059163221,0.9757316987521764,0.8547280659573492,0.8030443855364483,0.308152964621558,0.1594482720777041,0.6483712124135736,0.2518820437297435,0.5804783379892788,0.642543782,0.238297016,0.2625
0.339530889752752,0.5708303329152763,0.2595926520223539,0.6734979444250736,0.9025562470026826,0.7368745468058283,0.4219218820467213,0.5459628684550851,0.2748422633493954,0.135979564,0.49429209,0.0
0.7859068672717068,0.3647868827722604,0.2265848375643606,0.2346807840242539,0.2782077426523067,0.9494035527992382,0.8388442054522958,0.8460764814485967,0.8279015228326924,0.192925992,0.564969933,0.507042254
0.7300214839100481,0.9198482878516014,0.0176713061851239,0.8325666844062373,0.7414984709193092,0.4974631858007247,0.6806110571333849,0.6749866622131252,0.2296547387589085,0.456164762,0.439479443,0.35
0.4746015151197051,0.4257018185907935,0.2090542436972066,0.2161504937007797,0.7024257695009519,0.1215295362387218,0.4434878049774334,0.8820059078830113,0.4781851727072664,0.132757133,0.240363153,0.635294118
0.2591963967736997,0.1166482690126163,0.4341719043886765,0.6575423496531339,0.4122901773966712,0.062163749383962,0.1448281935300134,0.6032405278271921,0.3076540042096481,0.091146973,0.12470922,0.624
0.0217708345238768,0.8164309288874262,0.730742365348748,0.3134594504154713,0.0943015244153288,0.2720731989809614,0.6234052496044981,0.2154925747934685,0.4149050310652479,0.547870623,0.092700939,0.428571429
0.4504289691576972,0.5079059804161801,0.4092243932497865,0.5699486970410619,0.2635626878302457,0.7279565376400627,0.3176493138245827,0.7896827336759843,0.5628330142242772,0.156407045,0.485178618,0.675
0.4276430754819018,0.4634957207067808,0.3261171482023489,0.2070363369375101,0.2245803032311502,0.3903854188498918,0.4630679616565533,0.0006860081023013,0.5690414487545689,0.111470878,0.280701662,0.133333333
0.8181305269201394,0.7456830700267315,0.3888184860088066,0.4481788951853761,0.0916310590182016,0.5786779489978645,0.2141973269696561,0.192027847679268,0.6736716665279435,0.232985825,0.61617544,0.313043478
0.2053258872169578,0.6705212420087497,0.4652999390318504,0.8877104001675775,0.6045559508762139,0.7802411856201468,0.3588343055606493,0.9593156700812576,0.6948108940689635,0.09790407,0.704034474,0.0
0.4702276111926575,0.9136887198870336,0.3850532646246988,0.2335682494487343,0.7296833485141518,0.5043169461159044,0.082915956836691,0.9541171460338456,0.5130484675664448,0.153281087,0.407998925,0.646153846
0.1952060445522369,0.0281625072859371,0.6086091549444557,0.3948311832120693,0.0675537719484641,0.5255720052324765,0.1704527873898929,0.132253425430578,0.0861311952447091,0.045020508,0.345185073,0.327272727
0.6109746362707189,0.2803785000604496,0.3751903242976868,0.5384985620425062,0.5123097607496647,0.4592826090632411,0.3428469202238728,0.1612372754822107,0.0945681679218946,0.098628181,0.35903489,0.075
0.6654722511718207,0.659154602075685,0.5489162341349083,0.9693344692744714,0.6343270083105094,0.2531116495589084,0.5598090112348418,0.0040096610765304,0.746662102883522,0.389877213,0.394078514,0.4
0.7342171383398605,0.879719033296004,0.0433750142411799,0.9414186404731256,0.6243798357694401,0.9601199189734104,0.2639022753497653,0.9821522629819552,0.7216157137406028,0.233975047,0.455743775,0.666666667
0.3154305171422014,0.9442359509317928,0.8883916238858239,0.2374350934215507,0.0367146447033439,0.1308567971138274,0.0263929017094599,0.0822990925681587,0.2745764743125596,0.395496292,0.154674369,0.0
0.0602254292034704,0.2590388740153598,0.35271084873689,0.3713703387973391,0.2266061137505217,0.4632969913464835,0.0100330855167032,0.2186342169647086,0.2222376610007761,0.092081177,0.169464688,0.545454545
0.0537150246768667,0.0972000121664168,0.522923755214954,0.6111844509325133,0.8480123447519068,0.7072452870255052,0.6020818784308072,0.6968080398255649,0.4037795265721867,0.096336133,0.353444359,0.5
0.7080902093063292,0.4775343323829202,0.1484072918280735,0.8603655407703692,0.901126974984529,0.6264519394337491,0.6482673265559883,0.8735726898118357,0.4868782618081083,0.260705531,0.38717436,0.156521739
0.16661720468466,0.9911394206128596,0.9632048305111122,0.7032283234281596,0.380620215586292,0.9853152378137524,0.8471845626399475,0.964494100673058,0.9044984210959726,0.677672755,0.516131646,0.0
0.7838043850378575,0.0129577050491662,0.9988521340124688,0.6576353248538767,0.5706218691982363,0.7427203961979036,0.6906600472570772,0.4342911877841401,0.0502678230962324,0.101703103,0.413029532,0.220408163
0.8931721795797996,0.9636002724864589,0.6698591640496795,0.409602368751653,0.2145631587182218,0.8412962155555667,0.6612712695249382,0.7310629460344168,0.3914016661285914,0.580216559,0.56953349,0.260869565
0.9152393985943864,0.4397620686638914,0.3041818626949388,0.975343147291562,0.3022735731676598,0.5694888580108476,0.1078583149347092,0.3793696561069756,0.4315127809222624,0.102438626,0.497731778,0.0
0.8959263440382207,0.0608338485781243,0.821592029389495,0.4934487208427055,0.8700926904144045,0.8227956266786169,0.4781564817241452,0.9102657813881188,0.6200529436313046,0.079312796,0.210367211,0.0
0.0895458887775714,0.4830627545437824,0.3651283396631634,0.1614243474166239,0.9926781208747556,0.9927847257564372,0.1918738429869523,0.0719315015117025,0.758209050269894,0.091873533,0.433733686,0.0
0.1414368042504337,0.1034886047552264,0.8207448938354291,0.472446403209233,0.3726516279541257,0.6153251651053027,0.6574569356487474,0.0849311269008498,0.4054574077034831,0.124915353,0.275385232,0.0
0.200100648302495,0.8432919266249613,0.0057436998869878,0.797914830555692,0.4706670932420561,0.0463594227360067,0.4624485556928427,0.0681659792524659,0.2333187625891972,0.238509072,0.037172087,0.0
0.1552873711815149,0.1862997407926281,0.6517320976642155,0.3692581835825909,0.5391348534962206,0.0513338497083639,0.1846541544895713,0.0284583025660882,0.4972087936772442,0.072900613,0.020057661,0.0
0.7496373310196763,0.6136994200134046,0.8879366133137547,0.4675460463887477,0.8894621514022009,0.922661619953457,0.4618068790592954,0.170065215892618,0.6490404187480883,0.19483056,0.438543544,0.276923077
0.8437253507374177,0.961009974786428,0.6375321242959344,0.8322158176687241,0.452656779135945,0.1969775572365867,0.4617536302866609,0.7551227695818746,0.738137570687918,0.387613058,0.225105956,0.0
0.3956454225474336,0.5126566067461326,0.621719231626288,0.619292957704394,0.3317107297410078,0.2846501345169339,0.9075421104564554,0.4938405170231658,0.8743417567834417,0.276138429,0.46169879,0.63
0.8069597887128614,0.9476846156244922,0.5450768360496656,0.4396845957093274,0.6466847800863521,0.1194077142237701,0.3182601822509242,0.9909395475288084,0.7684391815168153,0.367049297,0.426041588,0.545454545
0.5129272346463425,0.0328379710129662,0.1218742776664119,0.1589472519368431,0.2519351183188344,0.4383805991556286,0.4288122646243597,0.0350323317600476,0.6481790544918187,0.061700833,0.376855548,0.0
0.0834169271421786,0.691866113775053,0.2236312893782535,0.5501769593749534,0.9901159965049652,0.3395272528104768,0.9017709385940206,0.2114042320959258,0.2967324026047092,0.301680823,0.128721608,0.044444444
0.7654212819283334,0.7244442173252048,0.830375922653595,0.5232974623388712,0.6388746069987397,0.4016890665589505,0.0571980739453665,0.0400690353794752,0.8094378620736917,0.272568239,0.511308117,0.0
0.2741370626888549,0.0537524272122138,0.1000178631914444,0.3569471709049203,0.0403641567719429,0.2365272257385783,0.1648651502995449,0.264303513659499,0.0628978293045948,0.045099769,0.142008885,0.514285714
0.3242288636462419,0.554135414154923,0.92467486306485,0.2738476774453138,0.915938164669608,0.3677674155585411,0.9092262057285072,0.2284841244956128,0.8207224123774141,0.310872097,0.268263386,0.138461538
0.1124123074161198,0.0559532552673399,0.6809341754039192,0.085975900492919,0.7455300872374842,0.7355178528527756,0.546407894279398,0.7522766114100876,0.0492405942704649,0.131520113,0.314155578,0.685714286
0.6370388964741318,0.6056791095423342,0.5297267431215937,0.5008926090730599,0.7293578389196245,0.4514125704348813,0.8801767840245063,0.0473823477590552,0.1807419568727269,0.275720851,0.458446521,0.369230769
0.1928033215088831,0.1872767073012603,0.2637325818156677,0.5495760617559032,0.8403998346929149,0.4464572937088553,0.6278807202411814,0.5934697344313442,0.676367744345269,0.12847968,0.307502882,0.345205479
0.8420167665050445,0.2521882850547745,0.3254949458656317,0.9097362238401704,0.9446057284631898,0.4669567003501577,0.6315467601517923,0.7793215542334723,0.6867739861050911,0.13133405,0.549405554,0.477419355
0.475432778536469,0.8797671913181366,0.2538782006412002,0.200762619284472,0.6999549337946144,0.4949797363011767,0.1243978810143365,0.8895141806964371,0.3971896760050324,0.297284329,0.403958758,0.333333333
0.9741465579802062,0.0833878659899299,0.2959049390764779,0.8663296175123611,0.7960710885251431,0.9708598242006607,0.3169746189818327,0.8252714259589877,0.0262277171950597,0.103786981,0.306703376,0.6
0.796511756027486,0.3171359225743284,0.7157021483600442,0.1161988058517108,0.2313452783007329,0.0560135851539573,0.2370726230301157,0.4221623810062597,0.8591883761952122,0.103617784,0.22300072,0.0
0.1868570081111699,0.8571268464727253,0.903955123311886,0.146853663634067,0.5805696747946765,0.4397596602880614,0.4612009192994366,0.5430693360186694,0.6344945908588526,0.409156186,0.321625615,0.141176471
0.7453384395733917,0.6381033856044676,0.7764849082986804,0.1244639296804327,0.8689327522696789,0.6371456930072459,0.8100532632633494,0.4085150233225112,0.990429806339517,0.392649801,0.442337507,0.417391304
0.0772227265202447,0.3278398276451688,0.3740548408929603,0.1031820093909181,0.8167436138126184,0.4101658877815403,0.2619690020785511,0.3033280548339506,0.6477568892658765,0.127491667,0.244910221,0.666666667
0.3415120818370389,0.1856812257131154,0.6127041112014645,0.4372195844020706,0.0034940882241776,0.1638249591882642,0.4818857190696383,0.8689711569651772,0.910776497987005,0.101970784,0.129136819,0.6
0.5574103675640204,0.7225512306381204,0.3740651352317223,0.3240744137137009,0.5809478900448957,0.2510474104892456,0.5274359739502779,0.7226948640399911,0.0413064311590948,0.309494678,0.284242334,0.462857143
0.6727202369052797,0.3141804646960634,0.1986261847114138,0.949233584173362,0.8438073581594324,0.4316167467551776,0.1131610332357332,0.2929755666244232,0.3318697121356756,0.119784378,0.357118019,0.553846154
0.0235269451177686,0.4457414912224279,0.8759973314526669,0.4079841063944299,0.552441631612167,0.0026022079464017,0.1742037122194698,0.3325445445977429,0.94578217031347,0.159551143,0.026620113,0.821052632
0.3716563364808107,0.8587318824342396,0.8780236649286131,0.998350968932766,0.5420246443054613,0.4834292776025439,0.0302690622965141,0.8700240998807098,0.5022894110106192,0.341889411,0.407539978,0.252631579
0.9526186388608348,0.7576590398003488,0.8230157478027055,0.5780542612505607,0.0017036406120377,0.101268406272957,0.9825254190986472,0.6228879607121379,0.5909728019348314,0.462827904,0.193698978,0.0
0.422168220059978,0.8148794658056071,0.9915273036410712,0.1831108253614557,0.7145221553200002,0.1630952490955349,0.8074491892520794,0.7460042485074312,0.0665169449863908,0.352832397,0.246790763,0.340909091
0.4863438215530362,0.1677049360492233,0.4044755764472352,0.386756876085144,0.3123038449879973,0.2309915377099339,0.874934683191596,0.777738386228919,0.959452530236356,0.127963236,0.348159025,0.578313253
0.0514995044940925,0.3604432498512271,0.52573140301597,0.6468692668208637,0.6562352934502387,0.991784182455147,0.7179126298293973,0.2742612419888179,0.2404305461080224,0.17349483,0.366848811,0.0
0.6817135776905024,0.3134540079346628,0.0668944035057377,0.9386516017453256,0.952537349222076,0.9587375446532326,0.4830240181818078,0.7243402511119609,0.76841564810331,0.083406448,0.625893835,0.0
0.2960699589569781,0.1709410108597236,0.4473623230882083,0.3154416007229998,0.4444291995899981,0.081167734214422,0.6920820651059357,0.2416175666680443,0.2949137431164991,0.126075296,0.073956467,0.092307692
0.2405779439744154,0.1450823407995953,0.4700934571445023,0.2508569239279985,0.6626966249054298,0.2107947669771361,0.6821487262936231,0.578191042526948,0.7900320754591629,0.106392549,0.277709184,0.541463415
0.6294456438172475,0.7820758774263283,0.1602037809872378,0.6795068312622904,0.7459498318078088,0.2624770285477792,0.4314257448338823,0.4230701592578015,0.9301893255397788,0.260232912,0.333216696,0.225
0.5622678091337494,0.0279705302834162,0.206196504321971,0.2263537608775827,0.3194969009455127,0.612482014261322,0.5049659085706991,0.2584691573768147,0.5495551037249355,0.085985505,0.513487091,0.429850746
0.205929325054894,0.4162167871649804,0.5375951140917368,0.4936729310062003,0.6003717665080444,0.5332530292928231,0.1293372658458069,0.3209538987278659,0.1781876930040962,0.135674736,0.265014307,0.442105263
0.2635750804760018,0.380712304857603,0.2790467696707713,0.1091495099609641,0.8242378873906284,0.9527874561402064,0.3635836518480554,0.7484794205658464,0.1489895604178401,0.113427192,0.378476907,0.631578947
0.2637017822934163,0.9175860885827308,0.2860320304085793,0.780320665585136,0.8144692167218005,0.8111920394648735,0.0432608115216294,0.7790372293216623,0.1098156636549501,0.321774718,0.402924055,0.6
0.7183201575510826,0.782524628784445,0.0350406292522516,0.3544360351170641,0.9501885719445758,0.6293002734051942,0.8288687237056517,0.7791052929546004,0.9733146145406738,0.47163565,0.461143276,0.0
0.7798804132052507,0.9166988234729851,0.7210942480691365,0.1810907035462978,0.2618211370230551,0.8742366915533067,0.4230777454049691,0.6405669849438989,0.5714553727494115,0.442050334,0.43344906,0.553846154
0.9199437558556852,0.085356137104964,0.3468004754964755,0.7579537403019395,0.0670472027439861,0.3958722247288926,0.8697759513423589,0.6215687897113108,0.5023863550874519,0.107497516,0.5393252,0.349090909
0.2836601430179702,0.4800911374849644,0.2075466839396773,0.2641902906956415,0.7287590210511694,0.7106272789260691,0.5685060625421122,0.5782146958488977,0.5745487769555713,0.206858274,0.348385772,0.0
0.9244189867520214,0.1748094271820691,0.5144351127226008,0.3221687180460147,0.0208585795998023,0.6160101370962332,0.2716703299548124,0.5621027095469636,0.8407947421059752,0.073459853,0.602874902,0.24
0.509822737873788,0.1116702026770566,0.3075717932045207,0.3686939812732418,0.740188259565056,0.1794773405048959,0.6680808353933061,0.3564069797269418,0.4551889118763379,0.119150532,0.249842645,0.175
0.4181464624005746,0.2560694430738364,0.1177835319163969,0.4717444611303009,0.9293194390908964,0.0947924875556839,0.9159255943893864,0.0388845092526598,0.1900187934370918,0.172103158,0.131678749,0.0
0.4430844860056616,0.9102747570654413,0.4027048048403689,0.1044999891990899,0.9312613658974542,0.5832575416825463,0.7288998547938431,0.7275071194460435,0.2100238716071935,0.457528969,0.478253422,0.657142857
0.3179250705692592,0.1185018737387285,0.2247278514600881,0.3814468377110753,0.8914079458683997,0.3878422680031888,0.0736613657983953,0.4599877201064025,0.3959776981976983,0.062616273,0.178088058,0.218181818
0.9742109952686452,0.9409445369908972,0.8093646555557779,0.4556444485728427,0.190632262161618,0.7361337306511943,0.7332134769161782,0.1062897473126699,0.6326312318990026,0.693873215,0.46923091,0.188235294
0.6158207146867092,0.2666411455144118,0.976326721879365,0.3335200395494214,0.5614389315943823,0.8867391135447251,0.1651945024920315,0.6368582339148189,0.4740076366805931,0.099714278,0.623129093,0.0
0.8577875049475526,0.0417843107589962,0.2443137375754982,0.2502825564153178,0.5756133998666063,0.556470061695697,0.9442011117318052,0.7187455993781846,0.765211443457448,0.110629496,0.61116091,0.545454545
0.2608490924743251,0.1713945261159495,0.6465292335841443,0.8600459408081399,0.1654451241380922,0.4510422960851515,0.7937688575196121,0.6886402058993601,0.4649592635391564,0.126739595,0.278862981,0.097297297
0.505094277959623,0.4574977355211083,0.3816638647868265,0.2158447350063934,0.5060736974835223,0.255024061276616,0.0727639859084789,0.3928280395707236,0.8433531928103309,0.140533447,0.529098176,0.5
0.1894457494598297,0.9865387092352152,0.9152503448211564,0.7731052473936261,0.4097283840403458,0.5719431858716545,0.4020280293226064,0.6662111860973123,0.9265725463112164,0.472693907,0.244337681,0.32
0.1813875578549669,0.9050430840258252,0.2667416422207284,0.5385161564043965,0.5523894575886416,0.9172020021787592,0.6714918049355183,0.6725401605321178,0.7100528817276215,0.60259127,0.372443724,0.0
0.0910375819101524,0.2334101333795669,0.5995936750217883,0.5381818459990337,0.6665221041780987,0.8769693520480198,0.2949408547180685,0.0406346480338708,0.8923931199708013,0.054336951,0.275586308,0.0
0.0695289423178981,0.2176281295289552,0.0586742389954091,0.51112379268514,0.2244291066319763,0.129487822318873,0.8412443891504044,0.8663780682505683,0.5901322258595887,0.123214961,0.147770268,0.591304348
0.4911887714614706,0.2581091845547488,0.3588630663880234,0.1500367959201014,0.6229248776259159,0.9116536468841536,0.9107318594809232,0.3918043773423557,0.121868320609391,0.127019039,0.560725114,0.204878049
0.0177552621226785,0.4244139011635681,0.6739402398745633,0.2694981123027591,0.7637909316895815,0.0560696014978318,0.1401338274232253,0.057902004433235,0.9467064034464824,0.161340867,0.054917411,0.4
0.3613648960772337,0.0440536311368299,0.2036509838982168,0.0420897086307789,0.2485268000749967,0.4873491406618778,0.2140149984461755,0.970148684708228,0.7927690941051878,0.061251694,0.065284306,0.15
0.2818287672927576,0.6970674760305294,0.2419488955045122,0.3689437337111216,0.6160947917960371,0.4213771808156281,0.8540206010106465,0.0285424645299702,0.8538188310301142,0.396265937,0.286346062,0.064864865
0.6331824372810425,0.2479579772552553,0.3425484887933984,0.5353252166369722,0.9192440236235232,0.9312794089190892,0.9498859011465728,0.7367225521219388,0.0749851068079894,0.128912682,0.497969197,0.227027027
0.5927000091239243,0.0101226625179451,0.9120410733177254,0.59290878687319,0.9539440814964122,0.6571614488428545,0.3600996663418991,0.5333427286659814,0.8847138311293278,0.038377853,0.58822198,0.0
0.1528391888657985,0.2514601423216922,0.0291281276929872,0.3022238796959456,0.3746272254266893,0.0032277048914777,0.3802183720163729,0.8951567254789882,0.5224996440359329,0.079887385,0.034519175,0.423529412
0.5986657612400154,0.363517014256187,0.7530345298446368,0.5856250054107622,0.7180662819347068,0.2015143213891614,0.8831079423296313,0.0613982614020806,0.548145261571654,0.174546416,0.236997398,0.0
0.2303338374991316,0.318786808365139,0.9758193435481972,0.447812429907323,0.6095024670393773,0.0804995079412539,0.8952970178098866,0.7218494699119784,0.3627145332472237,0.227217786,0.068964815,0.036363636
0.5255357524372056,0.8368815531941404,0.8770508771593529,0.5451703698668069,0.9899048848844464,0.848766498457658,0.9954841148160772,0.896767172523622,0.5770577013881991,0.493288163,0.44470268,0.096
0.1995858570649689,0.823396640744373,0.4617029980337152,0.1933320443685522,0.7449458356489035,0.8459051728489236,0.8226876165275524,0.1863057248200085,0.1109454575541009,0.43216257,0.397588377,0.589090909
0.461187216020543,0.2049812704449791,0.3552224643434721,0.0399971920766675,0.1246566345688673,0.650949387895417,0.7004215894952517,0.360022418399065,0.4456717443926524,0.163115984,0.38398703,0.681481481
0.6696314933302885,0.7975790717417507,0.6171909123005086,0.9169247753953914,0.6829401487137213,0.2957032043588813,0.4463660339826241,0.7099784982038048,0.4691182539005828,0.3271059,0.346003117,0.24
0.9826698396597716,0.7542864177050635,0.246499306690925,0.2007788080372899,0.2339755843394909,0.6331566959861651,0.9916049474888996,0.6579429054761545,0.9482385453276636,0.386334664,0.482390961,0.311111111
0.4067320150440778,0.7331136299559089,0.5436775754159607,0.7332240151404815,0.6500547254447019,0.167151015199313,0.1739455620513587,0.2001515962532057,0.2181323255051671,0.287716068,0.104239118,0.0
0.352497595869811,0.4189730137236237,0.8163128696382476,0.7165351968512929,0.8160820576245732,0.1384608937537893,0.7434767143866465,0.705455152957534,0.2239577328792666,0.174949219,0.150016934,0.229787234
0.0677923877533118,0.5664829133429309,0.4195417280182189,0.9708446257003318,0.0912856687102259,0.6549291238250912,0.9384534531514992,0.7280513486291135,0.9903557235523686,0.282202799,0.361722047,0.228571429
0.0555598188055488,0.1426821368485965,0.4575626443590608,0.3616184079984849,0.457535716990854,0.4610818993057444,0.2953666578844249,0.702238615955159,0.0827223474064098,0.062611896,0.202826116,0.0
0.5954418627397602,0.1806251424764584,0.5031549752709904,0.1008104010246396,0.98649457649637,0.7387341132014626,0.8971661504794914,0.1097351251775151,0.4091889256825048,0.146224698,0.525702612,0.233333333
0.3952143177003858,0.1701931848188752,0.0490953709672646,0.1341411551090572,0.4464150004447003,0.2962604503900974,0.7348528329720109,0.2255422373963119,0.8153629096013715,0.120519312,0.325815442,0.517431193
0.5810972422836728,0.9225414470444532,0.3390368059892769,0.9338712091158948,0.2356505019187252,0.8514121116467751,0.0998029118519651,0.3189975057085616,0.6846886382555615,0.409510147,0.33619248,0.545454545
0.2260302298001816,0.4813953019461401,0.975792278682772,0.7158360662536396,0.3387878254682487,0.086096369256472,0.9076279347861936,0.0902811420230921,0.7370734485899251,0.269665095,0.06186233,0.0
0.5426893551103018,0.2395889872762232,0.7518151115480757,0.5087703303814918,0.0551123708592181,0.4081136424689949,0.4112252117760259,0.7520495376149232,0.7725877798128408,0.085192345,0.481274924,0.428571429
0.557213781578699,0.1600444180696734,0.6486266173506219,0.621670454038534,0.2640810755438646,0.7941612996954299,0.2595214149291354,0.8552476163209977,0.2164325964228231,0.085386261,0.511239558,0.24
0.0468512946957925,0.3560971806491996,0.8621307818954906,0.8107816444728984,0.6238101881915252,0.3328745190846576,0.3522821784954464,0.2446618856120695,0.4592578302861108,0.108570786,0.145596588,0.0
0.0612034587528891,0.4269383081113402,0.3943853381344245,0.9131681039176652,0.6766060668772353,0.1874134967463633,0.9347726619733648,0.5290123384293253,0.604945773046248,0.164684916,0.056403109,0.0
0.2961630034753165,0.2813841307747158,0.1191923695269959,0.2764884257181741,0.9306778118536644,0.5209796802243328,0.2130603925513389,0.9481989381219108,0.3237990112708518,0.092662141,0.466363716,0.56
0.8883882701277732,0.4380256844525155,0.3142737723451335,0.8691811880273058,0.7415881493141094,0.2784872629685672,0.5473767103582025,0.2592874289421093,0.5628830307372942,0.246303843,0.368463602,0.274285714
0.0559989769004228,0.6409334851709749,0.4216963998087185,0.7140252108189475,0.4862950756654915,0.1923768689349723,0.4184954061513819,0.075023372945766,0.2074325789326253,0.147212283,0.153454438,0.3
0.7344928973268308,0.5554061705643731,0.5560686973807452,0.194832726562966,0.8736444376689875,0.9101887135922896,0.3680787680480933,0.5719585374418866,0.8572039651490092,0.257378812,0.430645435,0.7
0.4202696047090756,0.0765191045947252,0.2887920366299547,0.8952808484867332,0.9752244553063896,0.2815271251819315,0.5753653853906537,0.0472514218572707,0.78790907597003,0.116218766,0.400006085,0.421621622
0.983644310819242,0.0033656667715041,0.3532415871519561,0.6143907353834882,0.993040521498789,0.9806778277621552,0.031812042696805,0.3859484226328203,0.8268130293446789,0.052641933,0.502266099,0.0
0.639329466786631,0.7457015579036143,0.4198648580772125,0.7201343053011662,0.2082139334370453,0.1076983446185879,0.0475634529464287,0.0919075234393996,0.7533974128936614,0.245776117,0.356831883,0.193548387
0.3347631911746743,0.5426573909689203,0.7280234199407676,0.6782824930258675,0.5144849996365082,0.0299734462024321,0.9592455383277722,0.9695108615986032,0.2843145153487303,0.232319497,0.097338458,0.465
0.6051872825699188,0.5577579500567246,0.4994766940875728,0.1466261700622851,0.8471679270092569,0.3134693512000129,0.6076203833880162,0.2531647317584318,0.5205067259350169,0.327658659,0.356105031,0.592941176
0.6551549212258527,0.6364736856485448,0.8808461032383157,0.3618505840933823,0.3398097920376006,0.7395003257915364,0.905774574189575,0.5982567245073015,0.5202935384066071,0.355816428,0.570215279,0.0
0.1792073403155825,0.1975354503036317,0.5118133511293057,0.3107588197552328,0.6230041129541914,0.8613439034269142,0.9756390956080389,0.1221230583933885,0.8321764686128919,0.172634668,0.478670318,0.162162162
0.5290718162779391,0.4548539129702725,0.4311789883641024,0.8145136521924285,0.2085321263571677,0.7723755392098793,0.6977620017346736,0.6575794571519931,0.9987571627196536,0.17308626,0.547201988,0.0
0.5234763309265157,0.404111415078391,0.0512211442160029,0.796449549227404,0.2858749583023471,0.4382560502737493,0.2522592275456244,0.8495300049262108,0.4416210065648452,0.077650066,0.390014007,0.36
0.3731794277932049,0.6109973269624456,0.3973689623512589,0.2075161633766539,0.7984448626100469,0.7201469591413283,0.6176506970024153,0.7374708023171719,0.9553173072077594,0.412874686,0.456555441,0.0
0.1695148340664377,0.7162524322214257,0.8512753890561954,0.5573209692999137,0.4503782861051031,0.8947960698700739,0.5223296154296452,0.7478964010266079,0.514171701122236,0.407524125,0.348905319,0.252631579
0.8494179584224698,0.1726076967322477,0.0225565331497994,0.470852247191717,0.4572704447800922,0.0555032345163665,0.8027774189235264,0.5494683702832097,0.3337467976941007,0.11803471,0.199415485,0.498461538
0.3269352854161347,0.6566748086532352,0.4852133861973168,0.3321230748281457,0.6801563221413159,0.1491817427085763,0.1870433756146567,0.2463280573182898,0.6586970565551143,0.12931325,0.203782763,0.184615385
0.466868747769132,0.1066054204653438,0.0915470430002137,0.8054601471654846,0.6644891725272197,0.8713661328944852,0.6190029239697895,0.7722217420438336,0.2606410162443553,0.092173962,0.388106487,0.09
0.6563832828040561,0.1444308289617343,0.5192756514224306,0.3706434901034262,0.3261042014458587,0.4736885595631978,0.1242447778549729,0.5854684743862903,0.2921124613981241,0.063974472,0.530460701,0.375
0.1965908341174057,0.5090656222132675,0.6582168411490845,0.5776883688552696,0.1774416837421455,0.8291919231756754,0.7600387114430788,0.1085622552999903,0.3243560577216006,0.253859017,0.512167644,0.367741935
0.2426300594015406,0.3120703239462282,0.301801535996818,0.4075146379914075,0.2244069949163408,0.021754465373784,0.520672067958974,0.1279609566816714,0.11576206368954,0.158944618,0.051224186,0.447457627
0.1073716086188882,0.2423642411200548,0.6052101436385096,0.6524367756506455,0.0441948436676058,0.6703836218241837,0.7501030072615299,0.0085423087117749,0.75271916138177,0.154153718,0.205762691,0.106666667
0.5656258690716223,0.3770344864647769,0.8490511386691677,0.2609961372199046,0.216867902651766,0.2308066208271817,0.3120574941364502,0.5736984372888518,0.0982512239333087,0.108595562,0.441670073,0.675
0.5427830131865646,0.6311896443274783,0.5732754025151381,0.504463726757848,0.4329378046145684,0.4666153613145328,0.2869679261605909,0.8906480153949335,0.8982387075618276,0.198126639,0.189220611,0.3
0.6623552941983649,0.623921380231809,0.7931756858491387,0.7129562309751719,0.3793825155094483,0.8845290172868394,0.4580949706134175,0.0664538290299627,0.1325867580600339,0.231909385,0.488431475,0.276923077
0.0807128242447506,0.3079371105522833,0.215644232008239,0.4264478434241644,0.6351972498669135,0.3403661492973182,0.8549467671342572,0.0546401426704027,0.0940710698298407,0.170899113,0.228769068,0.658064516
0.9526204640962612,0.1937174797889734,0.6465141871148139,0.4698693686373162,0.6445600011416565,0.5575675967366899,0.1998161214850287,0.3631341633018713,0.0344489447049293,0.106563375,0.537534646,0.3
0.5464564753734854,0.2315687550243019,0.2403555276405823,0.356573666901897,0.3074099776966169,0.9624375433393322,0.4459702257109288,0.4989954928608514,0.0647679515900603,0.076256129,0.458321653,0.654545455
0.0712644068827002,0.3874708218046302,0.988995788791495,0.2829703313403372,0.3947907239702085,0.0574105720238915,0.3770477034462647,0.2859641832786389,0.3119202778037033,0.16030065,0.090087794,0.692307692
0.0191552812852576,0.5727885361394746,0.5568750890834973,0.7163991217503579,0.0267261385269288,0.8453720421334139,0.6429168632881824,0.4610608499654071,0.0012056605025451,0.217500219,0.145872116,0.0
0.8399114724354674,0.3198982184038518,0.658607079660366,0.0445116796084441,0.2654276253124007,0.6536641734217568,0.2532831937274772,0.5035160590583988,0.1849138596888508,0.13997704,0.391729419,0.6
0.4645439818050091,0.4868615548205598,0.7775900266993402,0.333378640114663,0.8209097146289592,0.8391563616457677,0.8752639371007124,0.2056786585020945,0.9138443475884056,0.329319767,0.505381958,0.366101695
0.4120716181640813,0.1014526526050244,0.1693377820155132,0.7429260221992,0.3875952504990365,0.4902369706253501,0.2196574966004357,0.0226604750097361,0.3942701256688696,0.070828828,0.257248087,0.0
0.0751853514534457,0.0688708357757792,0.4569171272999582,0.2373282561885524,0.912805712366734,0.7060382752355113,0.9584372744239112,0.8956546077478681,0.2722388622012944,0.085102781,0.281116798,0.0
0.0633143539091908,0.6150212989732579,0.3690146066062487,0.0839569307552436,0.1274321901288925,0.6820343991977849,0.9389672416921429,0.873957263237532,0.3354303865919259,0.313745971,0.223792774,0.082758621
0.3590939855013524,0.7299149223884122,0.891588453723192,0.4337999240863536,0.0925862578298379,0.8289290245821959,0.6613791487883361,0.0792599881056977,0.681926591695938,0.458625802,0.480420548,0.042857143
0.7463879052703665,0.2590649297853792,0.6040719325854752,0.965276793226323,0.7163133649701667,0.8955769740015758,0.1997273836253296,0.3945147811021802,0.8692253739216923,0.12625352,0.619450385,0.0
0.1618110727139222,0.0346729328604644,0.7284889845803518,0.0186786975839097,0.7192548986181356,0.1656570912069385,0.0971329145392352,0.7501346305254446,0.7722469942533723,0.055312879,0.169751109,0.333333333
0.2587394890058302,0.9879161903481628,0.979655880511884,0.1368464278769368,0.3200079130293923,0.117567306083156,0.980597097227888,0.7740676066956923,0.8834261626329473,0.770843295,0.2270055,0.691304348
0.3145114064332843,0.8878950108245957,0.7754266735345079,0.5374242058110097,0.1066917837854821,0.1851599749932279,0.7383449243564479,0.3086488049625578,0.1638618377145998,0.567977993,0.152753008,0.234146341
0.0656807551038762,0.4027864702392156,0.8663159818789947,0.1222609856155446,0.6727446711537739,0.2590843921608476,0.4794081672564259,0.9574613178824226,0.1596268668371573,0.123531513,0.27512821,0.266666667
0.7556079196604615,0.8451975763677737,0.9510252348136148,0.488401314993757,0.9076954468628292,0.8695678508857639,0.9123223597731218,0.1810469453032815,0.2660689977245473,0.578480356,0.514560481,0.355555556
0.9873306004464472,0.1314028832099485,0.3789456079383271,0.8864603095623352,0.8007206423510882,0.1524523919249419,0.3411957343791238,0.0091390683155587,0.7278862948765936,0.086629734,0.4436631,0.573913043
0.7014310562772607,0.3081165801017729,0.000205089650359,0.525646396192827,0.1909414925773583,0.7070385938696359,0.717680104649614,0.5841836409651788,0.3955458419680381,0.189059815,0.450405138,0.4
0.3619178382394127,0.2166913985474212,0.2275791359892554,0.983884050371337,0.3355952393279323,0.9750487492329416,0.6016094983089082,0.5713548057825817,0.9743743368900804,0.130721384,0.44952142,0.0
0.0688288206975317,0.8317926483200402,0.8814611525216025,0.3988811980212626,0.7264365508752345,0.506947358311177,0.3565972764583065,0.1214419971328921,0.1041336910053775,0.332515032,0.192918176,0.0
0.378879169321503,0.1577981428772674,0.9910799839624258,0.9270196645739112,0.0325348088088536,0.8155414330654801,0.3686337404945591,0.8561639516197508,0.5588814806371749,0.062978643,0.379039056,0.0
0.80418835926589,0.684200548556896,0.2335772040266155,0.0633776094179862,0.3947262184894207,0.2988425996910809,0.1133968299089928,0.3231759927578767,0.2579478927636559,0.271763635,0.333377772,0.6
0.1233096321244324,0.3644784182216909,0.9813732779503213,0.3576013424881781,0.908349117928851,0.2749644958529358,0.5479587006751718,0.0331568385318685,0.0874432510319925,0.167265466,0.129455672,0.190909091
0.6752436336153144,0.5167444944817959,0.7631619374527249,0.6435691545675382,0.6045862647850263,0.3760037578245984,0.2481156854847639,0.8142744781645743,0.9378695623531168,0.154546767,0.291592035,0.514285714
0.5445484015667784,0.548896189725638,0.6575198326501748,0.1387248466653399,0.984877771154468,0.0164393153223421,0.6353760318452676,0.3063918424551335,0.6085556349770683,0.285971466,0.100224647,0.76097561
0.9645994193868366,0.0645650204537661,0.9030338554969556,0.1110186664100461,0.867300832236666,0.66724876762526,0.7343021350196755,0.3970010820788923,0.8373655956281332,0.098605344,0.495459882,0.512820513
0.6827618183618769,0.2268302634408168,0.4922528248578987,0.1721177844779273,0.6716397601753137,0.9677010456060652,0.0706709641141859,0.9445176465477952,0.665206605179643,0.116632152,0.522817559,0.0
0.7654227121961144,0.429420130365745,0.3804228607922304,0.6965931598149923,0.4668730801736488,0.877705975135595,0.8568131258502231,0.1880970041561086,0.7190998605650805,0.241441776,0.455816068,0.0
0.9501900113123134,0.2351378662575148,0.1429144629568881,0.9835109964827066,0.9903593648035894,0.7375862259467139,0.2035955555648516,0.3262224133344503,0.8509722558292008,0.122539963,0.465654273,0.0
0.9241360662012617,0.950490576584221,0.1725559606555903,0.0768942261792984,0.6396940518717796,0.7081231561627132,0.5623965954354577,0.2655697117468617,0.3208984189499871,0.46023041,0.47927498,0.281632653
0.0754756246744132,0.0751205813584808,0.9219660735922616,0.8576537289706072,0.7632755785006167,0.7017810888998475,0.0445664856375512,0.1584494455155581,0.4944361614484905,0.045673199,0.0,0.0
0.7387824303615328,0.4225156653208132,0.6976091865161264,0.9258152609851812,0.7716154277093465,0.8468721828109719,0.7637247884889885,0.9580133332536722,0.2787404620347197,0.196347888,0.408639566,0.06
0.2040978760703536,0.3062139582294947,0.580501133858361,0.0527594217828375,0.4967866009996303,0.678128425355036,0.1100878770216471,0.1470884404188874,0.2355996832058756,0.123653974,0.393385191,0.436363636
0.6705842201778969,0.5855726822809697,0.7021308105136923,0.652585708462773,0.3546702704929593,0.5142602988258865,0.6346893673998463,0.622673645836623,0.8173126097730811,0.28445896,0.468867815,0.0
0.4243422051286408,0.241186305040664,0.1724938807488628,0.1572632947182825,0.4119599398317878,0.9826198010551656,0.5279236914829162,0.4846932527533565,0.1052405060257998,0.122893439,0.559653408,0.592592593
0.7069035286893989,0.2821021905371931,0.7890007403383072,0.0255241695736619,0.0637228220724708,0.0184466603956645,0.33146702723181,0.6676129382933487,0.8757944203349906,0.134098543,0.184523062,0.641860465
0.8840863043100076,0.3945747524921115,0.5874060638693701,0.9537853506859264,0.6599723693168255,0.996255556041714,0.9626011307281568,0.1007528723351282,0.8269283385558339,0.222842876,0.611973451,0.0
0.1686542523018805,0.92989502388713,0.4707700423859856,0.6984314535923292,0.6618519549009999,0.5700818105994897,0.1236488766742679,0.1407110503906226,0.407932053398344,0.333489448,0.293066306,0.0
0.2991040201798167,0.1512176815739107,0.8855732655032507,0.0697378590436086,0.4069457485822493,0.184151568012209,0.1004301352799542,0.9869670540098324,0.7101389961058734,0.102643289,0.34225217,0.568421053
0.9972888727311174,0.0697470540914159,0.0012436487544208,0.2386043983725922,0.3742020067378032,0.8663548723203482,0.8578047900687049,0.7470503075571453,0.7848372410700181,0.118626425,0.56588394,0.145454545
0.2177245152886271,0.5654865517493418,0.8666900859398737,0.6453315407453133,0.3115046196771853,0.7644544129518247,0.7789208748363076,0.5679118119748067,0.0227382839357502,0.252270455,0.299198483,0.417391304
0.9872604987463334,0.0240643962528654,0.0348369228691952,0.0783473302092538,0.7671518128071231,0.8119369953131255,0.7479290827044094,0.8461291806002036,0.923366095244126,0.086120815,0.602027255,0.424390244
0.692589612976373,0.3367047660362195,0.9937803552698008,0.384290090704889,0.94963206545464,0.2140262955261765,0.0510223877081273,0.9579910139615452,0.6697605264202866,0.101083848,0.402315966,0.72
0.6213534501475909,0.5999602807268436,0.8192914006221448,0.4341145773067689,0.3300457019454033,0.8771344140921344,0.7388431558077966,0.3534785424078013,0.243647348357611,0.250741035,0.508324516,0.0
0.8285615390818011,0.0021080581706457,0.8078684223450783,0.7092226309614937,0.0860346308454649,0.2504764453069962,0.5183384612168966,0.0990834754989952,0.0892068869835046,0.08052339,0.382588438,0.457894737
0.5625964154720303,0.2228472951983265,0.7872156716139533,0.3184872153678025,0.674463857588823,0.9347645404344644,0.3696749153265741,0.2102966370065017,0.7457817752897863,0.097352552,0.465955558,0.218181818
0.6870947343459118,0.0056297205720694,0.3950086232378349,0.8585129785786653,0.4638412306428822,0.8901415483974429,0.3282104575267409,0.358328490367262,0.9732012138249074,0.032882501,0.53794899,0.0
0.8759488675396654,0.1398277084978073,0.6621277509142788,0.2059565496144545,0.4429078757150776,0.5812182032439188,0.6953484251640221,0.3597268191352436,0.528565438123995,0.142753967,0.529090926,0.557142857
0.7793675789590011,0.767097589848376,0.1801777842877736,0.1170012669559258,0.5697750491713144,0.5831235732028223,0.8786290686938875,0.2660288502342134,0.6841434699406317,0.351019491,0.532746752,0.331034483
0.3011713225055399,0.5666803544877205,0.7002580739007033,0.0280622325819934,0.3769052676899402,0.6306792035366722,0.5940905881601606,0.0241904135954149,0.3140826319710231,0.309278582,0.389342323,0.226415094
0.2790714382461516,0.5401417922792051,0.1279952963600177,0.4472829260318882,0.497674999517284,0.2337966603505071,0.7358731360554829,0.4213326077386515,0.9868984440116672,0.279826151,0.114854587,0.0
0.8472448220203136,0.0494433572569439,0.3328197446749158,0.8568978169861686,0.9128473119508622,0.4227778844170868,0.9852597985925724,0.1321188137352644,0.7817626766198703,0.095756905,0.469040965,0.136363636
0.4256677737335703,0.3138187277021074,0.6505312168750976,0.2149977353229712,0.989888281570257,0.93715127569642,0.4600267553574191,0.3169878331315372,0.0417073374136467,0.08503693,0.496081135,0.24
0.1969818127283652,0.9183362498962736,0.3737942931955741,0.0347871288777578,0.3507125134122374,0.2166805783468574,0.2723809062128562,0.9048105636099378,0.9149809113721904,0.295392878,0.129542161,0.0
0.8359550359459785,0.4511986850966184,0.7510783314343026,0.3079027769541576,0.4706050280277967,0.4472845538126654,0.773264343056469,0.5472274712537393,0.1996291387575388,0.17230747,0.336073351,0.038709677
0.0433646301551887,0.8638711046239829,0.3309807783601194,0.3394155149963566,0.5888602647738537,0.7344317985708294,0.8228086763712904,0.3644172115550247,0.4404172662314763,0.456086397,0.290905984,0.584347826
0.9955136700552392,0.4632839213909493,0.9177204629889092,0.4111588540092542,0.0669721204019871,0.911541382735521,0.6553263985891601,0.0961612137654467,0.3166176327129393,0.2447011,0.55426101,0.283636364
0.2102475596541094,0.2377204180446221,0.8031575741782057,0.1755797881344856,0.9568359220832682,0.4491433138344222,0.0675778058419304,0.9402704888953508,0.5352111015077624,0.084888667,0.357695098,0.436363636
0.0493792803803615,0.9468844873845768,0.7571710443801081,0.144304345895513,0.8477290274072037,0.98000989173309,0.0773627874231048,0.2579001157542099,0.518500472406578,0.196346628,0.349133304,0.2
0.8048080232052828,0.7514482078792005,0.3787290024852521,0.8283728000408469,0.2003020641853069,0.6268889963224981,0.5839259899096998,0.7406425483924568,0.2611333709184938,0.44796604,0.477764313,0.355555556
0.890940129211706,0.4091956145520286,0.2155021683326405,0.2947924551435329,0.5069476652025848,0.2008424776762045,0.609312062956602,0.7699146435752225,0.6773885389428569,0.209808451,0.425856213,0.56969697
0.9543988618143212,0.9035735492652676,0.6112571497959286,0.2151312801932601,0.2741174627274814,0.3779668332399538,0.7245421525189698,0.3021483706624699,0.4207236937409575,0.613114613,0.457289157,0.314285714
0.393504119070732,0.2397507327129165,0.862753012682946,0.1927983457052482,0.5384999723890194,0.920366507241591,0.519077869474793,0.699521174215733,0.5243787328753822,0.18442504,0.418288189,0.234146341
0.6373815495699968,0.883067195010764,0.4351245368926399,0.6681583221828309,0.3969329876061073,0.5226605535989838,0.191455460598641,0.4087745453637865,0.4221872759938342,0.32427302,0.569942625,0.276923077
0.5168190891948439,0.952194542555297,0.0082093586296722,0.8621016639456538,0.4727265170092077,0.8757567136430844,0.270327495563476,0.3955919173474537,0.7274040336790198,0.506605893,0.568922306,0.0
0.3835282808329441,0.3013630538643934,0.8313104938074186,0.2857377554847909,0.620097596964744,0.7496452858759248,0.9708494223629818,0.9595390979564284,0.3669527602836135,0.166355763,0.436763571,0.0
0.267820446258203,0.3230913378532242,0.0034866993936546,0.6252712594486043,0.9612142370006606,0.7840132621493429,0.5382692254850324,0.2818066070640216,0.629099360338942,0.150013877,0.347875745,0.073469388
0.2495226069826774,0.2415266591751758,0.2054883341941485,0.7262266323555603,0.0343118135572549,0.942785612117565,0.6747518196135985,0.0498230029985925,0.3455760383003329,0.115563445,0.453972493,0.380487805
0.539179386446768,0.1926668503248183,0.81984558979015,0.6721736566023548,0.7675821314979161,0.0544632373961736,0.4484658349659245,0.2138834578604502,0.6045366694856182,0.09601256,0.161831012,0.505263158
0.0502306570548566,0.9513897135226148,0.5064080939658336,0.8542416710380905,0.963216170434919,0.6272449025425612,0.3782142111137281,0.759631141100477,0.2677373841071372,0.389624935,0.254949438,0.0
0.4798025893225702,0.8134354466281618,0.4240884237766888,0.7395352653504881,0.7326669621543783,0.4668377857961712,0.1961727030194078,0.6712787494475683,0.3499234279229307,0.275716121,0.349786251,0.782608696
0.8183621664771671,0.4980904692504472,0.7305928423183483,0.4212668046495833,0.11375782328479,0.7999034655128492,0.6964862848236839,0.3375887969402176,0.6711255576455705,0.295090985,0.459637077,0.646153846
0.5492882813551702,0.0647473470820343,0.9501448423097488,0.5924384391412265,0.8681901754968405,0.3169627209852184,0.637216964424639,0.8554645834536623,0.1626508168361872,0.109621674,0.321999449,0.0
0.0514412027367082,0.1774897242973276,0.0665860980527857,0.2521330868473815,0.6403783045447428,0.7341345447970423,0.8589981458970138,0.3087432110122097,0.4755503646661341,0.127351056,0.195707797,0.492857143
0.9928669429135136,0.1189771646770303,0.6506986058747084,0.4194093560891584,0.5064095878255518,0.3872689832928923,0.4786045483826286,0.7292270474603941,0.1120297551439769,0.053048518,0.353873431,0.436363636
0.7459706927426168,0.9809631811019018,0.6921376487462051,0.2133621853514384,0.6947611910685085,0.7358411449632428,0.6135803937301154,0.8865388655506248,0.8799476493634711,0.661883907,0.535006243,0.0
0.89611993207751,0.3045641999065227,0.9928482855007168,0.7427220368421923,0.2623723083772974,0.3482588325049557,0.2272613805576467,0.357438000151748,0.9360694603878196,0.132671377,0.413191691,0.2
0.8441409700966701,0.2275962239204281,0.5284690507248796,0.736847338120056,0.4208439862749175,0.0797011721967425,0.6777011996469818,0.8568317303326706,0.3934141728331672,0.158645185,0.189088882,0.0
0.3709057170826597,0.3527791418944519,0.4144214246183663,0.0100905515395113,0.210365154446863,0.4425909014783613,0.001360302456125,0.5805197938792956,0.7003204782806907,0.134148409,0.317240414,0.573913043
0.6374340814252388,0.4041089083236706,0.4481634609741534,0.2284219898725203,0.816633978677092,0.7217005967633175,0.1326600830842942,0.1347202554873173,0.4401072717839599,0.109103707,0.34137954,0.15
0.9612484293859928,0.2717411609051402,0.7359581157474795,0.0503482378024525,0.3399947551869773,0.422220662226474,0.5595291262005269,0.5782321226387821,0.7750762984664804,0.216212594,0.514090105,0.472131148
0.806872931994098,0.8698223329045288,0.7918023079940244,0.6702647035763629,0.3184236627793054,0.300711860262189,0.2493680627256793,0.4821976267843098,0.2576726557276383,0.347188175,0.450985171,0.428571429
0.3917178616581197,0.9879828061531916,0.0281963377868338,0.3822131669159311,0.5950957578230323,0.3170271338481742,0.6254758615281073,0.1869225301012169,0.8078027081852426,0.484276232,0.262824418,0.04137931
0.822095892736443,0.4895258941346602,0.6631201488946917,0.6632054958397311,0.8157741585407635,0.6454707688873905,0.0107656846620467,0.8914814741420751,0.7132859067610142,0.152138393,0.314660074,0.369230769
0.7772421113918604,0.8351085642424425,0.9096878924269786,0.587860757722467,0.5965847420918418,0.9345337280007812,0.6198453541749456,0.3181421399479548,0.6466030421308374,0.490754975,0.54015735,0.144
0.2404020886059373,0.5649003731733975,0.7918518251506315,0.5713237077775792,0.8827155665564307,0.7812450832892106,0.0320394176965265,0.436114864126417,0.6304639980329083,0.142726801,0.593196195,0.171428571
0.1764208651011394,0.4673321966118116,0.9125332374405772,0.6226827109486335,0.9330108668603122,0.6516841949116153,0.8117536841857017,0.4510108684712488,0.7094191693081061,0.183155094,0.252349852,0.0
0.4872249651204221,0.3101772230711941,0.2660272369965211,0.970526639637684,0.7198872138121692,0.4721609114554512,0.4881577477927934,0.7355630580080282,0.9004190272561671,0.086814502,0.262588661,0.0
0.4967785225247029,0.4160155053905917,0.8984985885393628,0.4185641156195019,0.2756205122759584,0.9260443152018164,0.5913383030961503,0.6591343310174705,0.9600203047189922,0.236520633,0.529799855,0.244444444
0.2133030451068398,0.5536289906634287,0.0077003779159556,0.592579771621402,0.6570613174161446,0.0740056866529683,0.3215916064402006,0.2480997610270593,0.2980156242196068,0.178144244,0.079572003,0.0
0.9674310749059424,0.509991482290407,0.3853677158414453,0.332169676992308,0.1899720236265375,0.1394828786575975,0.0483886621446066,0.4140854639839038,0.9313005116984316,0.116649043,0.237331533,0.352941176
0.2720769270062442,0.4091259123215652,0.7148532865742011,0.907233355315232,0.8565658345812803,0.1601681075049109,0.363203269419323,0.497989138626361,0.9848672482528612,0.167994942,0.110094605,0.0
0.8782756383907114,0.3967270847208515,0.5447980963431147,0.5068894702665466,0.003239832776785,0.8975338355229313,0.3526405561033112,0.917751333265646,0.9970841016432628,0.11101806,0.518630545,0.381818182
0.4948106728838629,0.0135763923618568,0.137174904112578,0.6933173300990062,0.934087814957228,0.8334133571580326,0.5677251898413388,0.1555034425059274,0.6837014372727326,0.097890196,0.523287833,0.0
0.5161828922440989,0.2418253136820911,0.0509988814713822,0.5520020636935695,0.8741672146610646,0.9162059626350584,0.0882066245413338,0.3956114716735472,0.378013173892015,0.091399121,0.684228268,0.553846154
0.3479259250659022,0.8470792094687813,0.8506386191189795,0.380475531655404,0.0720766410165006,0.4708888273598381,0.1128048581089652,0.9589506400335136,0.6503511023806077,0.267243465,0.547197054,0.0
0.2172087841377123,0.9185575079050988,0.0138035449866157,0.7865704108261904,0.9911533643755006,0.9462049999385534,0.4432222012576042,0.8074338330969633,0.0599066983649994,0.297153559,0.33401525,0.45
0.8963709030227042,0.1916308753025575,0.9952899982864812,0.6855215502248999,0.6672503592492478,0.509107043189687,0.700393376355415,0.3953472247883991,0.8798043188199349,0.143486015,0.469555317,0.369230769
0.4570322843126779,0.4402761211539285,0.2057691877816165,0.3099430976471097,0.5367062032424689,0.5886191943949184,0.629229391052169,0.8053293695767326,0.8152101332586178,0.188479678,0.408751325,0.092307692
0.2823417632203543,0.5177279845831434,0.6645594766059014,0.935957197847593,0.7431572259612163,0.6131872823189626,0.627056702453604,0.6913126580459394,0.6817440701923501,0.32446004,0.396822885,0.054545455
0.4369375284097825,0.0742376183224322,0.6887866297552386,0.4489351372084905,0.963681148582355,0.1649736982101165,0.6154135668147872,0.7491324688236168,0.6590731385264089,0.102380721,0.297069869,0.5
0.6805939418359594,0.5180900916717769,0.0410431295855927,0.6780831433479619,0.5038135157839254,0.2010735897065458,0.1484042706393218,0.8315602514511053,0.4851022315538229,0.190823227,0.357046791,0.583783784
0.1664112163805711,0.0495849613118168,0.4190502301040253,0.5305826677576809,0.3798825070843292,0.804569179074402,0.8749103968983645,0.7607425588128971,0.1908898502621555,0.083607961,0.340197716,0.097959184
0.8854977933003724,0.5337968197300617,0.5287382901114748,0.8921127762201364,0.9333006980549472,0.2450533769461345,0.6604814548538221,0.4597782952340487,0.3982686194893701,0.23097357,0.417129279,0.364556962
0.2375665233928097,0.0399592178009665,0.7467357570297098,0.2978721776901027,0.324016005791753,0.5802236460778141,0.652387685377635,0.8402351905158002,0.3639382440549928,0.093891214,0.330099589,0.12
0.1727712560774673,0.0576831541477328,0.5045346563435005,0.0200680957119261,0.2177263479842028,0.1737333908634031,0.8953925614095196,0.3207604372952911,0.4661063309962604,0.093756387,0.159749125,0.431460674
0.5315161995929256,0.5742882270184799,0.7081658895358339,0.5442431337312964,0.337259475716174,0.2790913347696498,0.741863417559651,0.1285599397240717,0.0734647997039863,0.217099767,0.319866385,0.742857143
0.7897922104455101,0.9290386973469528,0.2245149889114478,0.6000586957669802,0.9619393059962952,0.0396411465572366,0.4805251116441926,0.7325044471923453,0.3928325549353122,0.258132622,0.146226514,0.15
0.6883831361939065,0.9380154615916254,0.5783334714251533,0.5143515911582753,0.2528754380473446,0.6628551048071892,0.3153241246633192,0.2170583866736205,0.0815701821224936,0.343380684,0.557786722,0.0
0.5020578828835455,0.3782846066393523,0.2504938390078103,0.223532242868951,0.2248295780920259,0.1201162740920132,0.1698614629200143,0.2864068307761135,0.3459369667397212,0.112387543,0.2372713,0.635294118
0.151732093791477,0.7489362611319249,0.3025271687968698,0.9450809874950484,0.0256113786356823,0.452794671038522,0.4423530744528372,0.9685240395636208,0.092692705552316,0.188726276,0.516541919,0.0
0.4810683632474521,0.202625765308243,0.1019707216281151,0.6711636825697568,0.6022427740799057,0.8113039135558858,0.9722787684585992,0.4799492017058796,0.2965899761464221,0.103031641,0.491449188,0.088888889
0.6776414195504998,0.5545078221313438,0.7076781561120193,0.2543829822230961,0.9421915261492544,0.9839434846916466,0.4713518951620383,0.2358655811883474,0.0139712570606042,0.14075621,0.23315685,0.6
0.0013401304368155,0.9156825906751492,0.3142128512467003,0.9604800100965296,0.6127663217506897,0.2254817178960027,0.9690818199824316,0.180099795254918,0.3562309573582811,0.566958216,0.134626253,0.579310345
0.2396852344240065,0.4910240730442994,0.4563908051828678,0.385687102501109,0.6371865139350589,0.8527567210208554,0.8066754540422454,0.3966706893189113,0.914683717079088,0.273154837,0.410185098,0.1
0.4734306036673233,0.3312449897645436,0.4199937924580238,0.8257056791264082,0.9841091124120552,0.0069717867770131,0.8058463078174831,0.2681152023167517,0.7276866394356672,0.227701477,0.042699061,0.391304348
0.3659188808022465,0.5536779056531529,0.4539538893755078,0.2236634689326029,0.535782700049687,0.1716689439646281,0.481408326193847,0.6232186194582002,0.0642536335431168,0.155590129,0.197670355,0.814285714
0.0927954796144807,0.4703961282450803,0.6784135921747957,0.1074005949330541,0.2718506793902948,0.646709098249388,0.8697704003681652,0.6625325013505506,0.7022054870858963,0.221463743,0.250629444,0.0
0.5280585239790049,0.7446051758659707,0.7038715286274266,0.0091798671954048,0.4038944914127983,0.716605039695486,0.2609012283409333,0.0288449058044957,0.9588841146364808,0.317330788,0.313133022,0.0
0.7575415269527481,0.3663075881527102,0.2483698756562687,0.7014736713664276,0.2919705403920521,0.5372590638855115,0.7165121004934908,0.611594462357262,0.1953345733077454,0.168732824,0.439585438,0.133333333
0.3000183800247528,0.4953491107222804,0.2788603432674629,0.0961001992892747,0.6140099835907381,0.1106601863195076,0.6620124324484091,0.3030158921435644,0.6052856719589823,0.237560899,0.095003039,0.0
0.0624440801904914,0.0848950104308582,0.5719021443220648,0.8836688773069012,0.9392632424237106,0.550462942722876,0.5301154158274798,0.7628933760971459,0.9797439396430708,0.118614652,0.19960845,0.0
0.4218413313006288,0.2529806179519926,0.2135153823353217,0.1125128160229818,0.3157509243242368,0.5452494757746714,0.8650586034608558,0.1876943006698461,0.1481537989381278,0.147454466,0.383959418,0.05
0.7564687688658597,0.0424030301591946,0.0240405719465994,0.5255689735855433,0.5350013971883552,0.128926422377045,0.9653722624828136,0.4347388395976443,0.8851867608982912,0.108497611,0.355689326,0.61978022
0.805734421952297,0.1755879889073824,0.2020130827195111,0.965983509543921,0.9032135214998104,0.253524652485076,0.9015464367754528,0.2441865141335609,0.3340701706350684,0.097043829,0.2852479,0.0
0.6075982108986583,0.2623352702652313,0.1206373507827932,0.3338599760388685,0.0554622070500644,0.7801342342127818,0.4355501606187623,0.8594775369161956,0.8474537358619849,0.092835314,0.561364159,0.0
0.7334616774166443,0.4489067071322711,0.5459072035124546,0.9288231887492332,0.3097824600051178,0.9918578553704656,0.8719044251626894,0.5078836327558701,0.6792617833828545,0.254639433,0.581822535,0.0
0.0202970749662412,0.9535970692619344,0.4988929793562557,0.8431234117051727,0.8334845361118616,0.2918615817125952,0.4111681269268472,0.2048757049243884,0.9315026460066964,0.429596389,0.185105163,0.488888889
0.2023516950532118,0.2138351696103989,0.5112572745175483,0.9209307142596196,0.4978304072806983,0.0544651545548857,0.4822855401645418,0.9530270407599783,0.4487975652830223,0.079915785,0.110513493,0.36
0.8434106661731248,0.7329895796806314,0.320121767226763,0.5119698057679006,0.7948651297119501,0.7331061247240993,0.8176348405006838,0.2329852931403939,0.7768680517882571,0.405191021,0.468195138,0.676923077
0.8115874781046363,0.3424917132991928,0.7866302608589207,0.5979618426645331,0.0374345950837495,0.2315262065484091,0.715102534071709,0.6099736391173577,0.2898938380454409,0.141729185,0.38190052,0.075
0.459463436518626,0.725057913091053,0.5179377939374324,0.2591894343159435,0.3146773470178438,0.886120101734853,0.7065057023219157,0.6243624581855637,0.7872204671535982,0.404135248,0.493047363,0.0
0.6812525532039537,0.9498687549499176,0.9630597629912772,0.87530639098123,0.2988745585441082,0.8701658879100673,0.6612123506935775,0.072711815392461,0.0810613891388331,0.496610133,0.447383904,0.392727273
0.9754558936487652,0.0298787855742915,0.3630256960593354,0.6277510911911419,0.3562431395425851,0.6088322545216068,0.8481173615234588,0.1264128878481185,0.6321060100072932,0.086093436,0.485004189,0.381176471
0.5768117236197585,0.1398935465905441,0.0901996026268084,0.8274633145396985,0.4274963292400471,0.5442675568980964,0.0606771369236879,0.3215346196474448,0.7039416784024,0.076560087,0.583068263,0.352941176
0.9708481978587616,0.2118414199462701,0.7158114131462103,0.6083654977055766,0.5655235278359434,0.4748820179731268,0.5523616519115842,0.8064940640806727,0.7707771010965355,0.128436936,0.539772033,0.423529412
0.9815466755017904,0.548606759537717,0.6571893851880576,0.3094235681431566,0.5062997855711854,0.1400943637053964,0.0131196735367759,0.3672176344133989,0.0588533151111771,0.129070713,0.2812516,0.72
0.1260783030870879,0.9928676617628984,0.7395325921575157,0.8323001010164806,0.9419956792689363,0.0063683196171829,0.8183552007903792,0.7236932512764698,0.7507265996615027,0.770345889,0.022951394,0.563636364
0.8834773016075727,0.6031016060197889,0.7087824741481944,0.7199890560042721,0.5908019477006425,0.874487387149767,0.7867509259345031,0.8004010020563688,0.5317727184329708,0.274533321,0.650364073,0.275409836
0.5070444980532725,0.6959924402570217,0.0868733506793492,0.5796610546248666,0.09953318343638,0.2445215403323511,0.8183693564418897,0.7668380563575181,0.3350468047707513,0.268035051,0.375819856,0.48
0.7566173361762238,0.928710964101835,0.9440652872032436,0.0257458666200521,0.0637159526344194,0.1056679496063021,0.3372110396237393,0.2953260520168356,0.2313751073847685,0.41508445,0.2307134,0.6
0.4780139988657164,0.2942301763826938,0.0121350186477582,0.2554912873571866,0.1166494572966032,0.5711511603301406,0.2567983923837714,0.630871465734942,0.1330793060927766,0.06502642,0.397231093,0.4
0.4389543392376601,0.3223553276830017,0.7337815925618469,0.2066728977692082,0.7157690434739618,0.5054821415060244,0.5940333867920009,0.7541832918568079,0.4643080514351538,0.173261627,0.42641041,0.45
0.5608119706732965,0.7471816304220361,0.8722172566972873,0.8011009179127379,0.0969782027995286,0.3065387282356042,0.7372748470956068,0.1982542996131695,0.4126867624641328,0.50520569,0.396087534,0.417391304
0.8615360441429512,0.4083019042937551,0.3397367885004638,0.3794799217886636,0.5824774311572,0.083665270380269,0.3531375575197135,0.8863221893494889,0.5201208579949043,0.11611487,0.230774089,0.36
0.9228729226627966,0.9932914619846924,0.6862905808249687,0.7753406699343561,0.2561627637828432,0.8053609360133975,0.0253030416171786,0.449226076230299,0.1646951803249852,0.509334832,0.542453965,0.4
0.9595389167924588,0.539654420040849,0.4945635903748937,0.8518663470282603,0.6513942117323929,0.3519585291055921,0.4557940780305064,0.0362291511275163,0.8209585823502795,0.180502885,0.501180352,0.436363636
0.3499194077609421,0.149851506975106,0.2569752734211799,0.3532887862518356,0.8318745832818438,0.1564017239195687,0.5423581649689315,0.8939148465188459,0.7140109165968052,0.117227032,0.228339925,0.304
0.1033214493441291,0.4318224213784579,0.3972804725789108,0.6927862040695251,0.980020302309658,0.7906349991829723,0.1215519489384449,0.3948943038590964,0.9101624484366052,0.154684859,0.337968653,0.0
0.1601426009769009,0.6624024313916289,0.6025319846808727,0.8145725934363183,0.5665917814645388,0.2201483942608729,0.9333367341744044,0.2137847657616454,0.0786942277809593,0.28747114,0.146514359,0.4
0.1066527559542358,0.564498589501492,0.4342879320680145,0.155888999643244,0.3871115081038726,0.8838031742812147,0.3450820532212858,0.0155646610340531,0.3056160171239559,0.165416039,0.275692495,0.24
0.6554930223267887,0.1179349218413526,0.7666143269870964,0.3377686380791156,0.645507528014897,0.4665310867764247,0.1337186420606573,0.4151482019837831,0.7844237203881808,0.093441585,0.464403851,0.8
0.7886527057660193,0.0524082853359215,0.7360265454787012,0.719167431694287,0.0440506367881519,0.5753449155122359,0.3540601054278438,0.910200955743593,0.2180433919518621,0.060414138,0.066943509,0.0
0.1901042302908686,0.4782136663922832,0.5360664901108566,0.4082413475641269,0.6272133507627763,0.4554391687855095,0.3132007310004449,0.8508249636207588,0.3723228494974738,0.131430413,0.12611967,0.171428571
0.554222040275826,0.8600117849527518,0.3290180144743435,0.915717396189841,0.6385702544788306,0.6792328061398499,0.2565972105815877,0.0056894079835858,0.6071041357365504,0.233625744,0.699248866,0.461538462
0.7396487273174375,0.5592011190279559,0.6761370625589248,0.7974659145196707,0.4797456861511099,0.7928173191951843,0.1578925748269454,0.4655520593354286,0.3039184634851916,0.207453052,0.554057112,0.327272727
0.1869667772431896,0.5347917624374019,0.8498569811576232,0.7051586112827913,0.7582022086502656,0.3869587754594265,0.7176494820351117,0.4546557261136934,0.6605600497742465,0.272680466,0.20596826,0.05625
0.990746045673044,0.9778976394527948,0.4353877341638974,0.6536014958666111,0.6176912768090241,0.1063488753017948,0.4738559686335118,0.5564713263240378,0.0742092725623979,0.365497136,0.330209919,0.72
0.6284684217854257,0.4579524562115491,0.9411802060085004,0.3616638688578135,0.2707552933754995,0.6139118499272952,0.1931695065191391,0.7395194054831394,0.7795151698685918,0.185538703,0.645836002,0.171428571
0.6585303588918523,0.6237379540676551,0.7030005011499775,0.1272199646575446,0.2362416256602734,0.3236734423789703,0.7143038107095664,0.0296002940499707,0.2723477968645218,0.260152275,0.42940065,0.417977528
0.1058685900860805,0.7169594147239768,0.961790326492168,0.2255812390107548,0.8325506410571936,0.4452232576316253,0.0349446010816095,0.430319914681718,0.9904203802215236,0.32196181,0.097198344,0.0
0.2186976320241969,0.2804222632711228,0.1777336678511354,0.1390785435013309,0.8248544780510985,0.7608253377659063,0.6806984402344297,0.2836276132090868,0.3037214338287799,0.138034149,0.318679648,0.432
0.7392187902929652,0.8517010662426402,0.4956452280551799,0.3401566526914649,0.3512623530055024,0.0172801158076811,0.6001278253605009,0.5151873583075921,0.882781364870739,0.422522456,0.12762875,0.328205128
0.7357813534968984,0.8754549924352091,0.2554287145447825,0.647103894019422,0.9520648726053978,0.0132918386407021,0.2694044153604887,0.9481574814796176,0.1686103575207397,0.274679431,0.036988899,0.0
0.5915395903579418,0.0050907420394036,0.2662310482526191,0.341452301462897,0.2442681172309153,0.6888319418278069,0.8971870277794475,0.7985591611466017,0.4837364027249943,0.072926168,0.537747264,0.466666667
0.9466637234539488,0.6360747958763174,0.757450573998644,0.5368675565568198,0.4084753945941159,0.6961791584656097,0.0907629326591022,0.81003045008763,0.0516226989132276,0.155554324,0.851544328,0.0
0.3752374912093021,0.9104975549315872,0.4224556603970103,0.7280484216678061,0.9522470620842768,0.5706791740849401,0.4816017549374634,0.8037571896983172,0.9434706858223396,0.301958632,0.499913681,0.436363636
0.340243676733143,0.9705725947340612,0.5482894161716642,0.7058852749668147,0.7847102324822766,0.6688112549330772,0.667179486714126,0.7864137585430082,0.4917662632517672,0.569667618,0.322946822,0.0
0.5268043883430644,0.2693764578326549,0.1785440795276017,0.93283438491757,0.0626129313621987,0.4273179840579348,0.6574487177395947,0.8608020171207905,0.1980212197118993,0.155504874,0.379816334,0.2
0.0863944878869955,0.0307643717971817,0.2066315776647307,0.2016057550314538,0.6838961871426038,0.4333272890638757,0.7711221069889427,0.3147690014372459,0.4657379223083071,0.080928138,0.189478632,0.08372093
0.1355537843803458,0.6518086305738123,0.6324218577556066,0.1227619572495041,0.6653076134244179,0.66932860940662,0.9370748562461504,0.9823584900040216,0.5093399797547461,0.318783061,0.267032679,0.213333333
0.4076565108656104,0.6499966449321953,0.5967092297916237,0.1536158847301133,0.7044022092232236,0.1510086321979877,0.7434076836342419,0.7962619315619195,0.0374055987708527,0.308910892,0.177220831,0.475
0.963748237800934,0.8812876726119835,0.0549275781642187,0.6622486474928467,0.999341744008404,0.4752703735573903,0.4358124985606382,0.9679358926688224,0.1526271703392486,0.25255352,0.394011671,0.45
0.5970390028543913,0.9845737841857476,0.3431757559215653,0.8241336532238799,0.0970907630961297,0.9751353378589028,0.2476812634844064,0.3198213230771325,0.955404035438324,0.409577618,0.505711279,0.579310345
0.0430363866593742,0.7807374735539951,0.9079339607541782,0.8515235408280363,0.9231607411778742,0.8243643074921878,0.6308409522142069,0.7099065144939047,0.6224591840947155,0.573861297,0.325873157,0.308571429
0.0273067671720723,0.971703268066679,0.6027483847110653,0.9314896670529892,0.1281569449800467,0.5226289681179739,0.005753670643143,0.1621000435840075,0.4751846523756277,0.462654236,0.138417421,0.0
0.83503312562957,0.7745074200909797,0.1318381590635179,0.1502074053608011,0.4384124706579667,0.5300352028110663,0.6043453104061108,0.5502407257952299,0.263708027177268,0.394102256,0.509634684,0.254545455
0.0545490506448367,0.5801669440154054,0.6176376964286407,0.6460676110807411,0.5223356376933177,0.1997736662543595,0.5431181825767585,0.1855601420785093,0.06330856349958,0.256285076,0.117909876,0.607594937
0.0060392504101542,0.1114581270280623,0.8224545620724861,0.684949501481945,0.3219726963181012,0.0890509385027596,0.1028311039409686,0.8929697467042752,0.3634561295167862,0.071787415,0.026973103,0.0
0.3531950534584415,0.8273345350383012,0.2150408476249722,0.3371328835926447,0.4801333348831174,0.1299079845608695,0.8427551085184782,0.0290277026303737,0.6716536187572368,0.493033154,0.277480496,0.466666667
0.4440205713724423,0.3492266830667693,0.909833062708122,0.0593858702419187,0.4906818974117158,0.3151405305224495,0.6876427375977135,0.4430139059396309,0.9881340697145636,0.238751521,0.448552972,0.305882353
0.1438609665912648,0.9579225870542928,0.565719929363919,0.384722609922801,0.5657879299866401,0.8872506044215843,0.2933152512085233,0.1385235690827371,0.006480376077986,0.337360173,0.297814864,0.0
0.4568133240866071,0.8356554290403488,0.2536738837331445,0.5338744663688182,0.3986479581346984,0.9832219346469876,0.8778049328845285,0.5469944943237091,0.856347719458877,0.600753136,0.520244654,0.553846154
0.8324379628390782,0.3473834023607917,0.7639390046613025,0.8198906978300065,0.4494138329627443,0.6512027044718969,0.1868682210577278,0.8269389056598145,0.1921925052423991,0.10495495,0.625550865,0.171428571
0.2207693036595235,0.8589195479919455,0.0460165147954124,0.6656282728581876,0.9105517152788364,0.9869477396085988,0.2833051186344864,0.0597829134395019,0.4865306423178305,0.321488337,0.542235196,0.461538462
0.1420430060414539,0.4897264839068025,0.7760198823133619,0.3749386467737681,0.8500517059183155,0.4839917833456882,0.6796083678701305,0.3548187248983743,0.899661321636441,0.398599836,0.320300128,0.632727273
0.2951268746097792,0.1995869617523544,0.3154144793361798,0.6952340263985558,0.5105388884201568,0.380157777363337,0.5251038937960986,0.874645784884376,0.6996048853154246,0.127343421,0.286096662,0.255319149
0.0542258721319977,0.8337165270675022,0.0493007566725677,0.225554455908548,0.3654844517138008,0.0892597001262115,0.1939922939269276,0.2777935173929593,0.9752792116064664,0.338235491,0.08255457,0.72
0.3664617966393249,0.7573837043218054,0.5732950623001829,0.14881011367045,0.4550363954088737,0.7843961241095809,0.1137858434059112,0.0641629965684713,0.6553475005820193,0.278411599,0.488904842,0.378947368
0.4117896786111997,0.1848881162710088,0.0303318911404207,0.6802382733242146,0.8739867217404232,0.8931932678647946,0.5144806731546135,0.442225239850346,0.5755423578414309,0.149578341,0.509762406,0.447457627
0.1632995541514487,0.0851588680640073,0.3082459755665632,0.0313997091406866,0.6505476942357058,0.9723661394054676,0.0824915551892836,0.2330510034546956,0.1297728641542269,0.083700667,0.535017925,0.8
0.1004780219146717,0.633217818530616,0.9279230021503916,0.8525169386694534,0.3568750900559793,0.2403822947037059,0.5925024525243835,0.4147295779176102,0.7414468122378165,0.373268908,0.159056843,0.133333333
0.5516316365669444,0.8315164780299615,0.3964020334112518,0.0641352684247172,0.3635289919771134,0.5774515503603905,0.2442137640445072,0.5243025314167481,0.5344261909811248,0.344672205,0.359729842,0.1
0.2118122329545875,0.8680572353413786,0.3337855440807262,0.4901964630383453,0.2906089912386177,0.542859741503502,0.799412752262875,0.1960876474968558,0.4330144800266817,0.390414502,0.422553658,0.477108434
0.6332871004592422,0.1391179490791796,0.5141436984751817,0.7047435133073462,0.1412902248326613,0.3803298263174659,0.4072016986060961,0.0358870133327046,0.274759814384823,0.081472202,0.181384053,0.24
0.7742876292877604,0.5808456450652633,0.3070819255106607,0.6640514922460217,0.6580561597154443,0.887790404512527,0.7007746538406874,0.5774121634481421,0.7917203228886194,0.443945778,0.581680331,0.192
0.8032209291966884,0.0276128932732833,0.6020206388322881,0.1385947273785457,0.4029735896586478,0.1516898644432461,0.7678869743577251,0.2361112892940663,0.538932024997639,0.087541831,0.29864666,0.0
0.0455246194661723,0.9794990916577764,0.3108763277336448,0.3543246152112156,0.800880307765744,0.2480366891977919,0.2791039002137123,0.4229597801632897,0.7724011051074443,0.493127835,0.142460346,0.553846154
0.1241589072622807,0.966025846528456,0.7927657641553669,0.4721062668769206,0.797998255923489,0.7407742457668495,0.7050875431755375,0.6538134784754015,0.4161947876632914,0.503500672,0.28578244,0.0
0.4936241999785292,0.5019223894920181,0.7791263571300221,0.4825001964243535,0.8532659817973987,0.5575367100385044,0.402984316403664,0.1760161189102409,0.0035667997430048,0.108760309,0.263505825,0.72
0.593240936994361,0.479307004981615,0.838927637007184,0.0835018787228544,0.7141627501826591,0.552704933066988,0.4110110580206647,0.2669756376038317,0.6428073842459205,0.167088148,0.352908759,0.654545455
0.5550210347078606,0.2626529178968866,0.5601630737826132,0.9117648340021977,0.2985142328931252,0.3868663254435088,0.343612818541295,0.5047016799499682,0.2771092854436999,0.086691724,0.30408482,0.36
0.0850136955679931,0.5641972792769782,0.6079872811066215,0.8190815080535161,0.9527870887504808,0.6361491779531998,0.6598961355647232,0.7634150468742453,0.8787897108908148,0.367780427,0.191391782,0.0
0.991532216656108,0.1338171494415998,0.7475281133815981,0.7588489933326522,0.0383913437870012,0.0620094378616108,0.7847095790676534,0.9668144734159716,0.2105795734898913,0.159095909,0.21117926,0.193548387
0.8300163069828337,0.2948889889611161,0.1535508217013669,0.9177230112014372,0.8024730183817697,0.7948426727595076,0.4858480173633677,0.6114345920159953,0.9317266820907324,0.112626039,0.373500232,0.0
0.952872670750897,0.4138748484596609,0.96432545808395,0.2698841674403622,0.0427290488634354,0.6359347511390953,0.4094830652455263,0.3813073462016958,0.7706892132077484,0.14699364,0.479274017,0.666666667
0.1994583523459121,0.4611620762507575,0.7243695019378337,0.7883606928259143,0.9968490937824204,0.9733296901088804,0.8164681244857641,0.7493363824945717,0.8479377368660541,0.217902009,0.373392532,0.323076923
0.3409634577621574,0.1048398944593156,0.9463530496231776,0.6053879546492978,0.3078841180264319,0.0409782892804208,0.3151154060733558,0.0473186551139177,0.3077628921527827,0.085181297,0.094851514,0.457142857
0.4671627916057113,0.872055945853608,0.45008424295273,0.6702936431983099,0.9172026493062758,0.5679542073943188,0.7769164236452273,0.6319472407672021,0.5580152343626137,0.372021156,0.494085358,0.222857143
0.7402779449576389,0.6817298464311257,0.4589031045233378,0.2164347430258761,0.5541624540544992,0.721764787163428,0.9330067956891648,0.5876861903105022,0.6947610837590034,0.290863044,0.622390337,0.357894737
0.0667342171352902,0.2390526519675649,0.2590210861881323,0.7002052260266751,0.8145590818672417,0.9940712550241358,0.2908231116906429,0.4826141978875103,0.7449789097195986,0.090054414,0.4259469,0.0
0.6277153619900427,0.4948784817042262,0.7333151210284674,0.98459959082015,0.6611318657308459,0.0137254093085344,0.3989392504664274,0.2207075194808117,0.5520299182215088,0.144258564,0.039054457,0.0
0.2088841733853658,0.1372200594918439,0.0102452823393009,0.4618241450295616,0.9547455719318656,0.2240832592538254,0.4600951750491607,0.7975091992295255,0.4637250808778027,0.079135531,0.109896945,0.0
0.2483075921323354,0.2061640082275384,0.3533071047353563,0.1435366749850496,0.6032806263168128,0.4720239859402736,0.1196330588174977,0.1665475843218699,0.2712760709810695,0.083820531,0.540911946,0.469565217
0.0668822349720845,0.1286252936855942,0.4429404406090684,0.5858001150037782,0.6346335631475636,0.4971200662508407,0.838038043378881,0.4154313552951242,0.7392861936049666,0.127239059,0.217809293,0.0
0.4074807915575038,0.8903375386719368,0.8215155154052041,0.6343834775607134,0.5610149978713462,0.1119521040691833,0.0628631029921303,0.6665895191812276,0.6285855394100177,0.262748344,0.248796779,0.6
0.0663475640878495,0.9111500132450092,0.160956474506015,0.6137231848013682,0.0944203539539583,0.5821078648008323,0.5331175911808149,0.5039590091103143,0.6987533841623341,0.505187714,0.29107479,0.342857143
0.4469389226680305,0.1300851024495706,0.2826591399413536,0.0729301722274753,0.8810153288403925,0.3153480943044298,0.0085601814516538,0.7331054885490049,0.6724224220226441,0.048936002,0.352547285,0.628571429
0.4119209225906158,0.683257658295052,0.90902595616375,0.040097524407122,0.2365428492748449,0.6634496454145574,0.8987603314999798,0.1696564287011613,0.9429977109743928,0.366710516,0.398963814,0.017391304
0.6948557472828224,0.5205986593605634,0.0412193749422382,0.080391767180238,0.5001746591207353,0.202475549079099,0.5756305955755618,0.5225720220008206,0.0458926104905665,0.210341951,0.356177084,0.458426966
0.900308500188159,0.9002938647098603,0.9328873442262352,0.2277083319813352,0.5368913760771752,0.1203646361607343,0.8275902990623587,0.6768343559249218,0.152130602954417,0.518893343,0.368180208,0.616216216
0.7400983413837261,0.1928058851051686,0.9376219843146129,0.7218421190026351,0.6579215648791147,0.9998146772877736,0.1252430240201353,0.4383358906798235,0.6729601603478576,0.092892667,0.509426396,0.0
0.2030715894047097,0.9902886396849446,0.4784311610984595,0.0083934911582211,0.9207004787095214,0.8133088204445161,0.2070698260629844,0.7570970951578456,0.8478560194116032,0.572719177,0.653124473,0.3
0.3393401611763712,0.49024391109131,0.8608745586983511,0.792903978079379,0.5278592888787671,0.0629220699954017,0.0900225068234913,0.6539533125098891,0.3820718796107364,0.21870567,0.10460256,0.0
0.8632161042897435,0.5302664505751659,0.729051607482601,0.7006574977700053,0.1140473223858121,0.5612746597507643,0.7002336857866661,0.8926453374839652,0.2025418611873854,0.259494018,0.539573894,0.289655172
0.9006099296404848,0.6628587536665824,0.1195464509871426,0.4094594817750618,0.9516753112646458,0.3473997306839654,0.8625060507869811,0.1312762327232788,0.3687040288668523,0.429497004,0.367448803,0.274285714
0.6704062429842459,0.7470932477012314,0.9961800492727334,0.7196617911617685,0.1765635899356687,0.72249189468072,0.8167432999223995,0.995058341527442,0.8001789333729935,0.498903485,0.600771492,0.445714286
0.3618645232613769,0.7364824493257516,0.742832718135238,0.0637820101372141,0.4814261003879743,0.9134027630136567,0.9700481585842436,0.1563039619512753,0.298795762649314,0.316777301,0.453569523,0.1125
0.5193050725267415,0.1390990902741687,0.8722919187370356,0.0485880834255344,0.2334605987989663,0.1908348675092059,0.2044717496032829,0.4735112276352459,0.2774881013735152,0.099543042,0.268218543,0.375
0.2328816707579671,0.203361443237074,0.1169289441264105,0.288249349750067,0.0552737664237682,0.9459049849785004,0.8197029825956614,0.0199881924489533,0.828955403922383,0.132846024,0.388098708,0.18
0.753030780329947,0.4048700278487795,0.2649294587379538,0.3583110481509445,0.0385492333352726,0.4406515198934916,0.2489034752484483,0.0879246961584313,0.5165227895065613,0.132905444,0.530058046,0.56
0.964344093687742,0.4562179288690652,0.7456439775819572,0.8967094694004096,0.5144760506371807,0.9304726485996992,0.8161545408570774,0.0008904784425195,0.9477679168857188,0.279083365,0.583814498,0.208695652
0.9648564968925508,0.5352530681882299,0.4151643810493532,0.2887418845001321,0.6969082433903218,0.6235466582209656,0.598150676624934,0.0624552517181433,0.4925427368636921,0.286148689,0.532950356,0.257142857
0.2610556256980182,0.1958484486065798,0.9131939233191168,0.7653079724443604,0.6081343855436605,0.7302288983515731,0.6285185795017444,0.9642821083687446,0.9102051625360332,0.114496755,0.285604712,0.0
0.7125290263840006,0.529739414963015,0.3312303027745961,0.4818193269369517,0.9792331378698524,0.6722858007273333,0.8275526956282148,0.5574683482663996,0.3781493992748791,0.259322397,0.504772527,0.208695652
0.8152328069437671,0.1670988806163985,0.7190426466416997,0.2321015142849092,0.3110884925578013,0.8677807040291763,0.438446705004485,0.676253032314614,0.1331159564048025,0.074575111,0.389281104,0.685714286
0.1507046524022474,0.1109930243677702,0.9083996239876928,0.4182022981392583,0.062301731745659,0.4793343903619653,0.7584508167169018,0.3320050005098436,0.4727782151996592,0.137036944,0.212838763,0.0
0.4366114853234233,0.0344047463610474,0.9510405129340076,0.1347868987757484,0.7784729072099044,0.5812932220490403,0.2411921362449561,0.3056818511828447,0.9491504770097848,0.07878504,0.400273968,0.646153846
0.8527326223763035,0.6530332422974957,0.6343422613523142,0.6000525414835687,0.3498297230777895,0.3620683161680943,0.016576276813305,0.9580004134366006,0.0533495021690552,0.220417799,0.456857042,0.6
0.1484292016526596,0.3297296301495807,0.5298538171879914,0.3773151168888712,0.3798640447328938,0.0026857847278413,0.5289077100748862,0.3756846840715578,0.0302513989512184,0.141871783,0.031504459,0.868085106
0.5606946059260027,0.8188367849737379,0.7157252525617435,0.1241925231651708,0.9775044464981932,0.56277412884828,0.7882590360788262,0.9473640823204028,0.806458073002912,0.599733301,0.459037119,0.042857143
0.7330839178229714,0.0772950161655567,0.9024277467339424,0.1437081550125254,0.8918376947531632,0.8143525165564272,0.8124766283398637,0.1491809089289496,0.7806167325888734,0.10682895,0.554720841,0.435
0.8158015376524526,0.397454383004003,0.0206364448770388,0.1302109004120196,0.7419911790274384,0.2095875945909419,0.2431624800719521,0.381392793566442,0.1004580469391357,0.105818351,0.281592258,0.784615385
0.085888484451699,0.4547249006268298,0.2909616605243732,0.9230269162339024,0.7433695823683164,0.8443639816625524,0.2179581492596475,0.2682763291686115,0.5136889607108996,0.138369382,0.231172285,0.0
0.3223624644796636,0.3569068022002105,0.5030320054339428,0.5595971393560594,0.5051707510002783,0.4076401621506869,0.9501612095139113,0.1656593153376603,0.5557371763215234,0.168325293,0.49137808,0.586956522
0.5558209622972418,0.5361455076178743,0.8706575249510807,0.2232489699923212,0.2053888997554286,0.9537164849651156,0.4427705328208713,0.5182076983277656,0.1734024984558699,0.130376504,0.4166659,0.436363636
0.7171535589986154,0.4880112584649347,0.9158548398297394,0.248196188728603,0.7114420986692063,0.6243568095155002,0.489468506056304,0.489877922202418,0.9405893840853996,0.185211454,0.572659703,0.54
0.7961810577100291,0.7964511778143872,0.5628157983551948,0.2482532111539824,0.9354594898901674,0.1794233616393393,0.7480123301493089,0.8652511055525526,0.1620036132210769,0.449546202,0.25413759,0.362790698
0.8195754394275184,0.8620354681606519,0.5527406868995103,0.1535838476990273,0.4390954005777792,0.742619932751228,0.3678812409111501,0.0172505219458399,0.6145768700520404,0.354691429,0.569531119,0.685714286
0.6594731251290866,0.8706414135466903,0.3920177429956574,0.974284350064299,0.7091104090372251,0.5237181825534832,0.1435194495006352,0.2743342751368477,0.6783378531109848,0.437177982,0.31430903,0.0
0.6788085737633187,0.6886503898585502,0.5499382663397817,0.5272729225571484,0.9189373847231516,0.8417581571975341,0.1755731134654142,0.7017019267533673,0.3923486255199551,0.204397631,0.414958041,0.088888889
0.3222773308987459,0.1760218878102059,0.4157090289847528,0.0572792202622716,0.8447776673447642,0.0585824997738401,0.3063275904271244,0.6711004428897214,0.47012808799868,0.078005768,0.054556152,0.545454545
0.209033155164904,0.6997244561066263,0.5498614528802453,0.2974199234196317,0.3667950340185324,0.8033019853571308,0.575453429443612,0.0436018429239808,0.0509192806936443,0.289952284,0.457651289,0.272727273
0.1657231317193479,0.2402811666553529,0.3749898966382721,0.6748162710733951,0.1985263099781786,0.1511837405252374,0.103854499976134,0.0661083769565662,0.9476908107522792,0.106079567,0.09667063,0.461538462
0.5496269633386073,0.5077328689404782,0.3630296095983409,0.0411384195976134,0.2048992764570867,0.0199550525062917,0.5678511473881744,0.7457612466205327,0.3785633241848536,0.273010032,0.092383184,0.724752475
0.3576115365752673,0.1442124361112143,0.5211329670886753,0.1360360684056046,0.4520749009468029,0.5352757148403239,0.0331373365503924,0.0741437955991022,0.6073887685421809,0.062208091,0.483397962,0.0
0.2270050444000497,0.4910392181481499,0.3872050052595691,0.0239320217580021,0.5038180793008381,0.0573056125422117,0.070251813485755,0.827184289501193,0.1474554461813739,0.133560469,0.041450236,0.0
0.7147593424851648,0.2074956313341275,0.650472245333247,0.1670504960135933,0.3357045196863611,0.9376339669683156,0.4465697976061848,0.2300525153866389,0.9239412968116166,0.102807998,0.390546153,0.0
0.9118769077690868,0.3202017179824283,0.9401686029909216,0.258158653358143,0.9383106654234422,0.7930661200153616,0.2138544029880803,0.655685606816281,0.5461439188951493,0.151823628,0.920008452,0.0
0.4025568827599444,0.60315442176279,0.0706756889282111,0.4223981931582445,0.5486327584810012,0.3325407395571211,0.6815731369633065,0.5932011920358147,0.964727919307308,0.207869082,0.280197275,0.0
0.156810987142873,0.9205049374737658,0.5048783657338621,0.3456395426005675,0.419618195734159,0.3758877565355331,0.9990847745468932,0.1524922937229214,0.6070248748478574,0.502853643,0.328983645,0.43125
0.9489944264624764,0.3306609868689951,0.5338525405038033,0.0023806196231799,0.0703947665941985,0.1778527163278004,0.3078705794365144,0.535467633660323,0.3736008922915701,0.127874368,0.372366678,0.52173913
0.2876763387596061,0.3482007134371804,0.7696287562169487,0.1628130318384032,0.5329070258651997,0.2939797225986706,0.409128361893188,0.105364838429365,0.6915656307503498,0.140839501,0.323365418,0.272727273
0.2922906343907855,0.745861767900494,0.8854671457556963,0.287788475141791,0.41548236158695,0.0911775760674771,0.9053715070025408,0.5722448855178517,0.4381272647257163,0.481878343,0.077881706,0.0
0.8613876938199633,0.1626545060622657,0.9244567208059984,0.755937258763465,0.9285863496960844,0.3961887376094214,0.2313133998278606,0.324386700083845,0.2611219001605882,0.108311641,0.347933525,0.0
0.3759770705434632,0.1448479802964023,0.1312660748662769,0.5828460719406416,0.9957331011005406,0.7629098980817862,0.2823952896628734,0.150414687959875,0.7212726596527376,0.076526915,0.349106794,0.0
0.8013535612955737,0.3970165728934687,0.703592039284363,0.131700286898747,0.2444166143782137,0.7424502758692768,0.7535427651364711,0.3597125137211471,0.552119154181968,0.198500681,0.461756512,0.144
0.4895695216048523,0.6927895810354284,0.3167545412820954,0.6771036724366514,0.0646753627196339,0.4858236121878171,0.8262758431140772,0.9899481874927256,0.887022446186679,0.329600623,0.417794643,0.058536585
0.7709594768172318,0.3023938625749001,0.4964114764303999,0.6693512885096427,0.8271697755338311,0.1901479024104587,0.8541875955851854,0.8624549801979012,0.6879095784073574,0.140677942,0.392190696,0.035294118
0.4985554692828963,0.1389049620800825,0.4421340202072802,0.1192133965381703,0.4930866668510621,0.6012048792789765,0.360644934487609,0.1849982235917999,0.8911866181248345,0.061848386,0.543667905,0.48
0.702899073865601,0.5241433006243581,0.0219474496269602,0.2487289537198445,0.5644206951562689,0.7169069732061795,0.0937580981299647,0.2886773867403871,0.2630879539478936,0.114943681,0.652391179,0.564705882
0.9261674309563268,0.546575439925241,0.0596667027404577,0.4472331691728313,0.5326636477948392,0.567225351535724,0.3988116197669619,0.9170863577119884,0.2468744391201414,0.137468756,0.549718917,0.72
0.0101082935263436,0.6047085051056199,0.7542766190725431,0.6540082445459574,0.8558640268425373,0.310244984226857,0.8136142382775651,0.3687256791593923,0.5065808932743018,0.318854781,0.182334543,0.7125
0.3878312052349625,0.705414761936258,0.2353317828217354,0.5135031845060853,0.6062201680437603,0.0526767457840262,0.5226366862282706,0.3350160820254689,0.2258999077808412,0.315056628,0.150954624,0.770860927
0.7854393786619464,0.11494638332777,0.0862666642344454,0.0753250846157367,0.925125083490424,0.8407244207727061,0.1320331865661519,0.5946175147725711,0.7831028657707406,0.088665272,0.658329544,0.72
0.5659289846514732,0.7325122222958914,0.7445656318174072,0.3629025229158099,0.7917956473569794,0.0376836525948931,0.9244118137093468,0.0344369653534919,0.14019818387132,0.385099813,0.108655729,0.327272727
0.5464417111102583,0.4001875203611037,0.3345268889241436,0.5430609122537693,0.0555788699306138,0.3139647567616119,0.5489280704577,0.9872785393328656,0.7733543271769143,0.218273925,0.37958741,0.392727273
0.8315264732160733,0.5704779558681371,0.6541474190140071,0.9658261470681324,0.3867745787491605,0.3031225301146512,0.4325096832591922,0.6020734417873389,0.1085796559919982,0.24845668,0.451106208,0.533333333
0.4344886378583641,0.9073905327277532,0.7755601526435666,0.8640863724372982,0.3526028485569953,0.6662654296852384,0.1282330239201889,0.1505623650203932,0.8741102231597797,0.386717711,0.349245158,0.133333333
0.2169893729710901,0.7230558806676475,0.687551412792419,0.2076381834816208,0.4987762784440351,0.0360280185284552,0.2606543780701472,0.78494634008059,0.8967615081115774,0.344297457,0.060131809,0.6
0.7480065489355106,0.0401175306654435,0.3164993205004204,0.6455032561400512,0.1467700850623841,0.7652368157568774,0.1643150813274752,0.8707150635406536,0.7329820859457945,0.068440542,0.578598997,0.461538462
0.1939323808128219,0.0240721484246448,0.7507894659951989,0.0185102738167373,0.0876855840654419,0.0435752416870316,0.452172427623645,0.6679019573208368,0.0549885503188698,0.050391983,0.050155225,0.0
0.9998315052463064,0.3684435893576048,0.1772005046933044,0.8060201217213013,0.9385844218032782,0.0476445408689771,0.8115562886521837,0.253708433395499,0.7566963172128055,0.214592163,0.294494339,0.67826087
0.5805853887790458,0.0754550907414288,0.9660540093225124,0.8055368826764239,0.8520622512988448,0.6597538146866749,0.1018528397083181,0.6576909447237242,0.6662475713022352,0.075830362,0.48028949,0.457142857
0.0477951594429983,0.467113723309406,0.0736101009271248,0.0309398658211591,0.3988600028429475,0.2195917794858977,0.0900403487755423,0.4344649019791616,0.1028633570328381,0.122825653,0.153794929,0.461538462
0.441978780599213,0.5989347187056717,0.3491745692003385,0.3307421636514686,0.8050831569936571,0.0308186074711792,0.4392622801523163,0.9962666978841188,0.7487276430412049,0.160761074,0.057464847,0.0
0.2972053220382763,0.9291076870266098,0.9130782774231636,0.0778908182719909,0.1317851633918231,0.7407537716867734,0.63036390447843,0.8082780043871349,0.2500649313004474,0.657011926,0.345409642,0.08
0.1216229040158968,0.6644981970460234,0.1969542132492846,0.3433129496163204,0.8343860702166064,0.5318116691016903,0.7588285443370608,0.0453405071256101,0.4584300698098835,0.443730705,0.330218156,0.417391304
0.3280230521975701,0.9811431689924156,0.4462556348824876,0.1575444777728138,0.8447209037328441,0.8732393849777638,0.806898606081396,0.2001978590311642,0.3659736916524581,0.609280203,0.423974907,0.026666667
0.1364757186053793,0.0084565425394699,0.7410890817226644,0.7289525080714653,0.0044624448792639,0.5479751748963849,0.738653530036401,0.9587070272242731,0.6145799150976685,0.083645291,0.341019328,0.425806452
0.645018934991405,0.4218481841071092,0.4460537953488277,0.5434269428566009,0.49732285120613,0.0985825009967088,0.9119593971911228,0.4037415122398613,0.4808986849793161,0.185751841,0.180174344,0.203076923
0.2944436920830469,0.7028277866973138,0.1821058991865276,0.5786117133132992,0.9955715821930988,0.7393646156463752,0.0515037798263444,0.0463151827782464,0.3600489573758285,0.192602032,0.42911839,0.193548387
0.9044324142593771,0.1548702948042813,0.56135044890976,0.8892459791812536,0.0219586264694006,0.658139476962865,0.1790579081159726,0.0050514803540386,0.2081000186999027,0.082589339,0.536009973,0.2
0.8515277378818386,0.1013497477459914,0.4845021328594642,0.8919522058468733,0.702418703926293,0.1203571361844834,0.9368590065624424,0.1890890363557527,0.1442042008081026,0.10383415,0.238266292,0.054545455
0.7244047368534763,0.9246366067688796,0.8582648372492105,0.0046700915285076,0.9843541918641032,0.5010831838934783,0.5621792453958407,0.3231073249529047,0.2592847996653726,0.468895713,0.480411613,0.234146341
0.0362175139454481,0.8252734855818172,0.0375017277846403,0.4797340732972639,0.3123654519324266,0.9479671640939016,0.3662095017100861,0.9535478135482311,0.6345515267084222,0.391416807,0.213028482,0.0
0.4380232292421142,0.6157674318753146,0.4572403056724281,0.3085164114909984,0.2081468500434476,0.5407441308481982,0.4446893020898433,0.5831265861972862,0.240029737031576,0.172930907,0.50612989,0.568421053
0.5226489830398675,0.2124413797778899,0.2797233484018776,0.4252313168574052,0.4406977453319276,0.5335442297593969,0.803951069894842,0.2085615367474355,0.8318100211208032,0.155688245,0.445813225,0.153846154
0.5278434523659058,0.929979307798272,0.5533792464916136,0.2710413780773951,0.0737900139673206,0.8727852962812597,0.1504177151369252,0.5745415741977841,0.9295175827727412,0.381242377,0.471368778,0.0
0.0370173650774915,0.4024858808028508,0.0589193210498828,0.0156762205639836,0.3461970878855515,0.013351988709169,0.741522269194537,0.3689910244960884,0.5562111041254585,0.240591745,0.011827007,0.68
0.6770034747840306,0.8064733998461238,0.731520946501422,0.6751223571026576,0.3535975483831969,0.0574886048674047,0.5102766201581281,0.6256844585212283,0.3954785711764151,0.509415943,0.088893973,0.0
0.9677991009018552,0.6562091662428264,0.0084001277508137,0.2422211965010117,0.7054319405350506,0.0981724953887829,0.211674434618604,0.9879133654190956,0.4932246750076592,0.203000823,0.284558226,0.0
0.4125814708642006,0.5123102994675086,0.4383650207395493,0.8076517592032896,0.5999021792476404,0.7632245866754905,0.0443307280480385,0.4613143655622487,0.2172330748116088,0.145806661,0.544282948,0.48
0.2036337662645175,0.7831623613608727,0.6168608318827847,0.4394345211695041,0.5574251278618295,0.508711108914387,0.1210425941644683,0.8512023898747497,0.6119543268048244,0.240772234,0.363425484,0.553846154
0.7239869598261881,0.0061009850551653,0.5956139293600917,0.9667758389056544,0.8722393390866104,0.93511503728187,0.5337135336976081,0.1723294288739726,0.0321417722272984,0.068874511,0.576489623,0.104347826
0.9397141690631772,0.6544229344671476,0.1055924641870527,0.4491228612882586,0.8870560282631121,0.8213153036167363,0.2359718378281647,0.6245530145827671,0.5865709234246267,0.242671712,0.453975534,0.342857143
0.2412721382653745,0.0679166699676158,0.8129548502892993,0.0792144332039406,0.7564986308264101,0.3596192667330342,0.0319105701922226,0.291226786125472,0.0268171950312186,0.061577804,0.252868765,0.741176471
0.4648539920461887,0.526221986009419,0.946503059799148,0.6623516289645509,0.2917341454941217,0.433920703133079,0.7298509150544995,0.8365885781883615,0.6085807074362031,0.309148853,0.404124114,0.516923077
0.7352728362149815,0.1496875575423896,0.8963729049950706,0.1652545240669302,0.2653184136754716,0.0165239187576883,0.0229774820109176,0.862540245151563,0.4754197863150109,0.089787007,0.145007119,0.6
0.2911745884204707,0.3151963223777062,0.1251861207019785,0.9108768724383616,0.6189777712049139,0.0526038018787272,0.449307885824628,0.7430000250389728,0.863080071152036,0.136162637,0.125840643,0.533333333
0.7156707935083635,0.3320317739928317,0.7999028651088523,0.4275371415125155,0.0142129795466569,0.2742056069968719,0.9073596075522647,0.5093270872859648,0.3835700166702269,0.163976025,0.431383764,0.635294118
0.2745072276289471,0.6902326321244574,0.7963755305200902,0.4850094037127679,0.6718251494979671,0.6294508850157459,0.3548187010223547,0.2521030930188217,0.2933736907131633,0.252784956,0.334353457,0.15
0.4059885448372693,0.7712115007003618,0.2368935651399792,0.5150980693957213,0.7962787104495662,0.6738884997675153,0.080270990402423,0.8211304575364932,0.3453175796845859,0.273943786,0.433122408,0.266666667
0.7831024564806665,0.1025647766078925,0.4475523179266983,0.7207970413672223,0.0386654373661174,0.0410041576219577,0.0447182868675264,0.4989459768790782,0.4346338507190728,0.061996077,0.186695606,0.436363636
0.2166221275930193,0.5757580704907852,0.9408607365676892,0.8198470770037201,0.5021185749551345,0.1203523545059027,0.4680896849378418,0.9778584076232174,0.5982993635772621,0.171397724,0.159904996,0.372413793
0.3073830772032931,0.498775347734892,0.2744526041925027,0.2344498230430304,0.4329529380257568,0.7971176165762239,0.6617756519279165,0.7241210129230825,0.5877609518143099,0.263786192,0.522649613,0.590163934
0.0481023349681305,0.45388338016182,0.1168597627503972,0.3952171174689932,0.3451961969137079,0.7463996904985739,0.4399287836540815,0.3194578538490934,0.623844866483082,0.15151798,0.336583006,0.6
0.2046438917169621,0.5031167329249193,0.9799426262174707,0.4808663854762618,0.8321255871453145,0.5480780105461678,0.2701449890553131,0.5921864766785374,0.2991744237788282,0.171457777,0.390059569,0.347368421
0.1824404668541926,0.9390340085831964,0.7208771092273706,0.0049060569948627,0.7511784062175688,0.5635004377674151,0.7865889260721627,0.2926399201675194,0.0145224849203224,0.799393703,0.15238729,0.141176471
0.7540458644212605,0.2844232032409138,0.6278547526668958,0.6611974504640588,0.0580048041006096,0.3554705330296822,0.9022245058843146,0.90199937215386,0.7905220366987392,0.172118775,0.359762438,0.0
0.7297739054680138,0.0327962954223699,0.043044391754945,0.5514446292926298,0.2364851190890685,0.1540903079494711,0.2282981493402252,0.1121371490867827,0.5195620954299596,0.05271132,0.400827041,0.0
0.6239381271031518,0.3418471904714871,0.88618411191086,0.5236166516297859,0.9570385281163838,0.8469348791809256,0.6630511814178511,0.0615883761338853,0.9850611105369216,0.208675023,0.601577877,0.0
0.2362625314027888,0.4104781053619323,0.5897137777496153,0.1627015904837151,0.7969749002702106,0.0189211204428846,0.8268183549533671,0.5184318001703229,0.7713763672446433,0.214036055,0.078451907,0.653333333
0.1184508152174336,0.4494221087168016,0.7589136039609511,0.7273009360088406,0.6350620719988965,0.0162493438821278,0.8066681068461663,0.1376078112357872,0.2855092381166437,0.216120575,0.015273664,0.0
0.5182215838052292,0.6912831988573145,0.3568140791466533,0.0332466718443007,0.9029937072439508,0.8000211545343268,0.6417332567625823,0.0782844651187641,0.2469977143756447,0.306860386,0.513246226,0.221052632
0.3385677857967493,0.837820747099066,0.7276850639901817,0.2162301659532473,0.1538195120609817,0.1549833064135929,0.5902350895877986,0.3893490250381458,0.0231684877542365,0.427230377,0.092753419,0.085714286
0.4376857734849755,0.1150927317970341,0.4781236148811069,0.1634055495539121,0.0381098832743626,0.0467415893244862,0.2107038233854667,0.5724085793688714,0.5821265060024902,0.065411342,0.075539014,0.0
0.8730295561590491,0.2026850300829211,0.2034647200648393,0.4072126197458814,0.4445055677265894,0.0799921330707973,0.5405989083726228,0.632342938898764,0.8334274091216805,0.145833907,0.178973951,0.0
0.1605252358560596,0.8997338200075503,0.9874475106024808,0.3325839455647656,0.1759760819894816,0.8494900160260254,0.9684097744274912,0.7320050094610737,0.7949600178300766,0.678849848,0.395676643,0.067924528
0.0386551782156161,0.8109178849893721,0.3792340988619501,0.0149354304419543,0.8533603119778834,0.2900788425514439,0.4575419843424146,0.1668487347159878,0.8441352708093928,0.193193773,0.109700789,0.15
0.5759891290353801,0.935800797907463,0.7686824733803931,0.7667278387177205,0.4475515973661329,0.982041992667446,0.0638456799448574,0.613431521064254,0.7842366310617995,0.268170704,0.518487332,0.0
0.1410716825591663,0.1299572235516551,0.7532370960509824,0.853014131618111,0.4282443656996318,0.9804740938573412,0.1078170022956538,0.8770210950077513,0.9697113896172332,0.093031212,0.316319748,0.0
0.1757977434118806,0.5889677657809103,0.6565583806541991,0.1377970972377784,0.6188113703062494,0.3357576145850975,0.6097514074106258,0.2507131427630892,0.6995628438120388,0.3096303,0.30303912,0.323076923
0.5034961027249751,0.4804622916154807,0.9537377003638552,0.5452292714414531,0.8937095756938697,0.52826529120549,0.0746286578300047,0.0782471351745791,0.6748222384853588,0.157176588,0.363152374,0.16
0.1494106345073914,0.8642237412933175,0.9683662804762097,0.6334148256945591,0.380760589525172,0.3758256926426238,0.8176284873927627,0.0945014447399624,0.5183095103588529,0.600521458,0.365663763,0.545454545
0.0470540145305525,0.5343369795049933,0.7601027374000414,0.4214625070622976,0.2500986378056264,0.8274174097607887,0.1511721614698089,0.6052955579638614,0.3862042728583863,0.207701012,0.22283304,0.4
0.9533545496097396,0.9317970054774672,0.8910785557607347,0.2628185151075392,0.7190735160714442,0.3164706627441939,0.0289715127182109,0.5504917612733338,0.5112903056956903,0.309372141,0.490426491,0.635294118
0.5566467022998745,0.6536875000698563,0.2526688278975233,0.4202629528803676,0.2672648496352132,0.8085448551955886,0.2831197475769811,0.771584374306475,0.7807809305214961,0.17830986,0.568071628,0.0
0.4254348425299775,0.523044382182352,0.451168292975701,0.3597140372536737,0.384456542495871,0.0843606834038138,0.1200384165762009,0.2294131821447774,0.3523167551458585,0.160251192,0.199339619,0.711111111
0.8002942669260376,0.1998825783559717,0.664861837480243,0.880591528168546,0.2217724575543099,0.9457602899162968,0.474086775616768,0.8282744374895161,0.4007083378976031,0.089541405,0.559540291,0.494117647
0.4453615022725684,0.4195281829051224,0.4471378744556529,0.6606911897369937,0.1310355515823402,0.7416668846016794,0.7783518841679,0.2491857378089627,0.5384192504765868,0.179728081,0.409048696,0.0
0.4181718430567088,0.74650207957806,0.9881517704290974,0.9063736719504812,0.08911663144532,0.1316255963757893,0.7884267034034215,0.4125663254409765,0.5643730608419205,0.39143939,0.166040652,0.15
0.7206290378788323,0.6260613710178334,0.4821419915693411,0.7985009524271834,0.2887165244053163,0.7048041566315899,0.9410612531638692,0.3949072345263753,0.4172944485611057,0.222504917,0.605098543,0.0
0.167183229393192,0.8071439104414397,0.8124579451640069,0.1805069509116492,0.9494982841442928,0.9936040533233836,0.6867311084809398,0.8518519590993556,0.7213074873735139,0.488323279,0.345609561,0.0
0.9800624877643572,0.765508241695302,0.9822709279999984,0.0524981017988331,0.3286941934280717,0.5328205905652559,0.7036141879201545,0.5805133026698385,0.8088602670139325,0.460245827,0.536147155,0.45
0.93550499604497,0.8483037593758481,0.0423641894466317,0.9081350772637572,0.2988714894404415,0.6154705427593409,0.0544261236453543,0.7572205231082805,0.6062875195233316,0.252277853,0.52320193,0.171428571
0.0785079936109717,0.7200881165434642,0.2288609847519165,0.835983953655253,0.4375733411564009,0.6572793994253381,0.6390694469571254,0.5375812193764079,0.1632915656972829,0.259951709,0.239454013,0.126315789
0.0058186340654008,0.9790696511399108,0.5601142459808409,0.5968683860840343,0.5823119133292576,0.3536016889332121,0.504747382253201,0.3921565413892398,0.8552118373943038,0.726599511,0.143187963,0.717073171
0.7055959343352225,0.9726878603229784,0.788262761570576,0.7157438207789636,0.6125172864754245,0.2659057379534079,0.8108381682198792,0.512913482607032,0.9103787315372268,0.726658114,0.433595218,0.530769231
0.8183509046149563,0.57985718404572,0.0358551137526239,0.3028839913424527,0.7327123568126483,0.6174470939311484,0.5750221582685687,0.2156782815287775,0.4617901716841468,0.295437223,0.432391121,0.580645161
0.4532148674419459,0.9564996262931325,0.9215004490623754,0.7607393767433105,0.038631692042587,0.0311891189361803,0.2265253093326062,0.5898849150677629,0.0788254888255114,0.323704402,0.018432718,0.171428571
0.0007454534765363,0.7337161162823856,0.8245731605925657,0.4828634336203483,0.2666943610684282,0.081644401063658,0.497833957751565,0.6625692860780903,0.5494580519090265,0.23782288,0.032461535,0.2
0.4489205113855642,0.3813966495314335,0.6057591762870839,0.0403929960114358,0.9450102106380176,0.6948512835060411,0.8552255854412247,0.5334942593359766,0.3222279545184704,0.160681504,0.440826623,0.075
0.3132599509091081,0.6963536010781857,0.979909691247138,0.725830863239923,0.7650918474308682,0.9241026412349892,0.6208703452930968,0.4870085602761965,0.9926266825783554,0.425609922,0.382576692,0.038709677
0.3454681229447858,0.1336873849122228,0.179942088494698,0.9000928375326197,0.0053685822827195,0.917523441825335,0.5084142831135594,0.7476812593659268,0.152232065791723,0.082643019,0.453706153,0.421052632
0.6951407126639939,0.118396284849641,0.4796763046693685,0.998190692299202,0.7209325097920812,0.821470915466885,0.0114038359390455,0.0466990833887973,0.2027555187825865,0.068904835,0.418287415,0.0
0.4723345856695161,0.5726768995391593,0.8014084386402087,0.6768027783066598,0.071990639665153,0.5894008359420531,0.1651671750450155,0.778087231795269,0.3776605629316922,0.173110468,0.531937166,0.257142857
0.0718006946222408,0.1682052634846511,0.1592680897393683,0.5711379577980872,0.3515966272387054,0.1857800207415421,0.7097485319356386,0.7379633430927185,0.0443256726120312,0.115806092,0.070425015,0.085714286
0.4924272423476172,0.3517793661193008,0.9496235095035896,0.4915776520579838,0.2423863710338288,0.7151227955653346,0.3188679883064473,0.1183968628969827,0.0910575824820292,0.128013601,0.385557073,0.327272727
0.1768219786860929,0.5927078707766659,0.5599221805419181,0.1866210545282609,0.6336056794161075,0.0024464866420426,0.944936614957324,0.913792203771222,0.5088352335707592,0.269004653,0.019855153,0.147692308
0.2915883939543675,0.4966861728469939,0.2732859700440879,0.0979043731049865,0.8509269383841372,0.6933391047217409,0.7203013900629817,0.5915457623072039,0.7902619698262803,0.216686351,0.442421241,0.563855422
0.213994922545518,0.9451328956761924,0.7006473739454095,0.5182088019906704,0.8977281112053352,0.4216299682760935,0.7170361139892556,0.1240248685577175,0.653677636839189,0.683420504,0.413664867,0.581818182
0.5131726905830282,0.4786809690615544,0.8758402654634414,0.0358532461571058,0.8860683384677652,0.3148077506168717,0.810085256685976,0.4789090007484021,0.5091364707727292,0.27820096,0.396098907,0.6
0.6148691980898915,0.7811355355674371,0.6810816558988462,0.4530891494762351,0.6729846372305011,0.0840515529379926,0.4651011967809693,0.3777556995565445,0.1038656085383663,0.323715402,0.225357632,0.309677419
0.0167247278502565,0.7479833689873964,0.4717153619740141,0.7524967996588618,0.7416918751799302,0.0053553525184814,0.3745589101299778,0.6019503560393139,0.6467251845335377,0.284629271,0.021528827,0.564705882
0.787161049842005,0.135458125696853,0.7940034759414147,0.4490972838091188,0.3771415311045852,0.3043295576271544,0.3900304690711712,0.332192647072133,0.6183030912813343,0.072294834,0.273418384,0.0
0.0159188527285515,0.1321115241020701,0.5607896797715674,0.7491832779900814,0.8670181119035648,0.9155192130358878,0.9329457401547514,0.1138190532994958,0.0826391371079559,0.129242815,0.225249312,0.0
0.6327597348010342,0.7713349520279588,0.6756976616405828,0.277785456001015,0.4224803637871649,0.6764630726799203,0.7399186759610753,0.1722998641432891,0.1457580014079175,0.522463528,0.484739511,0.511111111
0.3181643797813005,0.2477628486391961,0.9621594110758792,0.7200200538848835,0.5316614684279559,0.0827084742917699,0.6311696788240446,0.5689280011817931,0.6184403063572386,0.175270403,0.135186543,0.380952381
0.0054408697140105,0.5277849977672039,0.2825059062090643,0.7241954607590746,0.2988907827015032,0.1449921982732012,0.5036505535265815,0.5278146813445136,0.8666915968277721,0.34997853,0.109878421,0.580645161
0.8494592735292068,0.8167105791616975,0.6796944616521632,0.7444863541109358,0.6176398115853652,0.180724121943083,0.5127484680417894,0.5077784287997696,0.3480962481735444,0.500049979,0.35940658,0.425
0.1324418069773471,0.286623403885449,0.7170146283705215,0.0497243479513781,0.6104489358699761,0.2449895743505956,0.146566245216246,0.2906110512509606,0.6381535464239794,0.100620135,0.154699418,0.461538462
0.3276087983431298,0.7450620059944445,0.3825531144015756,0.2743855278086898,0.3792409943444207,0.1369304182689517,0.355603382463371,0.5038526479467571,0.8369130036811585,0.220403902,0.309233698,0.4
0.1943860681926278,0.3762716294301037,0.3377115923547541,0.249124179632645,0.3667900553397328,0.2755683616641802,0.8875117363566615,0.3000726777403842,0.0768985781983589,0.162614791,0.209030856,0.588235294
0.5605886382893751,0.7417810239770181,0.8897775185924637,0.0940803303355731,0.8808515703161979,0.0124048802947663,0.3569443399237305,0.4817469007803173,0.3287032079853169,0.256799646,0.059854874,0.461538462
0.5382214544463148,0.5596957045604412,0.8914725481900642,0.8545270606585889,0.7394108530354753,0.8605017702965365,0.9337771008029536,0.4017047649216024,0.2986918550472243,0.246860845,0.417718863,0.09
0.6200150472573275,0.8073961687698441,0.3006690811160626,0.784166019020484,0.4435696884873462,0.955905594585162,0.6155885322083446,0.257571567291232,0.5886969977965121,0.426120658,0.456721338,0.0
0.9999747704245312,0.5717350381779573,0.9432525569251284,0.941261143940459,0.6655680712324875,0.0756172033414197,0.2550618392878094,0.2627235840067347,0.257995818929367,0.18063689,0.298880157,0.656603774
0.4276338638457869,0.8765067845736165,0.2989845624156687,0.5772640838785141,0.7707945444076915,0.2399326159093322,0.2944403975595149,0.359197180803396,0.9389228373008814,0.331137744,0.167121291,0.0
0.0674596211801703,0.6229009714987975,0.6016838960209391,0.6904179706620592,0.626588450507761,0.8324275559930364,0.219944300870034,0.2887221059266941,0.6420212286999629,0.227377468,0.0,0.0
0.7024585236202787,0.941428153584344,0.1434533115623703,0.2756259918497317,0.9839625258093442,0.6122755505203462,0.4065375455542341,0.6173534165578077,0.5221128015008893,0.405759066,0.357114484,0.08
0.9941287034935864,0.0245991159487457,0.33746136987561,0.2592396862759101,0.9440285914634808,0.8851880822575164,0.1038908497789111,0.733028893020163,0.2409074603331591,0.046025163,0.470956132,0.514285714
0.1555619096091622,0.0757094466668549,0.1218731367635206,0.173453410743357,0.2210187408687162,0.5661561013069788,0.5465388529922871,0.9652633031280798,0.2300230516757858,0.093859295,0.26067682,0.0
0.8886803375407906,0.1506881076455249,0.8160209614187336,0.5342673182860789,0.675724711189758,0.3976062219000305,0.1352264553768163,0.0073088242676677,0.7738433932055532,0.052020065,0.426369189,0.171428571
0.1693937070135185,0.1604591693861878,0.733423803553454,0.3400366753741107,0.697475197624953,0.543325540743212,0.2016884083763579,0.2826879543477407,0.904079559779092,0.076841812,0.306756196,0.423529412
0.3094306079515476,0.1319584258579514,0.6001960571761553,0.5084425387053301,0.5829703608039538,0.9530309342840332,0.5031033097554343,0.5895027678649208,0.6600867210219215,0.147657423,0.483062876,0.0
0.5069676427793163,0.903763501327935,0.8746393618586298,0.0922746559166838,0.3728440113540716,0.3924475117458604,0.3207725246265451,0.9436980156197304,0.2705243541655462,0.283034168,0.277242738,0.0
0.2712654940127458,0.0033859673912021,0.7864044361164885,0.4975009766155351,0.662929912990151,0.4475496208932876,0.6293336821168963,0.2547354653963511,0.9045640103197444,0.106863433,0.339029634,0.0
0.4482503274703271,0.003693718952811,0.6764565138486827,0.0189087817950199,0.2747039763235133,0.7051168218797897,0.3478869189428906,0.1741088147893866,0.5264727737243087,0.080693443,0.500066609,0.442105263
0.9054828641723623,0.6590911932283384,0.1099626635037249,0.5118194148631253,0.5538993248652494,0.7067321203316677,0.8153015557505623,0.3689307520500922,0.7116625101810632,0.360019124,0.504939009,0.40754717
0.308468118577246,0.5717773693837994,0.0534035432619875,0.4970547538730282,0.4443938237296152,0.2399551554157954,0.9126727213579314,0.3545133581140217,0.3446300930916531,0.255559194,0.287129516,0.608695652
0.010857542826769,0.2895363521248252,0.6137401168813255,0.7458823139773937,0.259210178284976,0.0491508346324698,0.1896499873228422,0.3660409364037594,0.402540871851014,0.077353525,0.043463858,0.36
0.0682682117828864,0.659112577410217,0.8362722579262106,0.6984322419463619,0.0705523576801185,0.7917762105296566,0.7416629309571448,0.5214426638633446,0.237003622139331,0.361525911,0.281322447,0.0
0.5313367544491432,0.555680050896724,0.5023469534737594,0.0014690242216426,0.081992054027251,0.3395914718778887,0.5086600106727877,0.2002399816885494,0.5625072350496503,0.255387776,0.333577648,0.668181818
0.9213723767442557,0.1823178058575824,0.8146840496338733,0.0126692777213882,0.5959358896385148,0.4233023987857632,0.2105132443742891,0.4434489668336583,0.0737743610253192,0.080361801,0.361961455,0.276923077
0.0700103730093543,0.5966777479480636,0.4617781753162377,0.8933873381292489,0.103874207035597,0.8773620346548273,0.6585400742502989,0.6552218902440521,0.2014876459944805,0.27938146,0.26946331,0.45
0.7753313453777286,0.40649834733448,0.3912295791076272,0.7226038620528343,0.9170583482324842,0.3317900176635477,0.1289380373876214,0.7927683746828018,0.2685731751639617,0.109524435,0.439222762,0.0
0.4814371195435222,0.1797177634195457,0.5933920326017382,0.9476865063764413,0.6730803779346797,0.6887932971327598,0.8509542511288601,0.8093625879972314,0.4606851035783376,0.124704619,0.441183304,0.250746269
0.8750882846305099,0.8536522327379761,0.3159989040598271,0.1847539040021348,0.804153005732775,0.435206046480089,0.7621265172595848,0.2929049714285292,0.3660980304238053,0.448126708,0.452282846,0.0
0.1545673261167455,0.1033803867721476,0.9279507127059092,0.4861571759093857,0.5152161149739747,0.3500473115362705,0.6919872772162468,0.4366026576537503,0.3600231783730179,0.121331571,0.198115403,0.057142857
0.947922426625632,0.2682084029489159,0.4643948317621822,0.1476012633705796,0.228727428845368,0.7054459565571651,0.0961875710979204,0.4241504932814882,0.0532846537600827,0.112298761,0.467152759,0.4
0.941488735210808,0.8701623723523634,0.4531044212853302,0.95961266845422,0.2771062209432562,0.0742116145461325,0.2739691356064091,0.4563883429026637,0.286983073243914,0.257666196,0.322174318,0.6
0.0886591308952757,0.907653258447006,0.9345027209067454,0.8423734904877664,0.0390093575514877,0.1512277472835962,0.6968942015011872,0.6021919498344385,0.2927864227501666,0.494880629,0.174170596,0.518918919
0.7768957016216002,0.0038234816243454,0.1861539433500867,0.4355424026266128,0.892136129203323,0.8477558235805265,0.0566271411951334,0.8135040136562571,0.412146617339677,0.061822081,0.615164218,0.0
0.3341575160898734,0.9116407992411422,0.4758559550520459,0.4499414946359162,0.0907183100966084,0.0729509437770299,0.85141164911046,0.083411728937757,0.2434855768092952,0.548080336,0.137762739,0.542465753
0.2113433329842581,0.0985401242052238,0.3150818039401222,0.3521426696874761,0.4330889978442109,0.1067691450718205,0.6799811784079364,0.2478926020540665,0.4053862454025801,0.097155403,0.169552683,0.724752475
0.356623867197938,0.7240688061401216,0.0349884044276104,0.7782103957948383,0.3803744336669187,0.0114445719212235,0.5961381413617218,0.7272571045894558,0.7210858392431523,0.43774476,0.060299462,0.425316456
0.6541592368050109,0.0886730409551033,0.2081554124694636,0.0487655056868964,0.2872605483773455,0.4509563996550648,0.4311947515535026,0.1565748147674402,0.5765696144155563,0.049120966,0.782202551,0.733333333
0.3975582693857949,0.9688063094500756,0.5225871806577279,0.7259472071935795,0.888003268017259,0.6515762476711602,0.6434327653384212,0.0218434909057623,0.7191685940954661,0.87524264,0.46898266,0.609230769
0.7508575595783877,0.4944469536566417,0.2522047218119906,0.5004375682674063,0.4691647084334168,0.3143109083356941,0.6366248611518437,0.8842053495925043,0.430530949503678,0.222655948,0.342530951,0.0
0.5012275479463107,0.4146708123372177,0.9687113193981066,0.4637868995128276,0.1210694544249543,0.2036012462846077,0.269945528182244,0.5264974177228614,0.1524281346104875,0.117659748,0.437647617,0.436363636
0.5431290167370033,0.9999561038957936,0.0858096900832167,0.376538595285587,0.7061563159521077,0.8806742543643094,0.9963698802519632,0.6969086406081685,0.4160153974337979,0.530333889,0.540324544,0.43373494
0.0511545966437622,0.4122573205511927,0.2488876969511796,0.0779085710742214,0.9735184523783652,0.3914392560099687,0.5243843241266096,0.9231696038497352,0.869593189381574,0.217080268,0.140856442,0.0
0.907422350194315,0.7042714764609246,0.2607402553635004,0.8003567627885223,0.552063075909224,0.5547009393128549,0.3401825627912259,0.5801109331447665,0.5654395893134281,0.250607042,0.490947848,0.36
0.554996451602598,0.354485415998508,0.5223145987797047,0.0684412207357818,0.4889488796643492,0.1364955748410534,0.4618505473415697,0.4074908742896785,0.9889976457461926,0.147252134,0.157625187,0.171428571
0.6869972455314443,0.884848904807074,0.1250817631624738,0.6221351104485648,0.322486012991747,0.4909855379685348,0.2238719778117542,0.1295613572154395,0.0202114753586185,0.34157558,0.444072459,0.933333333
0.2688156666601381,0.968164056820936,0.2889715846965548,0.4036720838487176,0.7214726270568771,0.4701702068581417,0.1331996272761854,0.6910010094296662,0.957700182597392,0.435441194,0.199385577,0.0
0.2847489814982572,0.2200795383744938,0.117022879860628,0.4622153240139032,0.7517321817555647,0.7383171890609947,0.1175426767267658,0.2826561263742856,0.3194645733070878,0.065908174,0.385221941,0.56
0.8972629924067023,0.6452540399867507,0.6828264373447714,0.563257312781156,0.980567505465362,0.6106719971487654,0.8351262207184438,0.6262181760005742,0.2902730013985571,0.314864014,0.483559625,0.0
0.1055507131726321,0.0524208708873092,0.8161913320433329,0.2942528975447348,0.0028997252225351,0.0643418369921562,0.6738458757845399,0.6108074485427656,0.6808394077969018,0.111836125,0.077917623,0.492307692
0.558983503470373,0.57346921299012,0.7036206531536571,0.5382231554465637,0.4467248809799111,0.4149035108115888,0.518625823921418,0.3706301250423061,0.1560668580671035,0.271375284,0.379028964,0.08
0.3553309442826008,0.8127867623643052,0.0674422916629727,0.0096971513644124,0.5017045351204112,0.0104522208087149,0.5650727855197003,0.5583672875514022,0.2535480612076061,0.491716677,0.060176429,0.64109589
0.3743122373171131,0.8553989878731535,0.1210488553152253,0.0690039630131978,0.5912558505159932,0.2978019076187118,0.6292646468077685,0.2564595244804638,0.3733870114707867,0.520191343,0.212262456,0.233333333
0.5993165093937086,0.2421883407571006,0.6499433041370811,0.2353495324873179,0.4829480219693901,0.104397547535139,0.9340327084061778,0.238263873973889,0.9352173345280868,0.156602244,0.238761483,0.507692308
0.4520914126501271,0.4733609672572362,0.3853571308049963,0.4479275145881849,0.6659964321550135,0.8870235612752008,0.0986788225144867,0.4596986036971672,0.8400052848045171,0.14512304,0.439414002,0.0
0.6725698192811743,0.8785284262683535,0.6836690790114422,0.9420104437329996,0.705104187504519,0.3998077043919087,0.4047023916238201,0.8048093971773654,0.2600351713507939,0.278773654,0.456464798,0.39
0.0467111620744916,0.2153741743765008,0.8864295703780982,0.0723139735080482,0.2479902161675206,0.2125177852896337,0.0444584730077751,0.1992968635876213,0.964114876004546,0.127996862,0.135939117,0.42
0.2183807150562655,0.2851005445921392,0.8538786488540122,0.8359899723269987,0.8920271803978544,0.5248529464774503,0.2883011832254425,0.5871299585104299,0.2750451612728049,0.104083968,0.345757272,0.0
0.1888423188042621,0.1335177105615422,0.1361810193448832,0.51309679827078,0.8083288337693468,0.6133509269361894,0.7243154221336361,0.906186162849816,0.7117072619332225,0.094300196,0.384765856,0.313636364
0.4844693686954427,0.1298548782256354,0.1228282784398921,0.8281361158037568,0.1088019212147087,0.3518350854512798,0.6705115625707692,0.2738461618573805,0.6690387848439394,0.122316704,0.367349424,0.38490566
0.6197951856663205,0.3770135725345559,0.5797417060027646,0.448664948090675,0.3173694339623885,0.0434616189274872,0.5469154729370882,0.2931954439403932,0.3830861452992615,0.262510581,0.092063306,0.05
0.4700497022056232,0.9189453790266416,0.178855200351522,0.1879356006866727,0.4882865858953996,0.5371920731153138,0.0867103860180701,0.3611343507223182,0.7336531470212636,0.46188552,0.394344103,0.327272727
0.1726586210310045,0.7225819453097565,0.6631039422853401,0.4761861752227243,0.46619361153477,0.0037210360062359,0.6398190240857023,0.5090677858941539,0.8026331752588091,0.432776376,0.015753923,0.0
0.8532193874609164,0.0126661898825681,0.4895854563460007,0.5980734652184487,0.9346670148359498,0.3486089972564141,0.4788395636169201,0.269621651566116,0.414103158568895,0.063307517,0.193152286,0.0
0.7795599907077606,0.2536837849630849,0.3086642899259344,0.933162046405946,0.8925461117129563,0.940034925294407,0.2787550651083461,0.1784097182974284,0.2794868165741753,0.069702461,0.474961226,0.276923077
0.1866547944770463,0.4431084815212691,0.3244756938370328,0.6290200469373471,0.4210879919055328,0.3591488937240702,0.0520336879176204,0.8130534052675087,0.3204271716290965,0.171405865,0.213568794,0.266666667
0.4691273085345622,0.8184486377734613,0.7656765247112,0.5225045613719945,0.1530755830825552,0.6584974474914849,0.9346439347163096,0.5182983306421659,0.6511995625242237,0.454969306,0.536826779,0.276923077
0.8978800454926679,0.1996839604164559,0.146234686123303,0.0060865936772798,0.3078170944972836,0.4592209828161498,0.1510818869118252,0.783324480380814,0.0092924980334601,0.065753734,0.257166291,0.888888889
0.1025261760296958,0.8635928024335344,0.2747125474678761,0.4236212410250897,0.1725353280192549,0.0137808320888836,0.3109079139248327,0.768764491793389,0.6847313536434226,0.382836291,0.021739519,0.16
0.9295588766165506,0.9763346723504348,0.6674409737204204,0.3980972148599044,0.1193862554821433,0.8758865219579155,0.7605912447074438,0.7100564459702745,0.6823190814851383,0.846645648,0.677588927,0.495652174
0.5961572054982707,0.644299465489577,0.7189779583753216,0.4400599800942686,0.3153056992551406,0.1657316864015308,0.0603367820732084,0.0106942537739199,0.8424575720617727,0.14640638,0.244180895,0.494117647
0.5865403644144486,0.1725136813721153,0.7532368335317606,0.8035704431560629,0.4235500600637137,0.2763064072809982,0.7866749030423678,0.7344831732960821,0.7718746730046794,0.132950751,0.344146641,0.464
0.7579457488530181,0.194486535607442,0.3212936909930054,0.3192977527584295,0.1280207852262452,0.4070362082265715,0.0886809064565127,0.3426324617474063,0.7597134511030396,0.074027257,0.408504419,0.15
0.5205142831993196,0.4754041390778495,0.9269512483008622,0.4031206277965875,0.9935370550062196,0.7326214441286834,0.361610611463091,0.2065520235129001,0.5743817058801755,0.178643647,0.495004652,0.184615385
0.4608505031770313,0.714741557700696,0.79995876902621,0.3855196550933629,0.9792799652063492,0.1127796337890765,0.6659304496749335,0.309627605835039,0.4163635644685403,0.58163645,0.202262758,0.723529412
0.1207391914904014,0.8571491338336475,0.7239620418044737,0.5244529232104057,0.2415759799853738,0.1298717788014258,0.1869229494584977,0.3487325368808452,0.5143338291846403,0.417251556,0.129752916,0.15
0.0512773517581514,0.0615275210549681,0.8334283556645856,0.4116509887621165,0.1928377503204151,0.9765614662657328,0.0587800737133284,0.4354860426713419,0.1274887854220552,0.066222235,0.214993207,0.24
0.5409623920454493,0.6416928407999091,0.4712856105320012,0.3507954418996453,0.8675291949969,0.3131675809703503,0.4987540639090517,0.6951003949624887,0.9465705752875232,0.194679112,0.451975453,0.428571429
0.5715316519778697,0.0091902191539154,0.5136226723757031,0.6892842784403572,0.314501166580156,0.4137537396856755,0.5251132596545444,0.1058952614610009,0.2223072216733234,0.096512369,0.415897543,0.251162791
0.6973394767979297,0.7661976658102255,0.461644303143388,0.4149499832307771,0.5110874660112605,0.7627193755631368,0.0716541512664071,0.4646502462671005,0.0608846880580621,0.26325231,0.409530187,0.553846154
0.2215647027623423,0.1403647856383939,0.5960009153821552,0.648654144950184,0.3551822703476648,0.0751957418238804,0.819634320513993,0.9070479509916296,0.0165119393658502,0.099761266,0.064948311,0.0
0.4625114228730932,0.2129043149807368,0.423446230613426,0.1276663413199806,0.7613923252674526,0.0637655153210035,0.9699382483074906,0.8141676834481402,0.2993547954497283,0.150730945,0.17309441,0.447058824
0.7615966608317735,0.9706464471836836,0.1246973402865022,0.0095261236528557,0.498439975078412,0.1131094204569493,0.5618197251662965,0.5345564325487416,0.1906717341464145,0.483470615,0.215384095,0.226415094
0.7327197362955115,0.2494605678322451,0.5447480574756646,0.001234033443488,0.5674488917795903,0.3255737588783003,0.2105740867865714,0.0744776103706261,0.0070518974229971,0.079860861,0.235889053,0.56
0.3260645474772987,0.674130547533265,0.8706190118843966,0.2431560223136063,0.7676666034952658,0.985690236650132,0.3932231195884293,0.8879551678441578,0.6298734274284955,0.32233645,0.298282454,0.0
0.511478572038988,0.4328630756466066,0.6884743687686229,0.0223993392320439,0.9089695212840864,0.8736001106489958,0.3261524134529946,0.1194133377187838,0.686155417769175,0.133236186,0.340439121,0.0
0.9542344806351644,0.2993270674805804,0.3945547390457237,0.9399207103731076,0.541609636985395,0.4620668479110486,0.959588544584835,0.1746972500040767,0.8263212524309136,0.170475087,0.496766349,0.272727273
0.1993144177492407,0.8778773245305465,0.2414203694216882,0.7804141132265217,0.6096294282207585,0.2461477255508619,0.5248511121173537,0.6988996589264176,0.9272268829959662,0.461737687,0.162241548,0.066666667
0.4968815339739537,0.9479855814758712,0.0639772485909658,0.6643543602871499,0.1848458914441443,0.9079665591224408,0.799953535776015,0.922425686568702,0.3390702118187618,0.393917235,0.436356431,0.0
0.0374287433610486,0.1599545125797701,0.2213688578155861,0.2572665217363471,0.1888417637862912,0.1790453183141718,0.7489936008904757,0.010725539223531,0.2164473666950523,0.10816804,0.136614189,0.466666667
0.8560559447412766,0.0187584613467292,0.8783458090095926,0.0580650051774639,0.3178265451649079,0.2690209515740444,0.6517435596625957,0.7711457576652483,0.6995246913736561,0.11171476,0.376300647,0.371830986
0.9639840879337076,0.0755909751370091,0.4789959932027658,0.8639325197240881,0.2710188620643302,0.7891932437556204,0.3770922780174662,0.6359160261650232,0.6876142384800253,0.069872613,0.582953903,0.04137931
0.7724757027214162,0.6416747072112171,0.5968912277227594,0.9767236810926302,0.2815334861681934,0.2164299813081605,0.5223380291431268,0.8089619788778338,0.4218212426126628,0.394935678,0.466919288,0.582352941
0.3764900171171913,0.3258613843211406,0.2194432439745294,0.0843895650600544,0.975726283665302,0.0709097758414333,0.9333147868474329,0.2102969780094399,0.9165243163185516,0.205395785,0.172894071,0.753488372
0.951939859978204,0.0800636697995643,0.9964194158240158,0.5703755889663434,0.422374860832115,0.7659876094356325,0.8035699824575548,0.8739500880786909,0.9533322613783164,0.148727365,0.637484216,0.0
0.7122759180189406,0.9405073339634752,0.0846924125501074,0.4406693376541287,0.1649992347478767,0.2482485060655038,0.6494617717216886,0.5296026937213213,0.4642124873119567,0.504310912,0.45798451,0.571428571
0.2025823361674948,0.1717816301778534,0.0799286577703374,0.3215100673321105,0.6952027266493409,0.8106213256059801,0.1401973139412494,0.4242280473581208,0.208330474796623,0.093444956,0.464524698,0.363636364
0.4909011708949365,0.1235303176871687,0.4928236621217668,0.7126096431260032,0.989513377457942,0.4154082153617634,0.0207254264434589,0.2039024435712237,0.2969740895860896,0.081177738,0.2906914,0.4
0.5048528953958186,0.6463873001172884,0.5958988486308898,0.4250871546715149,0.5854893756380403,0.4542478128195715,0.0453345545794937,0.1474356346609752,0.8100799956051213,0.144277858,0.242494845,0.15
0.2538389639465196,0.0244997893645566,0.7545884445234748,0.2188633944362682,0.7677723335761335,0.1122162513013097,0.9661289018724386,0.7610016801761462,0.1767298479909367,0.114361619,0.117281021,0.25
0.79766817396938,0.803546531103605,0.5005058902730731,0.5256659178784261,0.6812512776150699,0.441188618892157,0.5108888970836927,0.3996724452869118,0.0302900164438708,0.398825137,0.47032007,0.655384615
0.9857638000985024,0.3553657020174052,0.1754999744510261,0.72099434072803,0.4978295524781542,0.8923407737567763,0.9761849666296156,0.898834575080181,0.1256222942657282,0.140253639,0.445480999,0.0
0.3543143293493809,0.1874128379799928,0.0241283243033554,0.6224948915705616,0.8469641183985783,0.8030237651899389,0.3038841136481164,0.8698929870757491,0.5891707208062071,0.090673884,0.413560138,0.2
0.070146002087334,0.2046141742428749,0.0589985872362029,0.3670617682381579,0.8359968087101715,0.8445570750647985,0.3651121671072185,0.1536773747817169,0.1218869688401619,0.081515241,0.415171363,0.84
0.0771961426286018,0.3819299667483209,0.9037005112118544,0.8440624525375043,0.155820206304506,0.4467834954041245,0.0373641677539947,0.4659796022243174,0.3395382817903963,0.101523878,0.382673983,0.0
0.9029745604291096,0.0164209861085596,0.0955583994984582,0.3711487480660691,0.7675869263308971,0.6323406837824418,0.0579489051244366,0.5152645713494572,0.0620158232060664,0.060432175,0.366366771,0.75
0.1134616319879646,0.584172267221632,0.2906696479552327,0.6869792725083355,0.5929548093848808,0.4001404794779258,0.3342263226895748,0.7125010673015669,0.6997853797471333,0.157203923,0.380277628,0.331914894
0.6999867761382136,0.3682678750989343,0.876537204182057,0.2708713841221969,0.3217463731052914,0.4104596223626393,0.532329162689569,0.8107283062336064,0.1307879322815579,0.17615248,0.419575403,0.637037037
0.9133724635908692,0.2907413918499498,0.6520970221141059,0.3740522960123813,0.9044928021074112,0.9858717681836332,0.0677218686435632,0.2394251986361437,0.7152545286080687,0.101175001,0.469120258,0.0
0.5738351914182787,0.948200228092089,0.0621548629227333,0.3244723069650258,0.6891808515072055,0.942262861284221,0.6481680405652649,0.7202588582810018,0.2382321794907734,0.40333861,0.600778573,0.545454545
0.9791671258518436,0.6101202146354955,0.7915295205956582,0.565321236041071,0.4220240789801931,0.5699992817392666,0.2882337891383915,0.4010368383644449,0.3813507309296345,0.209209445,0.389963979,0.0
0.3134029408567638,0.3455034760466376,0.7346301620228884,0.699739697794222,0.9137677232237236,0.9831434475988604,0.4232243775270072,0.0658917872345586,0.2667800511961383,0.119177782,0.528614101,0.3
0.0188350500056689,0.5506124096021933,0.275275013971883,0.845552420985149,0.4980508156478985,0.0995227140518313,0.5846938224828837,0.8957832178491948,0.4661043250611043,0.252328227,0.064403865,0.517241379
0.2846626803922414,0.6249249555578645,0.0874708134016252,0.5622685357501201,0.8534614409936383,0.6881010666286457,0.3488106158374773,0.9157592445942396,0.6043584869164015,0.197070866,0.296854859,0.15
0.63483440983358,0.649178488621503,0.5558062794770836,0.8605142357840003,0.4245701422528373,0.9903224876546032,0.8410850025572647,0.580533457840631,0.768062537034749,0.218947582,0.482447416,0.0
0.5749086349063027,0.4664110379391638,0.4641461127176437,0.5367944900348431,0.1177049655976186,0.5968000462272419,0.3040482647347897,0.2680714182319397,0.5894378815903811,0.164085031,0.511156656,0.0
0.0234213679960915,0.4714970766367422,0.8224445896261855,0.5807310724693041,0.0521186690833621,0.898613960025558,0.6039236631677729,0.1333141659569574,0.684877955863978,0.200397459,0.202112632,0.0
0.6630271016006142,0.5089208530695309,0.8166567352723769,0.720833947429489,0.0659226825390416,0.311268957396325,0.6596860980486534,0.7963500387248394,0.4928380350968728,0.3035237,0.308612273,0.123076923
0.9913792248345716,0.1881355401661515,0.7313960755366362,0.3035430616901304,0.4898737799333112,0.1193212825596859,0.1278844607011824,0.2327354210743893,0.0089418290662539,0.07806694,0.25890351,0.184615385
0.6526188740647755,0.6988579804679067,0.9289355169920654,0.3831398800181913,0.368678318848026,0.4753864154242442,0.4773709710969918,0.4488660359787764,0.6244337532292872,0.304124837,0.299696772,0.6
0.2711329040432344,0.4820339652671996,0.9903230689087166,0.8456109896010504,0.204270132367638,0.9635379956362736,0.3509686485112102,0.0963868183827835,0.8596857358810875,0.188592816,0.351449173,0.0
0.543969207333926,0.9713584970923044,0.2761886900097217,0.0933819116902781,0.7620443468204291,0.1135850670625036,0.3841863227461007,0.2112682325414953,0.8730472802232844,0.325250487,0.137971443,0.15
0.5156383307184869,0.6464660643270951,0.6927218013326341,0.5913049653789425,0.3469823899144715,0.8662900228669184,0.4214226367882525,0.4033815639556692,0.2049246000133965,0.20257628,0.506356576,0.66
0.0206195210806843,0.1987827494482229,0.9281928105571532,0.9375331411300908,0.7106240243077993,0.2714508490485686,0.0652198690209961,0.8073093067343856,0.4023745430532479,0.110088686,0.089577647,0.211764706
0.4973294445702579,0.909260894638093,0.6299029948315424,0.1753426079210319,0.3949110418630626,0.3995798457442659,0.4519574787668723,0.113808931149992,0.1018779404882208,0.404259484,0.26097904,0.75
0.0770618423580365,0.0487076889438949,0.7168066228655952,0.3993256482054372,0.211209015130136,0.1822267958380701,0.6353938149635694,0.2091990763835064,0.3916518819713569,0.096966722,0.119239322,0.227586207
0.0801007311882756,0.6429886593339673,0.5219490511701677,0.6539355291408353,0.7592636292116183,0.5466959933885416,0.2548253071636563,0.9079416462152488,0.8458485378820199,0.21012513,0.264492247,0.6
0.1616842537645217,0.3593379073645841,0.4294120805970703,0.857448240336548,0.5716555576083876,0.6023730389773566,0.2067591919231534,0.1345005045501368,0.3796040048023454,0.110494012,0.325054471,0.218181818
0.7228191631486077,0.4773997637915387,0.6892037101497553,0.9360654868123124,0.971943580629022,0.6565149477079182,0.4123806574572982,0.2292667865484726,0.0578509269187456,0.109022783,0.400035051,0.3
0.8594621962231114,0.4357862011121807,0.3326990238045949,0.5129508886626994,0.2969165009757394,0.6928461264382492,0.9265844880663752,0.9604773183586092,0.0006616894647216,0.148452518,0.292350842,0.75
0.9227776437831248,0.0232363380697937,0.9763074617121492,0.1801557082446923,0.1216089841200035,0.8750700579591284,0.2989038509812429,0.7741397284438165,0.0913891626489348,0.074663262,0.578125399,0.4
0.3718353756765946,0.4266347869374138,0.4294472277657403,0.5815358205048368,0.13968316640653,0.199588761477846,0.6716251628852372,0.0157192419368036,0.5637770232861656,0.210621365,0.254377848,0.432
0.9375252865889808,0.88198680196963,0.2182164662288787,0.2490482070893898,0.1617330159807893,0.3864827472826661,0.4024068676289535,0.8991482508667741,0.2430201338923485,0.249915275,0.482448854,0.2
0.3010050899948246,0.2760299783118112,0.3045193401498836,0.8444464644487699,0.3021443254111544,0.8917947625595994,0.3653075856643315,0.859689280179801,0.6836099615537162,0.131556914,0.452252867,0.085714286
0.6614509482727405,0.3630220960420247,0.8181830599572614,0.250568661268552,0.426346404061665,0.5665692259555941,0.7320087970836616,0.7651355705317017,0.3849596548472616,0.20522207,0.364928796,0.264
0.2563225516753358,0.7026725981756776,0.5388575694818305,0.445034768746587,0.9548435871806974,0.5411955248035117,0.9649434839150518,0.0632416861314214,0.8456098728190935,0.400387017,0.342340406,0.057142857
0.1772195887499056,0.7492611644324747,0.3398575379501724,0.9662174823007228,0.9180118882626768,0.177642289080497,0.5106729999887131,0.2957687845458342,0.8668104652985491,0.554842589,0.103710597,0.0
0.1119913842391953,0.0644850833195558,0.9451017616387652,0.254959722682386,0.3207412728797887,0.5920464054790976,0.4784257776760262,0.7411409713261807,0.1620214585504185,0.051319569,0.168065961,0.0
0.5808360382884271,0.3941674485107559,0.4219188064396122,0.1095567064544443,0.5042475924658614,0.3881229335558848,0.1175631772001083,0.2673852995381687,0.3147846337274614,0.115038027,0.301046243,0.763636364
0.9601193721094978,0.7964808098765621,0.8901586837596824,0.3587319937789259,0.0236103502285938,0.7101726465501347,0.0152636805858296,0.71145326679139,0.3266328562966692,0.234063538,0.256990231,0.0
0.5987504063556911,0.4141047772872788,0.9817180226101768,0.9274406421962746,0.5740046148305271,0.6045901180248343,0.2505423710582029,0.1385584554147557,0.9328997899620968,0.145721631,0.395016198,0.0
0.4611976178155277,0.166956870525462,0.6851685408893474,0.289085200883888,0.8681440316041845,0.2416713437768253,0.7852503711648114,0.5397136636135671,0.534550668700562,0.125437178,0.365584542,0.562962963
0.382351261089022,0.3582068022608352,0.2641793911605362,0.7876204008956447,0.9655703041937196,0.922285893790694,0.8692990298726969,0.3459588960152764,0.2762623526052487,0.12750318,0.543368702,0.0
0.6511557890965334,0.8571274156233434,0.8104365700539732,0.0813555789117217,0.5569166722670891,0.8852473528676296,0.6470929636790901,0.6758613219075342,0.7498231854153317,0.660987531,0.483777216,0.632258065
0.5094911449528287,0.2771224841334577,0.1298077365727004,0.8916598862707957,0.7289444876701802,0.2575699973253735,0.5458015520936189,0.9985661168456904,0.3541331714851374,0.152348752,0.30884284,0.48
0.3031735695125537,0.7726999314424569,0.4267279524122132,0.1715812960516518,0.2441420312340897,0.7741819877892375,0.9426730810421992,0.8092739744968114,0.6290694018610548,0.435141626,0.520627021,0.457142857
0.5196909165566524,0.3406174508424479,0.5912131564337771,0.3208982834705303,0.8012142283394551,0.994028490183729,0.5271694199454202,0.7197260504325694,0.0118229536804838,0.137015744,0.374784635,0.525
0.3074447548660094,0.4333523536395792,0.907965426525414,0.8841336586634141,0.0439549335300628,0.4601719169239788,0.7779380958690737,0.946866064757613,0.9747627010944904,0.261665846,0.313317886,0.030769231
0.5143793846377306,0.527005581151314,0.0668168583677167,0.4990049641140519,0.1784236274682631,0.8048040763388712,0.6290591703579157,0.0988527958406869,0.9244375102162414,0.271191244,0.44341139,0.347368421
0.4513455790090341,0.4502880170215048,0.435209376731959,0.751037539050184,0.7488470768614034,0.4360086711415087,0.3935278756864563,0.2983376702764237,0.34259127921939,0.128782646,0.54546883,0.2
0.3340240996444555,0.4658919960019062,0.6229703925957728,0.5066773879294643,0.5478828771668102,0.5345792072017764,0.124117488739011,0.202442264168433,0.0648216249711534,0.109561611,0.180569633,0.2
0.7765221189628196,0.8867726474107444,0.3814813248653308,0.7431093216670411,0.596301287202242,0.2230932922072642,0.6591336695803338,0.349945575848244,0.0917464730228335,0.546421408,0.374359836,0.517241379
0.9653115372548052,0.9410114580098468,0.2190598307242816,0.2316151297172569,0.2542089379089804,0.8663381207933203,0.0876712897305432,0.9635390313681148,0.7238440994467686,0.318600977,0.63724479,0.436363636
0.1668097303264127,0.0719981820287708,0.2093312400749325,0.1081348186697783,0.6514218520069031,0.8090006957292825,0.6141193138580421,0.9268430962995882,0.3793912242779197,0.095458101,0.270971371,0.0
0.0085782904418855,0.1982918568705145,0.4584433194872886,0.5965884933323107,0.859090566710757,0.735028139977121,0.1368783160558323,0.9093835041351132,0.1196013511939021,0.069493654,0.263945499,0.266666667
0.9048110608673008,0.6798190255939234,0.7528847432798603,0.7040977753171482,0.1215340346229562,0.5997885541478392,0.3044302136576927,0.8594759097687579,0.623316193205008,0.261284826,0.18757138,0.0
0.3063623348005262,0.7038197237695182,0.9593347884315492,0.5112059501008636,0.6144428235706785,0.8721707577475781,0.4299726442125555,0.5340071131815579,0.3225961923866215,0.20895211,0.436876059,0.342857143
0.0790443046132847,0.2648573477838605,0.7843749482360093,0.4128282847455875,0.3057880744857003,0.7883823059295556,0.5000060843911351,0.1004147927592458,0.2347722419334597,0.1300153,0.341188958,0.12972973
0.3920057763840702,0.9392086586252476,0.0314652197030579,0.9264741179657534,0.9088740069877338,0.3023226501694697,0.5549143989789831,0.6612741139325409,0.785419203461344,0.531513405,0.425730983,0.563636364
0.2706839066411493,0.9089521734737108,0.2583267558678662,0.9017015733635768,0.3835121175020115,0.5404080195397752,0.5232238288533547,0.5889478568062468,0.1299734729934523,0.51570162,0.240163082,0.046153846
0.6621112625680639,0.4278335309550455,0.9763915030737352,0.7294454407015887,0.8443455225255839,0.3617013163583572,0.2562688817388037,0.9919202426213828,0.6567697836533134,0.116870706,0.249113831,0.0
0.6025161577434982,0.5236962253604452,0.3889112388206412,0.6659193893455704,0.1997082738491282,0.6943853775111312,0.335778296808973,0.201032253816385,0.3396091701529447,0.131715122,0.454723299,0.266666667
0.6257006499364863,0.5609981729235092,0.8897772875634619,0.6357701191265438,0.5909185899814786,0.2909342434111998,0.9921595877713156,0.3393092725539697,0.950589259908134,0.348709192,0.385218806,0.257142857
0.6531174374508459,0.3111533888017912,0.977797160656534,0.4359879867230574,0.4335070926567521,0.6685339392364992,0.2333110013366143,0.8376695969433561,0.2913273065989514,0.109341265,0.452352058,0.24
0.802261245235181,0.7258825579757779,0.9655856877608244,0.9701482287744192,0.4606683018251558,0.6335498399839903,0.7702746260976774,0.8574953572133794,0.1306695171374876,0.39281409,0.396459408,0.181818182
0.05694427829068,0.343403617209828,0.6290468739685462,0.5016489216164219,0.5229730364004218,0.5218886159924296,0.3056366729122481,0.7699481040282109,0.2447164455918217,0.124755172,0.217665766,0.494117647
0.3471422883367859,0.3383244740497059,0.0634825935049873,0.4939544175245709,0.2124589671272918,0.3729070743967271,0.6962026866856643,0.3121747570814523,0.8491400470779695,0.180075448,0.287832906,0.276923077
0.041446544554609,0.4359538190518041,0.6333768961733555,0.4282648688028281,0.6548854530000695,0.0109594467086223,0.3366592671191307,0.4810408459342109,0.2732326019140809,0.165758263,0.019266222,0.48
0.884210642538185,0.4309029806493171,0.1631263165120439,0.7306074423205883,0.1314136386231575,0.2678066265265187,0.3103616865053407,0.905721637094118,0.268880342270424,0.082882709,0.397090445,0.4
0.447121128823866,0.0686624100187708,0.1140343312741404,0.6684612679505625,0.0853958321027549,0.3471394195899215,0.0121110084363678,0.7497909545101983,0.105277500493005,0.055672512,0.310871854,0.553846154
0.8045948028183582,0.4961350075563349,0.328061028536711,0.7913464680997375,0.9530878495643628,0.0659952055113519,0.1324302272848428,0.2214491844887877,0.5883842564702779,0.200774954,0.142465651,0.54
0.1949943811648614,0.6516356179831767,0.6585458380481113,0.6530000525737328,0.0686431485513711,0.5309173056055004,0.839036283072441,0.9172831507842996,0.3206554683850627,0.349149067,0.326571478,0.537931034
0.6570734872278139,0.5844843325607308,0.6495361929581849,0.7069804484861246,0.7444999832348924,0.7393490303379787,0.844748300927125,0.0564760742097589,0.5147034979961899,0.408774753,0.548345848,0.070588235
0.3948511318669851,0.3072216386083884,0.9296203844683946,0.7699129812442935,0.2803164902505328,0.2038438633834219,0.8800423311809931,0.7608399346830655,0.2868664011630569,0.152750079,0.288046932,0.48
0.941097949383958,0.5957920324124135,0.7752430770177042,0.742464511450741,0.9554396520529684,0.4609977570896674,0.8490156723737011,0.8822629088502004,0.1263520275578653,0.332008764,0.510521679,0.369230769
0.8399998220615861,0.7260955892020539,0.7140898662653103,0.299201271137943,0.8510573411314747,0.6290658259931002,0.2941743122427096,0.4811310028141001,0.6937355761064355,0.253034581,0.493737547,0.0
0.4594889969405094,0.4192307408474669,0.7067969233223983,0.7017081411422863,0.6196486185717397,0.7215043528123869,0.858898310307251,0.195706259857755,0.5104149825169351,0.232459576,0.454166735,0.495238095
0.8325548280367253,0.9773450637639852,0.0502051598134297,0.2018861231319957,0.036678078715448,0.1163263024702538,0.8165294655096491,0.4748707161258402,0.0154569816858846,0.583237596,0.230332683,0.61875
0.3147072842638687,0.264275326693179,0.6171736524632638,0.3314885080939157,0.7936405980170292,0.5871800428860167,0.3996871154364532,0.8015010373721041,0.5755332853150734,0.066892518,0.457647483,0.6
0.5020738778929474,0.6106609251659504,0.0609069914586732,0.6471145483025817,0.9685600889713194,0.5049004081811211,0.204697167550803,0.8152519139894229,0.9449340018255136,0.169742291,0.286101697,0.0
0.9924813117894892,0.2034666911514749,0.6388927659985939,0.7747380538193552,0.147667968544822,0.7958762589452179,0.4672036961048179,0.6505960772339218,0.6205729553262959,0.08819912,0.611407044,0.369230769
0.3319087346818372,0.4391590284824285,0.7646138368172036,0.5294864902870317,0.0760661434620684,0.2639850008824567,0.306964664096381,0.9102188212860196,0.3514285330110807,0.153778888,0.316174987,0.0
0.780066957643223,0.7445487939880969,0.5312266565269824,0.1911462277659439,0.5671999355829801,0.4549164637881109,0.9672220829807864,0.604704218530129,0.499442492760573,0.490905702,0.345403027,0.0
0.5632385813013369,0.0506722851723595,0.2494591659669216,0.5460484128096975,0.7442689562417895,0.1159613468785907,0.2125507352283466,0.3455688236447626,0.7436833056763864,0.067527294,0.172070993,0.505263158
0.5681304728548854,0.3776702279555142,0.0324864011161872,0.0125319574849513,0.9942681919076684,0.7767740255297637,0.4562400364486548,0.0623613189167302,0.1578377817922774,0.14047252,0.459737546,0.685714286
0.2196996832193767,0.6732422407006842,0.0267802212809604,0.8941322734691745,0.3223388683631598,0.738094543718376,0.4180650147509206,0.3516774480277677,0.0667708344946965,0.244356221,0.347840198,0.0
0.3784238296598464,0.4993272025479083,0.7039562471338132,0.8997052072724767,0.0423920440764445,0.8230255230850089,0.5156843867364596,0.9705225877376732,0.6510682870314052,0.274963372,0.472274939,0.12972973
0.4181479106094106,0.2668119503299249,0.2345664781090994,0.2561039444331506,0.3058278496891091,0.5195986550420256,0.7107188146084202,0.6009317699475946,0.2980433009453662,0.150541043,0.418619342,0.258823529
0.9498855471675828,0.3711583600980972,0.9233239875162398,0.1353603704059158,0.6306209493054049,0.1823342212192795,0.5010987908479657,0.6407644328865352,0.9047285519913232,0.169511531,0.386568423,0.115068493
0.56100703475864,0.4695133556872455,0.6448482484557284,0.6894077707022667,0.3995411581317231,0.9350485804535372,0.2477969004200608,0.8499877592470145,0.7518112763520596,0.181119971,0.623714837,0.0
0.6124940461387881,0.9565235180777336,0.5463011873197938,0.5087450696529506,0.164795143456595,0.3622630693468538,0.7995764480844599,0.2049584873892715,0.6163768463800029,0.491911793,0.362180523,0.048
0.0437212434306852,0.9219836927490216,0.2539507119491426,0.0944942843551279,0.3437650474678394,0.9080970942600104,0.3625805367852679,0.9479555572071724,0.6924899346766447,0.29463843,0.314932087,0.545454545
0.998498857641293,0.4780151633153422,0.2834691751980979,0.241938761060856,0.4388324161425871,0.8351473746617526,0.8152439995145953,0.726988473935937,0.2361236364480321,0.28370518,0.546012463,0.254545455
0.7800583166353114,0.0875785600610793,0.2803259321073578,0.6998221103008125,0.130067890580357,0.4358520358071779,0.2398832956824659,0.8010050505546422,0.5312603768443281,0.079019352,0.339708532,0.0
0.7955932379795235,0.1133104188808539,0.7355228254268649,0.3865744642857165,0.8133479780052149,0.0069563847234811,0.509408247093872,0.8561058295058803,0.7236069467264548,0.150799009,0.088465921,0.329411765
0.0936681715953738,0.522236922768268,0.4710125869282355,0.5083835457390362,0.1739314723453887,0.7910682956402187,0.0092340111821221,0.4494414784841061,0.6510735987966921,0.14105763,0.335337495,0.331034483
0.335747356397011,0.6490739103556519,0.9351274966144868,0.0647749570970193,0.2533094644764754,0.0260066970433946,0.9814516595006488,0.2209666365358467,0.310168872672572,0.352281303,0.083520418,0.677227723
0.6578964417682264,0.2484867070973181,0.4717744847309756,0.8988514317139823,0.8333535981457074,0.621929726343884,0.0426824952662026,0.4808618104059959,0.3356930993860757,0.115145153,0.482315298,0.0
0.6242221581358702,0.941407314023164,0.1288573191977982,0.6170966056162784,0.0714535031068577,0.4398499348433776,0.1853974919540996,0.6335905011150342,0.3876479529954934,0.347541128,0.422726089,0.54
0.8251038708408587,0.1107069543554825,0.1479336019422968,0.8207731150406194,0.164943691373926,0.6866995137200036,0.4797154217778733,0.0592578217435385,0.7469890310516261,0.056338558,0.512407109,0.08
0.0091301683705252,0.4661990796604399,0.8156674735514836,0.0239863933728864,0.9397739747712638,0.452160421963765,0.5760184375843272,0.5075820427585646,0.1471729924289767,0.234839097,0.212344893,0.581443299
0.118895813260627,0.7639889666311936,0.226104613854094,0.9583726167603168,0.2889798903644729,0.5415703198393981,0.1204786826996556,0.6681919438988532,0.5705050771800677,0.193956338,0.25253311,0.514285714
0.6489641263360987,0.3024071713763141,0.1998103621757686,0.9945597547775258,0.677668820417386,0.7784845825899123,0.4225724179309382,0.4910302433083268,0.5510313840765585,0.095326402,0.615563938,0.24
0.6318649481162906,0.3410448707131935,0.0826114754401164,0.8509242738684243,0.1024092366363367,0.6724055060154053,0.8642519357496211,0.8658419053894875,0.5200451731003957,0.146426414,0.505051628,0.09
0.4647402733785482,0.299292352007723,0.0467202371165165,0.1120359116630956,0.742437025127423,0.1856436511068258,0.8345699463319496,0.5837033160750857,0.4423440555430813,0.137407228,0.263252878,0.48
0.6792210518621453,0.1983945366392729,0.3758160645255185,0.5559309843303738,0.05691428013716,0.4885727750278757,0.7513216726927763,0.8797407597499796,0.6167454194767954,0.154051138,0.432094812,0.325
0.3219064788740186,0.1465410455230642,0.9204566095162158,0.2525392884173677,0.9827100124932224,0.8695205527607921,0.5672403097707651,0.0313573172980169,0.3542233128417916,0.117814209,0.579644648,0.638709677
0.6447220059849644,0.8222404683337703,0.8245067501696037,0.6848062842736332,0.7929472813109248,0.2691844218418892,0.4947188247581676,0.0433715207458819,0.5494566059475723,0.249728112,0.363278231,0.42
0.8668631335714434,0.8297455376438948,0.7436516585549942,0.3889086881948786,0.3706721557225942,0.3958707661453496,0.9805062522925444,0.1834145028947403,0.3652149135502777,0.516388474,0.467511133,0.408
0.9079320489161956,0.3417416889077276,0.5300411270061861,0.7112119595511996,0.4560123561954053,0.0330872941509311,0.3416493515054859,0.1482482437285722,0.0176028761645191,0.071586003,0.159802247,0.755555556
0.4791925462766488,0.9218690632897856,0.2693548285409233,0.1134837689612139,0.5637160504986698,0.9610598866644544,0.7831842793473536,0.5262768109255329,0.554400552051539,0.579773965,0.553997539,0.421052632
0.927324065105051,0.8373683865422198,0.2983784032047029,0.3676411939929935,0.1666620638922384,0.6352478728723141,0.2413080413161576,0.9290425273815442,0.8476248168616181,0.265166944,0.829939469,0.2
0.1529884191086858,0.3214163775532233,0.6489730437246986,0.8916251817448531,0.3664384890309159,0.2281031336942527,0.0480867013790229,0.0892776577974121,0.6782206281889861,0.118420047,0.1437242,0.1
0.6584080926405259,0.2788824365888075,0.8803965097327812,0.8062787470104353,0.3486566573553809,0.8746261426033819,0.8976303515725346,0.6918875837399989,0.6208826077769292,0.18162365,0.481323374,0.351724138
0.094350173573992,0.1293254852820692,0.0437911272696879,0.5767983959329689,0.6112950925187982,0.6082327786792792,0.0119938666190455,0.4596673467524871,0.6819950748892067,0.074672417,0.385288344,0.45
0.9057718167660708,0.0512678087516167,0.8753543369568814,0.8615010654088111,0.8743630362160943,0.1542007714853625,0.6697263079967547,0.7025955356113265,0.3130921577820859,0.096350409,0.370614129,0.516923077
0.0129182927330511,0.5076631138691476,0.6595499519319552,0.5442523055762065,0.4328251410211029,0.3648979400822912,0.0017905150955433,0.1878254021864438,0.1895482240365065,0.171021716,0.250153049,0.514285714
0.7674109994530987,0.1443822159796183,0.9025134615463108,0.3059135441086389,0.4261328284852035,0.72300323378782,0.773593290363381,0.5738222125307388,0.3581687537576387,0.141199845,0.591642618,0.683333333
0.3833280882288088,0.6828128191922885,0.6161152514866531,0.7331237238523788,0.2423533070532174,0.9430693231919844,0.2935750118059405,0.4693255524502817,0.7578631703686906,0.237493176,0.517654165,0.0
0.4264327741152948,0.7049437133788677,0.5592202125553225,0.9635264960211942,0.081984022171316,0.1522060124585844,0.4922624487494219,0.793907176875499,0.7380683311733952,0.283338374,0.280303737,0.4
0.1364499850560383,0.5414281730785127,0.924374864490293,0.5197409157737309,0.465792058057537,0.5548918764048465,0.9341880895895388,0.3361358132700967,0.1779938924203795,0.305648256,0.289017748,0.391304348
0.1234605617415103,0.8931296926146947,0.6529929527527935,0.2654467533460745,0.975984264233456,0.4435932435023284,0.7791662783364764,0.7677453665915251,0.9723869671817716,0.642936731,0.261618719,0.386440678
0.8435690085963997,0.6850001667943244,0.4169404232156545,0.9380556210151983,0.9641058225460796,0.029710849963202,0.0139106303591229,0.1999249129010885,0.5700896252981431,0.205257464,0.165858139,0.282352941
0.2423045782655877,0.9094080116664248,0.6759736202563017,0.2208468399659883,0.9773980689298696,0.1731174246474124,0.4199149965558053,0.7391284808263231,0.3698299529468783,0.268960972,0.104516584,0.266666667
0.934961428158776,0.9626515740698658,0.1416442173906382,0.926862233667202,0.8943224320672233,0.7788141039630297,0.939089811836096,0.5725472673548812,0.3198151475665693,0.658685346,0.586480643,0.054545455
0.4162351812209934,0.3626728439196891,0.2563424007140243,0.4052986451817306,0.6622532351256443,0.3670371152780772,0.7128336136526777,0.1819479248629779,0.992924151601579,0.136999434,0.216519002,0.0
0.6783306494726402,0.8795764303594863,0.3884497321726029,0.3777280820502795,0.2552233389754899,0.2085045553364694,0.2225538575000144,0.2223199253010225,0.2568836741374174,0.320629998,0.248797961,0.0
0.6356975016028342,0.4022427222999738,0.5081842478788301,0.502477079522696,0.3859229894247483,0.1857644967472089,0.4172013780083183,0.6606120831128204,0.6912796126844861,0.140109707,0.308558833,0.12
0.0537678133475878,0.6436185555507623,0.1557759332647048,0.3220466867587243,0.9931604763208254,0.0338169120145728,0.1376495951152534,0.4681662390701069,0.8413492725434525,0.152861871,0.037530346,0.15
0.591306122873728,0.2566242403341712,0.5844879415335558,0.9559486615284274,0.0691559445990426,0.9803847183901228,0.7769472999162275,0.2079447989652163,0.4877422943838972,0.140957061,0.527778977,0.0
0.7373925748207387,0.1585066044068056,0.5096395206798003,0.9542182007431114,0.1601312992549894,0.1123757376868631,0.6385589626387475,0.2208035665938988,0.4929128001791626,0.108832541,0.290846223,0.475471698
0.0280211521943412,0.249242315730183,0.5287390546037016,0.8684416102124656,0.1225050652377102,0.1254780772079978,0.639877052162125,0.5534984124245519,0.4048251647314752,0.1364088,0.069280353,0.106666667
0.5273367953839708,0.3965234375991279,0.4850580814113386,0.6259067837298092,0.5187822188692163,0.5965048239761294,0.7829143687018149,0.5135292476027001,0.1423065970804395,0.230030254,0.422835758,0.66
0.8714286929818562,0.7088262819042026,0.277689515571645,0.7692970434919285,0.4543827507374091,0.7615094399089405,0.7149117011160907,0.932406351539048,0.3284148797517014,0.310462818,0.542306116,0.097959184
0.9755300373191592,0.6540603413724468,0.0844570505242597,0.2039585192941345,0.3674686657755663,0.75717128708642,0.1897673959472382,0.9358233441567836,0.2291850819989483,0.165099983,0.680258728,0.0
0.2471965226711651,0.3778608946142879,0.1557274897230557,0.6126179399615607,0.223777067016931,0.3878804213341007,0.1196695569000213,0.4571243156089151,0.6003398514235266,0.119960707,0.358402612,0.3
0.315228700629778,0.2063953160873556,0.6735573144510254,0.6344368653008181,0.0673979775272858,0.6952504801843411,0.4138749848464594,0.0973925350543691,0.8688149288874757,0.138386069,0.37411717,0.3
0.9780295363421972,0.79810499637493,0.2670708913549723,0.0906433387358188,0.1822054554250937,0.4574799938556652,0.58160536543919,0.5102444025953898,0.4103905509952781,0.317575788,0.475169188,0.235294118
0.9177636312851318,0.0575064047598089,0.7711680668026764,0.1074201807301008,0.151390101094439,0.2788733879229537,0.1336816814260045,0.013630179404004,0.7038562874247976,0.070566835,0.41065804,0.109090909
0.2072516382578296,0.8951170796173856,0.3609337891669136,0.7854790681886485,0.3198321467270801,0.4867990701112654,0.7951345994801067,0.5176386832854772,0.4325848441504462,0.458120399,0.395582428,0.522222222
0.0668735983650813,0.1445395282973366,0.5068234347965719,0.3182309310379551,0.6092910388423491,0.2702427010067707,0.5640100430632159,0.1007075005854912,0.5389653227229443,0.145377955,0.118467454,0.21
0.1333142298809256,0.5660544074926283,0.1345629692759983,0.1584228501469533,0.6252678720128519,0.7719263279263928,0.7070452475047122,0.8770011087693916,0.9486311039661616,0.332075036,0.426638104,0.526027397
0.0789959709715908,0.0322205767024488,0.7875462623663503,0.138988212479903,0.6020804279692662,0.1722420645839001,0.4130192152936877,0.2131395059599582,0.9088459929863354,0.078463984,0.067283989,0.728571429
0.0610148484154037,0.3824225631849118,0.8167618088728043,0.6845723126645097,0.6958724200003648,0.7426589496834,0.7680908765713595,0.0917725891798079,0.2412473071638862,0.176846205,0.308942073,0.51147541
0.6421729498230304,0.6415280997485246,0.8928730046748592,0.79687106991517,0.1692320568792505,0.8440008640456588,0.996801820581511,0.3750979115173537,0.6798179663166769,0.32207205,0.437047704,0.290909091
0.8200798899924464,0.7063163914217951,0.983078879307179,0.9209476538068516,0.6969167117110474,0.9975807767099512,0.8107227621466144,0.6339700896341506,0.6381077886338434,0.395561875,0.48169962,0.346153846
0.8684025540627819,0.8528189802854564,0.6417679570342552,0.6257386913242773,0.1127724038864139,0.2990863368371086,0.4759383675576512,0.0326954433628297,0.7631831294973118,0.43191842,0.331862163,0.342857143
0.4772430259656885,0.4152655616514924,0.5222397519036919,0.0325194878995555,0.5001966700792746,0.3065926162440845,0.3311938484151433,0.2940096201664164,0.6986652904739804,0.160709858,0.33199138,0.0
0.8150630888730178,0.0781177280853483,0.1405693374056602,0.9338171296809298,0.0915735830222823,0.3985659680107616,0.2887383849282171,0.9355327340783538,0.843108656540233,0.079497305,0.525212312,0.369230769
0.4187570099594326,0.4725595875690223,0.7688670755510387,0.752648857105052,0.0867938982964459,0.428840330293639,0.8547739153557901,0.7788993730191923,0.7640734562630943,0.256836426,0.388445644,0.551351351
0.0225379225319369,0.9509567881543016,0.0514106830675719,0.6231912733526639,0.9357332255624704,0.7478219251773732,0.1936341906839269,0.5768463153240742,0.939763042470656,0.362783176,0.273130066,0.10212766
0.1966991880338996,0.5346620250077063,0.3202621798738919,0.1977147748606675,0.7487758495155517,0.6343928711349219,0.9936822095517892,0.8053925264262439,0.718778468186206,0.319438726,0.334113417,0.436363636
0.4597411349172303,0.9583823831622752,0.4313696124748016,0.3856323817818379,0.2440496286388102,0.1354295171583652,0.9350814760468076,0.3197240590437162,0.5002087157766753,0.665299557,0.241616028,0.803389831
0.8863803772779634,0.6029458101583544,0.7089533577861458,0.0827785426150811,0.7554209222661191,0.6739169540577197,0.4259781307547693,0.2166715610682806,0.1848726224076278,0.187626615,0.420671563,0.635294118
0.6574401245053637,0.3871886596867159,0.0625412485487345,0.355260768405873,0.5679790475941838,0.1824729963868732,0.1322907862495096,0.2000230765204184,0.992363665086184,0.150783874,0.403186116,0.4
0.4530821448910361,0.100576088336191,0.0995439522938554,0.8920587660568556,0.1112493141356143,0.1980594373163131,0.8509130238833708,0.5396028947841455,0.2350251313094257,0.089648535,0.20500755,0.194594595
0.9038801769488004,0.1934260831169496,0.0238535384442838,0.2698592003332851,0.5326888314724159,0.9631296877165154,0.0640914971160304,0.6360878958554884,0.1303592669812781,0.077718255,0.538329883,0.0
0.0158624688514427,0.1643406135979074,0.5539801688361161,0.2839929898384565,0.164496285479348,0.3686444203105727,0.9839540389694212,0.466708631291161,0.2171045936665773,0.120975221,0.098611614,0.03
0.2952015730359956,0.0746496503647254,0.3394705161568186,0.2336928034461204,0.537920217406449,0.1615463233767134,0.3892125744051065,0.9557005456570924,0.4689428027560451,0.069943555,0.166999075,0.133333333
0.8583645181968467,0.3764576339193108,0.37396516672834,0.3995052997178128,0.4302784639691209,0.7394640162426476,0.3448811942613866,0.9230330448028566,0.5347172560972596,0.103221721,0.408439641,0.6
0.7103668657136938,0.9332596674417234,0.007603289753338,0.3276806988459216,0.6182105225459612,0.0132031114707585,0.3581475577518359,0.1341895005678628,0.99875704388357,0.340589933,0.073751044,0.4
0.501951567059765,0.3414642792087311,0.7534883594813138,0.3160872632707389,0.4398637880524992,0.9050869276635356,0.6516396305289474,0.4331487151018365,0.6776186464102774,0.205873465,0.521765881,0.162162162
9.540946056940668e-05,0.9571345657207908,0.5238929553689972,0.2017791124596465,0.0992896659158885,0.0452237423968123,0.1086579179735511,0.7850517676955092,0.2053345377136896,0.385687474,0.026581096,0.432
0.5110403000132957,0.854203218749038,0.4512069736329497,0.22345088640812,0.7756768109369995,0.3132490337980317,0.696012112203367,0.7765615337462288,0.0721906628184718,0.477728051,0.307013627,0.075
0.3014861733314462,0.8988484111612951,0.4281617113233852,0.1243188905906828,0.8423011248376623,0.4684953212214512,0.5750597004395976,0.4301538515096387,0.614978244268217,0.586831217,0.4444408,0.589090909
0.7006271686841964,0.8727335841658311,0.3639199327335818,0.3358948205751046,0.2609620195564802,0.8270441117603358,0.8844267444821837,0.1815281968867285,0.1926806954268693,0.52030769,0.516119142,0.436363636
0.0340649076918438,0.0639892690787183,0.7413057270106291,0.3115828457498841,0.2448993698930723,0.1558072032124601,0.7108211970839382,0.6489068094726248,0.6772412989298159,0.092904478,0.080770754,0.0
0.0203042823483872,0.2224041475237683,0.6942158904408839,0.9515338718438668,0.515931431344915,0.8701414343422378,0.594796047022387,0.9260205763580064,0.4248193844894331,0.152198749,0.279960349,0.05
0.2854942903059319,0.6029664429141999,0.336101527564679,0.5147222062803511,0.8559060187838156,0.4087956321443774,0.9972127160275158,0.5053650717381274,0.5814655940904923,0.298127662,0.389665005,0.43902439
0.1985180457543893,0.4885564473245768,0.5419263513941613,0.6575856780608511,0.8421778972971606,0.9395409900408536,0.6636617240865367,0.8148274154677453,0.9574971419136088,0.326242021,0.416477177,0.126315789
0.3379149068828394,0.0385014034179593,0.2432231682009201,0.5917477791080938,0.8674953280550964,0.4847283508157414,0.9157989488086604,0.6273460331185421,0.9277561348452152,0.1333797,0.282168636,0.223255814
0.1108441871153586,0.9482408291301324,0.0651087593131919,0.9773236023844644,0.5751847810769521,0.3434955273779719,0.1547715460608013,0.0172820844584536,0.8101847327419103,0.30565073,0.209577595,0.705882353
0.2108822427994119,0.395993231968812,0.8035974785615936,0.4398060030250023,0.6007464380552681,0.0220368235187774,0.69195436879632,0.9796463895344092,0.6920821944292297,0.233334446,0.07607161,0.607228916
0.2423686973089048,0.924377533380226,0.6577298377586901,0.0100559925127332,0.8953027895232849,0.3914414633871923,0.3514383271715692,0.0281554137935846,0.884592574236414,0.358413012,0.225899686,0.16
0.6848290794182749,0.9592234478047512,0.9098587954471222,0.4510056294227568,0.7047568214521326,0.4420911843568561,0.8935173849690592,0.8415391293709179,0.6639711327407315,0.813779691,0.500250118,0.447457627
0.3915364679246982,0.6124924760562097,0.5123481161501048,0.5303854154470368,0.3975144689085556,0.7678824359509873,0.8698815123276742,0.9453276533137008,0.0338207372254589,0.308379975,0.326350508,0.553846154
0.0399146965717021,0.6657083734222453,0.8796106722277414,0.3480795020179407,0.3871692169445493,0.87963611199563,0.7844235958130282,0.6863711700954036,0.9562346559575248,0.401241623,0.336513672,0.259459459
0.4130984616533268,0.2664976178970387,0.3527475125504156,0.9888923253765444,0.0856400292617025,0.6354867504128209,0.8809312085834483,0.8579524604032103,0.2172979515269322,0.14840603,0.386572167,0.0
0.9596337393716428,0.0535925339676898,0.9215397071281524,0.5940351336856807,0.7905321433406801,0.1023797974739026,0.0141239522764856,0.2162128324720706,0.2393521060645221,0.075888912,0.144781551,0.36
0.9460039877951434,0.9533201976173656,0.8455719486170754,0.7540073199104208,0.2071143042474635,0.1663744727666678,0.8281667753588521,0.8792302946942114,0.7102784926369903,0.658463827,0.282878373,0.126315789
0.7733476563809434,0.3205672735791296,0.8344738141440614,0.6708570514063095,0.4163522087072328,0.2276633165431726,0.770505969101215,0.9014902667030564,0.6846006073550859,0.199670909,0.284423778,0.0
0.2560646550241133,0.9670423700897692,0.0567149445009862,0.7366250917675765,0.1460578379017362,0.9163960090958114,0.0024948965493956,0.9303478557786384,0.775630548637872,0.311661476,0.402148127,0.3
0.1134414117846344,0.8544610983530244,0.4253172659706058,0.7874639867058622,0.9121361103654708,0.150056663746338,0.6476319566449285,0.0574332919084052,0.3341806089604715,0.42757521,0.071292403,0.211764706
0.6334799132079554,0.3181633206593344,0.1495063588133139,0.37601088043217,0.1303820775711872,0.537929152177268,0.8660021901084581,0.8887481674347684,0.6848684449100688,0.134932811,0.43604947,0.1
0.8492388693981062,0.0403893525915338,0.4007881046112714,0.5632706304333712,0.5332504361526613,0.4979425595881829,0.652684472005751,0.6663656956862324,0.5974857361005419,0.129694684,0.434276426,0.588235294
0.6145619440420599,0.7330488438390854,0.1740698818133536,0.82796141160274,0.8320754588013144,0.6993798699652105,0.8460340352301088,0.2436087920297299,0.2026183922187133,0.256285795,0.44112235,0.3
0.7421773050129944,0.8385552911146812,0.8156767037750198,0.8280420872698298,0.4558355031294963,0.2016796677530228,0.568498000818222,0.2961850843038864,0.9675917195369544,0.537403995,0.349462264,0.492307692
0.7895997324777809,0.7790072820111068,0.7514017162187384,0.1933520141461485,0.3793760807220256,0.5066687962709224,0.885793660342422,0.1564291974443734,0.3922986439341681,0.387185982,0.436098528,0.188764045
0.7610175682305517,0.3255731489476438,0.1843736858969547,0.1460107780901777,0.2115380381266645,0.4899289813571659,0.7267480170149774,0.6314828067853111,0.4156115823278027,0.190460519,0.490934047,0.567272727
0.2913043413863406,0.4315659805458974,0.4695663281896132,0.5586991025832457,0.540082654113018,0.5133190131779396,0.0756833183414336,0.0034982043154396,0.2937364391205554,0.102585466,0.461902677,0.525
0.0961018426927551,0.5739309073007848,0.0473776538742141,0.8918100861875772,0.2333982131418326,0.6941804739967993,0.954486860541864,0.4035390842382691,0.2023412626257833,0.209461768,0.212440038,0.0
0.5870817207815258,0.4232828825650104,0.1708173708781771,0.834940464210852,0.3174312818616883,0.687522924914125,0.5583220200652134,0.2382691389293455,0.3928908575547979,0.199274284,0.491724805,0.317647059
0.4645218505049725,0.0001374900255202,0.5109478038450374,0.3498692210683644,0.3345815387393041,0.0298925264985625,0.1618935905549832,0.5855264894887191,0.9706450348342152,0.045241617,0.084095348,0.4
0.1219781855146541,0.595432914665152,0.4078069114791758,0.7729348936235169,0.5648408909139162,0.0343368309880254,0.002847450314934,0.4269684971710046,0.0980298472021714,0.153174863,0.061913156,0.327272727
0.6847651136364281,0.975242387785758,0.4650314731936117,0.5915251941799019,0.9842577804033784,0.7172573374731719,0.289512652154132,0.2574879722097192,0.4586643524396613,0.378421582,0.498882511,0.4
0.037382316733516,0.5284845965215859,0.2491964868872748,0.0107385995471728,0.3301181406418365,0.3301252265478285,0.7951693525197704,0.1055148615192309,0.8702817031069625,0.218307035,0.239919871,0.552212389
0.446860583563585,0.3386688495169354,0.6839285133681765,0.5942224445613263,0.3039656476448502,0.955634332169394,0.2663386134651654,0.6080740159912785,0.5186540149974088,0.095828573,0.553395423,0.0
0.3967689677727221,0.6499437315564819,0.0577316566057838,0.2412011325276366,0.6662557576389111,0.1196302471426464,0.3118134080625464,0.9159928858824684,0.6268026271598959,0.230511194,0.164673176,0.369230769
0.9400817395315572,0.8946341056788666,0.9427424537918996,0.9559634967257512,0.537257894468242,0.6755673767411465,0.6758972463027288,0.9289732964586211,0.8558501545997681,0.611456612,0.431339508,0.0
0.0215282314515069,0.3945609101348412,0.6872459264064603,0.1283911508306644,0.3967830248793407,0.2919151751601148,0.6871674800732489,0.3188986777868268,0.6386785848004715,0.252645878,0.128372676,0.088888889
0.70006085072269,0.7975070439638283,0.4176968663552232,0.0502381424541985,0.3705410987761035,0.512802938597494,0.0540469621013621,0.7229990752773191,0.314710020128734,0.17095231,0.343473311,0.266666667
0.5515270371647931,0.405389240231828,0.9658928042933566,0.948428011732354,0.7495699956736736,0.2768312301979835,0.4416730772870454,0.6299618600341036,0.350141510178958,0.159129472,0.161743359,0.0
0.9489553775278228,0.4655867618112388,0.8914108534877274,0.8907345438719554,0.5356589907758829,0.1202360386776868,0.6809031581571985,0.3936145856736752,0.8082503004122077,0.255425114,0.276486275,0.369230769
0.2788146637868007,0.7031643522323748,0.0096001521395655,0.5854454419432423,0.4694078370360778,0.2974877129385164,0.907421601080682,0.5201926616936033,0.7559345287894244,0.384783809,0.331476652,0.376470588
0.2734516552017071,0.4034018455039981,0.738980377082739,0.3890331215209244,0.9765972734230052,0.8704679551412747,0.907269909093924,0.919157124257062,0.4153172453443207,0.314148164,0.384877217,0.247058824
0.2390261443099773,0.9873454582673424,0.2900593438936442,0.9720962065304808,0.1855500439597422,0.3507603847023954,0.7125568147931705,0.5326977394545593,0.9174394261363732,0.800265237,0.198932322,0.0
0.0555426028627888,0.8579680207320095,0.7975253098912873,0.0469488515615815,0.7935494205308051,0.1901718840820642,0.7797385890310922,0.0765015201391514,0.977840286285459,0.500699037,0.065552451,0.0
0.3620373213930433,0.1817149372700757,0.8273074667263168,0.6776853589890589,0.6837834832007229,0.6290415659438099,0.1889698884894105,0.6992670919566165,0.6598782118442084,0.143198853,0.260658155,0.0
0.586979979362952,0.3314387982700197,0.4712946191421915,0.5551692377556814,0.8418800402812943,0.7816057573830006,0.0473449665803017,0.8129824638132026,0.0428824149266312,0.119968791,0.417589028,0.56
0.5840188107640757,0.770881332888922,0.097381223730329,0.2048424453851992,0.7935358762535956,0.1684769242349078,0.963184664592057,0.5676026589903381,0.0041902743862023,0.396774674,0.16317439,0.0
0.4419284249743282,0.0929378371686224,0.9185770013096024,0.7350304772745694,0.4284693544979483,0.929493547190033,0.3058233965846278,0.469685906276283,0.5238728038138061,0.081119757,0.635064131,0.276923077
0.5998118682749519,0.2062930161128418,0.0680072768902435,0.2721459783707609,0.1492446522347572,0.0005156265211392,0.6434701806374604,0.9299078280096033,0.5208663547827385,0.128086673,0.092525125,0.542465753
0.0553376993291299,0.2569526406742537,0.8501752686096398,0.1069588758558066,0.7202692628041241,0.2125095611306766,0.1959103655246407,0.7637123740882885,0.8080161657216514,0.093623853,0.054806339,0.36
0.8264962505172619,0.8449185386671454,0.4634196781041561,0.0307808474658134,0.7491024229833456,0.5463058583565177,0.1521482095083254,0.6477472277973902,0.8010808534771496,0.348740896,0.5584556,0.342857143
0.1951467955564947,0.0175965543980575,0.0171145099610012,0.7703653855913507,0.4676467342222241,0.4025546253238657,0.8615952111425973,0.787315629289014,0.0441683960308145,0.084245015,0.164008218,0.408
0.2019408200686965,0.7320246165744632,0.7464783643418383,0.0089457417962803,0.1944630786177942,0.3792088576371085,0.0564780352023093,0.5784588826741192,0.6382195803038004,0.264091998,0.363729717,0.631578947
0.9653705176946228,0.6687376165670176,0.7335983494834551,0.5277794079939586,0.836116077606988,0.1384557194559155,0.3489383550627589,0.6606281024756929,0.8777070018927018,0.309222799,0.354248779,0.381818182
0.8903165548189544,0.8085580557109456,0.4615982167648885,0.1476233105619788,0.5962702393137436,0.7128755734790321,0.1024931976211495,0.5522976596650787,0.9262282165437714,0.351115454,0.605127843,0.218181818
0.6937910291973629,0.9818041276536388,0.4229479605944676,0.2003862209573921,0.1394281732719555,0.0562263725034238,0.9230674758694404,0.7841632097089373,0.2871683363624613,0.571781291,0.204694091,0.606896552
0.5518091175212266,0.2741345600823681,0.1414247732675841,0.7204673801487993,0.8956067109764159,0.4192703891456176,0.0474615080020871,0.7124208655496608,0.5967092253606473,0.077703891,0.186388424,0.0
0.2995757345888532,0.7198929132293901,0.7659681486981929,0.1679054522466438,0.0096358863570957,0.3765923012328445,0.8438840834310372,0.2138169704212723,0.3677971549076171,0.477264339,0.369096651,0.555555556
0.2063383093850426,0.1008724630644823,0.4741753805861869,0.756524093185175,0.442795596474564,0.800857607579765,0.3717496314660343,0.6812603374227414,0.0886551281438877,0.063531667,0.37639011,0.705882353
0.8205665932575513,0.0723391095614776,0.90912987050837,0.7007839399776046,0.2961717950844885,0.8108026394516161,0.187756769180973,0.853471257727334,0.6410830168214465,0.101375281,0.514193716,0.0
0.8614156299767777,0.3174123447283582,0.94364269302337,0.8757724433340085,0.8787634011150379,0.2260893318927579,0.8334636961483144,0.6701292583392392,0.6274986165843639,0.230919158,0.46832225,0.563636364
0.6254822151544138,0.2954731950202103,0.1317983152486054,0.8616340061481531,0.2872252866371672,0.8742705646773278,0.5425691897156375,0.8947831205162777,0.9781787893367402,0.173714727,0.484835097,0.336842105
0.5068571872734116,0.7364818025932474,0.2263450313356644,0.8906658272058108,0.4490350842807934,0.29239847110322,0.062309505205821,0.6922218647761629,0.9236520038733256,0.307696406,0.29534328,0.6
0.5498250394704295,0.0448392445911455,0.3262403783436305,0.1424463194356622,0.9872316391680268,0.2720052219985449,0.3649938883144543,0.1744003044547465,0.0840475599687171,0.06703204,0.318411911,0.65
0.8280126905099866,0.5929717537928483,0.9514112189395044,0.8431742003635165,0.8683012961697875,0.1686135319670466,0.854078807581473,0.276901414271138,0.7440216308840432,0.389403204,0.336753098,0.6
0.9685244851030276,0.8045854693593623,0.0525225402914383,0.651179286643045,0.8677080663049849,0.4979294209873289,0.6393449192247617,0.1746078804561733,0.0543395811970919,0.347277567,0.464185095,0.567272727
0.8978191515506272,0.2023176135297496,0.2891057625997866,0.718719346106919,0.86586900238428,0.8343644743529613,0.970750274227436,0.1849682016753842,0.9962458488422512,0.140668425,0.540565294,0.0
0.269189598230762,0.3742265310208018,0.609161886262504,0.5234243410196017,0.7276169398807693,0.6677373668563594,0.4664470411131073,0.4266477944997962,0.370343155336264,0.098808212,0.349912507,0.0
0.2462219941637865,0.4829938005589165,0.8505053876474366,0.3380288146571751,0.8266434485442743,0.5636420916878928,0.2566370329763832,0.2750950812995695,0.0290949032339308,0.132993868,0.372199865,0.0
0.70702936893693,0.655220962177255,0.667155059843434,0.9732460537335637,0.3827057981463484,0.4761869420975988,0.6942762440676902,0.2673178692997289,0.9713418409078942,0.455295158,0.369062269,0.0
0.1420956289777977,0.7901856458795924,0.7400180934168347,0.5074596717309782,0.9043382846150038,0.2239898278237554,0.3000726396300289,0.3687695951503011,0.9344363971862792,0.37100265,0.188527425,0.3
0.3582655320643101,0.7205922797984616,0.3105616292287897,0.6050833101124703,0.2689597392228566,0.8210716123122921,0.8324989136451133,0.4756487885202246,0.9104605883870732,0.378001986,0.440596513,0.153846154
0.129801998537381,0.6815156622104699,0.7474213391761941,0.4492870190394235,0.2022420287467876,0.2151705762777896,0.2431696658983878,0.1414049307314092,0.6034408150668238,0.255534181,0.181277702,0.685714286
0.9703383801159706,0.0205847792228458,0.0412108706851106,0.2355549455306609,0.5475939931850083,0.474166401114811,0.5209861847325408,0.9339995612269648,0.6527270677816338,0.110883265,0.623408967,0.656603774
0.5034531259662073,0.3355406940469059,0.958913837220068,0.6481598045641969,0.1386120492905406,0.5277086856580816,0.4543512710144003,0.8969537377372919,0.7171021189113769,0.138384298,0.330671249,0.0
0.5461782507046202,0.9507530688461466,0.9135066442021532,0.8679523051405842,0.8055720641422063,0.8688548176157703,0.9156536310559916,0.4627672067278744,0.2500502834039155,0.713272257,0.483912658,0.0
0.0687040474537362,0.7155773212861137,0.4633540028496768,0.5298817421934386,0.9519814162441016,0.4022350378160215,0.1303095397704424,0.4394352692553313,0.0243739866338142,0.211498227,0.324042994,0.786206897
0.4813315950368516,0.3734632333134003,0.3517603996600932,0.528428559181834,0.8868579306786186,0.5746548232439591,0.0830089187891968,0.0948145131938034,0.3082291375115171,0.094934102,0.391011963,0.0
0.8207550204476727,0.8751082402595803,0.5111550743262315,0.0200194871514526,0.7561603746128711,0.7028162275539598,0.1909582681322348,0.5847340950382273,0.7742748059609404,0.244175949,0.638781835,0.3
0.46175814783242,0.8400457233849826,0.0112009145099061,0.6982073259047195,0.3613349929510506,0.7395981758530452,0.0308875368472854,0.2061199491488693,0.2067767904576821,0.102791031,0.662567959,0.0
0.990947640208524,0.5633239280739951,0.8261748334307414,0.2291845883605565,0.6388520877289573,0.7727226729242148,0.910634736522068,0.3267810186177866,0.3476401437553099,0.308160424,0.606849064,0.145454545
0.3159463867580673,0.5898698344106196,0.3164566081277683,0.5191998057727633,0.5247007640143602,0.4396038659847102,0.9839180118247802,0.2614590581263961,0.493687290286948,0.270612295,0.377056529,0.222222222
0.4122809351617174,0.7969008137536747,0.8680186758634844,0.6609164351573527,0.8834723002705135,0.5249483162986641,0.975856608284384,0.8904318059685125,0.5262139727806863,0.452961691,0.31297079,0.027906977
0.8665667388836531,0.1688473599951178,0.8893368034058362,0.605765163724434,0.8183344795766597,0.0430019760345471,0.1497871973116149,0.0240921925461113,0.907209585788194,0.122005211,0.159620134,0.085714286
0.3004431527747203,0.0640522982430848,0.4242507667736402,0.2061019825127674,0.7040964115114134,0.1058518883737454,0.1885937712443616,0.8297562671521064,0.465124667388596,0.068118895,0.132926283,0.685714286
0.2708528236796931,0.3175643435656162,0.473984484866584,0.6484325264793173,0.8487290144110643,0.5953514163040962,0.5349806301395897,0.7352674790888859,0.8427365944862186,0.184019616,0.383681461,0.0
0.5280728467888997,0.8318837813725579,0.7822893347362242,0.3740387911747893,0.8777070510291691,0.3309164101796894,0.2318504189111417,0.362823637665956,0.051834379251343,0.386828806,0.127428286,0.0
0.4581363727777924,0.4415685667434876,0.6072916778966113,0.1333296789466413,0.5806077777130301,0.0717740429023663,0.8743288891658919,0.5938561798514763,0.1210629807066815,0.199466069,0.164553396,0.394029851
0.7729859179369856,0.169249198317293,0.4436474024866614,0.0724406265010719,0.1970564544960388,0.0842294830333875,0.545113490393538,0.8217172086183901,0.7829265007497407,0.132528003,0.14522563,0.054545455
0.599829647190916,0.7939061671975797,0.4674901128061466,0.7322033605312652,0.5804974837302899,0.0039245732918926,0.1653775784897082,0.5720836381875445,0.7842733789455494,0.34527717,0.050268726,0.0
0.9157500359838036,0.915276360832549,0.2314667544017706,0.4571053077694325,0.1621111588030378,0.5180634470161798,0.9370127699772192,0.559658041797002,0.4196010295271046,0.572411126,0.493209445,0.253846154
0.1489202956929312,0.4534842454171277,0.9086924247420208,0.4675868732451846,0.8130420205869214,0.1288660985051006,0.9534369676256726,0.1673803667323196,0.1872455406850873,0.173872179,0.077642493,0.0
0.8899298340634889,0.1347808277034335,0.5917774868623932,0.3462436591221119,0.3141079860330296,0.2277779550391561,0.5093219972316259,0.1655805719762938,0.1276057892704414,0.12701108,0.252946819,0.042857143
0.0511853801429043,0.135334846493752,0.2053550883036741,0.0697629271411787,0.5021860309814761,0.8406693491063397,0.8515248523470859,0.7318460277959851,0.6915981261326349,0.106961795,0.300888661,0.447457627
0.9704434198407904,0.1098325462478074,0.700571805556611,0.416588290289398,0.4197097645664103,0.3893537904936581,0.6175613351099567,0.2958844467878556,0.8227890039134842,0.126374072,0.317122847,0.0
0.7810627711143983,0.5951791810469129,0.895667429732736,0.2494201583005029,0.0962124678379164,0.0541532093988514,0.1413570685878147,0.9373509651187956,0.2086735528263694,0.148354353,0.106232643,0.525
0.2812153653689513,0.7095368527464275,0.5157314908918296,0.1038794990293345,0.6404571262003277,0.2090453996030983,0.993123295293144,0.7511980251181182,0.2016998640408605,0.411488876,0.185558916,0.541176471
0.414467146576345,0.1832144428088454,0.9515858058414518,0.183118960931917,0.610964676575624,0.3893330431221702,0.8680466269958307,0.2749461141704097,0.6601700616125149,0.156967953,0.374590116,0.608
0.3389334812169104,0.8387034728494458,0.7478444131208706,0.4503114101423778,0.2761468869572532,0.6961350225509234,0.3327787445530354,0.3516158023306523,0.6963991034041328,0.308558383,0.448343245,0.0
0.9058659221193844,0.6125505362992213,0.8233554103107859,0.46408025751712,0.3293268625055945,0.987232242275156,0.2185792087759324,0.0242928871886088,0.2177263277517127,0.218712233,0.478418455,0.0
0.8955746046669344,0.3157296219798254,0.4830288264205696,0.84669573480879,0.2226972845299794,0.0724479303287414,0.0736511774981961,0.4270921473266637,0.3511009978422378,0.097304193,0.165478314,0.0
0.5184503973869642,0.5490721137894712,0.4987316869320023,0.7158194109895508,0.0525674254112351,0.8351279028310186,0.6560765352015512,0.6794147243074714,0.9337778603032734,0.325857198,0.360199834,0.0
0.6498905376986452,0.6173062906435066,0.289121237806488,0.3918129939661645,0.3593229946122031,0.7170353653975281,0.7502014002130111,0.2854994910678744,0.228944822257975,0.29195411,0.538682187,0.0
0.9917385281730584,0.3421276610391954,0.57880628107291,0.6744099318616619,0.4607440978091494,0.2353285425813336,0.420679940925867,0.7395572407325024,0.173311579290832,0.109525763,0.366487895,0.06
0.5417573878507579,0.0625444036876925,0.4997717702993579,0.7998894539962139,0.4025872569954789,0.0913928636135393,0.9002110315749878,0.8162761794081451,0.3220225924979983,0.129797075,0.239379825,0.643478261
0.6158022877312471,0.3055521368026342,0.5681882386966249,0.4300640146927224,0.0509887151233259,0.7860067368641213,0.1179137073318091,0.6312641745369467,0.4528880421316992,0.082839046,0.534876533,0.266666667
0.816597851769391,0.8938909725582612,0.5892665062003173,0.8021306352574852,0.423835814996804,0.5757416009004677,0.2203410334806206,0.7028553532454959,0.6893665118658209,0.305063426,0.542289738,0.436363636
0.2968976241456676,0.2941127307165189,0.4491517577939744,0.6580930269739447,0.0992123368668074,0.850323291851664,0.3566875965322224,0.3809454881595147,0.6913738847548625,0.112214806,0.690253635,0.2
0.636335169082227,0.0721354152490679,0.5621591340964804,0.9971163301081564,0.3613707923079871,0.3087467628279474,0.9563168114191936,0.6447977108561037,0.9872074533139984,0.095726228,0.398856714,0.28
0.9361224270222968,0.8650041003395917,0.7950501315968244,0.2641575901446427,0.923104248805378,0.3479571328377077,0.7401068666339304,0.9812260560387412,0.7146251039015364,0.659728954,0.416707515,0.0
0.163334953077834,0.958449556829432,0.5544096559555456,0.3688183160215966,0.9899447528342572,0.8760509192654663,0.119081658619232,0.4540286968627908,0.3821398531768852,0.345661106,0.499776297,0.092307692
0.4447474168668437,0.1407961341710638,0.8555633579932914,0.9265962975992827,0.6075212743047115,0.3524898608587453,0.0879799056917034,0.5862163587305276,0.9790979368495992,0.092916803,0.22288257,0.0
0.4204321032573026,0.835086233046245,0.9516807435333332,0.1348463857389503,0.1732512158424043,0.4212884409180053,0.3183826797373524,0.2634088142190365,0.3451474644069823,0.334165025,0.520653444,0.252631579
0.4802048045639657,0.4397094348687127,0.4620862579189754,0.7896983516053536,0.3122318118132131,0.4360736747548348,0.6810027475610299,0.0719587131883265,0.3651562902083066,0.242841852,0.200538704,0.0
0.9765021597535058,0.480946219501939,0.2063994992721401,0.2952245749821253,0.7060420062351923,0.6732945973417372,0.3997879483418517,0.2602794372360529,0.6510312923375766,0.153149068,0.679931146,0.0
0.0829278502470866,0.8968467000802156,0.6784265203450638,0.713367841523582,0.3245401374054053,0.0824310850592383,0.870687787791638,0.8818369841031982,0.6968048004012009,0.773188167,0.034782209,0.0
0.764957363027455,0.799872673963918,0.1791419551578724,0.8763216631703751,0.4000408029682325,0.302570279308864,0.0037650443385931,0.4310955281525405,0.2218062975103701,0.214256722,0.416135214,0.171428571
0.7103512283822595,0.6715057591982473,0.1236192351685202,0.2871559066136383,0.3482575111549072,0.4428012799401841,0.8056969636851953,0.0090753175273508,0.4499789957575507,0.315572738,0.314619587,0.0
0.1599915332593984,0.8189527824737541,0.0405084382203095,0.3863855169101711,0.9470219467055552,0.8488569027159946,0.1128277077086197,0.0954818190371714,0.2941617998928968,0.266559313,0.218117012,0.0
0.1757210056042968,0.9024818838878444,0.0775951441027702,0.0016612073059475,0.3222690041878265,0.4006667014924105,0.166038760380685,0.3253250861979452,0.3802457215592099,0.30919184,0.271671204,0.735483871
0.9250186733867152,0.8075359818023052,0.574892561309134,0.7125149211284136,0.954606457178006,0.5860977096083061,0.6034766355565218,0.0057114971067643,0.5536597664524001,0.387459473,0.554697719,0.0
0.9053855846484996,0.66974072822437,0.8495234625956515,0.8561187355188536,0.2257053262550711,0.79962450213883,0.8874354920635678,0.6621498142689785,0.9405068753161214,0.481564903,0.44712169,0.0
0.6176375654145545,0.6369687890701922,0.4844813468736003,0.9807472989200892,0.4301494079332356,0.7065346980896899,0.1212369371413613,0.8801323572785528,0.6388366397227928,0.235622877,0.490202346,0.0
0.2512762404834072,0.9948867967835148,0.3796501091710945,0.5939636215327649,0.8431233712572799,0.2742407372635861,0.6137843813035018,0.6392081839810664,0.3711441083430847,0.633085097,0.184977533,0.094736842
0.0837591414060556,0.5906102008728896,0.9800698990024672,0.301800107851759,0.6479399691368979,0.1401102214012115,0.2679666097240661,0.6146452424250417,0.0605321756953132,0.233594365,0.068170872,0.48
0.9370956455379218,0.4361535228012875,0.6621000657902706,0.8522021050059781,0.5965103033787917,0.1019020366312037,0.961964087319067,0.4087174790039628,0.4699029410934783,0.186953867,0.324131652,0.460714286
0.098318586867997,0.6951296668879479,0.7994995851899159,0.3398701265940288,0.1976650277013212,0.878942355903831,0.1285332424820739,0.8817475624178324,0.0247822689032772,0.18688768,0.460193959,0.694736842
0.8287412104374687,0.917106458934739,0.334978268096019,0.1532447994971606,0.6452486857441383,0.4183525229224794,0.5251724219593144,0.6028925333259871,0.2197147175733362,0.474292288,0.495329673,0.355555556
0.811192695092838,0.5845082019720588,0.6293438456472668,0.7983498576929712,0.5760427829692254,0.2013739563816876,0.6268135499019668,0.1028994949307792,0.9239040664536036,0.401776892,0.257218549,0.0
0.0579555812924443,0.090677285577689,0.7150480976485677,0.4454628808791017,0.955323726057404,0.6960216359953934,0.506785569516603,0.8435495067313499,0.5261612468546882,0.084241534,0.334334117,0.473684211
0.0143809757468775,0.5104653680552488,0.1373164718141217,0.2396641312068322,0.0709768604832705,0.8621420875543497,0.2989042530726031,0.0093742690037541,0.5982595592728477,0.150907201,0.264103974,0.0
0.027036264826982,0.1694115588937065,0.1185642608634568,0.0593397995629918,0.8479897060276063,0.262637999374802,0.8766110644812749,0.2254566354400919,0.4091941572420435,0.130770447,0.112063174,0.541935484
0.3707646715976957,0.7343725546308689,0.15794662520335,0.1527957297627699,0.685652488088432,0.6763883050903736,0.6243142068215267,0.4647251873407565,0.4878835194380408,0.460475992,0.387678513,0.446511628
0.6608470111327989,0.6918288411455763,0.075813492036738,0.6720424411285101,0.902448165491354,0.455920892793798,0.931352089674163,0.9415685304348094,0.6376579941339628,0.335678258,0.501804837,0.56
0.7349885593336762,0.1100862984039735,0.81147383642963,0.7710026261682305,0.0523494705822292,0.4498476280651875,0.1215586799034641,0.8687485525075402,0.0837556733015,0.075747253,0.409430953,0.48
0.9462279508347848,0.0818989639489488,0.9052301456634207,0.1780321361605493,0.8948968169740639,0.7199740359391928,0.6936789315395844,0.4629606724967958,0.2576354727716079,0.137805389,0.588520082,0.552
0.2224492223150156,0.6708322419215142,0.1371887934577033,0.2386847879070149,0.4869541804762257,0.6635697587335462,0.8489575353774235,0.9111443818147472,0.8265863899590592,0.344796898,0.478992418,0.54
0.8141587947666581,0.6787955359106286,0.3679878208122259,0.1130110176731848,0.9396426835491232,0.3775260360219784,0.0564969534045671,0.6534058749874578,0.0840437370973306,0.255014176,0.450684708,0.533333333
0.2092244991398844,0.2090975102907303,0.947276393521705,0.247031585796468,0.5676275653170928,0.4560987385202674,0.5417721307083496,0.2263921050628224,0.2602507599167335,0.124431544,0.345720022,0.548031496
0.5502807985639983,0.0013176036599424,0.1399178928634031,0.6791509069512215,0.6233711652221373,0.1895098113045362,0.5960326813009919,0.5677127466806557,0.628387525338235,0.085366267,0.216483289,0.196363636
0.7449982084055272,0.9655791326242936,0.9041021208261616,0.3291047279179762,0.630183227433831,0.5214228466717037,0.7670377147728393,0.4052631584074171,0.1764091206344951,0.54765695,0.551612397,0.54
0.3467016473306148,0.737879315133842,0.4764389146251125,0.95515211984779,0.6197441395711452,0.7672469978423905,0.9800667518694578,0.8305180889477043,0.5187585841552295,0.324919943,0.477350174,0.0
0.2668468123005272,0.181706108181133,0.062372983520535,0.133101272873558,0.5735910610006839,0.2269291642652542,0.3619191793975481,0.5516342823418655,0.1592041561261302,0.078744477,0.202100118,0.257142857
0.5923280227262658,0.2070625937373338,0.297301187816342,0.7099725294736297,0.1045955983609184,0.8448209944384236,0.9895568938867744,0.99514893292683,0.3190051280700819,0.154706312,0.43726144,0.0
0.7546636983979015,0.4059165909258798,0.2419709551937906,0.4102372504849,0.8446931884986797,0.0994350386387344,0.2579505683003722,0.4671455742730687,0.903423194795396,0.110404623,0.07952876,0.48
0.9742215593821516,0.5916470514179213,0.7256083649981931,0.303720125253141,0.9771875994347048,0.5211661139978172,0.92989143051953,0.0938473403311883,0.8605426724616057,0.274821796,0.489749509,0.045283019
0.988591171529848,0.1884847820359363,0.2621624583120086,0.7764276145162649,0.2844628655631362,0.8062984344530082,0.09763003926024,0.7879034867968012,0.2174541339395401,0.083895819,0.597585514,0.514285714
0.0810465720949111,0.4198066951087544,0.6073173181886649,0.3853952713603844,0.0078083732666562,0.923132119312412,0.7483843043098692,0.5175987570652056,0.8956372299929599,0.196731698,0.354115646,0.101694915
0.3599033590065383,0.3751949739842216,0.300079580428444,0.3911526351618529,0.3245386048366941,0.6944521060932188,0.683832606697372,0.5388528746735648,0.8337807588989791,0.159011638,0.457641687,0.18
0.2074411000783778,0.3022356063386971,0.3219077983339377,0.3178503672181597,0.9152412931929936,0.5226333321776003,0.0604727225012543,0.8369135395387649,0.8931405647685547,0.099913212,0.244050829,0.423529412
0.2240399010724321,0.9198308888264642,0.2532705251979975,0.6246759311328517,0.6674405486512851,0.779555618862525,0.2668150429690193,0.3032988088071202,0.4112043039283725,0.311743853,0.366391988,0.0
0.4491975597822201,0.0497103462714743,0.091482324875959,0.781481697050752,0.2837434437451275,0.428432838226308,0.0186646755589937,0.6228502820491573,0.9786271924570334,0.061851616,0.226393706,0.0
0.2599008552450097,0.92834420968585,0.971511117092099,0.0325650952238423,0.4748399236093745,0.027612130358713,0.4837714084129422,0.5424591700570669,0.5298596361686095,0.545642719,0.022852793,0.257142857
0.566528577872079,0.3677346186403603,0.7378692027574234,0.9902286959859916,0.8544051905542895,0.0264750165419501,0.1058444662891399,0.4909843291234711,0.2953586133447041,0.136397891,0.122230944,0.577777778
0.5290345566373379,0.374321626650685,0.6658850012753704,0.5266400990996046,0.758249655871661,0.5337375493022222,0.9161759022515668,0.097656151612982,0.2456796569370124,0.177688002,0.459669464,0.46
0.4987812545955512,0.4342006897588693,0.1645327433964784,0.3799053721407466,0.713513150272764,0.3365463789962771,0.4579127912205764,0.0021759156695454,0.2653093827724083,0.161356419,0.362754229,0.092307692
0.1664330927338412,0.0425366033511266,0.4437721197011882,0.9613006815984956,0.8471228883919325,0.284755822706599,0.1994182140518768,0.7597563097378743,0.7205970735201365,0.06003456,0.212411429,0.0
0.2284112198605997,0.498254612277404,0.4946618389792436,0.2644429211603425,0.799773821711041,0.6232709864805405,0.8238169913826361,0.0697086065072812,0.6003745724814199,0.27341915,0.308786085,0.05
0.3358634780222317,0.0140543218206974,0.27386041937846,0.7746913458338925,0.1922927798953503,0.4089422944133343,0.8632520631744858,0.7431722699231023,0.9114003664257668,0.122238245,0.194428984,0.0
0.7560305191801302,0.5429733997661049,0.4246214047457145,0.8641981756663224,0.4688312837301657,0.4002299962162123,0.8331751920415796,0.8971892799947686,0.3643870917606637,0.228159256,0.386202842,0.137704918
0.2679146332036227,0.1649236032512276,0.4266802674765837,0.1470404169353978,0.6528571968252422,0.4622289725071028,0.363494364663335,0.5682320325736403,0.5989989700055863,0.077150852,0.195098616,0.0
0.860930354860453,0.1523804732349811,0.8633047374359909,0.4996662556865388,0.2863717979392652,0.5720155545442761,0.3613440894435311,0.3334572365341376,0.6501462541680358,0.070930457,0.517498374,0.0
0.3267541263675699,0.7785280424539248,0.8568380191823305,0.4969326822237511,0.7595410692444997,0.5553938085424155,0.4759452987264703,0.7677750518668833,0.5861629158595028,0.31479009,0.510403894,0.333333333
0.7810097626840783,0.594397330663727,0.743395582323915,0.7075833108323766,0.6232238156582408,0.5783725377259203,0.2612633759762143,0.4661945314730269,0.8298113209078709,0.225214977,0.497247229,0.0
0.5210133824226411,0.722316668348827,0.8607184136511381,0.7310502041250309,0.7570317638596166,0.8371679739815574,0.9694864501098596,0.7890271767612899,0.0829714799459548,0.415018531,0.455360712,0.254545455
0.9197973319622932,0.1649303348110004,0.293337831229992,0.2106557907783615,0.0643268931503842,0.0439011980755393,0.1752157791662051,0.3563753935637068,0.3710044998695948,0.076540899,0.229194009,0.5
0.9476370946960494,0.6786457075033995,0.1875694983906217,0.4109132009323021,0.4631915478074593,0.0465433731376041,0.6443802338710228,0.2868156380541404,0.9316925347432382,0.464489606,0.148213257,0.485106383
0.2513938230444819,0.5090936927134961,0.7946118484550978,0.1211518352456068,0.9244712439610544,0.9527875531541832,0.5164092147444257,0.080356526892511,0.7792506504409598,0.223180329,0.50731312,0.076595745
0.5536565789886605,0.2530612225880999,0.3777711952616733,0.3335533654782096,0.5801976956675003,0.9409132699424336,0.1419703797490641,0.3385064197121178,0.6932022977588456,0.07163867,0.565072539,0.461538462
0.3120570127291371,0.6259017605812588,0.2159327499154361,0.3854235621968337,0.514138192588165,0.927314131108914,0.6501598452181656,0.7764028848832043,0.9758998605730544,0.270573138,0.548319612,0.180821918
0.4101136372217696,0.1596242666939544,0.3532699589135848,0.7945342381503817,0.9428865684580602,0.7624028411998849,0.40980710565165,0.1165571499455937,0.5772694075888846,0.061450524,0.183119719,0.0
0.3620630668513428,0.1781690905037081,0.6220823466136436,0.0331946961914684,0.2203656894817969,0.0948407872970112,0.9094891307998574,0.6923963152755498,0.2277920954615586,0.132838917,0.177681662,0.568421053
0.1926149848978462,0.9398307682763436,0.6875783596699093,0.6154858945079672,0.8636529362000054,0.0991634862761372,0.0094476157795139,0.1740196539695594,0.2892846758425582,0.424400659,0.160046316,0.821052632
0.1541831291762581,0.1603470964837481,0.348366994282952,0.7346732105059705,0.8850996226353484,0.5556427358823485,0.5884130005904372,0.9658605410981757,0.551634562193678,0.170913006,0.244164976,0.1875
0.9984825772071846,0.2088782237660618,0.707301044806244,0.5831767719740908,0.9939961989589856,0.0865142959931927,0.1217321731614597,0.575201438265882,0.8888575208476498,0.130129603,0.105677528,0.0
0.0355597011351557,0.3603553450249575,0.8325596865549719,0.7446611089940544,0.1760103225726049,0.3555130052294789,0.6803142197324881,0.2349203923484938,0.946576776859554,0.189717575,0.105751307,0.0
0.9400190209065914,0.8474131864385586,0.8271124124801809,0.4881765194626144,0.9102004626752928,0.5623784660123957,0.0027357107096849,0.3664164662296608,0.1718368643801714,0.36336174,0.444732425,0.64
0.6923778862104789,0.3379760985703824,0.1561047864696034,0.4820298010659702,0.2677412516936287,0.6503114804838458,0.9723563708050648,0.7392729645130699,0.5786103997446218,0.17728386,0.464343113,0.282352941
0.1704278334129648,0.2611879797698437,0.5488804812828172,0.9540830843420636,0.9331549510931976,0.3136894990691588,0.2698942512703052,0.0048856706408897,0.5930765633760391,0.121806835,0.178369878,0.0
0.1569036653739591,0.6733416805489768,0.0424877211630049,0.7626085811715024,0.1008744160855401,0.5145690020635094,0.5729972260528887,0.2390599479421237,0.0739816112560346,0.322568614,0.23796175,0.647368421
0.0808369965010301,0.3927144557752865,0.5154715382466025,0.1529961014468028,0.7333318003857002,0.577962637260674,0.0168123297317601,0.573402148899363,0.6857154236898851,0.101819448,0.128213057,0.0
0.8733204658897774,0.860415051469065,0.5378105220802345,0.7837989299091135,0.1418015531151445,0.5792513173075169,0.883256724543411,0.6093272469922129,0.8287239454278075,0.539844477,0.549010702,0.061538462
0.0464577325600916,0.6756958991167216,0.2811209105525387,0.1072486156484067,0.3691248784653633,0.0401565794254472,0.1610379698381876,0.6534586477929727,0.95339883577272,0.338234748,0.032604711,0.133333333
0.1745277426083811,0.6510317201135687,0.422685985031218,0.3785673955476152,0.7347249126076706,0.728668343210765,0.3317005774210456,0.9189771220365762,0.0400547831709675,0.170295117,0.28459681,0.342857143
0.8463088697926212,0.796495639244593,0.7244691827793197,0.0759258001636218,0.2636368234661508,0.6202486418540253,0.1415108931018086,0.0449673765005027,0.0355651864565738,0.258184264,0.50861319,0.211764706
0.6336096965686814,0.1765726678554938,0.8339040314993731,0.0137439926283124,0.1168003587113866,0.8584274177865358,0.5129885168694738,0.4121891692590855,0.6327659191240071,0.120162029,0.493019783,0.0
0.0787664225732593,0.4157038557898702,0.0315625443067181,0.3643545912123068,0.6681735572024221,0.5652980113937016,0.1709506804626273,0.7887275543052392,0.7742798069449147,0.120200028,0.293491197,0.514285714
0.8058834929570835,0.4617533088912369,0.1923510365231352,0.0575218401799885,0.111258741451645,0.1531010609354858,0.5046012584811,0.1094176289287085,0.8916959339799466,0.272152524,0.272782096,0.208695652
0.4759724681421252,0.7451101998767256,0.5771956299648878,0.6185297788586649,0.7843151884970757,0.6761783577023219,0.2300029937468606,0.27069494611203,0.3768159756055784,0.189779576,0.312309732,0.0
0.2389128760414037,0.3589181212134404,0.7872648781749848,0.0737212145984662,0.135896829404981,0.9148119212326432,0.2822721501432688,0.7973783790641342,0.1040021980380823,0.122641575,0.41174967,0.834782609
0.0732922756509106,0.5793895556991098,0.6642078308714636,0.2895701118341948,0.7569979313829527,0.9479303827753024,0.8445007165223261,0.8238170320442112,0.273254422278554,0.283030094,0.380711804,0.553846154
0.2901437165469095,0.798383472216829,0.1561529527505579,0.8508221337461019,0.0654055665244736,0.7886193752239848,0.0664884225883469,0.7362593867929016,0.6215866749624798,0.265251831,0.570408502,0.24
0.076720295733064,0.0645816851331956,0.9622970226030628,0.1916499882581781,0.7381325033511389,0.6902891319503592,0.7762429103512136,0.2822032529579712,0.2980756063445462,0.110736549,0.202905274,0.05
0.1126770665522235,0.1452725538004169,0.8839133336270282,0.0507295957612701,0.980939473337027,0.6590289689510037,0.3763193477327794,0.1432205708273355,0.7093698693043013,0.097681605,0.438468152,0.54
0.6590038780389278,0.5449399203891498,0.9827749382395712,0.1219864725566606,0.2891131268025949,0.1224727800471798,0.6531176394198904,0.0042538130896877,0.7454487431907473,0.371305636,0.248010398,0.457142857
0.7014646415100598,0.6691839170869979,0.0570139373319031,0.8255088923221209,0.2237960199422998,0.8722560819386075,0.3092802067132612,0.1546852801708759,0.2047949315914948,0.180532826,0.374400549,0.1
0.7238282839023673,0.7100362299407983,0.4000434714869479,0.0343081624053223,0.4377814743052406,0.6879355165915874,0.7111094997461294,0.1028976126605144,6.237947844123237e-05,0.308774131,0.406986755,0.133333333
0.4450198202196213,0.887687051912126,0.5069434986702824,0.2965431671647771,0.717279002591302,0.0280185126434882,0.4354113209667226,0.660902424857938,0.7108036859896368,0.34288789,0.042410687,0.675
0.1773100286541237,0.0036348893027532,0.1720213671810554,0.3874545733817737,0.661462840082048,0.4157196557657516,0.3297174982512135,0.6293041664423253,0.0104551319080813,0.046013179,0.1967811,0.545454545
0.4537449285507235,0.7313315228073031,0.4300906861309483,0.2466199371466918,0.6658549246092956,0.6506610549190197,0.528910628566179,0.5236502287829273,0.8279543509881919,0.342833604,0.527214626,0.392920354
0.5477481500179641,0.217874539935062,0.574351728721975,0.0225454693519918,0.3719522298104495,0.6211651560787121,0.3009945076381995,0.6230550189301157,0.8907303114835491,0.069513403,0.28332688,0.0
0.0151713295749303,0.2986725899694591,0.3064368823763668,0.4728145398754978,0.1501254426023047,0.2148107712373572,0.1372740485422853,0.4278728611633648,0.744707276003184,0.116223408,0.114006651,0.628571429
0.6694191936080636,0.7602012055054992,0.6809679706749217,0.313777796622,0.9030830677788704,0.2658222044351376,0.5725656598076064,0.8030411955644818,0.3460262131882398,0.341395196,0.407109482,0.460465116
0.4043919086822238,0.6451399438352586,0.6781933566274845,0.1152614538976449,0.8992806517570734,0.3977757888592026,0.4986404482981217,0.8038980062248869,0.1384903810608411,0.153838095,0.400169864,0.2
0.764351075900949,0.2757781707856837,0.972950289451623,0.9545561633588082,0.5225300018952459,0.2382598173747081,0.2122998143098864,0.6048131736733814,0.950597027385202,0.167804689,0.35785103,0.0
0.9471448410237752,0.7670710927917723,0.2879590627743907,0.8102790806198473,0.2106807423648239,0.8827534268383589,0.2092378405255297,0.5941914589803563,0.7672141636041719,0.293197428,0.364689986,0.423529412
0.3152645208889637,0.1433403778510588,0.439520488224158,0.246513000510576,0.5691213193696885,0.889950496875634,0.1719754111918341,0.9452504419503632,0.6303289483059391,0.085062445,0.324945869,0.0
0.6818693975927423,0.0951129195749737,0.8553337250271971,0.3576636530258745,0.7569788015404832,0.1662091539066702,0.3283676556631508,0.8916964561106125,0.9768123031522452,0.090144659,0.257266146,0.2
0.2181779758879217,0.8948982965025766,0.4693267163611794,0.1858921988783402,0.3159148994915178,0.3697083868952868,0.0083436683099178,0.3985292417575827,0.6466754443777857,0.302622367,0.060095235,0.461538462
0.5184551627420134,0.5766928849565885,0.1314365282998086,0.5438979943485802,0.6459888834073169,0.9184180738467356,0.0675087861477038,0.5774635148652876,0.1882927816434355,0.123518405,0.361364188,0.72
0.1300755416385924,0.1901986811634012,0.9072368344271956,0.4073024492769612,0.4120243244132279,0.2290276691385755,0.4490023091871995,0.1198163121006267,0.2534391582563691,0.100538708,0.176554492,0.461538462
0.2487500421866934,0.2576416780384604,0.3267670034576072,0.3696100427372157,0.0908471672103188,0.3514500927587907,0.0253061997464257,0.5885592515008605,0.4292152382901613,0.121789521,0.219694867,0.4
0.4550558460527536,0.3419645637985232,0.985023503437977,0.9266208133860973,0.1410909301322629,0.7290394634014181,0.3022423275714966,0.650155433737644,0.6783211248410779,0.105326963,0.4599313,0.705882353
0.7938335466233983,0.9881268128083892,0.4715881304768535,0.7388697699294896,0.171471341065169,0.2117975292198919,0.9670958890771466,0.3704310274935037,0.8836451304394232,0.932658742,0.329373845,0.71641791
0.8832451471977569,0.761930433062375,0.3859001857243279,0.2185264560210015,0.3916602970629959,0.6123146698757889,0.1847475143711059,0.2163264201918087,0.4998155070915641,0.273637117,0.548105035,0.0
0.7532188249810654,0.7440787114475544,0.6127963266868801,0.2204717295149501,0.7929927090034964,0.9107747609975546,0.0689858711198226,0.8380507908647826,0.2478231876420785,0.277282371,0.368489137,0.675
0.6440726810558315,0.4679010116118309,0.3068323846579643,0.0351167511627354,0.39291747771812,0.6020233121539101,0.6607244588781287,0.2329030665619008,0.0185038663753503,0.230337512,0.452441162,0.730434783
0.9899927177712028,0.2067548594977497,0.2662134179071653,0.913801631249525,0.198489593145145,0.2166222062652579,0.44596929914688,0.9715151744668078,0.059502017869214,0.085997882,0.278887934,0.0
0.2489191420812453,0.4602900326503023,0.9656854123934572,0.0730112407607851,0.0462833999661393,0.1382175467415485,0.6996665868122406,0.8950586107817554,0.4510716990439403,0.23907246,0.176204264,0.204255319
0.1881694977630112,0.5303401952977874,0.0218617839996144,0.6876432496426418,0.2939421971041818,0.5304875522521015,0.9645341408794884,0.8790161612173515,0.3840979266306045,0.202943465,0.389427163,0.15483871
0.7285620374065854,0.3387218517070114,0.2835566939419386,0.3097789641299587,0.9615256325181264,0.058154251080126,0.191736418874539,0.4305517567628002,0.5342185822833747,0.150625952,0.161434149,0.369230769
0.3201589636999757,0.5410234418481361,0.7024452366933366,0.8173110315650275,0.4738695956726546,0.6332591772872715,0.0094823566124033,0.0780772080004474,0.9389626170878336,0.236076698,0.375602714,0.564705882
0.1564989929981701,0.5074924810096952,0.8316070372651785,0.2968967281479825,0.9820478290573852,0.2973581846547124,0.0037191495370536,0.3040371957672214,0.3481428296373614,0.18585491,0.15377105,0.0
0.582782508054883,0.6158153190473552,0.7762588034468979,0.1983954821168464,0.6320110317715876,0.0948156227784898,0.6530360058542536,0.8503339655437883,0.5770492936057663,0.344691393,0.177455598,0.0
0.5877141801767082,0.5587908035527597,0.9642524956876856,0.516100558876785,0.6808768769757673,0.7898372291138235,0.8706255258935696,0.8357818179415997,0.9947554505434294,0.386146005,0.50686711,0.102857143
0.2560796837414612,0.852214855978935,0.3920415847002839,0.4255808724057439,0.4598552286343021,0.1371786817657488,0.687635430798797,0.9894271117644854,0.0728759639166718,0.419644762,0.116443073,0.278571429
0.6802882936524599,0.963672615101638,0.0809482559020814,0.4790478722946637,0.5701694474391232,0.969888165941874,0.5979437234385508,0.8284539119808593,0.4311458961896994,0.477153616,0.522209254,0.067924528
0.2137888513499816,0.6779390137611058,0.4404437931282372,0.1128788342274381,0.377463489970074,0.6608248703846723,0.934053460873572,0.0987455383370606,0.6940977918680659,0.341037291,0.419927173,0.48
0.1479396513565596,0.9437514386510456,0.6762240898457453,0.9334859841931316,0.8201127749371385,0.2990127808416322,0.872395694657838,0.2510298789925883,0.4703994175616965,0.543801633,0.112799269,0.0
0.5585650080653549,0.8910132082345796,0.3395488787151153,0.7051175332054143,0.0402499264422603,0.9309351593325178,0.3575786088852724,0.8406990210955422,0.9436849923344732,0.349135474,0.606279662,0.466666667
0.2643556873615944,0.4795458643522806,0.0198178166563015,0.5675516557930588,0.6417155256639634,0.90305529496856,0.9009010987973576,0.2192785303291571,0.9987746535713872,0.227396128,0.413692311,0.0
0.0330065238839639,0.4122869068865256,0.0415989033159641,0.74415103452255,0.3891961063512141,0.8861759990266868,0.9563560088934444,0.7276775352897935,0.0492306078214559,0.15223065,0.271964853,0.6
0.3402656165513286,0.5548912573664843,0.6616957182495636,0.3569079377951452,0.1217996765939218,0.1504229341986201,0.0923617917745539,0.9603428594140284,0.4395595755770325,0.138535884,0.23962232,0.514285714
0.4825306509022012,0.6260596751754125,0.0638064912668106,0.6820294764202107,0.5155290713650945,0.7394343441834565,0.4904630564917596,0.3120461580598234,0.2757072902234406,0.188008757,0.398192256,0.4
0.8184971270205039,0.7385817831414658,0.2540236809938077,0.5175529835983904,0.5304297537661974,0.6163642493805779,0.8691470997006073,0.7499309119125515,0.8367769703416085,0.476087101,0.512480124,0.664285714
0.7380164666876937,0.3368295451490176,0.0276971538839478,0.0660506999098032,0.4512770438691186,0.7603034556249099,0.635725941051131,0.4122357874496728,0.4601519264529693,0.176507804,0.533484115,0.278571429
0.5920462270299303,0.6040320814285759,0.1052132770440243,0.5047725489486959,0.9049876976557092,0.7632653176018224,0.6917490609472432,0.6994802169096039,0.5306974726541458,0.235491006,0.476377388,0.035294118
0.6490328388130998,0.7679253573875503,0.6879837639898952,0.6150623105643159,0.3139933537637375,0.404485515963528,0.8081488698465361,0.9020717937326508,0.0145264336176333,0.384139636,0.35211381,0.376470588
0.0804748189230566,0.1786575032345123,0.9415755439032156,0.7795940418262209,0.0051410584456502,0.3995309119999961,0.2257726264694384,0.0020995203434427,0.2647977653775094,0.076359202,0.202757026,0.545454545
0.2794389682831594,0.8945416054638545,0.5933770671296613,0.7537972384699707,0.376547234449733,0.2615428582518614,0.5872038848264185,0.016862979147888,0.2121437648528058,0.573366517,0.178823894,0.0
0.9353172163905928,0.6160649608562921,0.3304001459756435,0.9908934033350272,0.2404312540952227,0.8990433167696104,0.9335320474981385,0.026210263634661,0.423074020689304,0.326378883,0.461982782,0.0
0.2906868034783323,0.9666954996953734,0.7092573122358485,0.2107614199411021,0.564051654843802,0.3332161922194195,0.3502455217120973,0.0398323008864928,0.6197007047308809,0.388908094,0.344664224,0.333333333
0.4592381010395152,0.3555427696396223,0.8087634599640261,0.408830317401144,0.1538645241351862,0.5580751777161428,0.2372705130340899,0.5071730641381537,0.7677449622481698,0.144405378,0.463423833,0.109090909
0.0474046981891489,0.5631069105460131,0.6375271300741475,0.4090158873827429,0.611222431143357,0.1012615072656716,0.5034137490862619,0.9969772296421427,0.06021956881282,0.232060293,0.099670639,0.685714286
0.5729802054449242,0.4993730119164021,0.6518561925537588,0.6170229537522665,0.6740143663932365,0.3279694708057434,0.8822765495842497,0.71534667152349,0.2862328216091985,0.234065437,0.492822816,0.526315789
0.3096610229063998,0.472473308378417,0.4673066450245543,0.4928151601312133,0.6677431849709874,0.8205011672014391,0.7568080403224194,0.4885088126841529,0.9815994774369202,0.202045072,0.462160989,0.082758621
0.9309433893867932,0.8766506874393338,0.1205496978351657,0.6159277121705978,0.2500616865545279,0.43806651874981,0.6892628289012962,0.9683872131178916,0.4516180169106116,0.38842504,0.445118733,0.409090909
0.6718222977042058,0.0691612503605879,0.0483682412056218,0.6571699904311876,0.965822720795522,0.7041355248163649,0.1205072855250191,0.3927536411676302,0.072533925163274,0.063217927,0.349024474,0.442105263
0.485805322307035,0.6628827367713642,0.2201871870736849,0.0080142676296325,0.8231875336002453,0.7445319611145216,0.8180010977427319,0.968917940699786,0.5631399868152941,0.372210022,0.5523424,0.229787234
0.1445708658405183,0.9356088234477786,0.7756363538075004,0.5527115683023079,0.2438060277711886,0.5909700793211455,0.8195319715232422,0.864095509152072,0.1617400812501355,0.640890253,0.335724764,0.628571429
0.5247230950639666,0.6436624150323781,0.945941860446662,0.6459656454476348,0.4116777796286113,0.3277971942900901,0.9338669284540092,0.4540215431128083,0.6714695572357782,0.415630703,0.284731636,0.0
0.9452804006817546,0.355410727829065,0.5282504482164039,0.7870515501570289,0.5911751054414464,0.5027920805811467,0.9018320147634088,0.3211065189050543,0.8431926157920993,0.240564224,0.623939975,0.0
0.7682552107234252,0.0558537526360591,0.6886035359242448,0.9324897788464168,0.6511665474775696,0.2458997310618473,0.1207324736451909,0.4838322452860797,0.3267672761708065,0.076886043,0.317110076,0.24
0.2544505397929167,0.9318452456937156,0.1178270756139242,0.0311818893867525,0.8803438632711895,0.6160480157288519,0.8067720417600234,0.8087929324698847,0.8411845744473399,0.536592311,0.404937673,0.395876289
0.749796202132855,0.1045608014761615,0.7457962702964486,0.4330850092059088,0.6574736842553629,0.8563985368629224,0.3620256916946249,0.0109500296524371,0.6787603459417345,0.088655701,0.615046663,0.2
0.2903126346785776,0.8548804155966806,0.6151535359244579,0.6043330950180245,0.8866877011577513,0.9711236794381348,0.7256497475077512,0.8616587646430266,0.400730218032837,0.577365878,0.49847335,0.227027027
0.3549945751908638,0.033929323603278,0.6280620427785877,0.7445500982674322,0.2385377107432893,0.975270921428008,0.8484786826977276,0.3838107373415338,0.9992309293547568,0.107574723,0.499257995,0.582857143
0.5872610370625408,0.6366730474563482,0.770185359932625,0.1970157104055169,0.1226776886313634,0.2804752191452949,0.0849182715835112,0.268825674560618,0.1715752956389826,0.224270037,0.331815218,0.4
0.4821356535536325,0.5756114004986161,0.6794483863069254,0.5462439869951762,0.7438881586768035,0.4334277800943928,0.478345491279471,0.7744799802470245,0.394040534755088,0.24065311,0.429064064,0.272727273
0.302432167618657,0.2286490380871622,0.8927780541271788,0.2933456338766663,0.303345585196885,0.3973422246463481,0.1113012850281798,0.8533283112258336,0.4707113334635873,0.094385379,0.25913643,0.0
0.6864449945288854,0.9254614263543444,0.3993296982662204,0.4545840837157969,0.8935887397133276,0.911060868124517,0.5660455593221927,0.1249074759690679,0.0824706720957063,0.520906222,0.4893232,0.552631579
0.039852665468208,0.7849233825637015,0.2974559714585547,0.2610810121678258,0.6195105647472154,0.1601077443536754,0.1332428740743516,0.4452981937568789,0.0720808667274571,0.164959137,0.079134849,0.514285714
0.8122062666036173,0.0587583641197897,0.3814488292580767,0.2283098607982067,0.4950874521924667,0.0579099109655989,0.7526947550100743,0.5703030542237767,0.2948182568741593,0.081550053,0.163656702,0.566292135
0.6656681081711197,0.0590261885137354,0.1596449414749132,0.3587414003967177,0.3963658350383365,0.878242769345527,0.3172896432061314,0.2144684612629112,0.0270469591270725,0.062861956,0.426628218,0.218181818
0.5278517712747531,0.951954076038823,0.0898254052451618,0.0591305333097054,0.9395846565518134,0.3101513934349131,0.8210776922134407,0.6768610592007229,0.1074549790322653,0.554559969,0.30623036,0.570491803
0.5083215323509515,0.442651213848056,0.9137012956513504,0.2582433818007091,0.370550107753679,0.0381218466788306,0.1116506301693082,0.8053896540422286,0.5974043588748414,0.141422713,0.209085372,0.573913043
0.6720436925235925,0.0160071645069164,0.847525710817956,0.8281570841650194,0.0012325254912556,0.6409084355939618,0.7901196889544779,0.5068517095867597,0.2163146312657318,0.097662327,0.470422296,0.321126761
0.123090716857158,0.665316285356946,0.3108288823565146,0.0750064832833311,0.5080398765308074,0.1924716757352699,0.0160726512666727,0.1055155317065095,0.1998752379632905,0.234627768,0.203065836,0.45
0.8027048446515349,0.990222378719442,0.737288432926309,0.8269640190754171,0.4018601922989913,0.7781060350729115,0.0769872756459503,0.3543999156137987,0.5082290334018419,0.491622962,0.647690376,0.2
0.5041353161997565,0.18939403054569,0.0336782261429493,0.6169427474515653,0.9339976652144064,0.2322456039223437,0.5514970860772785,0.5173851238250167,0.4553901159683698,0.122267123,0.285118181,0.171428571
0.8906871309418871,0.5288753499738609,0.7824220503519226,0.7885437256376325,0.2425393174381002,0.3843989745095,0.5810443908972873,0.6074669599985706,0.3519035402775012,0.241990982,0.437203057,0.04137931
0.8390579274450507,0.6930432636575025,0.3855498028703606,0.6402026346722615,0.481966531475945,0.0444602191290688,0.2532891122628177,0.1775141583050544,0.6555883801500189,0.204174479,0.137422775,0.342857143
0.2483522470106476,0.7441865756739318,0.7423381637225723,0.4000467649818252,0.8694521021808421,0.1042717021732642,0.5730321055025281,0.6602861931601367,0.0587653272263883,0.392758409,0.156656898,0.808421053
0.0063595793611236,0.7879812978287676,0.7077288935426671,0.4144684660875817,0.5577436668002481,0.116329312534127,0.5115216308256756,0.2945121416445183,0.4455946849005719,0.421498009,0.038577413,0.05
0.7644931661852141,0.9255137652933632,0.9918165535534498,0.1231627580541929,0.7379912740885101,0.6093305859298623,0.1074148763290891,0.1384878121999132,0.545481799006249,0.338171174,0.518756633,0.423529412
0.4109689113281017,0.6547339183593892,0.9111342029847016,0.7689347116223981,0.8792525477392978,0.3224018123931491,0.2496495608728665,0.8091784739735056,0.0353032692837,0.223730127,0.46636964,0.564705882
0.6882105175160581,0.2314071806279984,0.0099060674660798,0.040396422964259,0.4342244224862485,0.8399825804797814,0.5711098860075039,0.1858975054937836,0.223826491625421,0.122669733,0.539602345,0.331034483
0.071405118700243,0.2875373316220724,0.0601362702992988,0.8766304349088662,0.3634191775535734,0.0120463150159939,0.6897690047842692,0.0559503901946403,0.6444513339713198,0.174396949,0.010987097,0.0
0.1878422540428868,0.2030247360086696,0.2347787835479468,0.1542549735378023,0.2793279784593127,0.8758292196626374,0.4115019539989384,0.8235590465907033,0.7141844292167876,0.091635402,0.508611887,0.327272727
0.576971917265199,0.8559064863758901,0.1035255048226346,0.2061782776637218,0.8598540327875855,0.013939179167233,0.2872207941473892,0.955849099775648,0.5614616807978925,0.285318637,0.124461081,0.352941176
0.8400562919905735,0.013502061197146,0.2616271445871171,0.4954129713396976,0.2381799741980309,0.6863967333833251,0.4533908879452923,0.2332994997453302,0.8033047126438224,0.060433232,0.424403655,0.6
0.0945432640387914,0.0273599856540784,0.0899171473620293,0.5592728715111878,0.8688144606187989,0.0662903612756274,0.7202416950126281,0.1362595773204798,0.5704773380432503,0.087994266,0.066564076,0.369230769
0.1725438183641199,0.8301012522469704,0.4681873640144673,0.0453470144255071,0.897307787281631,0.607606319512643,0.4065809641961245,0.4884295746769955,0.8780663904594743,0.32751362,0.325554338,0.24
0.3309538851209007,0.4885695017678801,0.7672926394874846,0.2949720089519723,0.3280024499022427,0.6115105578947526,0.62568738572786,0.02069310775928,0.3664272055650565,0.309357379,0.487545843,0.564705882
0.4558202441463959,0.0210181854540448,0.6429011975024086,0.6340248665634496,0.0609192471242115,0.2655948965396487,0.6221053453331777,0.1367777413855364,0.2478505138572734,0.075483146,0.264019977,0.083333333
0.8389078946785296,0.0802363403884162,0.7296929626529746,0.4546202714688212,0.9722235445073112,0.225102781155481,0.0602155737163015,0.8346612072343957,0.5706229614395367,0.075110386,0.212244615,0.0
0.2960411569451571,0.9490565109653034,0.6734534879295065,0.915090148280388,0.4742417220018677,0.5201287859459581,0.6725080450689919,0.7447331259192717,0.723896039083342,0.82369461,0.341814982,0.2
0.5035578066392196,0.6245597855100837,0.7087197063315333,0.2809633281428623,0.9418611277089428,0.618470203058665,0.8985288707269372,0.7490972242618763,0.2011776661067932,0.340245611,0.388933719,0.314285714
0.9310931856598372,0.1287222820732395,0.1760590728973654,0.7105697610521667,0.6135665716279132,0.3442404542278636,0.7940279445801004,0.9796123008629228,0.1024018155808714,0.110237785,0.396572973,0.486956522
0.814781741560103,0.6232102433672209,0.6404323171455419,0.0424868385373123,0.8128036673388638,0.4608935633985968,0.2956248176511564,0.3240748919428973,0.8509115041400594,0.232232881,0.55173813,0.713513514
0.8518201476738908,0.9018163829489512,0.0147025557824419,0.6887259641346013,0.3602241735156943,0.656304929880235,0.4308391268401963,0.5453792580281246,0.647534619546842,0.41659533,0.558827199,0.545454545
0.0731816363435324,0.4296678663836147,0.563580398577075,0.1821901887154635,0.3413356948478747,0.4826688369753111,0.1760265332275919,0.5581966082884882,0.032262275377847,0.119222661,0.069995072,0.48
0.5012181613124236,0.6504539685151763,0.9494737154837686,0.6461179463500349,0.0984855853760419,0.8209331804038825,0.438275939031482,0.8088989594499807,0.9367774248203704,0.271670369,0.313009218,0.184615385
0.8047390869382285,0.5655381796528969,0.9890952898864116,0.9222234404389033,0.7402403951781771,0.0342562231732975,0.7858707026683374,0.4121889566893157,0.2828964546331816,0.31765826,0.177490855,0.620689655
0.5395001630584202,0.3946561985408333,0.1243276687442818,0.1758931138494447,0.1420300426481427,0.6372468574935222,0.933612165184466,0.7624789941285457,0.8095263435028521,0.206032267,0.543085714,0.054545455
0.4715113934588804,0.1245880823156999,0.1691382211529766,0.2853654730368324,0.5606273588020771,0.4742983714476819,0.841858708024921,0.5436539177307311,0.3156908791196108,0.129237379,0.214355409,0.331034483
0.71466995977771,0.647255899697786,0.5311158364662836,0.3066901648635631,0.9793267081463622,0.6692913436383902,0.3815022581554937,0.8433209786586628,0.820451969203838,0.182941824,0.611316614,0.3
0.2003492273108338,0.2105611260839472,0.4637914391688611,0.2411882455376262,0.7303594449287147,0.2980440869771954,0.6920261243934209,0.4094701961959925,0.6133035387777318,0.183973295,0.314742928,0.541935484
0.1115517720696013,0.7905020806147148,0.59894011222426,0.7837064004718507,0.0956495114018651,0.1342695371340853,0.0228937168585074,0.7488648774530673,0.309776117443776,0.259253783,0.103637683,0.553846154
0.3168864090810759,0.319903782941726,0.1206292783813438,0.7697045333180822,0.0305960387685423,0.6484289073006557,0.0559894729055541,0.0912747439699891,0.0612530175556902,0.093315595,0.413865772,0.672
0.0331548206602356,0.9261823399553976,0.6491527792802491,0.095687824147866,0.9313852022691314,0.6436925374458958,0.1881875828556289,0.2767782752938555,0.945313919167086,0.321422406,0.184411786,0.66
0.93869831277197,0.7427841484563287,0.5734666727426923,0.368970051300189,0.3391970980661679,0.2638275474514471,0.4942367126372856,0.3235167007315213,0.402780800039643,0.208932857,0.335353075,0.0
0.5048564336732764,0.6096670313212519,0.0106714409032714,0.7132671616634259,0.9995856648014164,0.3492680461007001,0.4274396433396915,0.2623614369552144,0.7860847513267255,0.22883428,0.235779795,0.8
0.8743390162978082,0.3864864109274959,0.374053457051306,0.003605971723167,0.7598637335288759,0.1120420653595407,0.1844415610291174,0.3068072982901275,0.2489915862997977,0.115221867,0.274061603,0.6
0.7145278408636738,0.4840451412882078,0.5950860410890031,0.6718557692626874,0.4323066306826797,0.1815437762589227,0.0509445896877649,0.4801193600907899,0.3723254937819859,0.161196515,0.346049429,0.4
0.5759211414905858,0.042632397801477,0.0899476905174543,0.4770951456024126,0.1762723237282073,0.9294989665502896,0.0372056599691473,0.1799480464839205,0.3306030785523247,0.070161115,0.479235933,0.776470588
0.66810177332461,0.3584173255466996,0.6631661691110344,0.4847437968588919,0.4111699477994368,0.536322133817259,0.4529550643961868,0.2976591503295133,0.0227409768092153,0.156513748,0.474391408,0.646153846
0.958439637822858,0.9053043675533764,0.1862170481961642,0.7553065207627578,0.1682189987524252,0.3044665930370187,0.2182407862911276,0.1014454369386838,0.998188212073928,0.451030661,0.350884303,0.218181818
0.0305455722758923,0.7449990481378819,0.6887522694065225,0.3667232985109128,0.6276128261201844,0.2331029358775433,0.6491441597107723,0.5634670431176808,0.1402055919567599,0.325209276,0.083899554,0.332307692
0.7347726422271358,0.8991560303402236,0.4769824219319868,0.287047491131118,0.4943429755578475,0.5593095299212331,0.5042707963282665,0.315608373052729,0.0225153643363873,0.516382704,0.422007618,0.315789474
0.0923225057969058,0.9671959395614208,0.0432211408275823,0.3305526550232784,0.3356433998780752,0.3178709402137906,0.8561939691025596,0.2296557371516359,0.7911357740331603,0.679085044,0.219167949,0.79223301
0.2003809802528724,0.3958855112324415,0.9290560801774544,0.6442966880572724,0.0878265952713418,0.5910005570759832,0.6873119361579991,0.8469652949172675,0.761388475078641,0.221036483,0.379326822,0.329411765
0.9772610197193224,0.5859404703568878,0.8159769075293021,0.6879159425909263,0.4687566043838699,0.2132224028291666,0.748537051488111,0.2535852626502561,0.8475964094904342,0.358911485,0.421748606,0.673170732
0.3050174691000529,0.0112702842589355,0.7076475002325406,0.9968595427909064,0.3768877919835438,0.5500825626715435,0.6235913891531522,0.3458308783057611,0.3994937249519779,0.104729942,0.435470135,0.58125
0.8495281008411366,0.2982971206992953,0.132619433607191,0.4649935506708977,0.2314071620633655,0.2002815215120577,0.9421335896569952,0.0986804674634098,0.5687060838985688,0.153012762,0.450039976,0.512359551
0.5639703469713501,0.3627996968465234,0.784708798298048,0.5612896124053829,0.7358269447678122,0.9089134323378848,0.5045445667301403,0.1348643632020725,0.5733333642745202,0.192326878,0.558795488,0.406153846
0.1169134640831313,0.7999387166765265,0.0964693841146686,0.227861153332372,0.8743121124024231,0.7062906712729995,0.2280311751095356,0.7827917406093124,0.8174678753380752,0.198939787,0.480096063,0.0
0.1939504833274186,0.288619361806871,0.6399402648415078,0.3903878325147197,0.7952372432641386,0.6142347575313879,0.0146571061637891,0.3788102336886736,0.948562831138112,0.121748741,0.411210865,0.0
0.946614646090583,0.7909777070069496,0.0409730756325381,0.5722172004101744,0.93816790892752,0.5690380825196198,0.5250232634600982,0.9946714893755308,0.100239124083661,0.526363396,0.343504313,0.085714286
0.1167480096184603,0.8724432363867842,0.1824232230734587,0.2915801173370456,0.2582013658301341,0.0825709876759831,0.3258014856414336,0.8366012312897634,0.5635958022988321,0.282792053,0.045360765,0.0
0.409471020554374,0.5387310874502915,0.5217995179762429,0.796877545069787,0.3280638834188065,0.3014253865055292,0.4844152841737642,0.5435688693937691,0.143827643919105,0.294295626,0.31988025,0.0
0.272767304639682,0.0671506807790877,0.2422355929094586,0.4633139691152009,0.765357706778666,0.9386210678319062,0.4387776270342798,0.0653194314553383,0.4194134361810009,0.058641318,0.444881843,0.163636364
0.6056049569183327,0.9434566987036332,0.920323344272266,0.1685923207437722,0.6162386147668794,0.148169520534822,0.6537746049718475,0.02328587429808,0.3429464319372781,0.724500229,0.290542976,0.195918367
0.6255170211927279,0.0047034732142455,0.6747777598921932,0.7145817747709523,0.4274541384068955,0.175570336903623,0.513542774707638,0.3979046960161423,0.6755001016094428,0.100963831,0.293206408,0.658536585
0.3123488945609639,0.772096188340003,0.3261568826862946,0.8686496356674697,0.5667155471762644,0.5045700072623004,0.6955178653551193,0.2313866995736611,0.4302462984703986,0.387410113,0.386161014,0.184615385
0.1511571175323941,0.1786386604835367,0.7022328364002491,0.341859463406241,0.9379272802589008,0.3187420102112018,0.3118378842663677,0.1361684877847211,0.5398269082026623,0.090168545,0.193701634,0.24
0.5307850006845442,0.5356860442911349,0.1121308169588612,0.6940160043565956,0.5239341221942225,0.8406424225967017,0.1694945301292604,0.90589964902134,0.155044691676076,0.168542953,0.354872559,0.0
0.2374501961545558,0.2525807738940389,0.874958227375362,0.6776256736057212,0.5303722830424262,0.4008556456926997,0.0225206684493988,0.9159408689061136,0.6335241498807408,0.088113639,0.164660217,0.085714286
0.2657248434006571,0.2542424033619245,0.2836878251001128,0.0064303858917259,0.2652431958408568,0.7623713680761387,0.2105568969954682,0.6015046061472064,0.042728964660224,0.078280683,0.362057457,0.6
0.3540164442112379,0.7413209157563092,0.3565032841067225,0.4275695611144376,0.5338404902558446,0.8014277526747055,0.5670484568733453,0.2538555040727497,0.9892740044774316,0.391029398,0.403789371,0.626548673
0.4273138970428911,0.0153128579469603,0.7220802005673,0.8870730154954224,0.2500549606117408,0.583831814815377,0.5518890882032401,0.1740322502070598,0.9164960099018696,0.128480788,0.441517011,0.116129032
0.8058301421079721,0.7761098842704078,0.5591971032417149,0.6986866784955887,0.4808472105334629,0.2256433088089993,0.4494039714397712,0.1336672975385238,0.1231647157853298,0.27195869,0.379124313,0.694736842
0.929971348624714,0.2994248418519405,0.8994951214245251,0.3346968819094745,0.2229842778015908,0.9042450464819356,0.2212173327786337,0.299436870097326,0.7364295595128885,0.129710527,0.570675449,0.2
0.7026011085892193,0.9721706610628316,0.5814461314394082,0.4466243674066363,0.3865058836716778,0.2461664066558865,0.942787409133476,0.5643282255612234,0.8799415397543058,0.555216844,0.354478875,0.027906977
0.1959214707740804,0.1570401195155267,0.6895605666745597,0.2964444227701827,0.2693143030041133,0.978779661831467,0.2690134638210903,0.6940942830044279,0.0727084391366897,0.062009522,0.331546012,0.352941176
0.1467271911869816,0.1485036509754227,0.048033116623523,0.3861282672799151,0.6067718420404307,0.9599339305774904,0.8170774008699492,0.9162786148164376,0.747140284149954,0.12438471,0.325198242,0.330434783
0.8149272932114316,0.1533660080662509,0.7096480979825103,0.527888122241013,0.6035125896072878,0.2246160249122396,0.8653336297042442,0.3285422793786884,0.737653971332252,0.126762293,0.286412163,0.733333333
0.0167622887096838,0.6516838235949167,0.6047032433345766,0.27343058440911,0.2587246237945361,0.5707686807064595,0.6839829760778591,0.8487194450072236,0.7437680356731318,0.407946565,0.247844973,0.458181818
0.5000076194587889,0.0713995458210525,0.4817023511110088,0.9103880421778466,0.5341552850983263,0.2376434366909562,0.1987607526114329,0.6784281979765763,0.3768102657269535,0.038889379,0.274653486,0.48
0.1291935239357494,0.7787723238725947,0.8192061447498161,0.2731623099141089,0.2989718128985328,0.8534386668950458,0.1360607166709461,0.4238704443725061,0.2351389030443094,0.160267737,0.250942435,0.24
0.8227425919460635,0.6838098239651166,0.5589024122682054,0.8073845400802316,0.5636163661589902,0.1715638249146951,0.6887548215808437,0.6967156688821798,0.3548602237398581,0.334602056,0.337005949,0.417977528
0.0362067495021259,0.0557853878080796,0.2845743312717268,0.8848010616877318,0.6355476317851458,0.1419344440259633,0.1022995687350666,0.1890285882306999,0.9599260308263112,0.060050303,0.084273421,0.45
0.924284222820016,0.0964681846095767,0.960539326382544,0.9272933585250028,0.2785300836161164,0.060425748034436,0.5632309580888284,0.278373293224321,0.7628245462034331,0.147106333,0.210940299,0.75
0.1681052341428436,0.7439502322077451,0.3974314186138612,0.3653744494384642,0.6174263152863264,0.6725140356284234,0.1601879367555302,0.0879264901594606,0.1184106251496828,0.224099288,0.283053325,0.505263158
0.2774783653612531,0.4583238999475628,0.1446902504097681,0.91318680952138,0.8416129591962244,0.8664006577854425,0.917738021687938,0.3523252126488839,0.0557361875324899,0.242568775,0.355296494,0.526829268
0.6003826827401367,0.2076611247812236,0.0944058906668725,0.6338572994253764,0.3467272812975175,0.3147597178011327,0.2763922565602632,0.3127858451445346,0.0450437477230757,0.069910974,0.371020545,0.327272727
0.3359913554144224,0.5128211693857703,0.6444868272979877,0.2999803226778993,0.9030953048247786,0.3395857802605971,0.2329033246420703,0.9851671552861332,0.2802859579877235,0.097608521,0.251266514,0.24
0.1980806494403699,0.8037550591489236,0.0398768461251155,0.5485068265775599,0.7156375506667485,0.3559496704464341,0.7807282498202465,0.3889271304505446,0.615151752835971,0.373440757,0.299993764,0.609836066
0.0931116095857862,0.9126221537420665,0.4990098871473069,0.2063001523669577,0.1067334932226286,0.6526959290351088,0.6041239544644451,0.6929395959294681,0.91770225904888,0.622893465,0.29199385,0.327272727
0.0279499015086904,0.3245099471208094,0.0408767627255236,0.1068726475746941,0.3082689836525654,0.3875295833548037,0.6523868927415014,0.2897362618858526,0.8328157171703233,0.161709364,0.139035871,0.648648649
0.9820591817685532,0.4569830693737239,0.2542807786808114,0.0684291707241988,0.9334484847558006,0.3586830420891984,0.1268625293951033,0.2857781522289485,0.0947370309496546,0.14129476,0.591230313,0.342857143
0.9533029793101384,0.0850422057314659,0.4816780558654875,0.924008152864987,0.0561796930672766,0.9316214595140812,0.1055991069746713,0.6613200348798455,0.8193702136931966,0.037721464,0.40039194,0.48
0.5981788294623873,0.3999921377958463,0.845248878006459,0.7359233581546173,0.2972138841537539,0.7027154452389105,0.5734601876184463,0.1133315115176166,0.6743208940148462,0.186341338,0.478981128,0.271698113
0.2676379902720027,0.8995697396194082,0.5273179156022944,0.7896797670858826,0.6546154459963207,0.5726709022711869,0.8573664784751809,0.1752010173461941,0.1049160109888504,0.420633656,0.319365233,0.204255319
0.187244006908996,0.6812696700742101,0.0519055105299954,0.9731698132445326,0.7545997770824315,0.8462356612904797,0.1471919260409641,0.4339862575656724,0.7706088719748425,0.175185271,0.281077263,0.0
0.6454099763945326,0.9810873181850678,0.5686884636009462,0.0906144954467483,0.5114820269917064,0.2971844501477122,0.8782096637151628,0.0722384183221724,0.2682181153323489,0.548750541,0.438018324,0.6
0.8229100140139364,0.7941772128255792,0.5862306809892013,0.2514854207078134,0.8228835095944853,0.4688504644729132,0.0537861551998226,0.964129461786544,0.6711067486653018,0.361767069,0.386928642,0.4
0.7450878121073532,0.3912803535763246,0.4064086541590229,0.4639117688293787,0.3082571463974396,0.1291978982846234,0.5437794276995441,0.437242599770722,0.4423175481147609,0.175413587,0.335223369,0.637037037
0.1131824211499233,0.5213538253659555,0.1914047694281614,0.440725648570518,0.7480346151817281,0.321197399969925,0.5903216625924174,0.3557980399039865,0.333845216417548,0.22315686,0.216761328,0.606451613
0.3512924192883667,0.4252834975003461,0.5492477412764865,0.679259697824616,0.4678930647819984,0.572966881617333,0.8856637307429245,0.276268215201614,0.3680198724420407,0.218830762,0.424516029,0.620224719
0.1192495735314354,0.4890812073204676,0.2288317641684601,0.9436510888162192,0.0456323636242894,0.7333138258428943,0.3505543221476649,0.8795005980344106,0.9007832565993676,0.16913992,0.305737103,0.5
0.8371136046832295,0.8769353188578295,0.6337546346213525,0.5392355331316911,0.171134682787431,0.2232762392813453,0.3829939925276774,0.1211517916422512,0.5879612255187,0.380955211,0.247900928,0.36
0.8111900520511901,0.1193259728645287,0.8780886379998504,0.7291612963532488,0.8621222201202647,0.24943741323871,0.4038401015739776,0.0931979962190562,0.7429610474422961,0.071169999,0.411467021,0.52173913
0.3598218472569671,0.1345674610662767,0.9179084157868712,0.2714571018418643,0.0462056689810855,0.2434894391993772,0.0504769874065613,0.4078799922824125,0.110480282175354,0.066456738,0.198223349,0.109090909
0.6656357529587246,0.7989898105386368,0.0270798551740941,0.5460297855018755,0.546783590059434,0.6359618755052221,0.1001160140314866,0.8454330954734343,0.8053717084250837,0.35483939,0.531727373,0.5
0.8831680552510792,0.0336696561149245,0.7987815277532196,0.4586969699707399,0.4705254012651961,0.4939871755021786,0.1564765652279363,0.1499959274984932,0.4813508542337565,0.076295381,0.56674847,0.0
0.5920686730798969,0.9975004294806544,0.10530981966927,0.479892473987856,0.5790043288664066,0.3134619175514441,0.5433355276375346,0.1440199150130101,0.2508312571141188,0.583723236,0.370218685,0.054545455
0.0920938971389231,0.770460156718311,0.8950844412374066,0.6962946788620902,0.2464142592675487,0.7407710503735688,0.0974803302385429,0.8078258839233836,0.8001771896341416,0.349795631,0.300655608,0.109090909
0.3303950715874967,0.7124816317650127,0.742395048556654,0.8752149974833432,0.6380286656620616,0.172869685158617,0.9859001788698708,0.3272986202354631,0.9611967203676968,0.552938844,0.282424038,0.683333333
0.1819641372317035,0.7707037706515634,0.4871901403404597,0.1767105043890856,0.5052744254982884,0.6021715227299095,0.0580344119634665,0.0433252847039208,0.5057399552972448,0.241016327,0.371761296,0.222222222
0.0690855221300039,0.1393314344645125,0.7226953599400603,0.8852257098045149,0.360504664749445,0.0379862196698839,0.5381548680451823,0.6232487931468416,0.5620583642981534,0.149095043,0.029864305,0.263414634
0.7299992624122377,0.1515247853760227,0.5205184092614952,0.1348809107203959,0.0601263573739943,0.8159229105088736,0.520231398111522,0.5761950519104904,0.3454265834103498,0.113682551,0.537144877,0.404494382
0.854384690280874,0.1451934032654953,0.7490875758133644,0.9604846230066472,0.705746408105257,0.5692172388125598,0.1531901169895807,0.0690101744614554,0.6039982394764171,0.11243383,0.336690025,0.0
0.4471099651580493,0.1823018122405164,0.1373123442682634,0.5206615700570763,0.0316565936016564,0.7873544407273383,0.4927497353734203,0.4944162490992073,0.8507978389339448,0.058220856,0.58014846,0.36
0.8808286908293329,0.6836801849929054,0.9030369489616212,0.9844970769530638,0.7505980240329077,0.6115245292122111,0.0234906332154706,0.0831689579412198,0.3528810528089631,0.387306026,0.332522499,0.24
0.5429655328833798,0.5581693515260282,0.8355339814319295,0.2513979434119932,0.4665301890959853,0.0726363294380938,0.4086971277122196,0.8098719257142593,0.5739682497434325,0.163362849,0.220349306,0.24
0.9209576989903532,0.3421733149127911,0.4790242427912405,0.7680574581332442,0.1900818329130635,0.4407250874804216,0.2081233056222774,0.8779882719901054,0.2135414306847703,0.088512057,0.421888147,0.1
0.9568141614031695,0.577464322093381,0.1719844068513136,0.2524207973860086,0.0946508500037641,0.5687046009765616,0.2862079034685416,0.0673438648901262,0.7287384235887674,0.13430694,0.398437782,0.075
0.2436915033354139,0.7396310662013295,0.4244378563364088,0.0838284734313868,0.4513025267623021,0.0159980640752236,0.6495205261987137,0.1695904541128764,0.9472762786329648,0.45843476,0.052654997,0.523076923
0.801184867990267,0.6960231255996323,0.6841587277947418,0.3272799198318489,0.1657071442195307,0.2575770889771422,0.1829637804272056,0.0139838007405743,0.2702559574942969,0.157734877,0.325474971,0.0
0.9850412306682688,0.7419804626130587,0.1043838618768386,0.74755053293116,0.6500468992001476,0.7854278610538935,0.1357141066262415,0.3415518162101254,0.812659212584044,0.348455254,0.73066235,0.0
0.8032755409737792,0.1599640873003629,0.3581190356391468,0.0444696814271605,0.9057590769280932,0.4323664849470975,0.2693867667778469,0.0695485301696244,0.5472152234304205,0.11667632,0.328981229,0.0
0.1130051215030086,0.778712136445874,0.5215403785091652,0.3596269499864801,0.2804060784719986,0.8152623701175353,0.3108036943804381,0.3181728502925827,0.6228304221435413,0.214703969,0.515031754,0.66
0.6109168592387825,0.7086946608516861,0.6899800546043928,0.4708218564252975,0.1854586577904643,0.9196799397105648,0.4688387717154376,0.2909018031127561,0.9625576618949486,0.269361885,0.510498149,0.230769231
0.2130679444089774,0.398281507046166,0.3138128744994461,0.9833300648115344,0.2745310986929898,0.2485541716445466,0.979517909174674,0.8521007325577751,0.2255878248805377,0.160511207,0.288233674,0.35862069
0.3743759902893638,0.1116065595751573,0.5568439282301723,0.7465739616792766,0.8379936626789122,0.8761995514428245,0.8822027921642983,0.0406465298676194,0.336286915414495,0.118327955,0.514817514,0.32195122
0.3970804354271633,0.6069921901790679,0.2926597834507484,0.8106039523961905,0.1121570956510896,0.2125505380739369,0.2655467515041944,0.0267517827040872,0.6585678151809045,0.266985257,0.103885406,0.0
0.153456039719933,0.7481867906355636,0.0453467630460161,0.898887142744237,0.2298372748877446,0.941263626529179,0.1976548908658078,0.9891139937469684,0.040790171324869,0.24722935,0.312641126,0.628571429
0.6662992081546975,0.2346840898546296,0.9774731527298546,0.9545355129624812,0.0765379525877838,0.2186322303174954,0.1935262089736915,0.6078408896876925,0.4307928758768722,0.105963966,0.299928642,0.488888889
0.7581289923440319,0.3406881188051534,0.2822025172612514,0.7920951994036786,0.8750753201802454,0.5057771442140707,0.8113210575658681,0.6745937505513168,0.3586554280449915,0.142067255,0.455459833,0.047058824
0.3261513840319521,0.5496672506969039,0.6017205764200585,0.1880909866485123,0.5864021801288897,0.0197797799629586,0.2540757711073231,0.6872376256762815,0.1228660861325962,0.159765659,0.036590595,0.133333333
0.4826862017498081,0.8313617114550098,0.523756569155869,0.7486184961860131,0.3624967210866637,0.4312190466290134,0.3182850823755854,0.2089971098329679,0.0962308936293522,0.334127917,0.353807478,0.5
0.812097209607406,0.1928591503733949,0.9374501450446224,0.537348385075566,0.1749409706207884,0.0967843865881229,0.8417946405287625,0.3424620212022441,0.931105595785928,0.183059672,0.253977962,0.2
0.7844723358636799,0.5668490926561587,0.3266269660904143,0.0797123074594254,0.908787466151948,0.6491194649244845,0.5834706233733002,0.9421393529779424,0.4464424356704024,0.269061894,0.57426529,0.279069767
0.6069367994767871,0.5650577303500866,0.3197131284569517,0.9033090225631248,0.3265576627085796,0.7952091458467245,0.9123941925378628,0.2330102064075222,0.0924750875001467,0.262849512,0.291347034,0.0
0.8958678925368927,0.0169425815340684,0.3016235643378178,0.9353328529592976,0.1026999842055118,0.4950648090770873,0.2990667904924754,0.2283346336258029,0.5732596716539985,0.08523091,0.511090536,0.0
0.3626181606048408,0.6722414808815314,0.1500689152351504,0.471618803751801,0.0196962356465957,0.264106599820485,0.2093643610484176,0.9976401817791328,0.2809928881436401,0.215395475,0.11224823,0.0
0.9475836443943924,0.6683793713071419,0.6446724966281209,0.1869413514835836,0.0896477749746836,0.5956694325488004,0.5177343126576801,0.5357796061559807,0.5635804414397633,0.386504914,0.522951697,0.459574468
0.3572461671595918,0.6077872167074093,0.0470907633838107,0.8892701515377724,0.8272013775943104,0.8275353432631449,0.7284613123552884,0.5146654680918503,0.6212839874498894,0.226602227,0.404762138,0.07706422
0.5861135429512837,0.5094676524332665,0.7434869840736654,0.257209706487591,0.4055262468489593,0.1634617298974398,0.3942853447198302,0.2796512473666801,0.1614384190539141,0.140778361,0.366576918,0.55
0.2030582330824432,0.0287506857549386,0.6544285075703183,0.6148641051304379,0.9232773550678944,0.2031335401563737,0.7936329120524257,0.1146922445327475,0.355462077739632,0.087963926,0.244876469,0.535135135
0.7626925141819836,0.9745349916337394,0.1198800927034366,0.1866551617770908,0.5622852450356348,0.9893392543503892,0.8042957149186292,0.2942297538803029,0.3427352250514692,0.414526532,0.496405053,0.60952381
0.7022514163534933,0.2044567898641448,0.157632758098018,0.0019541734750486,0.5978690509964294,0.98337813392004,0.10205201387396,0.7328374886506943,0.705630550807785,0.094711074,0.437023266,0.342857143
0.6561886573353269,0.3325779972422672,0.904922743562384,0.1317425097773347,0.2794223640244337,0.9733782253904114,0.4882694732428392,0.5128327273797136,0.5456999385453988,0.136848454,0.43896714,0.342857143
0.8223260676469057,0.400579177363034,0.3234973653767737,0.3551405254987556,0.3453042137936788,0.9219434698160578,0.4180533812622108,0.3399780266422592,0.5856588181445129,0.152274752,0.644956377,0.0
0.1106625246832844,0.5508792749399248,0.210232112991064,0.2737537114796635,0.7800944641401473,0.0153307226461451,0.526478892578043,0.4427670830598792,0.4313445543487854,0.237185185,0.030166714,0.358208955
0.094183556941531,0.6080896566184496,0.0711621343390331,0.5751607794975496,0.3122499353442114,0.7373589798273026,0.01597625645673,0.4996940336446606,0.4789798613779213,0.155587029,0.332076394,0.6
0.6911268032955216,0.5697661575379888,0.1186712116922348,0.1177987691474704,0.8227057890625905,0.3128137083448969,0.2280067162210582,0.1219325402069373,0.4844428417763131,0.133686403,0.423819091,0.48
0.2468959175468426,0.9480693147934232,0.8917570559472483,0.8423983766922765,0.2140294672938846,0.2561979294495146,0.3184922448436219,0.5280121787267882,0.6604357708982097,0.508387545,0.276166436,0.3
0.0227159338483061,0.0597393761772961,0.9729148487309338,0.6494512205982601,0.0386787893032454,0.6274449614411548,0.5520026866915679,0.6255745459745903,0.1486021193194535,0.086727804,0.237612011,0.2
0.9359580686917164,0.7964928411994856,0.2656923320442468,0.9891347484154228,0.274868724800101,0.8222004450520611,0.6129354800399808,0.3290487459009789,0.8352974618332719,0.503085933,0.442922605,0.32
0.7726614029719868,0.9044439871820188,0.7843902421391852,0.1577971492875006,0.5315900328535573,0.2555930631474739,0.1383816131558763,0.5049717485218614,0.3996732428196193,0.374561492,0.228817349,0.0
0.2927193609500991,0.8999086832708779,0.2014629395804618,0.08465172010547,0.3624811085973324,0.0606278994426123,0.1111745669447287,0.4410282400299671,0.7565342414347658,0.304389788,0.0214511,0.0
0.4454681093479877,0.408607282937521,0.3248001995091771,0.9980751787940972,0.6025994671956585,0.1117696394726555,0.9801976050218438,0.8807931423421682,0.9007336705049536,0.225814463,0.132165328,0.068571429
0.2164404625273119,0.537760171755835,0.7423286538011679,0.7183708245257658,0.1220287060149812,0.6688132191404313,0.5564794481590465,0.3550248911411755,0.9876370633987728,0.34411203,0.382197314,0.496551724
0.8204970556142299,0.6005821482602479,0.3230031172559156,0.170204605661246,0.95853472371989,0.59104101236861,0.5994025100539323,0.0518307729939589,0.8300682665061153,0.252142028,0.512429578,0.0
0.2027110032030559,0.4794053601009856,0.1842772097323523,0.2432529505445956,0.8063572139129199,0.1779669382331161,0.2124346801732115,0.811764834813335,0.1753738357516456,0.164716181,0.153872819,0.685714286
0.8894849826134166,0.6597989114563743,0.544953769428318,0.9920673492143948,0.2858789842413469,0.6717298304540253,0.0402609552894676,0.38888240860688,0.8609145513578582,0.228877725,0.527216876,0.32
0.1167314130229189,0.0046445343643254,0.0289175661437067,0.7472238235538596,0.4757035873497424,0.266175010495996,0.4962467726158284,0.086271229173275,0.2971857405230326,0.034645803,0.182584088,0.56
0.089777231621229,0.3547724928200857,0.1679434350315566,0.7891078416366256,0.5637302488258848,0.7907480963264633,0.0975536305573897,0.0336877077048776,0.0402235760193204,0.078310283,0.211971345,0.0
0.4790442956628015,0.8312631873359007,0.7313498219969504,0.4756557120407939,0.1297638228228691,0.498579871999624,0.6907625920157175,0.6357210622218151,0.3901342359708217,0.499979901,0.376391326,0.094117647
0.2814695944295543,0.5782768372411782,0.3123633577534331,0.055740687224683,0.6983696047317951,0.2491115927083593,0.5265648269960713,0.9479452835823896,0.1892723389114258,0.231265061,0.290984852,0.496551724
0.491358299862079,0.512086396410292,0.4631892935184357,0.3711980312886024,0.168311770021894,0.7085770140018008,0.9473065068535548,0.7619235697158774,0.7631945616318915,0.261535436,0.466541711,0.245454545
0.4128702706722611,0.470211380857883,0.8915423419770782,0.8182544013075532,0.2527167851659632,0.929371513716905,0.961939013699333,0.8963339098041685,0.006267992024044,0.207370733,0.387977882,0.465306122
0.5261262331563992,0.4102549523073446,0.8358754092696632,0.8466913525505954,0.9110767385155634,0.7419352113383786,0.816760189346904,0.0806448034048676,0.0726813234094055,0.180646527,0.617440559,0.0
0.2212701610903957,0.511844867625958,0.8162147833979359,0.6006704685455645,0.8325292938030316,0.6662241699321316,0.6024740887217405,0.9032990610840648,0.2132086415935906,0.351134488,0.405398804,0.72
0.6159218362732536,0.7257433570922838,0.1765467639599177,0.5445070549093362,0.5976912480448358,0.3720132372569861,0.1195815153530093,0.2190506500353645,0.4283467939308444,0.257188611,0.347932395,0.514285714
0.047992374113205,0.2986499234837172,0.5336688531882764,0.964263553629032,0.8707557113180319,0.1955926239834146,0.3528757646008913,0.6843419862034172,0.868723824397552,0.09853398,0.124607334,0.0
0.8548182728056721,0.5045214418653355,0.8935494005332947,0.2055174586309426,0.7475528472324209,0.8752128459980667,0.6419777568950367,0.8908863502636805,0.1749054307183279,0.217477126,0.603543104,0.572093023
0.0404178435722825,0.770612636587541,0.6279774084043289,0.5037795295930364,0.5690293912897604,0.205599686085097,0.0775174509942144,0.596583792814465,0.5145615420848184,0.097629566,0.046925533,0.0
0.2217013444433704,0.7248054389769013,0.7460264135344248,0.2722158852664347,0.5309418178944963,0.2261676948004792,0.382357146038778,0.272363035051733,0.0592430450676378,0.298342591,0.179921163,0.6
0.765483075878138,0.5480355952257293,0.8150683048700826,0.5749820901148998,0.1230031401308554,0.5487860482748522,0.9255284919872084,0.2317648509667809,0.2308504618079699,0.324412798,0.461434979,0.082758621
0.5052716083016247,0.7591804908083322,0.8509213809268377,0.8127053391330599,0.0693776949698682,0.9603308068007668,0.3478048965949671,0.8528736631288301,0.6279579734801293,0.188273765,0.789375168,0.0
0.8147718726586021,0.9985666342310155,0.7743863379063218,0.2397835073734717,0.0143304874073788,0.6737724072953991,0.6540229830467142,0.8684436660992683,0.1455904112547398,0.717312276,0.450707926,0.16
0.6219994480745681,0.5995508479585101,0.9000821275339497,0.1258576180795363,0.8523425150956722,0.6365810309671135,0.6166338683115713,0.369837828599051,0.6536776882628592,0.34788115,0.454104201,0.54939759
0.3442807964644924,0.8417641547797332,0.5802465668376187,0.508529428490749,0.7598858748617997,0.3279968374545808,0.2989870913270647,0.016408059836235,0.8427047925420824,0.244469878,0.336497281,0.15
0.0094505857812372,0.3842044862124726,0.9822070437836669,0.4560993575153544,0.5398299997986088,0.6030059094166679,0.5538036741450003,0.7127447596367001,0.8247680948227802,0.19307984,0.130655566,0.0
0.6968178490434744,0.7409139503573287,0.2621386543921891,0.6276918943385035,0.541466058685201,0.8493058809098661,0.8292939827018947,0.4867914513180922,0.2912455812280085,0.333523308,0.53684147,0.378082192
0.7235624385745606,0.0023488527934693,0.5648890989277306,0.1989076189972262,0.5572083670893767,0.0334712244858695,0.6016899590604625,0.2269070844521186,0.763129738513868,0.073547797,0.089287153,0.0
0.8168742589844936,0.5528812766731396,0.2681281140598294,0.2656609833206165,0.8534390335904267,0.1143653023293793,0.6387287574785033,0.0830679699328867,0.1417987797401276,0.307232259,0.240201763,0.362790698
0.0765257324692239,0.0536676714142595,0.9046764270844984,0.929840520895207,0.3652381529435231,0.435775214361136,0.8144689687912937,0.0502857808884948,0.5650674611091454,0.097339634,0.226365129,0.182608696
0.9127617468918658,0.5056914042784745,0.1896930553069987,0.9063172116102016,0.2730496503898474,0.0389948427180671,0.578782347463592,0.8392696337322413,0.6103768751890203,0.253135281,0.273149935,0.573913043
0.514647155048506,0.9126262346066096,0.0358943304765081,0.489610797740358,0.0743223745140325,0.3848041752580327,0.1206083212232702,0.1618694638952857,0.9320915848435004,0.442028988,0.477485271,0.6
0.0333709892559077,0.4288126967785428,0.0407817163651105,0.0951619620079744,0.1069934705391332,0.0604206773837584,0.1556772185611086,0.5118715920517353,0.2851998142649825,0.171874179,0.042528916,0.218181818
0.6552015030521595,0.1290742779036342,0.5721396903687819,0.727362857985976,0.2381317388973525,0.1492832530697437,0.690521960821112,0.8682049510532455,0.6928245982320165,0.117417604,0.191694063,0.0
0.8489918988521539,0.6217783479552423,0.3824247317059769,0.365561214715004,0.1573987490339736,0.2843988344292729,0.125601283927683,0.7500850671137005,0.7841783891825503,0.232758543,0.405762016,0.32
0.231694854971826,0.3527976746090893,0.7982052256506487,0.9367758287806128,0.9511052510970752,0.9894761464953226,0.2062062969093337,0.6031274723668575,0.8070727656769741,0.09910251,0.508103672,0.0
0.0264815164430022,0.5845520506654042,0.2715730112317156,0.5742426852159253,0.250166403205918,0.5837831204546622,0.7231668314574518,0.9546134844246772,0.3741785622280019,0.356658867,0.161077899,0.096
0.039203871496804,0.7689979091916472,0.8322177125273376,0.5505303520068662,0.3766119094087,0.988455731067958,0.0884581731161866,0.2828110434004225,0.0983692738252405,0.285485816,0.186783181,0.0
0.6861751912363431,0.9137419068440844,0.6794855536551772,0.5368693084559176,0.9184811392225848,0.3232519351608665,0.7341058334350951,0.9361697430996616,0.0670718701052686,0.504232703,0.349522611,0.304477612
0.3423023053940529,0.211326200318853,0.1196586954812206,0.0509174218984388,0.2099259037654237,0.9432155810140938,0.8988540949561,0.0670127423346076,0.3258499823879848,0.102761436,0.575911116,0.256
0.7624574286796175,0.8638174014543007,0.5781052135042671,0.33868484619102,0.7720747433499716,0.4446910215662366,0.3427471492095826,0.2908038120009898,0.1082313488658188,0.293000515,0.480293509,0.6
0.2662017305752817,0.7732728878277134,0.6582650407808415,0.411633093378311,0.3802077862160661,0.5584872822693564,0.7710650595749902,0.7624012607810837,0.1045822164840162,0.370646076,0.404411402,0.6
0.9182647816536942,0.7042464641243524,0.651228314061226,0.4563531188131798,0.7670424220751194,0.5723662790054953,0.2169080307658114,0.1975598547800198,0.1489431028875464,0.191416368,0.511462794,0.0
0.9962826156688506,0.7800139956613931,0.0905127519687749,0.3061103689558229,0.6553519865105721,0.8650848441777649,0.545243993813936,0.1221672634130803,0.3829947303951561,0.319703512,0.599759253,0.144
0.4468001633185194,0.2412814144351296,0.3824729578333901,0.8818015797518794,0.5708311556633624,0.9289736484165784,0.0196485220138211,0.4167489423718044,0.757986582579847,0.08266895,0.4392054,0.514285714
0.9855939267591084,0.2770604544397432,0.8760345340727932,0.2515746953426486,0.030956574376292,0.1791835214871584,0.3100750294021397,0.45686266740982,0.2614044121958421,0.11074095,0.434655717,0.635294118
0.2001153288991657,0.5109390436666905,0.6500216937978416,0.9876430257538896,0.6550419972527012,0.5314025784347037,0.0103381416727765,0.2686322347710513,0.2440960070612124,0.138233062,0.096397955,0.342857143
0.2702070452223483,0.1056584712675099,0.4858856028341515,0.834816532401687,0.7339771407659945,0.4312744782636868,0.90976198005847,0.9674703942603482,0.0293176640468927,0.099992685,0.296461386,0.609230769
0.3497809224249957,0.5763797937292789,0.2593510174713626,0.7129684717213877,0.4104833553250062,0.4508554321468452,0.523052458949255,0.4220353484653564,0.5473009407737972,0.318773625,0.30613382,0.044444444
0.6043995639590032,0.250455319586762,0.3349878089364654,0.9874664815424928,0.416814716221506,0.5213310407685662,0.2947038987747917,0.3400691951277247,0.8132485045667686,0.120998261,0.350157523,0.0
0.4939111910613548,0.0662735864075613,0.9955612210271872,0.7751018936785791,0.4545286305884518,0.5831600063118881,0.6384646825630828,0.7214874798220174,0.7838739065621715,0.10691654,0.457323649,0.308108108
0.0616250006898762,0.6613524740988391,0.3847974169495173,0.4051699423246815,0.8251269014608835,0.4312033466581778,0.1360306144002926,0.1584872983079257,0.6559160837091458,0.180651726,0.210635658,0.709090909
0.5867907553514937,0.8452033590072382,0.2421194954898718,0.5305471191994209,0.4370959247669235,0.2344605099264932,0.516550102870699,0.8405085690669967,0.3830352837268782,0.612945069,0.30563768,0.324324324
0.8091563709264412,0.8438867475066287,0.4231434522583724,0.7786888618003647,0.9044990438857,0.5347343811373806,0.9375049927195728,0.6746447470714382,0.8710458638649596,0.566022647,0.390298343,0.351219512
0.3029397717348855,0.89414385488759,0.4312254073463,0.0267405202854954,0.5275366824062412,0.6652913494499234,0.3798003920897392,0.558309277162561,0.8764334788721138,0.271739907,0.574414711,0.64
0.8314781051548344,0.6186196123437303,0.7958328477906235,0.1243438020115804,0.063250084483536,0.5660586605978442,0.889193354155478,0.3869154495140897,0.9567494535235724,0.275911644,0.52270775,0.35
0.2527025652209745,0.0706733432385759,0.0474170029202037,0.2097628967200168,0.6398109519402447,0.4617150406469819,0.8359401136737279,0.3113480235523681,0.1319270761955235,0.083704815,0.318733101,0.258823529
0.1175968158112398,0.1992298908927503,0.2591012934400285,0.855659770600907,0.0431887709791074,0.3690950139567072,0.855357377362607,0.0287791687863223,0.9730750123026226,0.132948405,0.245545203,0.096
0.5723895057538266,0.765368363067507,0.4353572425264048,0.5929942148842157,0.0251385787068124,0.6999222643511477,0.9318107587873904,0.6417142711905556,0.6761270706049051,0.462212041,0.483846709,0.111627907
0.1826374984790055,0.7432903566972975,0.4706701581564445,0.2090247741263876,0.1611076680539462,0.7285709956791129,0.3386981139698839,0.5443720264444936,0.4076939909496082,0.223280457,0.371486434,0.675
0.1066951164898614,0.3714764854741337,0.318629304658743,0.4403291922658714,0.5401237919140021,0.1383956543162197,0.8806807082217896,0.4901210376932533,0.5880166627843918,0.208547742,0.086301538,0.09
0.3498604304440887,0.7620137945070458,0.6817120545506331,0.2816569735174009,0.7107200305979979,0.6883311660461713,0.449351174784804,0.6015298134626975,0.1571962117284738,0.229501553,0.384133203,0.461538462
0.6088495569655101,0.0450445059962794,0.0363486296211343,0.0015325324303618,0.1958379772017866,0.7306519959208841,0.2672279639950654,0.6043266343355241,0.4676720304571746,0.069059377,0.458397096,0.246153846
0.5963299540887955,0.3763848912461323,0.1345457276765665,0.0862398335662277,0.024780498338463,0.1171663442947926,0.1065884918872795,0.2440655831367686,0.3588925639062548,0.142762639,0.289016156,0.818181818
0.5589265912981944,0.2777696374985736,0.4532563668161404,0.2453584462056638,0.9791896915866356,0.7315673785165643,0.1226734253272284,0.8281654713386847,0.9820613481636308,0.104169846,0.394211268,0.0
0.6967419279464393,0.1444917582160397,0.006052848488089,0.3678706027237266,0.8019403643819285,0.7344884595786686,0.9654063532544116,0.6551488774243778,0.1751006676783992,0.095821785,0.550988093,0.212903226
0.1839176375547484,0.932154121309612,0.0193428690098885,0.4443656237703655,0.7313631256144899,0.2141535638162156,0.8113405628594164,0.8237928929730884,0.7288091277797787,0.546599506,0.116757057,0.0
0.0405070654899717,0.1693943844228237,0.0427665483702223,0.8466137846125673,0.7766049466400128,0.8848370147081956,0.9340912524288716,0.0504564335585907,0.5427577793163455,0.155293404,0.311883758,0.15
0.7459689023502014,0.9772400036314915,0.3409459471396538,0.309955151207455,0.305479026569443,0.7203693406114354,0.4077068217997023,0.3912687315454104,0.2846360897672765,0.404099069,0.485437049,0.6
0.6798442391754044,0.2714871393018042,0.9940888519846378,0.7622233013423548,0.0880283699789331,0.4552206456132762,0.61988669935205,0.6059356015158364,0.0301913601203674,0.157127471,0.304127304,0.163636364
0.4683407934054107,0.3471940371847333,0.4243926526924609,0.0552016571021051,0.3885713017630015,0.3085222436523168,0.95850923762882,0.4251660431798775,0.8683975877406579,0.223503976,0.42349595,0.606593407
0.4368164094037556,0.3664735215135467,0.1895641560789076,0.1123097636050339,0.4597079050056537,0.5479740300675902,0.3821568890467293,0.070608909908141,0.8706931816910702,0.104762618,0.525357303,0.518918919
0.9337502165771016,0.0942621628589905,0.285318593463488,0.7055014830863644,0.3292599241279869,0.2799626301910095,0.3778576773333676,0.6766353816773235,0.5068049820038608,0.053695565,0.490098884,0.5
0.3301762372359803,0.1401207412329811,0.995300988969392,0.5776748689533192,0.3608338274693899,0.3615621739181766,0.2777599461443293,0.0627381507988011,0.9866455601251836,0.094089165,0.416733035,0.423529412
0.4728503361130877,0.7092043713785527,0.087659854673034,0.4430554023661409,0.3928443353560225,0.7416297023094801,0.2641878023094123,0.2164354619938651,0.0078000518446833,0.274069454,0.393204613,0.171428571
0.2159491585985558,0.8684519317309601,0.1283491467592358,0.3951026309926031,0.456065621575718,0.677852766950992,0.9617895916011262,0.5488386982938666,0.6385782191364356,0.398323783,0.410050851,0.408
0.713216619602174,0.8653570224724788,0.2718459187678802,0.5790823114831026,0.0860864652434567,0.300666115373057,0.405007316511532,0.9292738867763682,0.8291834916146364,0.351171068,0.640502811,0.2
0.2878935340305527,0.0875760985940791,0.1047357465281916,0.192398896520228,0.8347191438048605,0.3948081467775417,0.811120614638774,0.0493175752752111,0.2207264588368591,0.097279719,0.316298835,0.036363636
0.7941917184123551,0.2390828132749224,0.8698904451622819,0.3285012916169898,0.0203593538700347,0.237140287271085,0.4317339046241979,0.9385752587758308,0.4062162897715118,0.073750173,0.420297275,0.568421053
0.552474483964061,0.5067098033351222,0.3978952262706176,0.1809890817336801,0.8493036798119573,0.8420723720485251,0.4003159503647309,0.9714191173435018,0.9127743523231062,0.153778958,0.616462259,0.0
0.3423096154130864,0.4211517946573182,0.5380755183520274,0.8070996174591291,0.8532501179192336,0.2774208882304155,0.651532435627708,0.9722119343533392,0.7927170932936917,0.1902743,0.34151135,0.476923077
0.2514865797390481,0.1835867122552462,0.1081765323341453,0.9208788622802728,0.8898805613661772,0.97575239614397,0.2667314161893716,0.922612539580565,0.7768217464918544,0.069630106,0.646417358,0.24
0.2074129540258709,0.8381037154066922,0.3936512071982707,0.6827893492258643,0.4506417137878746,0.1099369331556601,0.845498304600088,0.2030045378668964,0.2844404248322347,0.390746389,0.174231428,0.653164557
0.5916655081317156,0.1157046803012928,0.4026892433029135,0.5871220825771013,0.3451202078045915,0.362684475957625,0.7060621309210751,0.7393627339515841,0.6908456335751659,0.120128874,0.429789353,0.026666667
0.1502370914655953,0.0617435124318235,0.936607032281942,0.5148049101051875,0.9553360381550272,0.6137375293046157,0.8922384724951409,0.8032797103584421,0.2655997202588454,0.104074284,0.40678065,0.440506329
0.7025422611118672,0.5041696034522307,0.1018222153658108,0.4075053337919642,0.9238693860237026,0.2191699374120661,0.7688750145869947,0.2413630284701917,0.6119016792632743,0.208954005,0.299054709,0.355555556
0.2350131584183112,0.5603360824867232,0.5424049800835302,0.3416966997542361,0.1679482016910698,0.5067198783831012,0.6175888767873724,0.4572215868229529,0.499702663996569,0.349957015,0.272935273,0.072727273
0.3536408512375292,0.2537295738104738,0.3446023356573282,0.0169333076647216,0.4600253687550628,0.7878756025343291,0.4885753959793339,0.5876250325364768,0.3616149532958507,0.08187953,0.475369301,0.266666667
0.6716893687919477,0.1982287644826541,0.5039460801732035,0.2449789187454708,0.8728618259258122,0.1231300039982182,0.0597684141652284,0.171508958439725,0.3748625648875814,0.079759723,0.272911283,0.48
0.196798406270201,0.0014008598859481,0.4173626003784765,0.8919226506806499,0.7530736092146442,0.9003866028526367,0.0634656811225919,0.6492790082396009,0.7416058673944762,0.029410669,0.578530085,0.0
0.0222238777624126,0.3695901990266044,0.5617062279995436,0.2123576347347286,0.7439445293787416,0.4971470414011574,0.0504367214482435,0.6261276738447311,0.7150217037155047,0.101310595,0.196337037,0.0
0.3802736312346902,0.732161663750592,0.6078140943383302,0.4749613979183522,0.5312323937524315,0.1212113890284516,0.5206650228024201,0.2114564689940563,0.4922432213133059,0.307946506,0.138217834,0.3
0.2460508343654804,0.0872358062904508,0.3456224882345144,0.6543321078563108,0.961799554316293,0.7828321490469832,0.1304388918233431,0.7581332727867325,0.5668171979492076,0.065956085,0.420473579,0.3
0.5911541503485082,0.1982248009143512,0.945857598067824,0.9698084953186106,0.5614717021064743,0.6786991713111445,0.902948098949417,0.5495378898153236,0.9369105374681652,0.144900299,0.504030938,0.0
0.1875137841360362,0.6160300051037728,0.5295602431094666,0.6361062978719404,0.4348039968703555,0.0382428860623788,0.9488180046881326,0.5225911018791981,0.2114380341486544,0.253731886,0.082906321,0.54893617
0.4088890444860347,0.8768232043492505,0.8425558016103487,0.6983664195289574,0.9331304096575286,0.2077593528779916,0.0014275891701003,0.168312859207792,0.5491815617529356,0.45565186,0.309832814,0.526829268
0.7475795547612885,0.7040376495265318,0.8227241871682475,0.079156063726533,0.4260818156033487,0.688695557573046,0.9304243156575628,0.8106610782585343,0.8144333587343834,0.424204427,0.60975523,0.388732394
0.1614080827039045,0.5373365033055016,0.9428134364164904,0.1399039971682627,0.5886997990950911,0.0323372093566475,0.8927253717093873,0.6590729086539312,0.6314821303758232,0.330680324,0.069165969,0.620689655
0.1940074670336155,0.8243867301288095,0.0274614032191196,0.7198154881587496,0.624019575398236,0.1060788193786383,0.8766274706637008,0.9649319139015796,0.7285373418630516,0.517101421,0.118568111,0.531147541
0.1126629457772415,0.6441689840561201,0.916967475213916,0.7830136762144831,0.2086683716184896,0.2001119852172208,0.6267619611462651,0.0995276524316636,0.0531520553107124,0.25033528,0.183871375,0.608695652
0.0264522353432432,0.0267994986002783,0.0294930598097928,0.1822708592718386,0.5711943066286754,0.6453485150261088,0.2687574538850604,0.5403234728812076,0.5499573352100332,0.052698924,0.175005699,0.218181818
0.645640075523388,0.8715432240385615,0.7727624783828879,0.3194547324860054,0.3392611587438142,0.3589168881485957,0.3277052975353931,0.977035059899379,0.963302148287438,0.592958518,0.451859081,0.533333333
0.0160033709356627,0.6247809245924743,0.881717758050937,0.4404285619158294,0.0140153154149083,0.8367645818312465,0.784926818385929,0.1137187536266856,0.3569215416203803,0.291344856,0.235078186,0.0
0.2649649385276459,0.4668193306046229,0.5112853598565967,0.1882000377161884,0.1798551844947509,0.3147766689091306,0.0693820431098025,0.2299182275818274,0.1447679200576345,0.128950949,0.146538114,0.36
0.9773416545209316,0.1764371212560633,0.9527116488245362,0.3421056204456993,0.8649156439326237,0.0306956119188912,0.4281374044906417,0.2431052237100253,0.8297096107234896,0.108434616,0.12408613,0.342857143
0.5507858526991599,0.459380262116537,0.0866324982596947,0.1835489094272167,0.8892122713557091,0.5840068075300008,0.1546835990316846,0.5821954116624988,0.7842254678734812,0.131896456,0.287732699,0.0
0.8964855309769408,0.4437518527958581,0.5728116213425625,0.3330207677260084,0.0039429409590127,0.8601957486657613,0.7837885564259561,0.5250722369264309,0.5695797746700961,0.298492169,0.537302739,0.56
0.0670921079664463,0.4864127363027156,0.7594971315510615,0.6714071172685238,0.1970546040020158,0.9718179756429874,0.415885680440342,0.1709134694043967,0.240468991917201,0.170640625,0.291585052,0.171428571
0.9295166185450514,0.9615452121234352,0.4240239737791392,0.357509865840357,0.9841109365532372,0.8456427755244509,0.3444435861320754,0.0982216739191707,0.7606162655062547,0.194314781,0.625947136,0.6
0.7236375617318893,0.2885820769608804,0.0701013730146092,0.488421398121181,0.1777871911037327,0.0457026844278797,0.5111282212550837,0.0591596234355872,0.7174795689935908,0.202442849,0.120777728,0.0
0.5251919385479656,0.840181929274303,0.1212506310825733,0.5032014425699548,0.3412828783542548,0.0032257611263967,0.74640555624366,0.1220098439825422,0.2838389764769156,0.454436017,0.032985793,0.046153846
0.011487266570302,0.6196584153182603,0.1417810120462768,0.5568844489659854,0.7640720293952031,0.2419783988620883,0.3335698298538812,0.4943220315937812,0.7876184634705435,0.229531414,0.07431895,0.6
0.740364919568227,0.4044507543441953,0.5555153138375013,0.6547196504772537,0.42578087176456,0.2582803883156626,0.6457604092263958,0.8123112834829825,0.76772529976334,0.187468225,0.305607997,0.085714286
0.7827012445691355,0.2025906306825144,0.1085643834895536,0.1229231707989324,0.0213711761675143,0.4845886401513063,0.6228899980949353,0.3234578923044749,0.6296757453501667,0.129471791,0.502379644,0.533333333
0.6470213691358965,0.8079347217082316,0.7557894467729342,0.9835088075984214,0.3603817470352767,0.9529691608642828,0.0202397627109359,0.9978984712791644,0.0568817256849534,0.277258461,0.367226404,0.0
0.9690747378417328,0.3830507867837556,0.4123546475678756,0.7889894028693938,0.7220819588423272,0.0133095682574448,0.7738619128449196,0.6714445116454725,0.6813764416807458,0.177632444,0.128918566,0.412903226
0.0370305541518155,0.3967488814942497,0.7350447444175703,0.4007921607160485,0.3052438219229816,0.6650168395803354,0.2608765589017253,0.476947734512805,0.9078043545701848,0.132240191,0.350611921,0.063157895
0.5218886057115304,0.979127079592764,0.3888662464362075,0.62791185792835,0.7215498829125855,0.4055924472588111,0.803653367239662,0.3661285165579102,0.1161501500728217,0.541606604,0.366545348,0.3
0.4019068330007229,0.94279521005682,0.0165095756050093,0.8904966159276532,0.0865048213005016,0.3926090966973933,0.887139687199947,0.4508878805757949,0.8093319375637171,0.475412851,0.376096452,0.346987952
0.5828729017998698,0.2337179951871456,0.2453547231724072,0.8864237771501755,0.6359178690383624,0.3827086683823292,0.3370349062712692,0.5547878366491823,0.9996777551007072,0.102607009,0.338349904,0.0
0.283712684061672,0.9882367958398935,0.6399026594200122,0.551111372972738,0.7590084899527432,0.4913156745214277,0.7432793437836993,0.401679068327879,0.7536015850721164,0.848053945,0.414679598,0.508474576
0.1273993107928973,0.4748039888169398,0.0223022327893928,0.9888895543624806,0.0345275745754681,0.8558589959725034,0.556781072916445,0.301319939394988,0.6189152280391942,0.187866782,0.24874354,0.0
0.5683224797059198,0.9462896531816132,0.0275760843428847,0.4185134735993028,0.8524995284533774,0.6666462995481588,0.378508385460652,0.1607856965487002,0.1424720683078354,0.347960764,0.511458755,0.3
0.0948908525229584,0.2018027937749108,0.0167065450309548,0.1420633077220749,0.7562095453473165,0.4177203768262002,0.6271288975569972,0.5694578199496364,0.9971932164139566,0.122956449,0.288819727,0.228571429
0.6261337961563497,0.3714437595768878,0.3292215698233929,0.7972829687829295,0.0413775518567852,0.6863616997415093,0.2163443673004976,0.5843567986997976,0.072323155573697,0.129152392,0.0,0.3
0.7640400478085453,0.7010351420924228,0.6513741094843221,0.231128473042978,0.3104514789355033,0.5846043470050711,0.5878930650347389,0.2671128400850223,0.8301072972109206,0.378807666,0.504038664,0.0
0.0521952109771285,0.4759805186734069,0.4735939388594183,0.3875226219765304,0.5725295824030554,0.3222907992683854,0.0329492360664784,0.4622944563074336,0.2021960759219705,0.15497577,0.19463428,0.276923077
0.0361023555681616,0.156563356393901,0.3644417619508425,0.1086785081558575,0.75900116338815,0.6888400097844805,0.0949184965795423,0.9895460840271584,0.3589867153921728,0.075840294,0.320475656,0.54
0.4826536304559041,0.0465638475890631,0.0058920098896629,0.3530958796170066,0.4453025878588641,0.0400744891987774,0.7253533735140815,0.0039762094659255,0.3188551306116676,0.096043322,0.091048513,0.195918367
0.1185164158257039,0.6079454198341089,0.4163953352041253,0.5611970439108904,0.4624284646789343,0.3588585971381756,0.2021453958681781,0.5965648267713547,0.9943516175755877,0.229236325,0.175811785,0.0
0.0238311041540414,0.7071228095102413,0.1603797375304445,0.9317333943170576,0.7675072479183478,0.8267939836250899,0.4976309843800902,0.9225729545886864,0.4802913752180187,0.245704857,0.24005836,0.525
0.484181613297495,0.0316268871875087,0.2027058474304268,0.8566103575881948,0.2080642505809541,0.6244085251026986,0.1182885297689229,0.1302253663704478,0.0804014189484978,0.058511865,0.278009238,0.070588235
0.8557424460922186,0.6656669242765602,0.4846254937869629,0.1796402186784063,0.0800503270465259,0.6297857640870479,0.5991402177489366,0.2964638477275954,0.6579977636182411,0.444927975,0.538904273,0.436363636
0.8602230001853817,0.2436752273152586,0.3976178789901913,0.7648651982475847,0.7875459802770003,0.2794668886133384,0.3291910140302867,0.6021145870038196,0.2030076343438942,0.070058601,0.304347293,0.375
0.997762498988566,0.827155358012734,0.5064304114951532,0.6047930087668212,0.6579580282519054,0.8299467924412933,0.1459132499563393,0.8245217037555512,0.6210012635035767,0.325882849,0.584623739,0.171428571
0.6014568998479853,0.1870576258470988,0.3090022400993347,0.4838173379522867,0.5800568256169297,0.319397127920128,0.4609860697295869,0.0354921342375249,0.6199595545636192,0.091831871,0.519337083,0.709090909
0.3355908128386451,0.0960485649270284,0.6661885415643862,0.5350837198876344,0.0259538174019594,0.6297813640382329,0.8202516951590016,0.4539756131000035,0.0662327822265183,0.109582721,0.3925709,0.414545455
0.4975702115682855,0.2605888139451988,0.9435101527591372,0.9855484608380476,0.7889374644355719,0.7035931713244736,0.0919457135147493,0.2287960792914052,0.2318596219761006,0.101981926,0.500599198,0.211764706
0.8614956877470442,0.9626237213779906,0.7203914502129992,0.7383767272663374,0.7835832072696157,0.1809446686876294,0.0077027628243816,0.8105079961897824,0.9479872120116046,0.467697937,0.400253346,0.6
0.7057452398950594,0.4516280567562529,0.8310199474964967,0.746394474390026,0.8689888595695379,0.793171734729633,0.937336488439813,0.7413385686162793,0.8453707799624328,0.225512532,0.555330605,0.373770492
0.15839075325988,0.8334539695665356,0.082883938105472,0.9428899402091494,0.6104391899159664,0.4236872718125947,0.162132064684638,0.9389675796435406,0.0923146441119562,0.245564166,0.173463987,0.0
0.7170983509578015,0.061080069102147,0.4977429900114464,0.9772694588684198,0.5116710249666787,0.3085351131762346,0.2108685090680244,0.1019755561518102,0.1850942184291825,0.079596786,0.435371214,0.5
0.796408104442634,0.3482256866406863,0.8353989840415886,0.9677983269889652,0.7443549601448537,0.7335422314508412,0.6658338916951209,0.7762110451162981,0.5694879576437749,0.227367674,0.45148403,0.0
0.7090242527609083,0.0327590119625615,0.9638178591597004,0.184878765922463,0.5295696992237761,0.53552258884042,0.8381931524197298,0.0977562932815758,0.2738810958261857,0.080405631,0.527476316,0.327272727
0.9432235980057644,0.1081744919752274,0.2947058273202518,0.913004986236251,0.5107907522443096,0.818201571697818,0.7006791416118671,0.2475108605342704,0.2785964648553973,0.113103962,0.492976376,0.0
0.9268259270646144,0.5883946603675765,0.3685707168003379,0.2179057167345305,0.1493251788616654,0.4949436521205936,0.6072277822523083,0.255826063526568,0.9605205781526396,0.345109292,0.517868861,0.3
0.8031338107142416,0.9836817387142948,0.4834232836533774,0.5261451124724847,0.9899072134546144,0.5172959269184941,0.0551426069168226,0.3226611102658305,0.3997794756620598,0.376390296,0.430456425,0.171428571
0.4097907709400409,0.0071333025776584,0.5212758687962574,0.0068131432586672,0.528543468502563,0.157288839282406,0.6330018173439884,0.8739054302116703,0.6036268124449846,0.0926097,0.219908858,0.266666667
0.6180105670608343,0.167886745034085,0.9597171904382092,0.553612329309868,0.3032706039541576,0.1876004470653673,0.3943541204621642,0.582318314475081,0.6482668143074918,0.107029051,0.208729411,0.0
0.6833308640624713,0.8808956735233349,0.5772580802092032,0.5591910555144737,0.0614509650432675,0.0088892886985348,0.7105483512881853,0.1003472401707592,0.3101841488106657,0.528710008,0.074294788,0.235294118
0.7570704631139188,0.8440973003057357,0.5930473314240896,0.1600127291176439,0.5442958047892319,0.9091719138291388,0.4762252547675351,0.1836163651783199,0.5133290568998066,0.419421159,0.627049154,0.428571429
0.8284667560022589,0.0385539813292157,0.334353525309482,0.3520350378410414,0.5987793972334483,0.4279932935475655,0.8863303458378867,0.9075240424274976,0.5242211283489375,0.104146678,0.335154206,0.0
0.4997670936846399,0.1234677487337482,0.0020350545874091,0.9005256063580643,0.4562706201959818,0.2402327124289009,0.1673232328124163,0.1086165251733152,0.4577333330702239,0.073112566,0.153271082,0.0
0.3978232803313716,0.53792015860391,0.9177269167653628,0.4082145984553814,0.8773808028176218,0.2660779135106967,0.313193075935509,0.2301472061751855,0.4573604569682591,0.241744648,0.144656565,0.6
0.8021404330313999,0.0604168879476674,0.7428714151108936,0.2629654652728622,0.2160372629338131,0.295683092009566,0.1399390802216082,0.2138334724563083,0.1557611025712185,0.067542796,0.419647045,0.257142857
0.6967519847758497,0.3736612531657781,0.2454474874105648,0.0797760243115466,0.7276995777376657,0.5150850520343067,0.2758944783945422,0.6974617406186908,0.7528018714537978,0.134312477,0.482351361,0.0
0.0787406345300116,0.531740204731629,0.8602853553445519,0.9934091788372998,0.2041814225752851,0.4274683255817756,0.5489438088120584,0.0674178004665531,0.5172323763943717,0.286154152,0.131047076,0.04
0.6409248018930653,0.3072280946415884,0.046488058409121,0.4576047398011619,0.3219530399310548,0.7778117687777267,0.8168358758058235,0.9854925005663642,0.5967285178443397,0.15233636,0.493290417,0.349090909
0.8631545940121872,0.4468355805144826,0.753693548152838,0.6602923675249922,0.6784465971611061,0.2010886067022754,0.1600518837441921,0.1660735114368969,0.8990093837106484,0.160620169,0.280609462,0.08
0.7120842962965885,0.2545885187018609,0.6710869384994035,0.0966498732776348,0.7450836434949779,0.3487792521227855,0.0418521920249929,0.806560442597848,0.4127591679067296,0.109768353,0.13667687,0.0
0.9665294721888524,0.3511455087265483,0.9651861060294546,0.4536648842367284,0.3489256545261009,0.5813486754701527,0.6684862477011171,0.0275745624677345,0.7890600392729269,0.154829892,0.568729999,0.282352941
0.1926968116038421,0.1283140410099994,0.0178758583455473,0.9257019734754528,0.0358697647075226,0.1154176591151616,0.9098068071085028,0.4342090523251374,0.6257225947074567,0.125306741,0.112843586,0.411940299
0.9253655557283256,0.8354481355191818,0.3120371061010183,0.8694069740858255,0.8731707455140265,0.4731112481227946,0.1875880985549497,0.4300815977319004,0.5387168739207717,0.218183126,0.697476087,0.461538462
0.8188660074379251,0.6527406140652756,0.9409682028513494,0.966476593829984,0.8978200585183999,0.9925603405247116,0.1878443997709596,0.0220661900123477,0.3136273292724434,0.250978627,0.497042906,0.0
0.0635868054657776,0.7926134596736162,0.0338970074161233,0.6093574774969664,0.212385292465418,0.8512684522243825,0.7911601636082948,0.7661621981964906,0.9735864558519371,0.362903815,0.374147913,0.348387097
0.2366946981218258,0.0233047584683796,0.4202518342379455,0.4691030456907267,0.9436204110577344,0.0951725416589086,0.3418190469196671,0.427365966051624,0.9183620677516132,0.051948269,0.197331195,0.32
0.6925274753292237,0.5102613924679691,0.4114438980872332,0.2305389619452084,0.4793206857117632,0.1969889657977183,0.4397955843823368,0.8976946068236586,0.0249307782492572,0.101037931,0.401142143,0.369230769
0.4545300319325828,0.8883324483024829,0.7263671945699173,0.4816399709794116,0.9972208216630296,0.4753020138357743,0.178303092917055,0.4322343339137738,0.705953708496253,0.376604563,0.367937034,0.3
0.6489787771410813,0.2398262199632739,0.2036687836029292,0.2972901491277938,0.7759685226491998,0.7299724446151575,0.8427986389624512,0.6182425856861639,0.6107834460491178,0.112484444,0.443098979,0.0
0.2152820238832972,0.1452684492310606,0.6981260487521428,0.1644710475127774,0.5275660700519904,0.6598761848937165,0.6401640472459461,0.2046654920400414,0.4456951070276687,0.106509056,0.263356049,0.0
0.9507072769219664,0.3866852231811145,0.8490119803410453,0.571809514877892,0.3980605654075136,0.0039537635568784,0.1522872167809236,0.3021781854570506,0.9286430507037136,0.145441376,0.082024386,0.48
0.6238824919818937,0.4637945681852847,0.4391195874182705,0.2800234491980126,0.8967071304142185,0.9513934503564502,0.057758827076738,0.0575633479321799,0.7672388920804296,0.141593207,0.206603002,0.133333333
0.573203310980839,0.9427114070726392,0.6273422555219464,0.4867917447864887,0.4127426674030974,0.4299806379349391,0.0573242618873292,0.540545315857414,0.2400299172230005,0.329036175,0.445594149,0.571428571
0.9190168659002058,0.8749296089351124,0.4185159800270633,0.3850136784236283,0.9005809871397759,0.4551225359440228,0.1947783359593761,0.7909356628864873,0.9833804675771388,0.484576858,0.502880211,0.266666667
0.7115368400428937,0.3015029221289991,0.1729452777471899,0.5892490169297525,0.0025656996976484,0.0176207641798391,0.0795229648501214,0.2367901725353483,0.0905814209180773,0.067744584,0.05918278,0.514285714
0.6117632249517603,0.6246886071006863,0.1981962055065733,0.8112061377415317,0.4780984311755629,0.3751356552396337,0.7982597273134462,0.3728048397195274,0.9022195216010888,0.297164286,0.332768045,0.0
0.993328978016474,0.6010545347684203,0.9646089084944118,0.8525846350366769,0.5693066514627183,0.5222628672126616,0.5407803929571953,0.0814507288947434,0.2218958026857314,0.396415072,0.52019177,0.0
0.512666380538483,0.4650140380517569,0.5586394614105038,0.7006739543774486,0.3383085377349618,0.7192265773396989,0.8373249662296923,0.3862677939329877,0.0956062810426339,0.261788656,0.451568197,0.48
0.1157842466361688,0.8554201803809972,0.8694430824104492,0.6824310484972138,0.2154625519309712,0.0747883070630633,0.2956840164822775,0.2307122703768105,0.4177397712200563,0.313973578,0.081571664,0.64
0.3861833613069214,0.6329316166217285,0.1103060576261956,0.7358174334914551,0.8702859715750777,0.015400580611679,0.9044473794135708,0.3951250077771984,0.154835223532883,0.248121507,0.077811517,0.437209302
0.3037125861975155,0.2117543810396072,0.0785495582124996,0.3295237153998239,0.827528717592273,0.1348082012845644,0.2285644385267946,0.00155601720115,0.0684574351247224,0.076505919,0.251564054,0.65
0.5067244420754854,0.1782370045902298,0.6942337052997507,0.7483746270809651,0.4788864869340306,0.6060635530809033,0.049405548588308,0.1257879627850691,0.0351421509916507,0.088786102,0.288018326,0.266666667
0.7890092329847397,0.2949193606739616,0.0066964771134451,0.7875690143128784,0.2970665928291043,0.1161225606631554,0.5782712287412578,0.339016145646695,0.8129235152712011,0.213454177,0.231571093,0.0
0.5402774917514043,0.0458872765000262,0.2576648236592033,0.6383439653190617,0.0366538172091297,0.7475084995668861,0.1579419598807775,0.902375684095204,0.9330914701676992,0.07424463,0.522963575,0.553846154
0.9881968277889374,0.5599979402202769,0.9592807247383612,0.7624570203013264,0.5419208336592967,0.2815799163188489,0.4898176143706022,0.4975674446383545,0.0422919764338458,0.147367395,0.213276754,0.56
0.5242820160162874,0.9827353283174016,0.9464196595523168,0.6087544199930642,0.5108044814774606,0.1831497606675183,0.6886219716541208,0.4315304144597478,0.021361988210249,0.641366975,0.303989718,0.764705882
0.9003416734935757,0.8038694762151956,0.1646083554396491,0.3296347979629987,0.2444106175834919,0.9559169625068324,0.5574970513825593,0.4109103760244308,0.1011337890859006,0.338588509,0.594752949,0.15
0.9948546948554948,0.4783474935104169,0.4498731684652077,0.2966959995000411,0.7558283294087885,0.9781129193813236,0.8885879646068114,0.6532626082424686,0.424056476776013,0.244032185,0.528320755,0.042857143
0.0092290684908814,0.9637240635439954,0.0641301682531598,0.8805218082282965,0.1046188505290441,0.1287616342882832,0.3883375064132242,0.145954635158952,0.3162264621771355,0.236603449,0.125659281,0.36
0.2535749201303986,0.1540686023143607,0.1042594001751471,0.3785758270777618,0.449460753671106,0.0487143391598902,0.2147477679102547,0.7928022744979472,0.6406598764769739,0.052972165,0.070020709,0.3
0.6284098818752109,0.1348129445384642,0.3730626287332746,0.9430248437553488,0.160586018282314,0.99659313418252,0.9442010515315612,0.6461013888325761,0.2735900789120254,0.090655759,0.511646613,0.0
0.3422470702265777,0.9819225376474328,0.7400512973967242,0.7392640923264644,0.0525164020233878,0.18100310067646,0.1915598899902213,0.0542419078875282,0.0502598091868243,0.236535062,0.26811544,0.768
0.3310046737036101,0.026612446852088,0.3067614773646527,0.884160474058819,0.0205878345759966,0.1310634254482388,0.745634714070907,0.2904145142429724,0.1771844806657547,0.087557634,0.23820151,0.581052632
0.5616567883019475,0.5947141652004968,0.747221241294464,0.3919018988295041,0.8642265027158763,0.3174519820216478,0.793726942733479,0.2717986917073913,0.8152794376719721,0.344177404,0.293517004,0.420779221
0.2650311081269672,0.8748890854488962,0.2069511387721584,0.6874601225404801,0.1243099740231875,0.3430496567239621,0.5694799911912373,0.6633188756429638,0.0118786689756239,0.48283832,0.215756426,0.324324324
0.955768339837673,0.2398106141719406,0.0206840500190657,0.3141019821821464,0.7582751855346596,0.9732122369040096,0.0158425423394188,0.8449824397778902,0.5710676722764852,0.074400096,0.57402482,0.24
0.3188115286807563,0.7491765152218498,0.0795965132426839,0.9965131346822376,0.7479329371742529,0.1019916245299064,0.6294821328525482,0.609954539440808,0.9438296064597962,0.460452509,0.158253823,0.408510638
0.619196442386829,0.6864926004817454,0.6693073284119789,0.9402537705043892,0.7862025006103627,0.9648476735677144,0.0733726813323158,0.6625872728423171,0.9028676817887856,0.276112697,0.531135644,0.266666667
0.2738072771920739,0.3370336822372088,0.1551097328116362,0.2230277726234703,0.5001077238990281,0.0280949250946104,0.7432484239878087,0.0570938952133482,0.1412852316297745,0.125030356,0.085184453,0.51627907
0.4291751057546672,0.132711180145472,0.8582593813401467,0.6904639450887671,0.6329110819815154,0.2565403542975514,0.5109828018970414,0.050200707301121,0.77885820451575,0.125257546,0.353922123,0.235714286
0.9811758244248802,0.7322952961562905,0.9249699270484416,0.2321592615161203,0.5959773285621822,0.393928357916254,0.2860889362325332,0.2982590792841497,0.3980261190154348,0.256281987,0.499654072,0.0
0.6636901457091102,0.1384919462886107,0.1822179131051713,0.165645666650028,0.3210021702717569,0.8877874362630986,0.9637798933287534,0.7741693199358755,0.6610545979986452,0.112646722,0.602257855,0.139534884
0.5322799690741279,0.2676181194184669,0.0105940836515271,0.0602796994234139,0.5564676862262737,0.3801788969999764,0.9670697960950464,0.0044075086816335,0.5310947399960566,0.137760578,0.335974786,0.0
0.2003314444278792,0.0586081342881371,0.631472229467199,0.502090620749933,0.3315609907464238,0.7216526239666309,0.7204492955212386,0.1824587441050628,0.573222133281657,0.093456986,0.355201768,0.141176471
0.6360497342416356,0.1180466005251376,0.898232178579265,0.7983677806447985,0.940541382650493,0.3043735734495384,0.9897485742200564,0.5300364293890237,0.6918231346843594,0.14738132,0.478315472,0.56
0.835462403374073,0.0683693776617825,0.6574701895393924,0.4545400589619036,0.4649629061508504,0.3643334112507818,0.8457299458728218,0.2089811051258561,0.5473906044352647,0.124871223,0.384675289,0.085714286
0.4293422282897389,0.9724608431459308,0.3403802081997432,0.7718581334137442,0.1919176154122643,0.7355736042626168,0.2239031021326033,0.9750786050250824,0.2296164935901162,0.416862288,0.412053977,0.365217391
0.3932901026440556,0.3220254362065685,0.9955442378550028,0.9509972809821952,0.3946876145688365,0.4574468527281821,0.4392275676362223,0.3657911039820616,0.4615191420280659,0.110942801,0.201717382,0.0
0.313972758908067,0.9144482098217992,0.950405298667789,0.5323653307533209,0.8437208438778294,0.9127422008290118,0.7093295728973804,0.9030029162912476,0.4692216878541483,0.561291239,0.520342925,0.355555556
0.3313788947826873,0.1853585428103392,0.7689192563427208,0.9595543055772812,0.8097385534686611,0.46252946019397,0.7343318905536766,0.2890801306056129,0.4605353513727903,0.176052308,0.321888158,0.0
0.7013150589700746,0.268239717000981,0.5360661337522357,0.469548620643566,0.7572632717417025,0.233500692275335,0.9193519896351776,0.2670629586609323,0.1207305708959403,0.13144212,0.388259258,0.519587629
0.8737858095401094,0.0241077522589171,0.9637803967537442,0.8609347893381201,0.0415289055881888,0.497566858833777,0.2296099155425445,0.1915983608010918,0.2848712352435651,0.065817049,0.354670023,0.0
0.1559234294833368,0.0697522168208601,0.073312344868497,0.8084013100400166,0.5829148140664931,0.745143402721802,0.9584467852052644,0.7271959569574469,0.0837978861508224,0.128209887,0.337789143,0.556097561
0.2911243570320813,0.4008020324859417,0.7082391772370237,0.2651021674388391,0.8760833796650814,0.1287718467838799,0.0116930172929263,0.4141837018280461,0.678872709699493,0.120713254,0.157595804,0.6
0.8616677645408767,0.2639184976474755,0.0566451510146063,0.5429941039307741,0.1131227626212278,0.9229250522491386,0.591746996738499,0.0067771963493633,0.3354336951528067,0.134952154,0.539080475,0.085714286
0.3150674067008936,0.9442249200876742,0.232495584220546,0.9417734464080408,0.3371117060653802,0.2268364683984625,0.6823119727593201,0.5611050486775727,0.5780188397064733,0.491971627,0.284138904,0.329411765
0.3326517318365867,0.1862041324473183,0.314087290291986,0.5541003462410645,0.7434504213544422,0.9022601386348352,0.6668914082303086,0.8973364606877225,0.7063276059038212,0.128285426,0.581431944,0.21
0.7896798440543245,0.6106435038228386,0.4370207007612008,0.4169141222482102,0.0128385616239977,0.5557501862733794,0.0526642217897606,0.032759689150779,0.2821356873695149,0.219790514,0.510078856,0.744827586
0.5476506817113078,0.4815234850410961,0.9455387725044668,0.8662636488275844,0.4802144490284508,0.3107106909778163,0.8061287333367152,0.653386893263412,0.995787697523905,0.250650373,0.442686858,0.386206897
0.880319957706097,0.7998502962579818,0.6503436618795694,0.7006967075760718,0.0317432396143079,0.6917012136322527,0.9567492949958224,0.4861844994860317,0.390960571355432,0.489373072,0.439007147,0.175609756
0.0782124377396413,0.0545925555482675,0.203819787067049,0.5455580243996649,0.7391279639358175,0.9782735428670518,0.6564926664826206,0.0370971624715071,0.4797271996390113,0.107704926,0.345843042,0.46
0.6080905477367685,0.7261762733703702,0.7739811765980994,0.4278802517043604,0.6953447024207667,0.821198929169355,0.863838701153153,0.354094487193144,0.8211073974182979,0.461931759,0.476539271,0.646153846
0.8889383004231696,0.8166391926897638,0.7153858621476559,0.2844856352244514,0.1715792834372418,0.9421158309606767,0.8432847045510532,0.3021318113906542,0.0035416906777564,0.388100123,0.393138843,0.553846154
0.1569484976727847,0.2166260573632535,0.8696531546889501,0.4683685660192098,0.7539864583355503,0.3715773496911574,0.8541770576538492,0.7035597215652839,0.1445715211182151,0.131348671,0.309679772,0.448192771
0.0982132351342353,0.2260995457866778,0.5788881814756331,0.1380851006559281,0.7487766463956889,0.6678463221122618,0.9356628874761194,0.7821767047558444,0.078181399288067,0.132695947,0.236955523,0.409090909
0.7995524737471249,0.712064840244969,0.0266837878921936,0.1357781974301585,0.0916495498636214,0.0369570145487827,0.9195859609869412,0.4634757891905897,0.963033487066417,0.305916268,0.133335882,0.085714286
0.0594998426330444,0.2971323122730435,0.6300572596897046,0.6579009444982222,0.2176773658690535,0.6716630292320813,0.9217793457917888,0.8498570661666115,0.9762475306660924,0.157896817,0.333091963,0.348
0.7113861181637169,0.4900304169383359,0.4574641262993528,0.262076979578759,0.8630020295614126,0.7130082224759694,0.641044831133717,0.1977697565086532,0.7839538893801697,0.24735675,0.547761384,0.171428571
0.4523957526984468,0.6850367857645605,0.685204939006998,0.2791110941649185,0.4676909754608257,0.4250752126530324,0.7079304832465484,0.7516866210210732,0.4995545504414747,0.322680639,0.504671944,0.548275862
0.4659753412408303,0.9149555609394882,0.7116570532009565,0.1275895036526023,0.50364040080845,0.385009258412983,0.7763825525248169,0.1512750595518603,0.6688092225977639,0.577738347,0.456563172,0.522772277
0.3779041451145519,0.0028666083345826,0.5154141577454181,0.7582224696896825,0.6671841334216474,0.2018970056508922,0.9678846840417292,0.4648193803161338,0.0670802708762685,0.110921059,0.281929517,0.81038961
0.7205188892843792,0.1940571565609063,0.6567081183978875,0.190031280608944,0.6771146416435889,0.7072778704912382,0.205150947728102,0.2889877245228597,0.6060748599280729,0.07892992,0.605797498,0.72
0.789663958181156,0.7058578008100596,0.2249220379454112,0.253136517483459,0.968042453355174,0.589882068084039,0.9131302270967248,0.7666133576822123,0.6862929209526373,0.358966714,0.451266367,0.2
0.1976201394258754,0.9194164081477634,0.2478984654495429,0.4085583082943007,0.078239323758765,0.9491795163136086,0.7463717729799353,0.392008675441681,0.0862984205910517,0.402746237,0.488259881,0.371830986
0.1900455364888534,0.9327876134463444,0.9872215379985236,0.8268133777722366,0.5875629072522877,0.0120377295550738,0.4213320560010837,0.8558189206373144,0.3804486900525581,0.328866548,0.064527212,0.6
0.3257259094680861,0.8629671748294112,0.8614117113771063,0.017129719007069,0.196287051165074,0.7837421189620847,0.2770348094094591,0.7215681522938827,0.2802673665806078,0.295544177,0.38393771,0.742857143
0.0589710407821385,0.0632787933763016,0.830077483473855,0.8684079893850734,0.3010626445331382,0.2090856490750932,0.3559205467307282,0.6131811081871104,0.5767061330316855,0.068426416,0.11919451,0.5
0.976693634262446,0.2500198928105538,0.7762020575875159,0.5235366309324924,0.4570196552655596,0.352875519498217,0.766583047656302,0.0752345629705416,0.0115781981411096,0.166280599,0.311760545,0.879207921
0.7389503788366844,0.0653742435039554,0.4024058649181145,0.3650350426935808,0.242334102510379,0.0379267584901154,0.9430227637102362,0.0753191240516952,0.5429007946828005,0.083250033,0.093767406,0.0
0.8942662665990109,0.0639835004577202,0.8817098001526659,0.5070031023819688,0.9225176482116402,0.9491955630107785,0.4083037063746328,0.8594643775070344,0.644069590239874,0.077338533,0.588383951,0.0
0.1670193069933546,0.0918627254666732,0.4724793540748468,0.132076972003253,0.1809137370511625,0.2532672788550451,0.1912015151907886,0.60900746110582,0.5881836894948799,0.091058608,0.258564946,0.6
0.9191022287376328,0.2419058265604415,0.4289802475428855,0.8694204008802262,0.1724762442552594,0.941186712632158,0.4521235834014709,0.5263793773230461,0.3035959934536757,0.131942839,0.384651611,0.5
0.6418845411007562,0.2976171685708297,0.357298185047493,0.2741172802318987,0.8799746395469207,0.4161143711636266,0.3057742575865575,0.5893991455723108,0.9347364427811312,0.086946567,0.385541429,0.6
0.0524834411229201,0.9407710042110818,0.6596697316099353,0.7462725129432333,0.7659994195110814,0.3797496445799232,0.3745322001059089,0.664137804090926,0.7588172796391368,0.33358944,0.132394041,0.0
0.8023188096596395,0.8522396428377012,0.5523008168284751,0.8468591752595287,0.4507205340624612,0.2681423416664791,0.8341297197404743,0.8749869271243944,0.3332456478584306,0.467090551,0.24456908,0.0
0.0546306998638782,0.9252119755693972,0.2746930628651007,0.8597038574305691,0.4826647559846607,0.8556230056616434,0.4025082001866823,0.5683775066193297,0.3412320601571286,0.567879955,0.564456479,0.0
0.4639025655883547,0.1915549557949551,0.2739203083456685,0.5629991950595163,0.5050625096754353,0.3853618545772953,0.5249482610948439,0.1554978595255934,0.5863144690869847,0.122497357,0.394153059,0.234146341
0.7140054194430419,0.6415821036238359,0.3186875012373432,0.1800206513642852,0.6259869867052584,0.4496526581207557,0.6989036776844317,0.6281105656198569,0.5152920310724113,0.297105288,0.464639553,0.58
0.6003153911761396,0.7778018258713395,0.9566475031166236,0.3626019372450284,0.762203794682645,0.6991616439927184,0.5550745357946172,0.5069668481656834,0.4183285408748309,0.458706987,0.591689377,0.525
0.8351759961157623,0.5958118081833341,0.895834679567292,0.5525848126321028,0.229055010315474,0.0573065096886066,0.9643116342035128,0.9399228860585632,0.5854656218211487,0.326222606,0.231272884,0.509589041
0.156625992806157,0.8095636981196465,0.0012342624014263,0.7517715119536712,0.9380723697484684,0.8320028611381483,0.2981804527510749,0.8887070460015243,0.2457185615397877,0.26387015,0.269776029,0.0
0.5644347158213684,0.8765149323894599,0.4620715285666181,0.7076421707481336,0.134863117142811,0.1154336103007652,0.6051324319617478,0.5230762469405547,0.1442170997420987,0.447110834,0.234645767,0.564
0.4100910867397532,0.5666837893484319,0.3581072720029487,0.8398793739212044,0.8796920483259921,0.57721547278223,0.7811760648108362,0.6099829527430709,0.9241370509309852,0.34050891,0.426124433,0.498461538
0.6685927060521549,0.4815231177709684,0.5055320698330318,0.7497766771522013,0.2885190029044353,0.5102115550628198,0.0243622594701812,0.3446090300253354,0.1270243773517729,0.184499348,0.555508175,0.0
0.6277082999697818,0.7228166176598925,0.8713843692619905,0.6957777200246711,0.4347640068930908,0.943561946261282,0.2270201185502069,0.3255432616394141,0.918666524619142,0.277405069,0.490541895,0.2
0.9638856709828204,0.2850086615940685,0.2178494529622906,0.6492649868174605,0.4665482132250543,0.626844944815661,0.8999931257360363,0.2005293245439303,0.6262175462883608,0.13648907,0.529456814,0.248275862
0.918777888356479,0.4546586585822852,0.8924723592436272,0.3222477903098844,0.6366260613693844,0.029505549396847,0.7170308146360402,0.2390889154964225,0.1321788892610004,0.23339673,0.193277441,0.754285714
0.0973262673333115,0.746568485393785,0.2256579572798204,0.2283755378752053,0.8626811173624098,0.5323077973561596,0.543619228939593,0.5328138771046541,0.0840279206569574,0.366310982,0.337062564,0.309677419
0.9471895562375175,0.9690382045821446,0.930221703705852,0.7951050538062057,0.948837316873244,0.8038275436514084,0.0547030038339346,0.2143323783248155,0.0151280834103448,0.436515862,0.481490602,0.52173913
0.3162523735443459,0.2268670938522023,0.7189699116913447,0.4001014944225621,0.7653634570727805,0.1955715478092271,0.8566745130422926,0.1914568260862343,0.4677413353964752,0.128119431,0.222644559,0.127659574
0.4131986505901671,0.8730401626987816,0.282657558660805,0.7143575376734478,0.9658923089805396,0.4869234707854285,0.0667676872795053,0.4531623723201557,0.4101769397785512,0.353329818,0.424666449,0.313043478
0.6141147228220878,0.4723657140016023,0.1320396749496476,0.8929443197398539,0.6124777002119894,0.2927602978320596,0.2421755889542014,0.0248749652601951,0.1961387111317211,0.128481416,0.284856472,0.0
0.086986263957382,0.0896318758335839,0.9008745664183648,0.3588447719975135,0.8379110022609919,0.9698304739172512,0.5760708171682882,0.6959576615384144,0.3417246061145474,0.087237568,0.326735332,0.0
0.1044831043424892,0.8047286603620356,0.2452983857837496,0.0208050999857712,0.3421285158092956,0.1502065552357108,0.4825956249663569,0.5167577460435577,0.8549023736089586,0.321113531,0.203941652,0.64
0.754702325907445,0.8146218858458179,0.3697144420749972,0.8659598569920649,0.9801985064450554,0.7668283516510441,0.1449085179572659,0.1939853207321584,0.2426812835413917,0.425824517,0.561033053,0.0
0.2247713391650575,0.5753592821094866,0.269957220020282,0.1104485858851574,0.1353637249152364,0.8701582954804105,0.2388899753159412,0.8062886178616819,0.7100416885922446,0.168874229,0.425980809,0.45
0.8362212598812355,0.9010485520338872,0.1912096454687156,0.7489213976883144,0.5893542256935989,0.7807167201211914,0.2005316023922246,0.1639321268648422,0.028808217346123,0.307296971,0.333202559,0.4
0.514412951216319,0.531274622907557,0.5343797403347622,0.4310086602772084,0.546979600616685,0.125771350745368,0.6905722648214868,0.1367022251303665,0.6839622305730397,0.29031967,0.222155513,0.03
0.1524828317166732,0.750060066974686,0.0481883513931007,0.5113915300255756,0.7447314296602089,0.7381689680260091,0.1132226563189472,0.2404746958166874,0.4529631548788583,0.315674693,0.550942538,0.24
0.1631125768824097,0.1373084527063337,0.9502724711025392,0.4857479782675165,0.3099483570783068,0.2416627693090061,0.0714282943183398,0.9854103171242424,0.2637932808948982,0.089371949,0.228062281,0.821052632
0.2066913913751792,0.1079305535206415,0.8879781233109619,0.0774399934725788,0.8922279610058408,0.6753186079951382,0.5439800430170644,0.0050495620665936,0.2519236439316671,0.099988412,0.441728936,0.427118644
0.441070109473212,0.9251083589538178,0.6609772368231449,0.6535138440979308,0.1955641827700364,0.6043458063349307,0.9129217081922354,0.6178802634464199,0.2989504980446591,0.49463778,0.427310233,0.670588235
0.9354009858088536,0.5637289451623322,0.5367650656619012,0.8816948020127978,0.5816333189279628,0.7991666885327705,0.1097271983394462,0.94646503386772,0.1262431964723268,0.228282488,0.466542326,0.48
0.5722425007529233,0.5685359865269105,0.3694369908252544,0.9160974578703452,0.3856894514857502,0.0851977444077022,0.7483914553838565,0.969391812405326,0.9312676993204524,0.383620082,0.064253917,0.0
0.5871332826340532,0.9922581463185232,0.0722903169377067,0.9806590128967864,0.761956526181018,0.7861918207947272,0.6020321766679064,0.8091072843280354,0.775158176416562,0.773213192,0.513090771,0.133333333
0.3440340025304305,0.838960662776613,0.4568088354186226,0.161300600823911,0.2019260772054146,0.6065028845280707,0.638065009210994,0.7264673732500578,0.2087745426194479,0.395127684,0.463679316,0.225
0.1298115447285752,0.2587996135073312,0.714540485974773,0.5900055742049553,0.7161451356651051,0.0707525099864588,0.6252649887354014,0.6436765659960553,0.8356160235139769,0.170102845,0.076317788,0.342857143
0.8370288589323579,0.1215845805587425,0.8429755433741651,0.186520402542778,0.630889852868334,0.1137266440448676,0.5194813229791927,0.6749096141307392,0.1589418117469684,0.091611266,0.246417203,0.190909091
0.5630696536305123,0.9843807092895936,0.7683708845975852,0.3365498859694849,0.3293357388238406,0.8684008712271833,0.5083622921571562,0.6008816641687597,0.4251259226937102,0.698974364,0.508801608,0.514285714
0.6310224848617073,0.5789710628970773,0.6830120716475139,0.170107115179158,0.2710533202708187,0.6379190370866596,0.4367471126464527,0.2781008258815816,0.3919882960657643,0.159056796,0.661992887,0.685714286
0.8078182427049133,0.5180047720686136,0.4813272825424792,0.8243563108464452,0.4722588692327033,0.1297646268051067,0.3423706145124483,0.714870971361692,0.2204390794681485,0.153823884,0.149957994,0.0
0.7672986174223185,0.2957035917011605,0.7617063837603554,0.5660818772998812,0.068779967782169,0.4283272791526609,0.2262174774504219,0.257310415076208,0.0892304975818759,0.110419821,0.293880944,0.496551724
0.0489048356737815,0.1192683874187211,0.0710726927271944,0.3657267209821282,0.7076202184615885,0.7027367702906624,0.6622335880034064,0.0835827379612527,0.3486938807801309,0.107872277,0.237643618,0.371428571
0.3765854925224768,0.8483550107849723,0.2742720603756459,0.2953340904080889,0.5248888143951354,0.3788196934924006,0.1175618135397443,0.2145672007601003,0.0129502749988453,0.330377445,0.282799394,0.514285714
0.2330608403192854,0.9338207965708144,0.7112203846869309,0.6851423805961459,0.1775196338692749,0.9152284006645386,0.0414742931032455,0.0265093048330334,0.7614095008249573,0.342892552,0.295589988,0.0
0.3515420555095381,0.962375706951654,0.2338881011729769,0.6640816387152466,0.7051012782040005,0.644075026377697,0.6410954826484154,0.5094117694793194,0.8301824751097572,0.65480921,0.481321773,0.274285714
0.8653750161230257,0.4267387117940441,0.2835720622394949,0.3896026238901189,0.5248499269240604,0.4381812060276726,0.4471316620628547,0.2493728929354809,0.9385502020549767,0.096495439,0.521159309,0.0
0.234600457448067,0.7846690327179207,0.795885647748411,0.9304461105313862,0.0245850779563951,0.1308797562321567,0.3521108853476499,0.4111760671660146,0.546542442661843,0.306011113,0.208864439,0.6
0.6259197565152614,0.070517406987061,0.9748174570909446,0.9413498455446406,0.915774472045993,0.6543538202630221,0.2537145351472167,0.7725378343080219,0.113537069917928,0.058449832,0.563334716,0.36
0.1677190649748012,0.6531154445104488,0.1986611113006572,0.2609794557534139,0.8774721331086478,0.8740381800897272,0.7662448713224029,0.206449973678525,0.4148065415831427,0.289576244,0.443034422,0.24
0.9674403705356034,0.0294611254221128,0.7024462119756747,0.8294384114882971,0.2974670989706338,0.648499629847187,0.7591228198494246,0.3837662954291192,0.3283923419719013,0.099499552,0.598940196,0.066666667
0.0721003820610176,0.7907870929624579,0.8006561667615557,0.4237010515712878,0.1252203619325971,0.2501677951442986,0.9207614666587896,0.8984742934855331,0.4411961001109081,0.398415327,0.17492999,0.230136986
0.2209675632378106,0.1336697325685644,0.0565729097321838,0.9851670055924086,0.9384687188604244,0.4791348578649846,0.1066811772683661,0.3226918262185435,0.4492941685214595,0.082942762,0.397653558,0.581818182
0.9488694992125408,0.1473751425778771,0.490145905824028,0.7940944841663341,0.8676293720343818,0.3768972450971327,0.0439261206030304,0.8202901037447636,0.2679864159331387,0.061357744,0.507176767,0.0
0.2335177372942721,0.4073869642513135,0.4289161321486651,0.3212062152886676,0.4876572631191229,0.8940401087810529,0.0955699105247056,0.8267547951105417,0.9761633074978094,0.198256541,0.4121209,0.64
0.8509955454611764,0.1193067475592905,0.2928573832792366,0.8594017907213909,0.2051297488744511,0.7055921207799453,0.6774786461181879,0.7884579758427627,0.4906401018390467,0.104361836,0.464753698,0.128571429
0.1008325670359312,0.3749936367618827,0.5639551359042343,0.778096568220317,0.8600891712869572,0.4871635861277958,0.5906026060072189,0.3870916510132425,0.8735351724353886,0.264343611,0.264264419,0.561290323
0.6750983665678523,0.6879445690808168,0.9298852026877724,0.8852567071929427,0.8244489365121016,0.2394152847908335,0.2272283543918991,0.1321255445609824,0.993244614403788,0.147657008,0.190643303,0.1
0.2854594488544743,0.1343779175931772,0.9629236626557476,0.4953542461965602,0.1672317615898415,0.4340067918643924,0.1622196761062059,0.7092332713102901,0.1566186277115193,0.069406246,0.252365911,0.171428571
0.305454698494777,0.2205005839807156,0.6733412931563119,0.2679576993815807,0.4236527906364915,0.932156162398638,0.4511530392375854,0.185406884461559,0.5987257024937296,0.07415286,0.483252659,0.369230769
0.8932176847495767,0.6350336030186371,0.3846539957812026,0.4258568543055973,0.0206675592029383,0.9013896949630208,0.5551266995241414,0.2583846543866926,0.3838864420040054,0.23814088,0.617210772,0.252631579
0.606338674443013,0.8987951276514954,0.5358717974854378,0.6188409997283036,0.2172703303300692,0.0576134779683625,0.907561804655746,0.4234804633001462,0.4876065848555968,0.650925421,0.22754824,0.436363636
0.1466542296013602,0.452951648009072,0.366282523173167,0.0641002029230383,0.6894436606973454,0.9347602579443192,0.4323902127442334,0.9534883960625548,0.1810991436036969,0.115907327,0.419480108,0.461538462
0.2465430322538327,0.3420123641801436,0.6636152049040159,0.3016659702534856,0.3549146956137065,0.088403965958403,0.2022703495340271,0.3623392759183498,0.0305667361630017,0.083678794,0.121126316,0.342857143
0.7618228507574728,0.6444381443461199,0.4726248804688804,0.990381891080531,0.6381895750689545,0.8347423886836911,0.5337338716583747,0.9483252921454564,0.9914125683338836,0.456363918,0.618823144,0.0
0.1344981500396831,0.8110819019681418,0.1192238657365084,0.7270756932527955,0.3095389238192632,0.8966597621322188,0.0705638913284262,0.5365640242741323,0.7736094618185513,0.269900693,0.436594048,0.327272727
0.2760008621416022,0.0672556975561594,0.2257609285447971,0.2404935590232789,0.8950180738938562,0.8486094551349497,0.7184168122047621,0.3295026089517283,0.2532891374663807,0.102422896,0.488288254,0.33442623
0.86009606041444,0.7862172656917162,0.0986091116738724,0.4451413800155451,0.6765585129117826,0.1158738211764534,0.79058046978565,0.2739685740773859,0.1206046731997905,0.3018717,0.329081865,0.6
0.3764827508080638,0.3682654846663803,0.6183699955491523,0.020426931016691,0.1179739706413376,0.457248083626242,0.5635234717452805,0.4691057258913048,0.1676581647715705,0.232536835,0.355158465,0.315789474
0.9700724952687554,0.1264694303184458,0.235626767674108,0.5686644077324595,0.322337530382235,0.7114916361401425,0.5977834913370037,0.1129006234433592,0.6385200985291501,0.117800458,0.56807606,0.190909091
0.2609633271467915,0.7524436514449727,0.1852174972586494,0.7667498067493098,0.4939108984198728,0.3048130436953608,0.0066131546587347,0.2452401316503812,0.8375626739420283,0.257385884,0.208759158,0.0
0.3572809264930179,0.970117471335166,0.9901786756077096,0.3728109199929759,0.1251193843997702,0.3022554036922865,0.7478071496877745,0.6274316492709772,0.1118418601347563,0.797182616,0.306148711,0.790588235
0.0270203466211679,0.3798225935645436,0.4487298376669588,0.6830301819250157,0.1419185197966818,0.2354988388158446,0.1722233062589229,0.2256708664531528,0.1856680290650617,0.155534331,0.160698887,0.738461538
0.1701878060226057,0.7285590323032316,0.1168594912460018,0.1176136764202872,0.9681024517768602,0.5169940380911481,0.0426415207823229,0.6082999914380135,0.7522793591106306,0.155988022,0.453579219,0.709090909
0.6136171294131895,0.250083226865086,0.2142404827318591,0.575370754873486,0.4042188570157157,0.9009900706670764,0.9967648611022591,0.3899364297341438,0.7507692589259645,0.152903686,0.491684562,0.54
0.7496919382392491,0.371379419931699,0.2837960925627223,0.0338589333380544,0.8422489626839099,0.8073027283142039,0.1516644713088726,0.7177175757833818,0.2172456985364328,0.110479785,0.525980691,0.533333333
0.436934378513263,0.1288401171345931,0.205615812945335,0.2758338705355961,0.0614130006834079,0.1488131545674923,0.1394900595219139,0.5620967201055578,0.4205686885269616,0.080466768,0.284316749,0.553846154
0.209834071126004,0.9728851718814332,0.5279179153473618,0.7246684933845314,0.324153614007863,0.8180575340731492,0.6012200200447896,0.6403760533284094,0.4137058538584077,0.615919297,0.426126518,0.394029851
0.3963028137501865,0.1728675185449824,0.9164892477992932,0.8870448049768995,0.6561362441815843,0.2707967042146928,0.0256363761203531,0.1507103450725737,0.3644285061432785,0.105798852,0.33891179,0.12
0.6039350086296328,0.0115405482743297,0.4892563260170341,0.4967991759866264,0.0291453475670141,0.7635338062348214,0.1159047360509224,0.7797587334397339,0.7205668244458829,0.067476752,0.490203281,0.08
0.159298410137426,0.2754092250805972,0.0380365590620116,0.7962390031391079,0.7295001958919973,0.1543104506506165,0.9026428645613498,0.6053427047079143,0.3230541527216711,0.129291359,0.095935125,0.0
0.0619547023498693,0.3227282377283044,0.7571749681239508,0.364567300546162,0.8692847430277827,0.0470648090736509,0.1279477894900059,0.2289555271989632,0.3991827869564326,0.116247364,0.031776662,0.6
0.3852043609539264,0.9596842396145232,0.1045475151477887,0.6058336855159074,0.5213171652316118,0.2437443403094055,0.5255374555829583,0.7186616154744881,0.7246382946063911,0.568973559,0.313624414,0.114285714
0.6826378036753237,0.9909878891710556,0.8299824323469841,0.5595946753285252,0.8646794602318539,0.1624957572388472,0.4619727470042893,0.3102626108061378,0.503939418798789,0.285754536,0.505461531,0.436363636
0.1857838551487208,0.514941789538078,0.4687167480217129,0.590081085767645,0.3960694934682103,0.1255671737183852,0.2960651125181707,0.8017069748041948,0.7312217741250512,0.184874136,0.070142676,0.0
0.92529454233675,0.3475649460076693,0.2571539254219858,0.7430560636502355,0.8504993359349576,0.4919098607545539,0.9761769535299258,0.2861011773822607,0.2757644070114425,0.170446962,0.340955082,0.377777778
0.1897476062315249,0.8013504584303853,0.5975584543567571,0.4998224126767043,0.044859888671863,0.1325194034859222,0.9446772555848016,0.8385032708542444,0.7803235363845241,0.397675714,0.19603666,0.396
0.0160702860153288,0.107325225505109,0.0987008252527793,0.960593751059632,0.0231347060321897,0.4354600281083661,0.5678771404108393,0.7306755573874628,0.5561128625239469,0.091526633,0.158123168,0.033802817
0.0378760263138124,0.663009365752972,0.8936269206422061,0.6167606488648012,0.3764649937738663,0.8068281792368761,0.8288152488081012,0.003330506848804,0.1669803558689159,0.31666706,0.336937885,0.315789474
0.8627001483046851,0.9433665349357716,0.9602600171645456,0.5038504695906949,0.7840131911739716,0.110237632700991,0.3663706146137833,0.5555213436937969,0.2792903443394119,0.250669371,0.351674618,0.24
0.7944526260089817,0.9095681664508544,0.9260659778936086,0.9925370492687672,0.5622882666284242,0.8016480039582919,0.9508903954897632,0.4077085868011891,0.4494279540010335,0.650919122,0.411557595,0.3
0.5747801348962697,0.2378531574878593,0.3238882768961423,0.2199393690385839,0.3122913356267285,0.4735012751011636,0.7724597748899901,0.568166485509226,0.7798449804828146,0.136595006,0.398239378,0.028571429
0.442070184405223,0.6222451364049029,0.3657857516571452,0.9819778907460432,0.098183099709643,0.5539206765833842,0.984796235314802,0.065156833817859,0.4053397827120353,0.261555914,0.451524186,0.311111111
0.3693933223151813,0.408490157862685,0.4203250081040953,0.5441821753852735,0.2733680560883447,0.8677431912510255,0.0605472246887032,0.8941600295932244,0.7260814848899138,0.136493316,0.342482534,0.133333333
0.1511698109272247,0.764741836247861,0.7207533344640022,0.3645772894662596,0.4044551958225935,0.9456894073802364,0.2591283770680553,0.4673889055098192,0.8744086394576811,0.360476489,0.332949491,0.0
0.7044490042841877,0.4392002333130936,0.0796357857081636,0.5392861666411138,0.8539318838365121,0.3531432163755317,0.1330544860520445,0.8240793892246008,0.5832337893095317,0.125366094,0.203336543,0.0
0.7361028832494976,0.2021877025240795,0.8823243227896945,0.996031333681117,0.7594659235805525,0.4462185216463169,0.1694216470135874,0.278940572953321,0.7926183527713659,0.080860728,0.390790824,0.15
0.1485307563360597,0.2976708128581197,0.2791749577470149,0.3458279955663296,0.8324864200358304,0.0447092063740591,0.547315427293053,0.4498383048614865,0.0883956193586029,0.135251034,0.077886444,0.687096774
0.9925773279938284,0.4227775057002264,0.3717699711502445,0.4115910711792913,0.6742345725646998,0.2383925914309566,0.329029448543173,0.2962018988640456,0.4671943967184481,0.113486465,0.327713542,0.533333333
0.0667851153761172,0.582344962669943,0.0534521238992121,0.1266587242350451,0.4411556561616985,0.0463611550564998,0.6790358891026216,0.5557578274272966,0.4447913299087681,0.259238288,0.054281693,0.43902439
0.6396115379593262,0.7098804455754895,0.5564380764961975,0.8260716727600473,0.2859520270040899,0.5496235266224867,0.4744156745252538,0.2004629706822935,0.8848616498613735,0.202407921,0.33863894,0.36
0.2679502080035537,0.6892518644488642,0.5246638701264175,0.4826095626459861,0.2105518395651219,0.2793463236046448,0.3175607685808076,0.0328652104895639,0.5057052360042885,0.226244147,0.191278682,0.0
0.2416729299377458,0.346933891109771,0.531845131919172,0.5770017247998597,0.9789868227803632,0.5773781439648386,0.5399931415752306,0.6313525105778431,0.8495356703620349,0.181699762,0.398647195,0.486486486
0.6468984211859856,0.7744697711258649,0.1613320223718378,0.5680970996870701,0.1520313858770552,0.6712156311790314,0.0174806467830194,0.2137882214541939,0.0242216240530407,0.299495797,0.489028511,0.4
0.4985896408169095,0.0596979255689117,0.0476374364093382,0.0746084811486846,0.6144955857176505,0.2741398601926177,0.1053772833322712,0.3004519046986801,0.5486045084169215,0.068029375,0.328561072,0.56
0.0993769830217682,0.3420485713204448,0.7590247737423621,0.5880811605631613,0.3688774974508555,0.9143857955106528,0.2235107160023367,0.9043036753003728,0.8355762596471416,0.106068632,0.315329697,0.0
0.7644352696438196,0.4514776542047833,0.741467314920597,0.3697251334448508,0.1002349965639801,0.0997187469859997,0.777057780403685,0.2757334898919987,0.1029093749742932,0.17375238,0.179248955,0.0
0.4282938566027443,0.9582350425552096,0.3018264870295815,0.225297958946964,0.7752752939470989,0.1565250823415224,0.126333796847929,0.2472977230142937,0.2145268736721629,0.09831756,0.354805195,0.685714286
0.6241254118956816,0.2793279477854034,0.3351792439414466,0.029785668483456,0.5279470456174323,0.1079008408558165,0.6224604080233467,0.5014383598496247,0.5681660995661807,0.157494844,0.241964128,0.05
0.4677541452127985,0.031246632086438,0.4501205081424029,0.6725253807127859,0.2710345013609926,0.7164431067013961,0.2787321358857539,0.7340587229777771,0.2451984404564506,0.052810751,0.486235597,0.48
0.983074768270323,0.4117699971861903,0.4707109579094884,0.3696114191609595,0.0577205431209207,0.934017525707603,0.3690999080855797,0.5308242250631098,0.7318755048444193,0.148739736,0.573199309,0.4
0.6131905008398042,0.5058387362078758,0.7472490648872628,0.1598233846879684,0.6019513250663882,0.451210311717413,0.6603428161593106,0.129209651999841,0.9270981724394132,0.326795111,0.502438272,0.082758621
0.1358711406536339,0.040484013242367,0.9823643616491092,0.5749380158778918,0.143917449911143,0.4784403381623217,0.4033538317783062,0.6709729201058067,0.0229855968006198,0.076613295,0.218124627,0.4
0.88582571535864,0.997048376732782,0.1691182008664066,0.2897370510798147,0.4041244351766191,0.7470588977721774,0.3137963539390809,0.0979486697220335,0.2357615115825785,0.403199892,0.683349289,0.0
0.3727848165157675,0.2647020161774397,0.5485849440323022,0.4332518588554769,0.2544288201171432,0.4635123176741481,0.4205757136260915,0.2684865156379687,0.4024012361796696,0.106112804,0.389419697,0.690909091
0.2963741506592467,0.4423628717532142,0.3679131437161655,0.0932039639179688,0.7037607730000808,0.7378211490749784,0.9808841198536288,0.5878126031480603,0.1769973159202498,0.191476506,0.440070092,0.260869565
0.6093875945209476,0.0992088775976162,0.1842971185305638,0.6817171843204445,0.2913068818310129,0.5113588304161792,0.9449767527773252,0.529152172022471,0.3324492888559277,0.099487219,0.279369566,0.0
0.932059582230793,0.6544019734932411,0.1981321998004198,0.2048422834326012,0.299108022142138,0.2441270533781379,0.2574970251424434,0.9499403521618832,0.167773266192064,0.176905402,0.275518153,0.6
0.5744193274139681,0.9974601990210996,0.6360711967123169,0.8835602857561017,0.5697409448749455,0.9107202819013608,0.330699585129879,0.7994502616046038,0.8511517320021605,0.350500801,0.535874357,0.4
0.5446707954760558,0.3080594870841516,0.9643919374813972,0.652987796157738,0.9202222602932968,0.2768969783217252,0.7145718488804903,0.2608076577349933,0.8855649623268327,0.197288876,0.348454711,0.428571429
0.9535608916411052,0.2235202866037036,0.690345909874797,0.0088949697381345,0.5900125548878394,0.5034261551979928,0.4869062965431524,0.4378164545647935,0.7379988928110557,0.130385251,0.359296771,0.821052632
0.4910235037699968,0.9092001362041702,0.4481666901114732,0.5376503511546525,0.4025433859717745,0.5043614063619497,0.5110863894154632,0.2105227457237144,0.9740847935388184,0.715956633,0.536468435,0.748051948
0.1363692094495613,0.5221051863719043,0.5091512600825205,0.3343843890409247,0.2535150740278556,0.1743981593356149,0.8889846246243966,0.9733695406316796,0.7895464193665568,0.251949314,0.223026279,0.523076923
0.5502592083014274,0.0865613703244601,0.2848180748326815,0.9796089804340103,0.0170939145221782,0.7406926529011463,0.6627804460849335,0.6210723108653821,0.6972081132265825,0.087253652,0.540000039,0.464516129
0.6436432853060776,0.0330993163445008,0.8042122089985427,0.8686698664217186,0.8826730097191448,0.3632369629667102,0.0997935554486075,0.1104986163696871,0.987824348964864,0.072704787,0.310126301,0.12
0.5180610458244331,0.0812742179300041,0.4056200955747814,0.1410734995010436,0.805160169884406,0.9868696247531092,0.6548939324163123,0.093208088401049,0.6170367741708577,0.129983361,0.538966561,0.375
0.3710444130744844,0.0980677720181687,0.9358917027037305,0.7888696330941322,0.4025778846750016,0.6760359559534452,0.2055770591995548,0.2847356826546983,0.4282341177245526,0.068537262,0.430932832,0.12
0.3650777833206489,0.5176343185539587,0.3184694656887474,0.4432453755286273,0.3887587789737112,0.409152560980185,0.8969355925418752,0.4335963447623434,0.1105583769329455,0.232295264,0.350684124,0.331578947
0.44616161353618,0.2237092380452806,0.7772238161363856,0.9549152576400812,0.2478831577495892,0.446328318963331,0.6768850413081073,0.5310888728329871,0.9266071030342968,0.17600806,0.374849461,0.285714286
0.0419221621623765,0.1753409484650384,0.0890729781838147,0.7036681714119405,0.4471758137878453,0.9222922007919656,0.2305668260881682,0.7630299343067926,0.2531391564559723,0.081582755,0.263090199,0.545454545
0.998124313373708,0.7031177555918525,0.2375836031088614,0.9674809015895444,0.8460581736035873,0.9415318827862316,0.6968335841473756,0.6948549788950499,0.4702494570416918,0.346699557,0.62334809,0.321428571
0.6837256973227642,0.5958703666390645,0.6988688598221076,0.8195693658057255,0.7579786638222125,0.4346722587549568,0.9395393565182752,0.2526585838787512,0.0547434568238556,0.280550212,0.453125482,0.052173913
0.0850615444474144,0.7582332972494293,0.2526115621016551,0.2206280610079009,0.2826074554353135,0.8657679785049828,0.3958396265469469,0.3180494358414607,0.0249219991381056,0.184523103,0.095294193,0.436363636
0.3746855892820203,0.2627904909988788,0.729015695648285,0.3420662924676181,0.5238809075758201,0.8575485113774481,0.1847520088914757,0.035610328533452,0.724374986096583,0.109447457,0.541922158,0.45
0.8418628872735185,0.5550394618931546,0.2130839175462291,0.890085333593441,0.2910898939105145,0.1387293525774783,0.8409814274412174,0.0283045068650724,0.4166869818428422,0.19303401,0.333479523,0.426168224
0.6084716448768244,0.7625380336928559,0.7886038026019874,0.3313737047488644,0.8031005810378111,0.972894363160845,0.2021629444568723,0.7460418218615722,0.0469483776638028,0.345950815,0.412932725,0.733333333
0.7169087910459864,0.8390747766829298,0.8321890710941788,0.3478456434189171,0.2709465754678236,0.8316832375373505,0.4643123403100641,0.9783063002647324,0.6867357433044181,0.423518059,0.517608418,0.672
0.7329442634650412,0.0403560691504374,0.2995329822732605,0.0196499474219674,0.641353345369135,0.8587429162767483,0.2448681219494867,0.0460337656005612,0.2304564744981367,0.051790255,0.529708102,0.694736842
0.4673503141285716,0.0036701171816795,0.8983580897714033,0.2975523673164767,0.4532369812472593,0.9327239423933544,0.868662770776214,0.7241830889358453,0.999745848065293,0.090873398,0.565679276,0.18
0.3243009427997726,0.0837789608784378,0.5233223320876886,0.0040055674877421,0.4412251565893493,0.4733114707816744,0.8746865480069547,0.4692033302018926,0.1493189480013491,0.097644732,0.387441395,0.566666667
0.0128326484905543,0.0580665596855677,0.8819464603100208,0.2056209403644352,0.7199765405308095,0.909309032997036,0.2422358383967296,0.1345371244742305,0.2378199357700814,0.06149435,0.227927532,0.0
0.0776982402133198,0.3051810328821577,0.8397177256947844,0.0167668237944351,0.1093503472327747,0.9450574035986732,0.8081252541884186,0.1783127798950893,0.9780329764555438,0.241348789,0.287956491,0.088888889
0.3219986466918032,0.5414689362014429,0.1144694260993599,0.7428902925948155,0.1477465201064588,0.0100700539637799,0.8522303831924465,0.4847861123287104,0.7760245341755364,0.342664462,0.028015101,0.0
0.7292585771569431,0.1384263563113452,0.5898847129776539,0.6829773519024911,0.2342755652528642,0.0780702487425686,0.3723338753329853,0.8031573309620298,0.9657627597873434,0.096362983,0.198723805,0.573913043
0.0575717563414072,0.7050752015870012,0.4484520107724778,0.477863406370147,0.643201658622169,0.0502416259006898,0.1580959615043383,0.5153703945492094,0.769308893957959,0.221713795,0.05571111,0.1
0.1743978149023587,0.7549049558597175,0.1348390346285808,0.8516947970234954,0.062616650020444,0.0974227858995077,0.1289712791603848,0.3895156751138575,0.8203804422444335,0.278445474,0.0946648,0.24
0.0110410593469817,0.5250996359237562,0.9825194910311258,0.6470926780451743,0.1793164936856108,0.12613996272171,0.9797681804152416,0.2477788597694854,0.0372889274339456,0.23651892,0.074856682,0.561290323
0.0380934720341816,0.3344015982000371,0.153646139072318,0.3129434248157658,0.9043948536874864,0.2377735594143326,0.1645882654276116,0.2562319809469986,0.7606642690708879,0.104204603,0.110301932,0.757894737
0.7100046165295382,0.6169993991642698,0.5700341877324255,0.497508734058272,0.5196663176005214,0.4497414569774585,0.956107369648236,0.0940455621501094,0.4519108288711844,0.373407878,0.530847644,0.63
0.6567012894692699,0.599527857089952,0.496159616980533,0.708725903570903,0.7088655533235274,0.1359956227570402,0.4386141066844171,0.0638534713701418,0.5791405386281616,0.109624191,0.392083637,0.675
0.5780210678919923,0.0343747360060568,0.5616336108480222,0.3316754580585483,0.4195095141979617,0.1743918949960121,0.2116295722743577,0.3357891931929698,0.6903631301501414,0.084849886,0.302913911,0.45
0.8002883683269599,0.0313875921611648,0.37576890035382,0.2817848759894129,0.7971340690302303,0.5102989254387145,0.3302707095931299,0.4756288617013275,0.7357657491389863,0.074714124,0.353354182,0.0
0.695851532037391,0.9649670771726512,0.3343494993851466,0.9933996519611196,0.7395205929471494,0.7491913905951432,0.1213728957412118,0.8143655042035177,0.4315765007314001,0.475948752,0.539900566,0.646153846
0.6196294575196517,0.8443397388212932,0.637339114689577,0.0705769288816151,0.9498682603009776,0.37368576485408,0.623704660646879,0.4018343958411596,0.9961264897834684,0.539591163,0.418452251,0.452830189
0.0242991389336573,0.4307200941863615,0.6152819001697689,0.8754092721135268,0.2668076371325437,0.2945344086642665,0.7601194748636104,0.4132933598202207,0.083639042667818,0.187778424,0.144014416,0.382978723
0.6976136293658768,0.9381844703829112,0.9104313600275588,0.5532501662598966,0.2308562033995933,0.2630301754286736,0.4643673207348465,0.7232604877336496,0.6642211324381032,0.318858803,0.40423913,0.64
0.8383987147697147,0.1463445074054468,0.5793514584975049,0.0489828042828008,0.0520878953771224,0.214315975638917,0.8224213481323952,0.8325349677400988,0.1633584057960139,0.13594068,0.322700394,0.528813559
0.8325115190095028,0.7810255371944106,0.14805727046116,0.5021802472134959,0.8855724999761707,0.753103997168381,0.1701469088124793,0.057309376383393,0.0008771453984661,0.259511116,0.528247095,0.033333333
0.7739772292692321,0.8625321346589674,0.1220856567388949,0.5838935428328748,0.6068635054778123,0.5349008929733552,0.8342517341090434,0.2165655661051267,0.8462041027313777,0.434493302,0.484562807,0.063157895
0.3474186720593906,0.2909583292592201,0.3145591076200915,0.8023990212155117,0.8658237829926846,0.5757375979056965,0.6778090180799509,0.2966762869864365,0.6331938007117695,0.161874601,0.353506031,0.0
0.1615383375396389,0.788394168600546,0.4050874888968641,0.2985866722818674,0.6927132188581264,0.4858256345090849,0.8228872622160102,0.9324120541186552,0.0685820197529903,0.430646632,0.155303723,0.054545455
0.7110639596850199,0.2207864828049832,0.5510168162085786,0.0825499616893978,0.3356773979984796,0.0255061990800236,0.8623929946884543,0.7399902906269437,0.854368954896142,0.134784477,0.13546034,0.295384615
0.5408332044648017,0.1382461189834146,0.1690976742812139,0.2034707658045259,0.9010211298269398,0.5422448811184998,0.6726941395078643,0.8651814296950902,0.6789060276681622,0.108058485,0.502324566,0.526530612
0.1766203614716249,0.6908853462264614,0.1164337855435364,0.1744059397911663,0.4941095882247294,0.1725235142711936,0.3910188564942779,0.8839274831774073,0.857135056538894,0.229295975,0.145979554,0.378947368
0.6858204869742516,0.7370227603574072,0.0200051916250547,0.9443504902588744,0.4397062457972912,0.1789970166961527,0.1220846279230588,0.8551044706302773,0.445814640461243,0.163641226,0.154969363,0.15
0.4067095825862816,0.992329800790408,0.5140494297106928,0.1851596152119223,0.221227497007699,0.6699536757320949,0.9552413132035508,0.0934196706462583,0.7055861097653862,0.761871057,0.479566809,0.377777778
0.5720346724288419,0.4370959234314301,0.6889296636135036,0.5862002840654087,0.0943232318301798,0.9590249263426104,0.7125875999316934,0.8312816033566898,0.5047637819307437,0.265158342,0.573685316,0.0
0.1577121755701584,0.3373442819385621,0.97367920091111,0.8725766247603625,0.3638163364965889,0.6868947125696819,0.2831849526494603,0.5060479305296748,0.3653092880555943,0.112216549,0.50211043,0.75
0.530463953441314,0.1246408203987587,0.1953722301923875,0.4325297147178861,0.9503499761337342,0.0529715444127659,0.8013978709991494,0.0911811521211478,0.4912568346710291,0.093972383,0.128402555,0.0
0.8050952772342539,0.9779019121579504,0.3537323175661943,0.7976871957581565,0.0433078219740998,0.2314386383625121,0.865216091745422,0.0210376327290481,0.9752731695290564,0.706873239,0.322152767,0.0
0.0611094406040187,0.1814975339148834,0.0542767660138509,0.9717223392333544,0.0157105742865865,0.2958648891254961,0.3463607450484341,0.0951101668755302,0.9562126489236694,0.076561618,0.180284446,0.15
0.4185135480401871,0.0646812395431404,0.0783094506917331,0.5355465443406251,0.1878398065275799,0.711461250678296,0.8370233240238187,0.1958836906771659,0.2473151172696504,0.089473959,0.439906651,0.508474576
0.4240862999498089,0.7684085189559621,0.1854699973004228,0.5524539808910156,0.5055076390056589,0.0596874885063138,0.2920666994934083,0.0931834708690479,0.786311308685897,0.274340512,0.174489037,0.672
0.3898743824165095,0.4485706975097456,0.0726403424397696,0.5234525845013889,0.0708744403328079,0.5776629241041943,0.6043462903317985,0.0239920831538265,0.318100006633048,0.229679496,0.457908803,0.512
0.2898912277446942,0.0653343122851283,0.1480524507381612,0.332158036694117,0.1396345242146165,0.4541388379266887,0.9103142433341808,0.083996072025636,0.6671311936680816,0.069069885,0.477576144,0.43902439
0.743573985913014,0.7749761678708685,0.7486708059070039,0.5680197419398872,0.0673853130872927,0.6815302423169448,0.8880705625024035,0.3256795676746215,0.0965692875689436,0.330813048,0.488033488,0.0
0.8284673907377,0.02809192740311,0.430869409907977,0.4023916980414043,0.122791707023246,0.7549998658234227,0.1291048715323889,0.0047930689543597,0.474660540380067,0.044460514,0.610149523,0.4
0.8873114177654359,0.218654999116766,0.6610254581691772,0.1239573392747726,0.6041796968395309,0.376300942501043,0.5380724489760268,0.6307685007494553,0.1795791126346339,0.12932394,0.486229834,0.406779661
0.5302251686467144,0.4536718588644486,0.6151944165298119,0.2576163847290701,0.0086326692490714,0.3813551265012329,0.9425069855894804,0.3774968838370605,0.7645168661599389,0.237739511,0.4056702,0.433333333
0.0046062092236697,0.4827960272874184,0.0335817555083428,0.926187575208639,0.9507709320119264,0.9797164161980528,0.1963185478255251,0.5307815195466468,0.4362080090975258,0.135942694,0.151831933,0.0
0.770353874098046,0.9509952376350508,0.0595772088633301,0.1610376337863694,0.7917128190342391,0.6849072296892741,0.7597665444700732,0.6058651789723497,0.975761102636092,0.610685558,0.492753547,0.644776119
0.8859247052066649,0.585493244741712,0.879772731675796,0.5681450156205614,0.5305048549266876,0.8187040409225835,0.9941476699936468,0.2346557265566388,0.6193346739494029,0.359221426,0.61384338,0.05
0.655085361177368,0.3544513576893526,0.2158716909014183,0.689662425965155,0.2198230273282614,0.1905333480188146,0.0821908852276221,0.0566837391185165,0.6808000147283845,0.113782017,0.371738207,0.4
0.8422578354113048,0.26383714795914,0.1421063858502669,0.118265611387924,0.5155702622444139,0.8804282836955254,0.607401129195816,0.0478177190061418,0.994077947583628,0.13468145,0.600489998,0.4
0.7108847649292405,0.2973535405755704,0.4674933307558201,0.1817565986129461,0.936034841788744,0.24532639343856,0.1525450569289338,0.2853586360427029,0.5444050953400092,0.128034329,0.405810592,0.742857143
0.5148538971842288,0.0040013591048222,0.5069172338526976,0.9783752584274048,0.9748716356238892,0.9578745507589392,0.3437861835577798,0.80606043522944,0.947635986454116,0.050166548,0.709464034,0.0
0.9116196014375731,0.1884927599499634,0.082777492455308,0.9735062313253576,0.4721290685384861,0.0247041114136777,0.3999198245963461,0.729150906006206,0.2571586310357645,0.076764526,0.159764745,0.55
0.6740319145797107,0.6331008109374258,0.9271867524921068,0.0583290442105737,0.7590237266474845,0.2510823463375331,0.3809296109423707,0.4618081995076799,0.0903663405209594,0.188195581,0.536018392,0.782608696
0.5137814608429733,0.2256460782013337,0.4749535983448982,0.152100348536736,0.9863236636974626,0.0933725050946956,0.9244000419657106,0.3014976556256949,0.1633928008131553,0.180655306,0.133494579,0.128571429
0.4704698983690027,0.6664342562358213,0.6025522576681532,0.7715211039267478,0.3150314657073693,0.0738257384398003,0.6768901655004859,0.1891904131701564,0.5812028040929055,0.418747854,0.159011949,0.24
0.2479667565934169,0.7597636873380601,0.3156772599823123,0.324752164503415,0.4143381086204936,0.1095063875767528,0.7858998246414993,0.4907777950491918,0.4808484609730949,0.363486674,0.135795212,0.651428571
0.1443509853505857,0.5291996498317303,0.4238039004858143,0.0621397982428957,0.0843801644064015,0.2906161017614818,0.5168683907197094,0.5997801497442385,0.1216207000083061,0.221800244,0.169091338,0.109090909
0.7097998474126003,0.8693820448598923,0.5927745727622019,0.57167267157722,0.0996145043155605,0.7067457431343734,0.8802173864271734,0.065817281460463,0.4384175122692568,0.54562239,0.62508145,0.16
0.8159785408273602,0.6103102573990712,0.4660970773695961,0.9122324020783432,0.0019687947831751,0.9183458016460672,0.2634503679978606,0.9012359553178848,0.3930407169667673,0.137234568,0.713486942,0.0
0.716238695549236,0.1906667584889436,0.1126779849476796,0.009849242544392,0.4658297331945571,0.9991906423781168,0.7145484483993672,0.8269722693546767,0.9452571772117566,0.148741572,0.596579242,0.194594595
0.2599934705145953,0.6297341813059664,0.0854322164898935,0.1088594965134217,0.0079790447252687,0.1878454195468537,0.3549816472050981,0.4131801472525247,0.4513388670769461,0.140729913,0.426432715,0.821052632
0.4114823785603814,0.8527357872995363,0.4922944593274334,0.9227092823101138,0.5020582517297736,0.1463631098341595,0.495028590499227,0.7166709921666108,0.5116578080421419,0.210940541,0.134028304,0.0
0.7828426004172192,0.5714807166997752,0.5936489754419083,0.1328401594563704,0.2720062721292023,0.8219267290344128,0.4495398718901184,0.3315748597423844,0.710042673296666,0.187297595,0.555069211,0.0
0.3855325777683668,0.3655680141182946,0.9542425956778664,0.991649074643254,0.4947171764860668,0.6113434872538294,0.7785903029124839,0.9387722717560376,0.5867790080861738,0.220621581,0.330556621,0.105882353
0.5210126550089442,0.0923489859890642,0.4092459612226368,0.1072667624141893,0.8353528947767036,0.6928605627161157,0.0576607332755418,0.2054667640344754,0.659064409611532,0.100800611,0.544735025,0.0
0.8826248178060163,0.317614987924848,0.3745390773433411,0.9725330418388972,0.1452183563310443,0.3857851942638903,0.3743059041609711,0.0616696648065835,0.2836234981564139,0.104737151,0.572152239,0.0
0.9569102501994668,0.128615434893238,0.9554866603356064,0.3090920360838652,0.3841130511903996,0.8132415658519792,0.4293626682958088,0.4741001373248135,0.521279051288649,0.078555272,0.552203908,0.372413793
0.1740111708989526,0.6694666457583814,0.7675797840508393,0.5392452240903011,0.66033939144162,0.187366900562329,0.1715840230176782,0.3875293323951591,0.2417697362861177,0.180921834,0.049361994,0.0
0.9558747300608555,0.2532214851524428,0.2193897854417981,0.8684691204612659,0.7699206230087081,0.6338139053677031,0.6105054325786615,0.5002735762427575,0.5676092392353049,0.118271881,0.535977401,0.410526316
0.651019354083239,0.994392506542106,0.2749470984153845,0.018722155828079,0.9289865422374098,0.6559308865812806,0.4440382456498876,0.6382232790252172,0.69424808446504,0.536257153,0.399699946,0.4
0.1564373788007278,0.4869902208226623,0.362663796755555,0.2305253911848007,0.0366538307226099,0.4548189661912549,0.7553080884100055,0.3651565700336671,0.595269660229178,0.227641748,0.317399261,0.630927835
0.4013292777688678,0.253977900578356,0.3323290708779185,0.606258653780404,0.7045860679066303,0.1296533283572007,0.7141434909557027,0.4427466301187418,0.350844764848075,0.16616887,0.255650437,0.391304348
0.8529388633753755,0.264371223013106,0.7367959746421793,0.067457361097456,0.5912327048869809,0.804670432481167,0.8494930915294221,0.5828785439844874,0.5580434362444211,0.148622194,0.467171791,0.0
0.1628731987486826,0.686514210148541,0.7364270958876113,0.1864912102385357,0.5535416485813266,0.2956052179155927,0.3665776633644675,0.5300538820643764,0.5970522400302224,0.275035001,0.138203143,0.0
0.4036211736384686,0.8998279283421015,0.2074420008445966,0.154916273446224,0.1594007863426952,0.1209440436651977,0.038190688147246,0.2416991453648007,0.6134656373459817,0.280488898,0.076213537,0.553846154
0.9015036103573514,0.7378253807765051,0.2987261803231242,0.5650268479089523,0.5205330022448073,0.3945395913596027,0.0767406789452682,0.4310140785911108,0.0498200949998909,0.120830387,0.448848431,0.64
0.0677249948236996,0.9934431884661822,0.5016748481954433,0.7987530513372224,0.619341593406768,0.2385116974104287,0.1016711390345193,0.2345109413243025,0.8460683785799706,0.484964262,0.143847331,0.564705882
0.1999470529273266,0.4751529468522957,0.9799407570287751,0.926063562561138,0.5609731760662529,0.4774940275662518,0.609476529079268,0.1403574183699981,0.4697003679088083,0.224359391,0.250484739,0.077419355
0.0488494031360313,0.9423349550723528,0.9653383423640042,0.4296580864192367,0.2553132880084602,0.4039922822123963,0.9215699031974596,0.2770156034656212,0.1140513703172746,0.738655816,0.178076311,0.347368421
0.6521456110858205,0.9902182178993052,0.8110549634047215,0.9606308809179958,0.9875698902006974,0.5900727611587131,0.6909212309648392,0.3078974429922986,0.9368840650203728,0.542986483,0.448615449,0.0
0.8545454776890512,0.0844882965136545,0.2740146759929778,0.9699166694366492,0.93629994492597,0.5902616375679084,0.8687365220078013,0.61458257400341,0.7522574341458538,0.138992433,0.571062497,0.0
0.9511945488117594,0.5986053132586193,0.4962790812405359,0.1569497331802174,0.2849026927475157,0.3436374917821956,0.4739783018551666,0.8800065040125384,0.4547702984121199,0.185880096,0.435073488,0.553846154
0.6685483213340332,0.03424419386726,0.9463281822014727,0.9883111087325538,0.0477067730737216,0.3573246211179162,0.5268479980831003,0.1143946037556302,0.590068188811747,0.105032909,0.27734357,0.0
0.5938383628095587,0.0584737486546607,0.2383761404005304,0.2673091063410605,0.3942707656901704,0.6189661053936123,0.5193590818783682,0.2262952591985455,0.6820048016482927,0.108833225,0.40456187,0.077419355
0.4676761888748089,0.9196522528209312,0.7266995010477001,0.3917294954088574,0.2489505981119046,0.0264410421184493,0.875926982934112,0.4804444072379299,0.84170446407311,0.648269156,0.082839514,0.45
0.0407539691020204,0.9567520002134172,0.7789029238258691,0.1517582608142659,0.557057933593504,0.1712899743944379,0.784494663832936,0.1787158604208857,0.1906851330005693,0.473956185,0.075131967,0.046153846
0.7309333937385821,0.5578506090882713,0.4864111052814385,0.835113165506472,0.5183806526120367,0.9418862418757517,0.100316629362185,0.0515229310888515,0.4629665886365502,0.158929439,0.809513634,0.0
0.9445885308307916,0.0215011363036942,0.1628323326128478,0.0599533565266989,0.0069457373254074,0.1595630322949941,0.0362407116510828,0.3155876761036759,0.4834414006887561,0.05687423,0.423258647,0.834782609
0.2297129450416402,0.7630082518296906,0.8821663171738853,0.15322811021152,0.3640570196792109,0.9530309638516464,0.218569234156294,0.6641230304045566,0.9824930927633938,0.330921974,0.372323296,0.0
0.0214949570740859,0.0828860044368975,0.3324744747726509,0.5095963826054879,0.3366204744489217,0.8150614496894315,0.3154763492508343,0.40836799156636,0.4394934505419933,0.075100972,0.288322305,0.327272727
0.3718808735313014,0.8763335039050276,0.8652516180784057,0.1488550616586905,0.0712054711385842,0.3150597500143017,0.5423556398154241,0.2246150643316502,0.269600398847426,0.618030108,0.261021641,0.096
0.2389542237910393,0.6148194470112515,0.6797041586670577,0.5777946795246509,0.780885327290463,0.7926052170045884,0.7293008849136001,0.5952356140109615,0.248883185772909,0.317017907,0.462185516,0.0
0.1209843375924394,0.1506996109332364,0.955987079561203,0.6104633484238792,0.3655004914417239,0.5677021011726583,0.4136869442574641,0.8261788968856939,0.806857520288032,0.062700328,0.286669761,0.0
0.2220177051372945,0.3914169666863513,0.7374568440881547,0.9860135612947776,0.8422122568755552,0.4477590342883256,0.9214162956311102,0.5502708814104397,0.4735538214192087,0.178297214,0.170884158,0.0
0.0794969843938834,0.4127012439727352,0.8158357052825791,0.8666896369374841,0.0194601917083614,0.3854656361885761,0.8102377241619695,0.1468717714276707,0.3596658323970738,0.218130924,0.14825128,0.0
0.8864882553158362,0.8974275471856086,0.4822239266563782,0.3051518401797448,0.5812525907789939,0.4665947185031144,0.0023808459698527,0.3854744101187319,0.9655985380653171,0.412928639,0.432801648,0.276923077
0.8545929044908951,0.8736252004448085,0.7872689512212864,0.8550586302300234,0.1810758834606434,0.2737168152630295,0.3981160073833122,0.4160959583997801,0.2889981590493923,0.307271676,0.40807301,0.0
0.2092882281951671,0.6258300486927296,0.1902271637152416,0.3250041214959516,0.8297936191551428,0.6907684219212874,0.8674463233814494,0.8852086397993282,0.0003427617621787,0.338955335,0.297104193,0.86746988
0.2888815027325828,0.3760121835431459,0.0116268261704571,0.4145614341169323,0.7287085984041327,0.6211126077778389,0.882317197801309,0.7366721745088184,0.1314962509961427,0.120112014,0.246762349,0.0
0.7519428725093246,0.0829610712747197,0.0473171493212707,0.6929826988240834,0.129800600588781,0.1312284563912009,0.9424977668745824,0.9594173234378948,0.0083109090170558,0.088469083,0.203275618,0.771428571
0.4984011559408521,0.349997021418494,0.2278664192042006,0.6239228299520451,0.1001008045600444,0.8651862834982942,0.6122710481933917,0.6962065034300022,0.0463996171037445,0.123197601,0.357342787,0.6
0.4104694477140223,0.885607045269362,0.188572934309483,0.7298510498599555,0.4264446875341896,0.9015924505799056,0.9456824984623764,0.8664626918450776,0.7359821911993061,0.56136067,0.512765881,0.486956522
0.1152876118968496,0.963094328698746,0.9085058482733536,0.988947720681164,0.0690947607444123,0.5252190706478278,0.1192179293523452,0.0285604306052679,0.2963960730175068,0.390403439,0.227805925,0.0
0.3896537925894353,0.0425420840885176,0.0014118798147648,0.7450889939218598,0.8233550997733752,0.9640347801834146,0.492277151893664,0.3417660414490657,0.7363686285481299,0.02585674,0.574822694,0.0
0.2784854006449493,0.8284517565102768,0.7241813735040398,0.8554813138511725,0.5696109314485678,0.9790246165317414,0.1450910914299817,0.8765105826116754,0.2741212983401888,0.278591528,0.486337463,0.48
0.121881139725376,0.4931735273536431,0.7609157053623777,0.6086782027327512,0.1220221626326384,0.965161604893512,0.3320272583031592,0.3210003848451699,0.045519823437788,0.13154002,0.318498882,0.738461538
0.5814825077442572,0.3390504461188469,0.7961095373209552,0.913531271569902,0.1625213724026428,0.8934446072855283,0.7384100583415778,0.2133335468528397,0.2072262725764384,0.158276322,0.451043302,0.0
0.849005529410838,0.7178955237128958,0.891678494928332,0.9872620522269754,0.8065514953390353,0.1259715731796625,0.2846244684047272,0.1369416501306202,0.6467867778781701,0.291858195,0.25092813,0.6
0.8589176765893525,0.0236368090198459,0.2654074280758978,0.6901203458366926,0.1644943501462731,0.9560965764032272,0.8930515575291998,0.953607444061512,0.9246540779803816,0.113628032,0.586294096,0.163636364
0.4235167663490834,0.8142598873044793,0.5605373943025127,0.321206753670604,0.9301234936667496,0.1427930114749697,0.1881942619353993,0.791137998812007,0.9640149065700232,0.265459829,0.279169286,0.66
0.8833145051568067,0.044928501020343,0.9491917938174074,0.3088459755869185,0.1371323633177952,0.7735378920163963,0.042967241320397,0.5044007345910227,0.5184776968250574,0.044552036,0.593053939,0.184615385
0.9588346255359356,0.234286644366095,0.4594148839608082,0.0579386014151683,0.3021436009767061,0.8858000231281911,0.021805285014268,0.1485145348096895,0.5616593309853967,0.06745918,0.727321698,0.5
0.9991101079700618,0.3767749723522926,0.929839607681884,0.9592641506008638,0.7181473578028403,0.4009834647781546,0.7731880241172597,0.3167740857995075,0.83959134285203,0.208397232,0.360986309,0.0
0.2334590398566136,0.7787170225443641,0.7329137196108688,0.904811160795264,0.9821168014880906,0.0413398812127282,0.8828063657804358,0.5822671612759868,0.898512459067831,0.603641877,0.065301299,0.391836735
0.9156150734801396,0.5665493186280804,0.3882120257997005,0.4754809826962926,0.1459481404679362,0.6876084737184719,0.2715109445885715,0.733982352485192,0.7985877866617606,0.191344318,0.559695093,0.557142857
0.2369449842325561,0.1192387433890197,0.4885159829480776,0.5615899042564555,0.220999470536417,0.0161076160727863,0.2336242914200562,0.562741071936866,0.9868967891362188,0.045970297,0.017059937,0.0
0.7793223895336128,0.2390502388924178,0.221442646392281,0.9023336836915272,0.3355089412772682,0.182744122420931,0.1279099599631477,0.3577825203046039,0.8146575950602597,0.098622902,0.286717925,0.745945946
0.8210849849057504,0.0154418673788013,0.5941424342514474,0.3222095849715997,0.007892389763885,0.6536438800272576,0.8045164605331483,0.3676515017785176,0.5042453070224123,0.09825905,0.472722327,0.271698113
0.8428118304010954,0.7115939767817168,0.019028652174965,0.0765097419081004,0.815071979919351,0.5510763055590684,0.3790957034583301,0.204077432990117,0.1828659922226224,0.168950592,0.57182307,0.428571429
0.6716811153323314,0.4817509369335933,0.314799730358592,0.4423729154652099,0.5692075130085511,0.8688462640563007,0.8424181279184156,0.1789200471608166,0.9112991534587916,0.238714964,0.577596667,0.042857143
0.5426858938989493,0.7742833725461232,0.1697613798186681,0.3665690984227867,0.2450672561725256,0.3903963929567799,0.6420588476273947,0.248243166212581,0.3872912150362406,0.410663522,0.297499064,0.291891892
0.894827512995067,0.4840940214381632,0.770519448077794,0.0304521643322643,0.7023266409350747,0.0200018902861897,0.9410602703981334,0.2620002596487802,0.5286657421814372,0.292621471,0.188915278,0.76
0.921820776673244,0.2820552776891819,0.4775609826271206,0.682508042368894,0.7254828349063933,0.8631531516538657,0.0858812918510056,0.8442608623035925,0.1831181636736789,0.08791578,0.494986867,0.4
0.3773280392917448,0.4208716518443656,0.2763255414368948,0.729223622715383,0.7693776096012609,0.745308586562188,0.7378209294237508,0.5643943774273488,0.7914081081506242,0.209250569,0.431107271,0.0375
0.6995569259631319,0.5659397219455247,0.1863069768623525,0.1143166125103113,0.7431566776245337,0.8010286178091182,0.661127277526475,0.3609369324268876,0.3710874491231527,0.273008129,0.534884911,0.12
0.4196969464371182,0.5262980389674747,0.3579502825496237,0.1610615530668493,0.5268443068002033,0.3337250528707836,0.9403418471699778,0.0608714071816568,0.1673304287509835,0.24396388,0.381820677,0.576623377
0.8106362262209373,0.0920436248679072,0.5735157918987775,0.049461168124915,0.6077991765382469,0.3592254845597689,0.4776826763122054,0.3745411596138233,0.1256394203761981,0.039385523,0.302948349,0.0
0.1824455274878837,0.2978388578982949,0.2717642889515068,0.4247428429945192,0.0538209287040482,0.0768931069372416,0.2847121026457895,0.1451418652686726,0.1670199903279945,0.074655705,0.145679792,0.692307692
0.2102315485260819,0.7554887963541919,0.2122850748391854,0.8713511638782802,0.7713157892278658,0.1688861332388392,0.3047100460597334,0.3037185161701333,0.5216895021222958,0.175431399,0.0,0.0
0.5116052817096808,0.7231279169747642,0.2177836840501659,0.5173021095429328,0.6660398576381071,0.3909095605985281,0.7824275174781578,0.1654101539149775,0.6274761469855121,0.410571065,0.536295849,0.349090909
0.0667586876402415,0.2034451582438807,0.5469788216236714,0.8841567129468078,0.754695975771091,0.546038608751285,0.1160619863671178,0.6097726420784253,0.4875755149858894,0.054330307,0.370086469,0.553846154
0.4007175704907839,0.3939460817482757,0.853539984931408,0.1780581531916654,0.0287724726728673,0.3593893014513348,0.7531039213333017,0.9923575092511696,0.2003530462250224,0.194793455,0.418737398,0.734117647
0.856979144335646,0.2432716380575438,0.569322849302881,0.8326971991346948,0.3954727526422651,0.6645824913951113,0.9782199245796656,0.0065990057255416,0.6161597974859082,0.153641336,0.471835029,0.0
0.8580359423661177,0.4820898652401507,0.1297909246657349,0.7735399141506558,0.9720437465315278,0.5265054642737352,0.0303758102661313,0.7616187574205805,0.6482723025227557,0.183371957,0.365531865,0.36
0.2575528250705631,0.4506549059530964,0.2047215143928311,0.0967667157794278,0.2214695263380148,0.1683908804013884,0.8299604447459796,0.896481322069211,0.2553767210428359,0.226878947,0.167510055,0.698507463
0.3387952534917601,0.0403742712936711,0.5715927718096593,0.2790147682102588,0.9866274278838828,0.5525169965274289,0.1238184581948698,0.4154640270041174,0.2172555402185489,0.054795451,0.192841935,0.171428571
0.1469110517533738,0.3515999120860243,0.6256420341200448,0.6522105644307031,0.7203759251264352,0.4265578793158047,0.0824852328934349,0.6492582643896783,0.1804345960141329,0.1176927,0.264181972,0.72
0.3565944228104291,0.4114742666280022,0.8252935431501407,0.5358794381431762,0.2126114754762287,0.7565946765266461,0.1627588479897003,0.5372059727948817,0.5240857124152914,0.143981674,0.501183887,0.568421053
0.9830948277697176,0.6111649337440881,0.7520721897072116,0.8685578479364894,0.8835952125165754,0.4914700101005269,0.2184127255046454,0.3899124474574622,0.555039651854257,0.167650542,0.482843444,0.0
0.06966217831531,0.761068860121989,0.7376818720299988,0.0858006961273106,0.5253946009665827,0.8047007851408214,0.6259482823995891,0.5638098540602413,0.777488598369513,0.457553619,0.452476009,0.630769231
0.6870521815322806,0.9382024360545932,0.3484272175103335,0.6089704149775026,0.7251011005074864,0.592277373707103,0.0338718322769827,0.3611506115727307,0.0530600446847838,0.286647676,0.368272913,0.36
0.2088485129039249,0.6084854118918541,0.5575711805880061,0.9448775519298902,0.1656206034899837,0.6622421091610495,0.1853559989205681,0.8752570202508979,0.2994138111688209,0.216662766,0.300082669,0.685714286
0.6625126154605201,0.8151712235538393,0.8864396721092338,0.4528572081538206,0.7177724842999027,0.0729710967301952,0.1909765415043196,0.3171767434708546,0.1543155162037066,0.280357042,0.149807378,0.0
0.3699503936166445,0.4858983876030235,0.8358180661247029,0.6443454664832443,0.1048576717106901,0.3729144868868623,0.4485646540687132,0.0903923435251212,0.8780466611813352,0.128367823,0.479421044,0.0
0.5359784240177509,0.6175685901787156,0.0639168098252338,0.0023468462359989,0.0014215286929621,0.7486349181552103,0.4205873226642836,0.2440516904628756,0.2593918498246153,0.185626736,0.458629866,0.24
0.6677624024121691,0.8905281705718802,0.3422482427032065,0.8493724622356276,0.3635265631553825,0.689694062403961,0.5361149677372219,0.9024914794659564,0.8876668853799479,0.463010127,0.433258476,0.0
0.5254215730142,0.4193639838093888,0.6363640030225398,0.3451613397734654,0.953602039385295,0.6479339257589009,0.3283298861052256,0.0650613297265489,0.3664640008187783,0.104067073,0.313879714,0.0
0.9289671997345652,0.3409349210873318,0.6068974081557327,0.5376968973410698,0.6387527431646659,0.8421037827267219,0.3515412684439436,0.2841969275850425,0.4536562003461426,0.110123945,0.53405504,0.631578947
0.0229005604090758,0.7562735450556517,0.297287343817635,0.0490112796740853,0.1125382897917337,0.7613990684062316,0.3588001450079721,0.49125524672415,0.2450713252008703,0.171811045,0.368161639,0.423529412
0.6094812148559039,0.4006680995691156,0.4568415606127987,0.5444106785646219,0.0151587256878211,0.6446216022816528,0.5788970212516804,0.0060464470230311,0.1209775309834514,0.178719212,0.413366866,0.331914894
0.0518614485574054,0.111747177688066,0.9535023622245644,0.0644494335945768,0.8036046673314937,0.9577753238116506,0.5346681355118346,0.4228052601348179,0.5646448784556732,0.124847328,0.334367691,0.325
0.7033755884285009,0.0963938168180434,0.7279417791158957,0.4525214058649401,0.1324638797388718,0.3942033084832957,0.9101535555701176,0.8976615011733858,0.893928403690699,0.108363323,0.382393125,0.06
0.2417194141590822,0.530830266773571,0.9900067490667532,0.6029716579964107,0.2406939491579177,0.4655520814653247,0.9163549027037328,0.797161704444334,0.2193119157690585,0.291752167,0.384087783,0.564705882
0.9656632911101763,0.2628282056903585,0.2836189680631578,0.9963223031150772,0.7449957252637027,0.4972412424449293,0.4047890238332241,0.5559770357234441,0.7485150893772384,0.105729605,0.349691524,0.0
0.7259386457693994,0.688682596727182,0.9383274865186404,0.3134298831525112,0.2690681002959491,0.684162670507457,0.5366295146835289,0.3913129776554345,0.5799308894988279,0.372267777,0.479301483,0.463157895
0.7433083607227442,0.9819907714798192,0.3591848275571236,0.5499077552208518,0.447966251697492,0.7167343933443626,0.7142397292695247,0.1504150198081025,0.6762586992814065,0.641967446,0.511332535,0.0
0.4246606568996818,0.6552693925579754,0.5718832605852986,0.5799755031748834,0.0635781429005869,0.5310036099543956,0.4821536252189097,0.3641152861732731,0.914478152196106,0.241229975,0.265497779,0.0
0.6301641208274963,0.6235901549764475,0.3656326594207227,0.2251926855320297,0.2096137255180753,0.5983814232905899,0.7513076874792693,0.2037167605950509,0.5009924156040021,0.313181101,0.442360914,0.651428571
0.5393251566528421,0.2785905387118658,0.9102941593367644,0.9074531406774246,0.0288075427687526,0.7594877329393342,0.1069047040675462,0.058427306422623,0.7785455125740655,0.109473882,0.480019945,0.0
0.6328741318602389,0.9410713191201044,0.8739806959537356,0.2680935414154684,0.4673722674849671,0.8242956497217973,0.7666998602666403,0.6905207094762001,0.1995561032305292,0.791449047,0.474072093,0.691525424
0.6678777035819501,0.6858761857507015,0.7328855650596958,0.175054488422907,0.0624444185183138,0.8360555088179613,0.694019624746355,0.8857821532038683,0.5834946642485002,0.359255593,0.484711968,0.1
0.2515076190343006,0.9435173094913648,0.6705350647118034,0.371992715431703,0.5479352623043077,0.4079161795836081,0.1222025253792066,0.1475415851295149,0.6009589132197639,0.445198763,0.3442591,0.66
0.1632608240133708,0.3872137933109039,0.8489858336379107,0.2688103545162758,0.213305475671808,0.5443559316432305,0.5210421007352257,0.7721898055510791,0.6779908690901701,0.201955058,0.36686768,0.676363636
0.8923590962083892,0.2605433601568869,0.4418388583295879,0.6448208760207337,0.635837487754637,0.161032011279648,0.1823269423866087,0.1975936999814544,0.9163420755304056,0.131166509,0.295354655,0.469565217
0.7395879849167278,0.3785590511927723,0.5235123835622133,0.4552685403240752,0.8010250128832781,0.1526993075632335,0.1436507231576259,0.9197763034822264,0.7050088113543866,0.123821154,0.255540669,0.16
0.26633266264905,0.443195464432928,0.5004595026147429,0.0388764904363526,0.7045971400325752,0.4288031437183599,0.8518763230947666,0.4860620790837631,0.9095695748851786,0.275963245,0.482996234,0.566666667
0.5972093967693859,0.3642529069111672,0.8002674255794334,0.2861036059077341,0.630326825739836,0.9586206261360132,0.9142864148010744,0.0661137681200509,0.9640424013020218,0.219653014,0.534830632,0.465
0.7929539375887178,0.761993796361442,0.4320568285806964,0.094904887768627,0.9914826903267988,0.9728681089524728,0.7012347857829418,0.695546776590553,0.0135720938852491,0.398486371,0.544243218,0.342857143
0.8045760558819091,0.4806953734693546,0.902075949352277,0.8994069166751385,0.168048539670449,0.021635429109967,0.8388543298799204,0.1262894304220945,0.3980424778167811,0.292417181,0.051651978,0.0
0.3106943515700144,0.2504944929438477,0.104633481850184,0.6495505688735648,0.5260461268252214,0.3427104293408767,0.1463238448539821,0.0319487217039198,0.4854534915286975,0.09159518,0.34567456,0.3
0.882800141110585,0.2506360923682653,0.4337648482108129,0.4134346275722365,0.2558757346466829,0.1124645125161603,0.8802024504336567,0.0475441199636725,0.2606047089691827,0.109938881,0.165952926,0.24
0.2195835061310808,0.582750456129783,0.4300606809936745,0.3905706911311223,0.4633688703724009,0.7551642089830084,0.2321037154096095,0.1287905344792265,0.2988201361197159,0.168370671,0.526939889,0.211764706
0.223621296367602,0.5142326749945401,0.6003360146099715,0.7411405682496466,0.5615206605912068,0.1413103337848655,0.3440695252929259,0.9034535441851604,0.4407827196055093,0.169327149,0.230732651,0.6
0.0366711022640696,0.9248735506094315,0.7851952702705581,0.7777434486863858,0.1665298840668133,0.439432828455527,0.9977515632114125,0.9191824067155324,0.4821733699403969,0.595154948,0.233226595,0.235714286
0.7148690637135326,0.8849331645038657,0.9582944960096992,0.1717687337478742,0.1041811300227292,0.970538212265666,0.8336103543354468,0.7272047667590373,0.930850451341338,0.53977775,0.573741716,0.247619048
0.4148529891283093,0.4004460591732753,0.6021750211014638,0.751202005540919,0.2660047046338948,0.4842502506709875,0.9307221055210344,0.3059092566989697,0.3631814825509651,0.169531847,0.503522979,0.575342466
0.5972675933782237,0.0003512265221572,0.3482324892560942,0.0615134377995678,0.6995798812456735,0.4729499581736511,0.6638389245865511,0.4800713879470326,0.7425197865092253,0.093825226,0.384376677,0.3
0.9224853701119016,0.0678740817987922,0.680316464347543,0.9872007350366644,0.3209695423197778,0.199658659649897,0.4289362044719608,0.4771771678030563,0.4032825225716517,0.069978338,0.476953645,0.15
0.5726732246966824,0.6920575099563793,0.7274333524945812,0.1330067509347021,0.0433972438846288,0.8686641773356119,0.1497309467403159,0.024103809229833,0.3368274743183325,0.249935808,0.608214006,0.514285714
0.3188535707656418,0.8255927176683812,0.4023410998151222,0.4936128436750181,0.6106021762432378,0.0602278284835778,0.7180523512478496,0.465748631162367,0.2552317815609493,0.473301872,0.071111252,0.0
0.3729379738857461,0.7353616361067175,0.6481312757901772,0.7483363974397464,0.659687002709213,0.5764550275072897,0.3818429140837363,0.9328893804416588,0.2818307134232994,0.28375957,0.320836921,0.0
0.2837417722849654,0.7760258683417081,0.2743755945397923,0.0181521141944599,0.1545674202663745,0.0776923452075515,0.1227151145353551,0.0266658069262648,0.9514188357525606,0.312592531,0.054186615,0.6
0.8906528467250999,0.6895588419511202,0.6372877632754036,0.3143732000847797,0.0479563174217838,0.9750162473146016,0.156301515338189,0.8822031622674703,0.6559334905743611,0.241892575,0.508334616,0.3
0.8484114709564927,0.9622187157437057,0.3618809964452356,0.1012100186483623,0.6708854372720712,0.2946877200495261,0.9184031333587908,0.422527053033678,0.2245669007914935,0.706965046,0.367660545,0.15
0.2093811482857891,0.9256634327044332,0.0268433769392715,0.6417663158656071,0.958381531778397,0.950255671582806,0.4612531223060498,0.8881894284646744,0.6433689858429676,0.434256758,0.380652789,0.461538462
0.9683081309761632,0.4925630036265473,0.4024560682624706,0.3993399687311478,0.3216021353573397,0.7766607374061298,0.7539497219951942,0.8783947921720697,0.7094063051490994,0.258721599,0.615367499,0.077419355
0.0331080373538632,0.9367251046394732,0.8104481931449691,0.93761310725748,0.0149378827087951,0.8164764262924888,0.2674865750395443,0.1260095900555284,0.0730562102039967,0.459978886,0.244987993,0.342857143
0.2455575885076142,0.7313446543919294,0.9093157776448378,0.5789915370842266,0.4445588753063577,0.4946979869454334,0.6836110375758696,0.1305933764196299,0.9172216756732254,0.363954597,0.384885186,0.342857143
0.6936597946448203,0.7674311131726946,0.6741589965334355,0.220065387097038,0.9476978065641534,0.4690520317335153,0.7962231195191259,0.4163864424358717,0.7910343100802469,0.456407601,0.445087868,0.070588235
0.3950573865875293,0.7704087974664386,0.0413528413238913,0.2268637351929692,0.2502527767609526,0.750546416998074,0.8495375629646226,0.257420194323152,0.395438767568008,0.379332131,0.413659235,0.771428571
0.9238739532666856,0.4350006424163098,0.3153556695402181,0.1972876895276409,0.8421231001163488,0.1891663691724491,0.4927351482975957,0.5628327970667379,0.686044019107309,0.129796668,0.453820501,0.733333333
0.5657805364494048,0.1088457301234017,0.1687931081231238,0.8616315132574738,0.0592444028912264,0.1665442939960137,0.8645860179732024,0.5844955975381637,0.3431436972535359,0.103995332,0.375928015,0.453658537
0.0618211090370857,0.85556145802068,0.3323593872198789,0.1716836532538367,0.7479616598820747,0.9577151526597708,0.912562493637814,0.1599871807055987,0.3112421898947575,0.396428137,0.38308677,0.501492537
0.149058502650124,0.3227363200452641,0.3266423677053801,0.568670749627865,0.302898074384875,0.0188577899834376,0.9592238476439752,0.1476700806343226,0.5049219878572584,0.173834153,0.04376474,0.621686747
0.3904954324702425,0.7454967119868162,0.9276733846421334,0.0904107949917462,0.1936096266760649,0.1695750209122747,0.9635695570028288,0.1872042428443439,0.1693950760590642,0.347786424,0.15971711,0.022641509
0.8245845316274791,0.4508392058101759,0.367819154594976,0.2018795779528395,0.7024864779291251,0.3833316623234122,0.536535185373449,0.7563173985537684,0.330605370442893,0.194563591,0.519407106,0.629268293
0.202089816646086,0.7736625364322806,0.2123661060381121,0.988730306068061,0.1013242999284089,0.0699440046425593,0.049805080918975,0.113003590167016,0.2679257061466409,0.244034164,0.105047165,0.4
0.8514069555723481,0.5263212525085379,0.5406975578698352,0.6398263644349106,0.671223056234833,0.2992193878002356,0.8034736674759622,0.0617551858223358,0.2829723576222116,0.198844625,0.475742572,0.48440367
0.4066444830281742,0.2486100578952781,0.8303419373348944,0.7563741100034852,0.3423284878043836,0.6297385766374414,0.1266497549238168,0.1717344905839184,0.3358731633116034,0.135160577,0.432121342,0.085714286
0.7440152982848192,0.6659967245857323,0.7410953142921252,0.0115652604771865,0.8323199893883009,0.5416907113096239,0.3422239929155644,0.2169840039305923,0.1437768454695277,0.21551344,0.451310935,0.6
0.1478608975940042,0.9290701461421778,0.296993279722081,0.0925639783231723,0.9529573868818956,0.3425938007166683,0.5169709176686285,0.4538450115213182,0.5475554361454024,0.553311908,0.259217986,0.24
0.5376281412066751,0.9403883616613392,0.5217931364892162,0.0492334981801054,0.3102840282061139,0.4111091226487335,0.9556932813267742,0.3569584187242884,0.6822464441710195,0.680142249,0.391382551,0.50625
0.1056997941223433,0.7899532497834972,0.6128475574176805,0.8236813677124035,0.6943359452283976,0.1019726877641495,0.7316407235129503,0.8128692207173046,0.7731976152962157,0.502992314,0.043647632,0.0
0.4726716745958301,0.6325025524954122,0.519018023611149,0.9742494613839092,0.6918443537765787,0.3232821953426171,0.4258240453639805,0.9604594643263402,0.0397281646411091,0.21976326,0.228285069,0.0
0.1385542580443385,0.0605857611686991,0.1475243303805721,0.0163582203457055,0.3783718454215566,0.8947129041352014,0.5232140257223504,0.5450184532967713,0.1459051233309605,0.083092161,0.373164289,0.45
0.1520678933435669,0.9100322760308316,0.6178454664238612,0.7476494042901052,0.305710626328887,0.2968882636692245,0.2323370278181735,0.9502054483185012,0.6707981271819884,0.460949032,0.19959848,0.55
0.5898360583603353,0.0526538022150268,0.1597702919128589,0.272423358097704,0.5543336324783701,0.0929042817527753,0.2259943752430047,0.4430564140201498,0.420699530257784,0.07084861,0.229473525,0.635294118
0.4012186396530081,0.0036665012939035,0.7237741884669912,0.9674098276334416,0.2038249566269157,0.9282733350157908,0.3459549402289703,0.4538751219946845,0.3705569289062859,0.054086389,0.534843562,0.568421053
0.8794946744014166,0.7672234004389898,0.9139961765002004,0.3483591169140771,0.6762577869229042,0.7297066337435277,0.8349940921166077,0.471603979698463,0.9854838120258322,0.452311421,0.64013724,0.0
0.8088066769041693,0.0631894964933272,0.7209828837596658,0.9061869863447438,0.1903353428961277,0.1958260455350164,0.8247132539086781,0.4654892115674958,0.6226000228572203,0.103876362,0.428308501,0.48
0.2841041552860904,0.975811956849184,0.5468946675665219,0.6775022352152505,0.1315873670836035,0.6682718314787242,0.4339691313653753,0.2475496617431871,0.8557098483898329,0.456778192,0.362254293,0.061538462
0.0821443204126838,0.2610477978775528,0.4780863311923643,0.8377450100336226,0.6696268860198805,0.0745295162412751,0.331742986792047,0.1840436743747984,0.7124575552097143,0.160643921,0.051571372,0.12
0.891350520948104,0.4930269370125079,0.6425922484564077,0.1632372790604263,0.2842075345733127,0.913496461080364,0.0727948376411244,0.4284137542398054,0.5200271496887744,0.153779446,0.501330806,0.0
0.9193387667676156,0.3718848941766821,0.1118192920953117,0.7921394115488273,0.6770143310440516,0.2346961168919492,0.537109634146181,0.9466797482552676,0.2219062514433456,0.161053737,0.372844199,0.425806452
0.4204309511326612,0.3745977045902038,0.8987403360364845,0.1843418676304786,0.4669519668345742,0.212630105620498,0.8459084519830716,0.0901191565120783,0.367658192009846,0.213101982,0.177070134,0.04
0.4307580897271765,0.0955647614586538,0.546509138649946,0.837262971654412,0.987112996956216,0.081138010386298,0.8217798864242626,0.3405800249607104,0.0687020189986449,0.10357562,0.192676202,0.725581395
0.4481862452431809,0.4829460900480216,0.8518580391811451,0.1358029196872098,0.6752901317668306,0.9075514763408576,0.8433806339916685,0.6216249074248846,0.2346779886984125,0.242278676,0.553012572,0.572093023
0.5565805579249951,0.9177417674195916,0.4111163168191964,0.9322102966881656,0.2128567787942435,0.1432947311502105,0.3729337474589033,0.1378579089230167,0.1819576024638232,0.37276041,0.119421323,0.0
0.8807513417137939,0.6737748097227838,0.132889314014608,0.6919392112646361,0.587079209843443,0.9641365949006796,0.696240408209714,0.789841250457239,0.0526423303301394,0.27406097,0.586735613,0.063157895
0.3995014567019722,0.1181013275077774,0.8576207266696002,0.5375444489621308,0.2650308687672554,0.5934632091981932,0.0652462041565467,0.8760462044591047,0.9769535559502016,0.082653707,0.2786859,0.16
0.5956934434966012,0.9958683963208642,0.821344690425869,0.4735408246370584,0.5903820192989465,0.2983612980412663,0.1726510559062056,0.8457718443682912,0.690337188369783,0.350833272,0.472597148,0.133333333
0.7254733481875792,0.7272948024386983,0.9910864604435948,0.7598902895191677,0.0293272879268617,0.122804641353351,0.6670726956018743,0.9672767599428796,0.6736020569822098,0.391782779,0.232398142,0.03
0.4287519223981316,0.5841414787808386,0.0764559394613929,0.36875509352824,0.7345764182670187,0.6926311970616732,0.1816815864308352,0.2727528575454235,0.0567031745589614,0.259765636,0.285653868,0.48
0.3437538181357646,0.2848985032224542,0.4613778985613743,0.9916176449885318,0.4000244066247712,0.180021520275128,0.0114201634367401,0.9926164067057284,0.3131086839956413,0.073713948,0.296621651,0.3
0.2581984936163223,0.0322578195973364,0.5925713599358245,0.9165062289596982,0.7768952661152977,0.7862851350396663,0.7139567760842708,0.2357084302300991,0.7410705348565209,0.138790876,0.403069318,0.327272727
0.4287284830773225,0.9868771213481322,0.4406604560135523,0.483967384956614,0.5464293505295134,0.5367389680185715,0.9317925238497566,0.7232389926006065,0.5279299288008692,0.586192313,0.466303226,0.375757576
0.283612019208345,0.8224837893133232,0.4275872233730829,0.739328563018146,0.2912497980473901,0.0750747304222301,0.0458603553425083,0.6455343886476602,0.5666031605960786,0.314038848,0.121468687,0.0
0.702208047014855,0.0188998372897523,0.2456919074096967,0.4974356546313263,0.8912098693270776,0.2279705045116301,0.7129437414654045,0.8647113470021892,0.4398224521477714,0.081439447,0.332727243,0.105882353
0.2112518253855535,0.8076846630388506,0.5103299111789144,0.3266569985669078,0.9211165544559524,0.5726782290954197,0.3689486556402128,0.3315661122549213,0.8288866483610919,0.338191634,0.38902378,0.2
0.876275734639534,0.6688535755738726,0.855410083201874,0.4640792075445112,0.1464679838895851,0.6987783252950491,0.3056740818295929,0.3558066506547302,0.1786834662435722,0.206416393,0.501228311,0.444444444
0.7692485696598611,0.3106557837107003,0.0334856190571011,0.4056065750126486,0.3056067698738274,0.1384459249725339,0.6908592197251983,0.0094965740109611,0.8471014037159351,0.187462986,0.306344468,0.2
0.885538495599071,0.7760602067131664,0.1210684577932409,0.0877214713641476,0.4892640054679883,0.1274023447701108,0.3345141974903745,0.9270908157161478,0.6357559931544902,0.365177838,0.227570873,0.3
0.2919563034245688,0.2409146974547994,0.131430438821429,0.270346485284597,0.6239219949722997,0.2857353448868365,0.6085953314488948,0.5914895349779273,0.3092937846738246,0.116847001,0.365256689,0.501492537
0.588030500723385,0.0755133286180419,0.4371851823912986,0.5936133060775961,0.0185956631196723,0.6968903221439122,0.5985614726276368,0.3896545220337962,0.0057989787846883,0.112415567,0.387322063,0.572307692
0.0121013348148391,0.3946508816979859,0.221860491486463,0.4026169548773652,0.4189327427859948,0.2537314746552951,0.1181031409199925,0.8416146472569748,0.5403874443549632,0.10096536,0.169334874,0.48
0.2466270530696775,0.7282834326524777,0.5359887836924506,0.0460940753668277,0.8551494600856754,0.3525006050619165,0.827923137658747,0.1016725123495916,0.4802240561533551,0.48042079,0.393664096,0.525
0.0031108540086041,0.5171016520155425,0.8700943508030126,0.8284024868114621,0.2196591370018408,0.3129562672970895,0.6044595028401125,0.8475510540905804,0.6866325875339877,0.277249171,0.143398943,0.405405405
0.7812020681321267,0.2016785179727056,0.7136030024892662,0.1001382777704469,0.0925755451033782,0.767820916858608,0.7779349575733081,0.1003551889218888,0.2023880964684534,0.135495162,0.543854488,0.096
0.7923326238550006,0.6144315860300864,0.1209496475151349,0.4548165536549051,0.5105786242798741,0.7739268509661661,0.6250172342658217,0.8794152440238745,0.3420093800249963,0.316427427,0.50140116,0.052173913
0.6957047696422249,0.0443249563176032,0.4841546213353421,0.723260975005517,0.4649640804158313,0.3806291474862877,0.2840944991074211,0.677243494855783,0.7845128788284348,0.064750038,0.391456175,0.15
0.6784414947226117,0.5467964075974828,0.5598935087515793,0.3002033555287745,0.8476375567321176,0.4599678875147628,0.4108245614501506,0.1279814867482884,0.2204057524970502,0.122185237,0.432999015,0.6
0.1760257794244425,0.5204625246168963,0.3365598080963734,0.3779017094376398,0.568984528778361,0.99720953364982,0.0226940895654813,0.3663539478986021,0.3723416589292307,0.151120775,0.348586081,0.0
0.1609738609714828,0.7171433713508523,0.1716498993057441,0.8662297731543683,0.8670118136503004,0.2408275804715463,0.1786839594714283,0.8206925332206064,0.2040392978598326,0.237541701,0.147596577,0.0
0.3133018674813198,0.824173309360768,0.0354295976419081,0.5647658202016655,0.7030161280746681,0.2262052604250825,0.7003814913702961,0.3219426765526594,0.7021348827592736,0.474323926,0.310577343,0.483333333
0.2767706098371845,0.1728582672136643,0.7242498227953452,0.6315946569946067,0.1704554678052992,0.1048820257449338,0.4205847231646358,0.618374309526054,0.4493654303043043,0.055282501,0.097770213,0.0
0.1107471494031042,0.3500421531598753,0.7366552507413022,0.810512118024355,0.4267065562021618,0.6915034834318448,0.837217343121378,0.1731862093726144,0.9648052932984228,0.186527923,0.354698441,0.3875
0.3268678134483959,0.528985252979306,0.0781155008554626,0.6723881707066157,0.4393599291967962,0.1357124045293446,0.8194518127977932,0.9264385905589528,0.3509458130891602,0.258659695,0.113226256,0.0
0.6323344639369309,0.4874178419022026,0.886077047262397,0.1630900059408366,0.0889020855951444,0.3901955001429804,0.2360085502634564,0.1892327283536731,0.1087626000356491,0.162918331,0.413029101,0.697674419
0.506282412396491,0.9175338424608034,0.9653034367219004,0.2040485607016996,0.143592389371065,0.2566580074569989,0.7831121187672736,0.8418515442539478,0.2649298317175773,0.560719714,0.4226134,0.638961039
0.0915813944628733,0.325803120261703,0.7296503072373492,0.5039727596850518,0.3877495786698589,0.6843659771121808,0.9991153951718432,0.0695902467417444,0.3508135004798222,0.185712442,0.234766385,0.12
0.2241683088310863,0.7809499417423242,0.6453146205842033,0.9656262456398552,0.6580465399672771,0.3405898968454534,0.5675985369535522,0.4863843027437697,0.102197133824346,0.384022368,0.228796868,0.117073171
0.1660528700574502,0.5844528571550227,0.3731612533199272,0.763498476806724,0.5507885621262752,0.3891177446733753,0.419947821915362,0.4576135857224084,0.6454110604523657,0.203224335,0.331899072,0.705882353
0.59119385565844,0.0062730134210127,0.5839880812443022,0.4546073879049848,0.1831232646652064,0.568953745782161,0.4627647170637352,0.9748966928911468,0.5061976370945741,0.046946652,0.300813771,0.4
0.2433763647053179,0.8803866332528325,0.5635367299839557,0.0564613431102465,0.7032413730075502,0.5321398877538983,0.5669116485944623,0.6790424031823538,0.2344897739999354,0.5154598,0.272826326,0.04
0.4574370643300024,0.0693655671137764,0.5462571299310504,0.0297802148637366,0.1031764043992712,0.0246906329192309,0.9021909128885112,0.1619624229288758,0.7448262747715274,0.103643181,0.10186839,0.378082192
0.5347077763214659,0.2675289553515434,0.7957308649008789,0.6406494849889537,0.024980638155767,0.2420098403687977,0.6958953910467925,0.9466540834850752,0.6264329278144699,0.171431861,0.46503379,0.52173913
0.8473771386915628,0.9203381398567008,0.2849569128372533,0.8215779762991466,0.5081944705343168,0.0436074227235444,0.4639327353036483,0.8064264500455556,0.7202924277994179,0.317102456,0.187127604,0.571428571
0.5935477853044347,0.1956765528567535,0.7340455550040667,0.0857059193908205,0.1735200701145244,0.2865596552381947,0.8152203979497382,0.061959976596605,0.4418800481635332,0.140052661,0.349894335,0.226415094
0.5248232456048838,0.5628027081517634,0.8294213890540079,0.3271086844202991,0.3352181239335384,0.7554573718205535,0.5688613475586567,0.6352823752057499,0.937370577321452,0.302249261,0.563675942,0.234782609
0.8059960085341441,0.0473140254846672,0.8064343488046545,0.6647435612353049,0.8923977836880741,0.2972892304752155,0.9794049384076948,0.0670635065187291,0.8373720413025365,0.102477057,0.438518586,0.345454545
0.416550420934937,0.9201578593887572,0.190210157013937,0.0409269854228088,0.7024278362924238,0.6704414528123877,0.5449368931154503,0.6482646934565618,0.065854393195596,0.626112259,0.421422714,0.811764706
0.8872067603674857,0.4322228800367244,0.066553276415043,0.1698035186766039,0.2236064031326676,0.6644003229253097,0.7309976783377704,0.9596011895158856,0.4016399000240971,0.220715594,0.558193152,0.375
0.8417048314757757,0.6860585927103495,0.8287046167807055,0.0196425031278345,0.6911449070272366,0.4220377628012601,0.2093962889775831,0.4196995196876656,0.5936819802720049,0.272310935,0.482892039,0.311111111
0.0004773465613165,0.6200553156961086,0.0803394031760987,0.3049644888465935,0.9111619123307066,0.6554365225920148,0.1858234661332998,0.0185496213271114,0.7260884225261746,0.1943492,0.155551842,0.24
0.3821230725756344,0.0140555956064932,0.9539846490264088,0.8673532318863921,0.1290477815776198,0.1402134952075092,0.0082231819168703,0.6869707646657183,0.1965126983443554,0.058995935,0.16707409,0.4
0.0684086555611018,0.3297359991758239,0.9138910177809182,0.5955225501701227,0.6254052994280186,0.3836198407931785,0.0955075105818898,0.2336443539736371,0.9402808080291551,0.131744139,0.168260423,0.0
0.6126355447371982,0.4436750584391096,0.0598852784941114,0.9307692525806888,0.0728462043063745,0.0980352483423879,0.5332527038132818,0.747636823484319,0.505595540789498,0.21294311,0.187287368,0.2
0.483110019525503,0.3273119328754668,0.9927272471704868,0.5874219601086516,0.1484865371984718,0.1661785085301074,0.863121861689387,0.6504090055003849,0.6783351182455818,0.195081718,0.336362181,0.586956522
0.2145032224407941,0.7834160559643424,0.7817202617780026,0.3484084072931365,0.7495437791888164,0.2707691932135799,0.6307099704276575,0.7407529486509513,0.765687309590235,0.55192816,0.212503639,0.557746479
0.8322975039378864,0.2178172021192522,0.5030753684072172,0.122423014211187,0.9186371525836876,0.1622816771098358,0.6357576212957966,0.6308732186055733,0.8889695126667343,0.159202428,0.279368927,0.123076923
0.9154480105041516,0.1610563178407594,0.9348791091553764,0.6283784719294715,0.8569097425308011,0.9350217798134344,0.748802069495466,0.0066176419685398,0.6401938726168849,0.196697812,0.581369052,0.12
0.578222351762423,0.7641642665320602,0.6005168660441609,0.729389798276428,0.4382717847463648,0.0179958891639476,0.8980608487755398,0.9697584794131698,0.4307907695527663,0.412545195,0.133767672,0.614634146
0.4991289177758576,0.6571369895158108,0.0494885483086028,0.8593323297211255,0.2388360486388405,0.0956274579024708,0.3381793212583711,0.223943940109818,0.3744313612777035,0.18064093,0.179896286,0.133333333
0.9128802585577728,0.6337892361041463,0.4875794554425422,0.1931559129696608,0.8069761677131578,0.7031005046166521,0.3265308229240241,0.1437258853192811,0.6920092194922609,0.176162706,0.618409466,0.64
0.592850936500324,0.3394542873578607,0.0720191121095743,0.7398879597966659,0.6745117899952031,0.7829272616012581,0.6938514269367724,0.2898729075149037,0.2714978825925943,0.13884501,0.445234246,0.171428571
0.1363457077893283,0.6162076041326892,0.821570702449103,0.0403219095476894,0.0458380116486699,0.573650109869974,0.5255670154146035,0.5499020382232997,0.455076844413593,0.299262464,0.410880242,0.647058824
0.614171726992063,0.9700776055597984,0.7494668789605116,0.0366331475605391,0.2489080567193731,0.0811580988434611,0.4411115797566189,0.0132130046039804,0.0544411612030423,0.381068089,0.188511868,0.369230769
0.7829036495581781,0.389999305811188,0.1057158810445886,0.2097650022883196,0.068719964565457,0.6485029820157856,0.2667767369511403,0.788772124879064,0.0678509248744843,0.127832167,0.482617122,0.24
0.0538361930784527,0.3577939995097418,0.7694166544492287,0.2646585926868225,0.2059840255439823,0.9098298341440594,0.4406992643245092,0.2660837763839659,0.9673160280203468,0.148300858,0.216595481,0.6
0.7417976707483125,0.315272635836753,0.4757708297800445,0.4815267799440136,0.8931312952273335,0.9290042800674414,0.9314164778741874,0.6249805642775498,0.691482733825411,0.168850863,0.536300915,0.231578947
0.1941110954769666,0.365439068841394,0.7995115651016286,0.822589785494482,0.2738013604934506,0.0645508822866254,0.3339208612684599,0.6870065180672402,0.5880643847613533,0.136441135,0.157358471,0.571428571
0.2647722753294105,0.0899160483214642,0.3940537637673883,0.3826668980666491,0.2359886635014655,0.977795646511206,0.8402387400392621,0.9400256750013378,0.4110937562199943,0.107804131,0.391431471,0.342857143
0.6316954606289847,0.3158246855743178,0.6643805019450867,0.5043301721174158,0.6114609894218789,0.2414122282389623,0.6707459789300606,0.892040892319833,0.7237212732242991,0.198435306,0.36834448,0.581818182
0.4136912136765209,0.4701564886545801,0.3020811483222699,0.352253582539064,0.3281857274890799,0.0723566652695643,0.8547650285134938,0.6523143089104558,0.7284887344668566,0.209641826,0.101184415,0.0375
0.1920797172511548,0.2326699113802919,0.4011635919456442,0.6121789965671461,0.5180988331775896,0.3972613608177228,0.9778243470736852,0.3656843282467139,0.974412504411478,0.143171204,0.240044151,0.457142857
0.0744135464196534,0.2822858011770665,0.3636975394881032,0.1445548684598674,0.6793706039763964,0.1918494787961084,0.2401698641277181,0.5554863815292752,0.872170645582074,0.083292287,0.109159326,0.266666667
0.5038267922569144,0.0373763973937166,0.716665361776567,0.8918203785278719,0.9633127165203452,0.8692677672613437,0.323168723533776,0.8554992734410007,0.0396307126601015,0.055713528,0.533088491,0.553846154
0.7087563463584537,0.9373254578278042,0.4526809764693211,0.5354369028019097,0.6394986020700985,0.98248732075086,0.3664832568292254,0.9813376195343132,0.7429451289146759,0.332912588,0.564459827,0.0
0.9715891628889646,0.0292096748735249,0.7599567515080261,0.6013263257808944,0.7271977869801077,0.3930707816642104,0.2950363573789439,0.5251348074969727,0.293866359490054,0.066679914,0.416568275,0.6
0.6416655759645101,0.563222423417444,0.6665488950019834,0.4395550170144343,0.5019482961342219,0.9973863666052256,0.1819616500444836,0.9405118170123768,0.5690182677348802,0.176679056,0.303488709,0.369230769
0.9213353373411108,0.0101133398414366,0.5883350978805443,0.3584704985918555,0.968988748746196,0.0388991206863986,0.3600814429610594,0.2930372050852531,0.6902663305362166,0.064915155,0.195265148,0.48
0.9693932096353076,0.0590756947191363,0.1128839102880714,0.0916197951243401,0.7634085195527321,0.1216124962903861,0.0130516592923761,0.4603288165523287,0.169917955659412,0.045466429,0.190324219,0.0
0.0121696472143265,0.6034801701332855,0.4220592730940441,0.103956783436246,0.4774742563469309,0.8904673301935307,0.1144264517528667,0.5365402679238411,0.998909964115553,0.222743323,0.284961127,0.355555556
0.6196504543888868,0.4462563835156877,0.8327066287220297,0.096753576601345,0.919794171477068,0.2011078836712658,0.3832972062479231,0.4284337676254287,0.9257065442215078,0.194107812,0.32754028,0.092307692
0.3461894090373256,0.4746820798241545,0.7608242377231418,0.6952026444433985,0.4889097521451814,0.1418703027748764,0.4688879069281063,0.1709774092684307,0.770911288156514,0.150392923,0.177501949,0.369230769
0.7412755890592008,0.7719242807506309,0.630930350047963,0.4822689617270481,0.481529924233948,0.0467472540899595,0.6539563470084411,0.7008330164637837,0.2779689563299509,0.515004501,0.136534356,0.038709677
0.5954996350110243,0.0589277808793836,0.2641060250427881,0.2913940480777518,0.7596225389970481,0.4235770451334946,0.8839262609910257,0.1756420232792105,0.4446789376837727,0.082524349,0.330904969,0.030769231
0.9452814794054908,0.2323840253584245,0.2328001817165059,0.1224329422486403,0.5459643394254107,0.0419765238597867,0.8625746043445396,0.5274350753655971,0.7417427964435686,0.105371746,0.253169036,0.466666667
0.6683414361449146,0.5874358865610331,0.7537680652901889,0.6182804533848815,0.6251823065925749,0.3375106403739007,0.3613950527024603,0.7397103730474088,0.1423981827219532,0.213780764,0.287281957,0.8
0.0758695217290071,0.6626333555473355,0.7516002252374716,0.1117285313953176,0.5259759582744172,0.2221271947282197,0.4656447169527564,0.788890105661384,0.1550904244623658,0.283005909,0.205312973,0.685714286
0.0787778627844991,0.4478776685912274,0.4003328349829689,0.4458172148519514,0.3062747174459818,0.4517360040808506,0.0439545253831159,0.267731695020786,0.0812696760810396,0.162859311,0.116505544,0.171428571
0.9217576574999912,0.2711728819921144,0.9852936840672216,0.9967560118298248,0.4190007811301075,0.2508856569029434,0.0521844466262342,0.5584565359104774,0.649554033597248,0.102145847,0.386117113,0.0
0.8764938506833984,0.1246814922262783,0.8004306983749503,0.6418628888260929,0.1322702305922375,0.4967943688714984,0.7257115782896573,0.3801764743563893,0.6667604795907977,0.13667607,0.478897633,0.0
0.3966759351512082,0.3279328031215041,0.4563503993145861,0.6735835199558533,0.6795748074506165,0.8274993520994718,0.4328847950450415,0.9573319309895336,0.2931967684255518,0.088382896,0.344090104,0.0
0.7896994728374965,0.937484698155426,0.1820135640215168,0.4477549470445044,0.0673435739677255,0.9860458470558928,0.0708950567849349,0.5989555522021914,0.0870095201676992,0.274800923,0.709131542,0.8
0.3253371489126442,0.4031727557484005,0.6769687017999834,0.0829774736423794,0.0318882985066558,0.1278438228675403,0.8229919686704104,0.8950919350958844,0.4766038381167663,0.232107304,0.148689893,0.075
0.658549173738627,0.4278964952979763,0.9905253904093164,0.525307436460518,0.531454839978411,0.8580541825172907,0.6700132187622181,0.8070245287403498,0.9016354405382916,0.26107652,0.526849875,0.082758621
0.7380632505312243,0.3426707549813382,0.7407771612241049,0.8698092882071615,0.5157381076664833,0.7135539606281578,0.641936270752904,0.036212335712715,0.1981108223695291,0.185071552,0.536139375,0.0
0.1432148565884987,0.0007441440384614,0.0699315002824908,0.1494302179944552,0.7606196954956099,0.2405802443731375,0.8265333520818003,0.3736237295148072,0.9626420441389798,0.097773269,0.162143798,0.228571429
0.264782746037998,0.8878026246983542,0.8492245869745542,0.8194971302970794,0.2151855747806029,0.7178273794013089,0.1008563896983715,0.2405927282774677,0.4313806652566109,0.328384038,0.473885693,0.705882353
0.0095734061439385,0.3875711279816736,0.7626829915469081,0.8967336177502111,0.7873536162246331,0.5102226704736479,0.4491646420983656,0.3646365147512006,0.910928905614696,0.159637923,0.205457622,0.5
0.2424532539793455,0.9384176629187329,0.6993932404311733,0.6883108577018037,0.1441845646829626,0.1233551443915145,0.5621908186339915,0.2342048984371553,0.4562795551514605,0.588626561,0.090225716,0.0
0.1622325031473516,0.0670640177429682,0.8437979957870643,0.3332203278754416,0.487290436114444,0.8790076768659535,0.6530155670365827,0.2957968504012886,0.1745376783443996,0.092088735,0.314436267,0.163636364
0.6151402215075239,0.3954066734156874,0.3051185122887422,0.8170429200298135,0.8894734913205707,0.7537348504902591,0.5941519362848828,0.146669470754137,0.2563667463942949,0.180020197,0.504591785,0.109090909
0.2924290482251297,0.904293102271774,0.3926539452895009,0.7608763644650087,0.7643226821920575,0.0895553070756857,0.4015951117808084,0.9703329664510916,0.8636627479004999,0.318060248,0.068277836,0.0
0.8059044159364049,0.1511732644037371,0.5559692790145054,0.355067260236792,0.6772525935454333,0.9241513202397384,0.8974849261953084,0.4792412490788843,0.8812228796455719,0.132566107,0.726559803,0.077419355
0.1214478533749777,0.6923170717143098,0.9963689983752816,0.7349951287866119,0.9759283607487014,0.2565686641685998,0.8414412432209419,0.5245811461528871,0.6919239602229909,0.438781009,0.216584749,0.490140845
0.350993982716192,0.6576079971573415,0.5425624580682213,0.4975592797120588,0.0617688797951092,0.6113425394917746,0.9219850794012598,0.9647628036939012,0.8133384459288718,0.345954797,0.367116366,0.0
0.8055576494490136,0.576687221893525,0.1921688959968214,0.6406076932249576,0.1394382863923821,0.9771330742658754,0.4693974568411008,0.680005902672046,0.3114898641307995,0.143475481,0.533408737,0.252631579
0.6675541563481642,0.9406042092283616,0.2561618119839762,0.9162399001351184,0.1643039049948312,0.4483562523060065,0.8762045165234681,0.2562477900548163,0.0165228457636468,0.479371792,0.290618283,0.731034483
0.4658294374204634,0.7901471694830253,0.4919857541451866,0.4177223538127056,0.8243138665203612,0.069551309105349,0.5012852518444555,0.7833787650319765,0.5043303977421146,0.454578275,0.205584524,0.465
0.8633434771058099,0.1447769504938555,0.2444086003653655,0.1018204829462013,0.3503339369574907,0.0420694455792947,0.8769854156425457,0.2074425136565135,0.6240696653471438,0.115275194,0.194172408,0.592
0.1952098609656957,0.5469598953005468,0.0080291496966447,0.6551163228593224,0.4251248847740115,0.3056224777161791,0.7589627316188985,0.4639012212671135,0.3403484220828552,0.204933202,0.288158163,0.481578947
0.0107022053580425,0.9401383070538974,0.7069250971273232,0.5405049717236245,0.1517747374371845,0.4574995253822974,0.1432375492777903,0.7333549523171724,0.0619282524090619,0.335911067,0.265216984,0.72
0.3153932229869645,0.774939018472626,0.1290562325413138,0.8867178894262439,0.6295591350735493,0.512022245014697,0.4557899507862218,0.4480057972798917,0.029333482388129,0.219791017,0.440084174,0.372413793
0.9688662070445088,0.3460910596925334,0.8761864006591646,0.5683548702824369,0.3613898215958576,0.9964877046351532,0.396843425241819,0.0141682408983513,0.8108123414267085,0.127328298,0.554993069,0.0
0.617032021382712,0.3285082135169241,0.5910549561425394,0.3196169964531975,0.959292496257562,0.4525260146812645,0.5797069347978183,0.9707455019655647,0.4004999822223953,0.149936777,0.51125887,0.482840237
0.115674401330546,0.8388019054659562,0.1659690440686188,0.7537107922356252,0.3142361013045945,0.3923545660971497,0.281212311823108,0.569602528877826,0.497733506141831,0.207573571,0.124942891,0.4
0.3440985156655614,0.2905404968671258,0.2322645509557852,0.691885043385751,0.7713970281422227,0.7333239254580717,0.680707535282678,0.455006503666288,0.5460047500408982,0.130956424,0.238998567,0.0
0.0292221218609733,0.2955238562749518,0.0531855290475343,0.1516385809509668,0.1730931596041479,0.8552545825675593,0.2008436194773827,0.252154069412996,0.2672738655370619,0.095607183,0.279983118,0.0
0.0121481011523838,0.6742517652094402,0.7689035332521932,0.2221044667365314,0.3353937432671627,0.471509380815664,0.5875733901691945,0.2741475787968874,0.2198716077580759,0.351518953,0.127848846,0.08
0.6351313359631394,0.2338027993914203,0.7627695922027773,0.4551642189578431,0.8267195269423852,0.1434193463590547,0.3840102275377716,0.948379637263468,0.8465465110570712,0.106390208,0.230837806,0.3
0.1557319422184347,0.5266977428346497,0.4614571794039022,0.1632138392120466,0.7188888333526332,0.4016444405813635,0.280039727480858,0.8289194305327721,0.4804171150820713,0.214624178,0.387582104,0.666666667
0.4393891894740248,0.5618541968724416,0.2193886472790962,0.9884895013224188,0.1986745505540461,0.9532105717915538,0.9852242694071252,0.8787617106964103,0.5764665234286018,0.301919778,0.465222865,0.234782609
0.5060567894425927,0.6723750414849932,0.7425345496888995,0.7666581573273825,0.3878873007999895,0.7809769691750836,0.4410341917302567,0.3603599140644424,0.7095694823421715,0.230154027,0.508627367,0.352941176
0.1530983396183791,0.1248534257128104,0.0727349769664582,0.2401996833661653,0.902313710800564,0.7182878147905363,0.3859734435583574,0.9800033696980636,0.5287567042984499,0.06253758,0.307600741,0.0
0.1345723477375341,0.7184503844974315,0.4248985161406032,0.4282336111015528,0.603758845210725,0.9433279264004106,0.8482813267002377,0.4594016211276406,0.7311151291020506,0.358224103,0.372563177,0.4
0.8963187620421461,0.0735647524161011,0.9044115695651088,0.5308503357049268,0.9982239321179563,0.7938852336239922,0.4351387270076777,0.7483733284087125,0.8202670262303147,0.063538443,0.575968402,0.24
0.7034700860243344,0.6556991404546575,0.908047471240859,0.7399958839730689,0.9715417036681468,0.2954072895393018,0.4734203551237617,0.5471999567526161,0.196722150510599,0.151918473,0.420718987,0.16
0.0712745089447381,0.3166884386096279,0.6989996213866367,0.8223673458292547,0.0037939480371018,0.2573223364131806,0.671263450554332,0.8138283388590798,0.2219220829432012,0.168813926,0.186917414,0.528571429
0.9844515798158944,0.1399163153969257,0.7088624329546062,0.226148533518803,0.4178571378162663,0.4179518277106708,0.4897112058353714,0.850062773262464,0.1552647904357657,0.056961786,0.524528659,0.545454545
0.1343935170843732,0.6640450780343229,0.9243920763074114,0.7830232625690626,0.1334490813470025,0.985972743532591,0.869799970547889,0.4817258750761306,0.2559114384515248,0.359604663,0.300041942,0.0
0.3722575898248611,0.5516826768930677,0.1899038783716802,0.158315053885833,0.8845077151889065,0.9508679800289372,0.0358948868478758,0.2820870416202072,0.282465818084531,0.211250894,0.54902778,0.72
0.4242332739351662,0.0934052218563107,0.061506477738236,0.8760922962608422,0.1429717173337292,0.1875263121013592,0.9954128638720752,0.2157282818674646,0.0442310015084675,0.074608963,0.263976704,0.680851064
0.5732770360811403,0.2739326394259295,0.1580100065855264,0.3685065034466158,0.1555788032111044,0.7951471180508586,0.2177594478549307,0.6576600588192515,0.2168842840804161,0.075418205,0.435887093,0.6
0.518501351329474,0.7298602974676967,0.9802626084985524,0.2249823705751215,0.9117951587269804,0.6677062784702886,0.6774743333804484,0.9924928603028378,0.0408768196403276,0.298809716,0.379579076,0.582857143
0.7138010633605982,0.4418001339884885,0.9991088393988968,0.7111299941391177,0.8418957965664449,0.6158295639673487,0.1371390083011295,0.5768689890207542,0.2530773517158292,0.192944389,0.500719851,0.211764706
0.0686305155444115,0.7364386801265204,0.192750738651243,0.8111850302822587,0.4464332049185082,0.800343444552962,0.4850728303558558,0.1469181837866511,0.77579262728861,0.270165822,0.228210023,0.16
0.4054863125872212,0.8798713540527187,0.6534849471527904,0.8434618217577764,0.4429844502757307,0.7384880602634987,0.800114105655757,0.9375926059582164,0.361518349740471,0.503860129,0.461312341,0.192
0.0893622864742261,0.2024576250336094,0.9124560231686494,0.8140968318973556,0.4038601183976266,0.0224310137740176,0.0749180543896542,0.2181404279674667,0.0670448961540408,0.088833204,0.033053061,0.971428571
0.8882388647454393,0.8781601891673861,0.1042315858615993,0.029045204956195,0.5682825958128012,0.3647090042022267,0.4643808311649812,0.983465896009204,0.7863664292693144,0.31272705,0.53504325,0.1
0.1110477871008243,0.9777551180779254,0.7635670894917054,0.4743254287165238,0.2876813505591551,0.0310595552322012,0.8431514943465873,0.521985494658852,0.355004813213297,0.640923482,0.050996932,0.42739726
0.351433160366988,0.207299957219515,0.3478850226935963,0.5855247132364271,0.0570169453942157,0.2299805659815897,0.6996884564097545,0.5992584294685117,0.5576555185031122,0.143528466,0.192843851,0.088888889
0.0206225526282778,0.9842273647487496,0.7393288590376755,0.6894719832251771,0.1516317241339675,0.9171654275649866,0.7548640860687765,0.1767887969643793,0.9716474062091152,0.619163677,0.307781631,0.0
0.5751324181597263,0.1814736097381377,0.4816845702734259,0.4027486301688249,0.2021808113173594,0.8122718309156247,0.1218493233464946,0.6883843321956963,0.5441571664543674,0.095456924,0.570186166,0.64
0.9463968048357274,0.9851169086843464,0.3942987455081144,0.1086463109965039,0.8445758120330247,0.196235728675483,0.1809448444805692,0.1595695886450031,0.0871208933169856,0.409521769,0.323700666,0.8
0.0279161769868164,0.0140573032796276,0.6653772633495525,0.3147923603317775,0.1966899720034608,0.2598216661983821,0.4781227362268545,0.6044551157745842,0.1106737476538821,0.04641121,0.186164718,0.55
0.1395763552097767,0.0853507686598626,0.9838438346958828,0.229732726902061,0.7385944593874676,0.365910405877536,0.9415268172865332,0.9310803042130872,0.5568041028486783,0.128015709,0.294194621,0.378947368
0.8968545634538461,0.5255405846063299,0.775614403229444,0.3199969414263839,0.2184784834004504,0.5836531193803296,0.2669898976249933,0.3711986391979649,0.1298159761795437,0.170164761,0.470379645,0.666666667
0.4730714105115022,0.5944405613145526,0.3555100092478945,0.856196045865525,0.3534932182290109,0.0019742636029211,0.1676854508698833,0.6959433042553563,0.822803038475392,0.232470419,0.050812577,0.36
0.1153269736626759,0.7562795279788599,0.5341685201841238,0.5635866378261709,0.0666655987460858,0.2564149330769574,0.3531931489314354,0.5473445059148183,0.445856165798712,0.27995957,0.095338618,0.0
0.2080413926085302,0.0006448540326534,0.5557561015238022,0.6740908489818604,0.7488485014115829,0.4578062339166472,0.0325154139563691,0.3447137975262933,0.5328548160667799,0.059072937,0.298653015,0.7
0.1841773788423483,0.7730406785282505,0.5332088595580451,0.6998361115925594,0.5680095791904887,0.835185500067655,0.8849520702433834,0.1689995485267903,0.17222050116117,0.321433006,0.312404206,0.118032787
0.4112302027983487,0.1967883731648205,0.7660019227261977,0.3592169222308188,0.4838287748367945,0.6637143681326787,0.2699373388184207,0.3758998323205763,0.7437575776651072,0.065040127,0.453177401,0.36
0.6026195852743619,0.5314654512154386,0.6334298532218786,0.3043336104883741,0.7990882315163699,0.537148236262854,0.4625718078197839,0.0352875552558992,0.0834953738919774,0.164148053,0.512021044,0.266666667
0.1181155882706805,0.8129406420484317,0.6026369364988514,0.1926978279557725,0.3905286365555721,0.4626649048625354,0.9711819415847586,0.6459190172461337,0.3251434037721911,0.433589699,0.331210354,0.494117647
0.0478587446595376,0.9508637767736488,0.0925624518673499,0.3483675019312773,0.0211280098690429,0.1835242202907474,0.4668997540276026,0.9923061938922242,0.9063538906429046,0.381198371,0.161848823,0.444444444
0.7002852819652123,0.4736722102679995,0.2016653183257553,0.3321859559193263,0.6748472023038081,0.6346824977755917,0.0935217126483063,0.8524759692216971,0.914006853927986,0.102571427,0.405773705,0.16
0.2669316572661899,0.5589190007801493,0.4034468493748456,0.0214179035331723,0.5506281829479424,0.7381829757235632,0.5505087840184596,0.2772659541586663,0.7724179460465213,0.298525928,0.386797044,0.234146341
0.2841991732489902,0.5648920603734497,0.8596534370386612,0.5256692843098267,0.225301397858778,0.91366295015703,0.1866085421689877,0.4527104495877284,0.3241880698228885,0.110627883,0.491184433,0.0
0.5241458724952757,0.9221704681471716,0.7604003303548789,0.6165220581141776,0.3958405107894982,0.4651139978763609,0.3300895336966637,0.5426191430060388,0.2412633692405116,0.386195906,0.23223395,0.0
0.2623326883791347,0.8022958538180871,0.6093147746067341,0.662260060121991,0.5478602409954644,0.4807010189374003,0.3930141416020231,0.4153457234604067,0.6584538426375242,0.407584362,0.193929672,0.0
0.5544085689497467,0.9515028934904086,0.5034602726265969,0.9597839851244944,0.4455539619023078,0.9610769979567846,0.5371197232722394,0.9352373435255736,0.0768633265139125,0.480734816,0.543327292,0.354929577
0.3021317170030027,0.2964566138705362,0.7564921889580253,0.3878741994119892,0.937752991491688,0.1522694299352464,0.9376158951900324,0.0783288712361405,0.9858146141309188,0.188699884,0.185440617,0.266666667
0.4374485696707187,0.0827854861910548,0.8969811294404678,0.9192873011193364,0.7891998554651842,0.681505435083655,0.5254894972189066,0.2052402487022159,0.1687117089552398,0.118224386,0.448130008,0.08
0.3444921041092605,0.6681804546287982,0.4079328793270077,0.9647177247402042,0.4734604843940214,0.6412560277941366,0.7561324245278597,0.5476109332683076,0.0833148461566012,0.279964863,0.414197119,0.252631579
0.929869742707748,0.6949603749343878,0.6452093952768715,0.807327174229895,0.7200746732237628,0.5769650996190465,0.8740748076041424,0.7033334489830577,0.017812372746108,0.324013434,0.387904893,0.24
0.3081003737892869,0.4077124103373659,0.6759388993232218,0.9140868736422484,0.8998278721217012,0.1503039811307481,0.2260030201923163,0.9300846518900736,0.0170712217067019,0.135025859,0.185529603,0.313043478
0.0470356040314612,0.7097126595567105,0.7489329249637422,0.8900542363012495,0.9234430624815404,0.5777823799287893,0.7404815412669188,0.7443883938469105,0.222855812591128,0.335092223,0.23147279,0.097297297
0.9807415616063831,0.0838918599708009,0.3688753322678585,0.4937041033347334,0.918203294591127,0.5190531073009607,0.4586648208493292,0.7265240246874982,0.4327328365449616,0.059725689,0.467411181,0.1
0.0647616320042531,0.9482574826916854,0.1705318387602928,0.1066610236821595,0.5807751999907748,0.5313393250516812,0.7448541939516417,0.650656402811831,0.4328822356421835,0.481162011,0.184198141,0.04137931
0.8747493531976743,0.8947877278781193,0.5232222630961777,0.6459957014846675,0.1977694283695543,0.36003907226605,0.3509456948009923,0.7882598656653785,0.2719850835816396,0.477085668,0.225914378,0.72
0.6859138658460526,0.7802210749916834,0.4179832138063732,0.9567214134073426,0.3466548895987065,0.7645686517380867,0.1139006386052436,0.0257780582121192,0.8957389765280541,0.318443675,0.496753956,0.2
0.4269275731942563,0.9594560953736878,0.742915583874089,0.6710846252047519,0.70791639773465,0.1673850602956543,0.5153754308328198,0.5258829789290604,0.8050710288385605,0.723956256,0.310059844,0.367346939
0.35385760493312,0.3554955968549967,0.1810548907325962,0.7889600134377748,0.8901258216372454,0.8231861821477834,0.7384449092618598,0.4045822432485627,0.9560606547374402,0.197294605,0.33834494,0.263414634
0.3458257499729809,0.7296117215576896,0.2993899477094918,0.1654905375778483,0.3129561420592726,0.4800938132021778,0.400600425261874,0.8646706162617799,0.251338279818447,0.273558017,0.374898101,0.0
0.0234530196030603,0.4292603593855221,0.0446984561426277,0.2679047326865903,0.381301360937602,0.8517139728931338,0.1146880600161046,0.9971980518901318,0.8121874491665421,0.102271939,0.336282802,0.211764706
0.3066757565019734,0.6560528987621883,0.8137665812413327,0.4653509867829629,0.3464987565837421,0.8909687994069545,0.4914121952841113,0.2082531766066133,0.5661755363610251,0.252018288,0.494338967,0.0
0.0724829464125675,0.5743703918903921,0.53001248048851,0.1811630214425462,0.6990894268276505,0.1226404591259233,0.0378089175794168,0.2206159540322362,0.5040110394413533,0.214394378,0.071797942,0.369230769
0.6861773353522613,0.3400978953803272,0.5753271904496865,0.2748511905038691,0.4111922967242299,0.8046271711975196,0.4469597254186113,0.732465117151167,0.9189365305407234,0.130135022,0.562462475,0.0
0.3230282524293691,0.5087117556093367,0.14368533135382,0.8307143505962522,0.0932989505885515,0.1724893580388327,0.8925184665955549,0.478523199145435,0.9530547348343588,0.264369352,0.127566041,0.096
0.2981855544769571,0.6995835111945679,0.4968746871195476,0.6712872157085006,0.4132759359901611,0.4320405905384993,0.3535847501839998,0.514340305905643,0.7510462885676639,0.211538273,0.361191276,0.15
0.0683766029199288,0.8396043186616529,0.1107452043397659,0.9150167267334886,0.3908854755765568,0.4492467509981568,0.1905526992776682,0.6347838216083984,0.9542533271981944,0.217406228,0.206552365,0.545454545
0.4549923838675569,0.6305038141776568,0.8275284083663645,0.3756247894771339,0.1424138143201226,0.76088937923391,0.342276528418297,0.1087387185687343,0.8739630425187995,0.232148061,0.666828065,0.0
0.3135302580947786,0.4652912771874924,0.6229439418542086,0.8163654488883221,0.0790168870231055,0.3478819261062109,0.892366819183016,0.7129388756627212,0.226553570849306,0.185438447,0.237290664,0.0
0.5259940316925005,0.962692492490196,0.7798123316648954,0.5156332597379325,0.1239242395828981,0.720007077467797,0.5661453510473163,0.748992492093621,0.9058988329482685,0.787570929,0.562493723,0.364285714
0.2603163218126954,0.5158169777204548,0.4453982044208208,0.8344184040473008,0.3052790693295183,0.4558616257281337,0.4331910956616049,0.46386951582899,0.4806738763555772,0.156111383,0.291308403,0.327272727
0.3660293096763295,0.4167002659385307,0.6532524928241474,0.0091385970015216,0.0693295422201698,0.0747655320043755,0.41679188953005,0.3792116588277185,0.5473062993862443,0.119309234,0.13367396,0.6
0.9267444969728564,0.6640478550262331,0.6393393722097581,0.4889502852627579,0.2676833188471673,0.2000515177983804,0.7583454488800659,0.9805906727068548,0.4303083037806913,0.373800789,0.335203291,0.127659574
0.7720397649219085,0.7278876853411077,0.0826367484657676,0.6914389780606792,0.6357496668497721,0.9711927122969676,0.2446322500659815,0.5224355251499349,0.4557736620604151,0.242311841,0.638662446,0.0
0.2805166413332447,0.086320153031593,0.1137892217310706,0.0250828309557487,0.1582713405284924,0.8723884072675661,0.8918455457710751,0.8928650913737348,0.9301472375776793,0.119748212,0.396758377,0.252631579
0.5019373586096672,0.842596414539926,0.393776915892558,0.3794963489704422,0.6587247255109143,0.7675971948793814,0.7645164528130524,0.0403100574279169,0.7198626881428969,0.524518794,0.578175644,0.415384615
0.4124009331291447,0.1022139044894083,0.1521192776366068,0.2880805149421214,0.7715410750909926,0.6635583914513221,0.6082358452149744,0.2799222130390569,0.6016395708797766,0.096044906,0.41630869,0.0
0.1578140579101412,0.0611818780354941,0.5337573454367746,0.0813086590019896,0.1962442112294022,0.5286557063982016,0.9325321770927818,0.6722924103355854,0.8092476940415015,0.120831529,0.398222616,0.466666667
0.855458578786519,0.0654794055502396,0.8167638752355003,0.8831676541711533,0.8139122846741671,0.1126293029334896,0.930111374761405,0.7538775239807103,0.7513799258289797,0.093844264,0.252236517,0.076190476
0.5110017007021743,0.4746207351740014,0.5793012276975852,0.4181272445252295,0.0955884327857647,0.6596181466615686,0.8016678841663293,0.0671020546472503,0.5867265022544386,0.2220661,0.421393897,0.0
0.7224960202515457,0.29947007035777,0.3361226849776711,0.1870301742869198,0.8947115974921419,0.9006557345450158,0.6487597443529913,0.1240283631868267,0.5921128929594994,0.15247648,0.519313501,0.230769231
0.8574126991870906,0.2526828526165167,0.6095951134230012,0.6359585725246744,0.6004661892139845,0.5542780270987784,0.0622014108721836,0.470250337350733,0.7258451500369804,0.100750586,0.453380187,0.266666667
0.334960858258677,0.0823109475693639,0.2723257702905374,0.8662289862257828,0.3214375162832075,0.4814525791407132,0.1104135161139338,0.3098991726136884,0.0524441417577721,0.058612253,0.294337441,0.2
0.5030948129656929,0.0228410027133092,0.2350333319452491,0.3307416406036854,0.3662311407864811,0.031018672744558,0.5635327696179167,0.6649501356094184,0.602002050191581,0.10434586,0.106885869,0.218181818
0.0174297004046083,0.6051772448855615,0.0822332653203262,0.7579301697317629,0.4930717990487584,0.1726204941761562,0.4803403704757323,0.4353923306114827,0.6284840128993455,0.214664684,0.083374204,0.355555556
0.3343530308872446,0.6884245255255795,0.7642848596242935,0.3264591757000298,0.7324387178779626,0.2401157197638029,0.953732973548267,0.050100277498687,0.0084515008107054,0.307498544,0.234548622,0.777142857
0.3358432401856289,0.3788735424803152,0.4668006578673405,0.4972782426639743,0.0310416248035109,0.2072987755063684,0.1598834231710113,0.2996154045484072,0.7846538346006525,0.108764731,0.3003047,0.0
0.3151535393371898,0.9165705213315856,0.8112841456527993,0.2914675926898138,0.9899274892458992,0.1252884634434992,0.327769286801459,0.7015818373676237,0.2677689553568785,0.368214951,0.220228296,0.409756098
0.5803934784002047,0.5591568421467893,0.7001944173743709,0.0913564799744438,0.8447791308102015,0.8838359831925598,0.1265824605510205,0.6498591050840165,0.021919335156692,0.137411202,0.318574091,0.66
0.4391883113213262,0.0433528936357795,0.8364442428075014,0.9286821509842116,0.8830840793709477,0.9073187706650336,0.3016201401987226,0.8014091644966003,0.6295762228651964,0.062392405,0.335614816,0.0
0.6818227883369875,0.5033379151982564,0.5255833169373765,0.7031667177352512,0.0392987139207219,0.8685504320485159,0.1895888245475034,0.9709677302071495,0.3670224832786269,0.11274328,0.550949196,0.2
0.8028583494284259,0.8980912783029787,0.449044216549448,0.4390701309539273,0.0692744052346938,0.2923384120654202,0.3243726438155905,0.8552094950081508,0.5264235136902398,0.384601286,0.470315504,0.52173913
0.6123843318043926,0.6785569852108906,0.6695536945396805,0.0643898542417433,0.8433550256297297,0.0506484884489194,0.0486438341758767,0.4749078920427548,0.0430387176434494,0.197768044,0.120632223,0.545454545
0.1288988059391267,0.7627903946118525,0.8256050731098898,0.8893313718434959,0.9226516332751342,0.6967238011314968,0.0759294988481164,0.7409068144852217,0.4561798647679492,0.322061293,0.569059805,0.0
0.1301896028356567,0.3434705070712736,0.8769665250808254,0.7663543135975016,0.7839395614327105,0.4238568960964675,0.365119316775957,0.7754826141639418,0.6083923557010309,0.119784558,0.224144242,0.24
0.3955443287173597,0.8094445224997165,0.7341775459557851,0.2897086620092191,0.8139890730681479,0.4821263024983666,0.8187464424848311,0.826861498847387,0.1328198436778463,0.49265377,0.389515527,0.539130435
0.2363279476366263,0.4904367409739363,0.3749651289909492,0.8380615033514204,0.09954081284398,0.3733439607905824,0.4969293542588942,0.975249765511124,0.7057960357990113,0.156795001,0.042711635,0.0
0.2066474583415093,0.1647123783688439,0.3591521909927114,0.5886731578400145,0.5382629108354469,0.2346912476764012,0.2020523224590783,0.769785794064829,0.3331206429592644,0.07560568,0.159112599,0.413793103
0.6790928116958401,0.6341586806998079,0.4948549574881667,0.4082920028187679,0.4689649969922451,0.6575693792344707,0.3539548737658213,0.2268070107002662,0.1854857749407122,0.170232653,0.31686899,0.0
0.1713607045182986,0.1950440216255138,0.2993067820165235,0.4264607030278492,0.6672425323438369,0.2929092406744689,0.8627664283137377,0.1347815338560931,0.9815205361078426,0.146592723,0.282942488,0.092307692
0.0332733020837037,0.7604856277430994,0.7555029273286493,0.0337168146884044,0.7428613247307461,0.6587850192699517,0.2815855891935829,0.8070058868080807,0.2392327902767921,0.275999808,0.260756058,0.342857143
0.6601825837749734,0.0465848235146093,0.6051960228061541,0.9825276115057214,0.3285710950879199,0.4915729450195495,0.6071682690215281,0.0650598929550699,0.2485008128792709,0.092445804,0.506131671,0.0
0.1276141153784284,0.659580045539259,0.7328243284459274,0.8352686800667563,0.7640067792713527,0.1371582091875157,0.6986933916767853,0.3741582213719903,0.1267642265147867,0.285602581,0.108021676,0.52173913
0.2263027870587358,0.968877507897442,0.6203970634548308,0.5640411778605289,0.951087204710506,0.2246967972607686,0.6577755543571697,0.9192225619073464,0.0404892113282367,0.5898326,0.106137213,0.342857143
0.437070371855999,0.9404800002053708,0.2381047254889703,0.0783952769213195,0.8484512026176735,0.482851212501999,0.0252434788705091,0.0862729961457625,0.4400680158949038,0.314600625,0.424853548,0.25
0.5079572799237551,0.6545628241823065,0.926855696670424,0.7281429156084485,0.4818758172958318,0.2830270343862605,0.6357437966003424,0.0484248737789938,0.7579555286527324,0.421599015,0.45707376,0.578571429
0.9000589047118296,0.8232435353446842,0.7922122429540808,0.5366719999754581,0.553245818551025,0.1702000938882761,0.5927006853106682,0.4354979506444008,0.9102238887698314,0.471706907,0.41353069,0.541935484
0.7450539919703164,0.1871901182802466,0.2438683299747639,0.016846276898437,0.9338806756465068,0.8909265247969642,0.4960883507074675,0.8788251726424856,0.1181235909669788,0.06353526,0.695935781,0.0
0.8051508310141967,0.2727433670893515,0.9837411197421264,0.9416649943963386,0.3801602207282223,0.6598188381356674,0.7820365503438552,0.984823348864268,0.4504898983054347,0.116619647,0.5100404,0.0
0.4766116468426004,0.979743524796566,0.4824641925434033,0.376170341059401,0.2658609275709775,0.9498571928486208,0.400608171957262,0.4428106700212781,0.1231994264312384,0.526761622,0.426852599,0.545454545
0.2009654400117362,0.9698288291084272,0.2230606313283333,0.9797819909892308,0.3740289550302923,0.5648954539420774,0.7598525254996451,0.5927564679763302,0.1934342377925827,0.673355618,0.266142587,0.06
0.4154191119355138,0.5106697341255056,0.0627691453969799,0.069150618546766,0.9126488724516576,0.655123809211323,0.7802104486271839,0.3331486220435601,0.8058545718267157,0.25804198,0.434201183,0.690566038
0.7642902961386568,0.9091765576204768,0.6742096323239014,0.8024133829093327,0.3729393656065646,0.1833577218160827,0.1486336809989914,0.2456033078140785,0.0548446756368931,0.350374962,0.458641696,0.0
0.5964957248259685,0.7396932988560834,0.647399240895896,0.591432769277169,0.8668912187948667,0.0290020451489356,0.5389865625383506,0.295055861322651,0.9414393708762536,0.508311875,0.061673666,0.0
0.366897733281608,0.6081870272621448,0.4522076543109172,0.1958839531696971,0.2336902494951745,0.1340374072303365,0.9538878618855664,0.1619932946578279,0.3386501496316112,0.308759002,0.316734719,0.709859155
0.3449989274552095,0.3880594690058954,0.3163439887135394,0.4374901820740969,0.4655723006759166,0.8777761009476583,0.2564938987647509,0.7723445389917516,0.3292281177266233,0.108635609,0.407672283,0.15
0.710383540485571,0.1640266476009252,0.621116201946771,0.1457220634168333,0.0180557927873404,0.2882134721066188,0.0039571014482318,0.5682347718431252,0.9830946837853698,0.088515736,0.336521369,0.0
0.2054004676089109,0.5858837117035933,0.7436076128317766,0.9006100889159876,0.5236493179636078,0.0849922856149243,0.6757711111786804,0.8009909839203984,0.7164307491948231,0.296316577,0.040156681,0.0
0.530697156816673,0.1731895177271916,0.6027228972942364,0.4098810718309587,0.8738518447662352,0.9155892488920082,0.4457534019090855,0.5084985889070536,0.3142530786181728,0.094509204,0.652571449,0.24
0.1232591300856548,0.3809606869028307,0.0805883755691589,0.4682211188709546,0.162323278931728,0.0414362406629409,0.3997361629776641,0.0246704946411908,0.8366401765093044,0.05553729,0.074523524,0.218181818
0.5072819027581578,0.1243770186115432,0.9488942213156492,0.9796813418743088,0.5773933472189997,0.1294431880714724,0.4235558055602013,0.7529540762762642,0.9433686111570354,0.099732924,0.221745603,0.266666667
0.219399480849966,0.814055309966954,0.2455539656209007,0.05214500643888,0.5556686639261981,0.5542954882238734,0.0524166186172726,0.9020613911453702,0.1040360962495849,0.283611991,0.320352964,0.564705882
0.5419079455105621,0.7461058996668868,0.8711754993674743,0.9060985067117482,0.3830416506472474,0.6117752885742628,0.9546633172005724,0.4770372364406205,0.9843106028016272,0.335719638,0.348654112,0.0
0.5457556559853654,0.8939766178695135,0.7795191155340558,0.9882800601784276,0.8273363284725157,0.6242369083705869,0.6183512158800991,0.8278362901117878,0.1861187507205488,0.472792824,0.436649191,0.293877551
0.4131890710476221,0.6222915979642296,0.0212046722087023,0.3874714409014452,0.2667638861647068,0.1285426949155107,0.7558250036910794,0.7170156241831152,0.0151864498811425,0.207932419,0.11182169,0.06
0.0714840139789911,0.0013268514004932,0.1555075473238127,0.3150898203988241,0.9393693748773853,0.937296201373808,0.3657773248386164,0.2758787005066027,0.8025430806633675,0.054984194,0.29332475,0.672
0.8942318425885114,0.7379643060980978,0.3287738486961465,0.8685106979768676,0.7145616900997461,0.7614047180693704,0.6949136226127004,0.7557065026506872,0.9278383388715736,0.390330406,0.487153973,0.097297297
0.1384240453634466,0.358195803451781,0.3838970261632169,0.4919955687516256,0.0125795319940873,0.5444401876024719,0.8504815814905312,0.9111708849064466,0.6233126757556593,0.162307504,0.197467169,0.0
0.1325399520121803,0.3195769870759953,0.4573194369032886,0.6504885904027556,0.8714368338671384,0.9126263923443694,0.0249007025310115,0.1708052054106984,0.4531478192176412,0.087360455,0.491194878,0.266666667
0.1052947391614187,0.8403401379704085,0.2151959333961851,0.6197063371177057,0.7559565093546821,0.4814520009316978,0.2857410134267183,0.0005999073213441,0.2708942081256631,0.311870866,0.311231615,0.672
0.0723259383792966,0.702378274639272,0.924567402015595,0.7201903518091018,0.8057316258667276,0.5039077077972143,0.251642389567054,0.3166819733166131,0.0246805301694752,0.190515874,0.140210963,0.133333333
0.9674674810908388,0.5304933092355391,0.620007272796816,0.6703056760366761,0.4371787714917686,0.8257053828743053,0.1357478557412915,0.6589935359909694,0.5794119815837205,0.197490912,0.366226478,0.0
0.7123555272126402,0.2364143802073034,0.2136526236445641,0.5736502605727968,0.6001124529477844,0.6842741073811787,0.4176348416155643,0.4820441717052227,0.0843741240289388,0.083125678,0.353913248,0.54
0.6747183255723238,0.6105037537853815,0.5985437532193604,0.8129555841216423,0.5523661396461135,0.0557655433086534,0.675892075660098,0.7750841174551786,0.9838873352843092,0.360146333,0.162322752,0.342857143
0.0454271123541409,0.7119622127387435,0.1769426436700686,0.8138847873323299,0.6107214148583368,0.4348137166470464,0.8934636579516569,0.2252269246064611,0.4980037502715497,0.373224811,0.225246838,0.701298701
0.4704118657196509,0.8343873068280802,0.327906682878153,0.1240776198252032,0.5783630582590509,0.6675228954840196,0.9206731859250432,0.5869652351254362,0.5652375292207553,0.438505022,0.355906366,0.08
0.8025816740874551,0.8774090073879051,0.5833974410958613,0.6411625161471897,0.4387857746775575,0.3464460514655724,0.934010820626842,0.9036028968128588,0.5866929130226521,0.522503464,0.368382056,0.070588235
0.8006561172074254,0.0214698976519061,0.7593570898387587,0.7098175887784018,0.2011786859598335,0.8372790579877265,0.4856982713833299,0.8214347672012835,0.9229653929921924,0.058651493,0.334330741,0.2
0.1135219371778709,0.3534103081246401,0.5679832317346737,0.0451576611464296,0.942247292413938,0.8543816866612155,0.286791575688467,0.1386408538197434,0.5521119502283044,0.154158115,0.361232138,0.45
0.3045981525611924,0.4703579157748047,0.8722981463337378,0.9518629084732768,0.4383057562448522,0.2235866467689072,0.3208639762203524,0.0419508612216928,0.0889915212147162,0.139601579,0.20108683,0.0
0.7295509768690285,0.9349592128844538,0.3971375142800755,0.7928171534556345,0.964965019567415,0.2740667722906972,0.4906464453364296,0.7112352455049716,0.2837661236902511,0.296903414,0.329674715,0.436363636
0.1401439656260559,0.3785417552769005,0.8120114885747723,0.6513116228598235,0.9630702307834268,0.4653080585361052,0.4672389161814045,0.2190389424765784,0.6328661487185764,0.12809859,0.271252718,0.64
0.5826636007971298,0.990530106406696,0.0285905248985538,0.3913532650552147,0.6727590800700446,0.7490452597965904,0.5439484484044399,0.763460782309715,0.5411460081218642,0.709898072,0.469327474,0.591304348
0.0897495864760085,0.4313099983780187,0.390096632203658,0.4310518640871774,0.8436584857505455,0.9077739752429694,0.7447363379959903,0.4686706060926078,0.0923278529618536,0.162246971,0.466189543,0.737142857
0.202540136538594,0.8907672557753833,0.0663469511215743,0.8936159292573038,0.5827667557556856,0.1219707237071179,0.9764745506160531,0.2740151030972446,0.3102433980084399,0.43395202,0.15716778,0.58125
0.2291327260265256,0.4733627805988434,0.062455034619044,0.0527246571473825,0.0007337245863668,0.9985511263981568,0.8507448257856081,0.1321147953639981,0.4558753193202913,0.175774677,0.508059412,0.15483871
0.5940045362347156,0.0676076649548786,0.362083346010044,0.2983343533279623,0.9677923998524062,0.8680709269892921,0.9561054281419104,0.1550493482423121,0.233237943092702,0.142003028,0.535598668,0.075
0.8276246827414482,0.4393233369892458,0.0002110450488371,0.5291756179184067,0.3142617570410276,0.6939049144827223,0.090484190616783,0.8070147808794885,0.2941296721478149,0.094002124,0.595725112,0.0
0.4405906876857173,0.5815515725403675,0.3936321864964798,0.7826352996043394,0.7420017991699719,0.1231313790323094,0.2196103737637067,0.7574517199138706,0.1938013705536185,0.198354047,0.096863809,0.72
0.4784027516342731,0.9174825980971618,0.7692527402778304,0.3220900314036649,0.7569097108679249,0.0463684902433324,0.3747031007506703,0.1852144565689861,0.049084447866361,0.293942884,0.079377495,0.342857143
0.2225528016967176,0.505104358656764,0.2386526959751415,0.5278274912441921,0.4711272304697934,0.4088429546691584,0.1569355217841507,0.1229183758737961,0.8382294435456398,0.151723416,0.37583218,0.469565217
0.1175416355282926,0.0184389707108821,0.1703821386833064,0.9722471449725014,0.9871051395413782,0.0329746193205938,0.108201613057804,0.1263700825333348,0.3823735554010861,0.053506618,0.125795805,0.436363636
0.1047056977855587,0.5628622504949494,0.3345136395489879,0.3577545646155456,0.3107495065877469,0.567494496122622,0.5557680091243745,0.438960871888748,0.5705498521842547,0.311788074,0.284109025,0.21
0.4140018701148487,0.1529106281093281,0.8441162512706453,0.0298949229529488,0.1842448779164217,0.3084250143185232,0.3053625590615727,0.0402928863393398,0.6234914101891386,0.073256894,0.278169409,0.0
0.734445767388906,0.6308530903683897,0.5940659111272929,0.755164796935429,0.1035234468290623,0.3958949983355325,0.4942929981072453,0.501500062155886,0.9374745497475684,0.250302943,0.416433327,0.0
0.3450743013985262,0.3066620744589013,0.1879888594621475,0.7892370272814268,0.9647476436165598,0.8987330385156741,0.6562825012750836,0.9412828545757994,0.7433295309511466,0.188663537,0.558547963,0.168
0.4583111960800902,0.8439691928952195,0.5379388438653976,0.3496212705226598,0.5905461779345816,0.729402224527382,0.5344732097274949,0.1862052573336895,0.6585669593790243,0.525792774,0.503934559,0.038709677
0.4308129444587435,0.7843054594694009,0.0508787482566532,0.7209110450104995,0.0331355003625661,0.9219422224216742,0.108613048601236,0.7593996558590471,0.443366760902085,0.245255982,0.485280037,0.0
0.9094888565590754,0.5498047574762666,0.8667411065518235,0.7358891924922204,0.5776389237307824,0.2221022912423024,0.3145982114106778,0.555504275309248,0.6008061640727368,0.167584819,0.095864484,0.0
0.907642165383606,0.8835052775173053,0.9024128850760322,0.8312396716245184,0.4756953460499926,0.352032762793945,0.6379270339621307,0.4180360354292417,0.2454691018193061,0.580657331,0.405949169,0.549152542
0.855336543814695,0.5320670564166162,0.9137045570259952,0.1853908063849415,0.9314601966286492,0.5186654946010095,0.4596372893831212,0.5504213800624386,0.2057498634317851,0.192810986,0.433704128,0.342857143
0.9571769520159664,0.1750278732434496,0.7760374499790832,0.5482450050165111,0.2647110059691867,0.8738256522647532,0.7895803702098697,0.7583205576562816,0.9020950882743332,0.105140261,0.601103884,0.216666667
0.2671737692972175,0.5814040228068773,0.4997230350751984,0.3542113119376642,0.8394481613860907,0.3617131437583187,0.2165964907356262,0.6242734198628735,0.1097742337532591,0.166720232,0.143305718,0.32
0.1282103843429005,0.1121803205129455,0.7923573132655397,0.5471318436249472,0.7675191130818761,0.1362246850558996,0.7551817793862026,0.9904130482109182,0.652706182134507,0.122952752,0.140561546,0.357446809
0.583760799631205,0.9033820952797428,0.379340382056078,0.6128043023053872,0.4629301838049167,0.4808495370657161,0.4549025394401325,0.2204146611104835,0.9266630608886516,0.369008033,0.576150554,0.0
0.0172809218406135,0.8624844036699271,0.3331461856408944,0.9766842486561852,0.3266739045471425,0.3558762679325093,0.409521328165138,0.9974867013263824,0.1129183055038345,0.204120102,0.209956397,0.15
0.8350784255713661,0.0880916152561834,0.2213635382773193,0.8988586710061532,0.3253382535500558,0.7300420514807682,0.7865599818546135,0.0965971468400367,0.7560483550326982,0.111296024,0.47080868,0.3
0.0088480118852027,0.509350518250525,0.099338685813646,0.1332861101736048,0.6581567252979834,0.5852796486003718,0.5126019787877863,0.1499650587726999,0.5996143524648464,0.180439062,0.145882518,0.063157895
0.7239796104104025,0.6914165459474588,0.9498099768906716,0.0979135980809263,0.1272440704865148,0.6074622394795021,0.5801596352508761,0.0415886769816553,0.4422255539883952,0.344125734,0.456888549,0.405882353
0.5695418413614455,0.095275493626877,0.6174155087032214,0.3200680147641849,0.1202153022195692,0.8840089995672735,0.710165745456312,0.8226146230919197,0.3892848698643076,0.125228709,0.560421388,0.133333333
0.5618643842065528,0.7116002915080796,0.387257864148038,0.2198475011488447,0.7367231821734523,0.888634841084334,0.4888089123015587,0.960582168999163,0.9176739674359248,0.221134815,0.549757115,0.666666667
0.8511205751480394,0.6339097329376853,0.6123372255727941,0.1579087691707494,0.3010050832587554,0.6161502194436689,0.992597254018526,0.0224323587158803,0.5295521092554782,0.374584393,0.543254101,0.39
0.0696743926791952,0.5193125564185487,0.6490402835098833,0.7331666901747298,0.1111190685634716,0.7737669250493554,0.245525181509314,0.0469634696504158,0.9667621520460564,0.110339499,0.407233721,0.0
0.487356253766791,0.3954188478538711,0.1064528765004597,0.7958996406939571,0.6263312331886197,0.9409697690728218,0.4014243532850363,0.9443421409481896,0.1018852291851747,0.108537464,0.529923561,0.654545455
0.8641998794447059,0.2410412077974697,0.7773814647028903,0.1654670839550344,0.3993469159420928,0.2273411486612245,0.6860852618477901,0.790933890636276,0.8089314855324415,0.185976082,0.341067408,0.225
0.9263248512880292,0.8398928164151951,0.5101184531927521,0.8208284242879661,0.1524814434982122,0.1971639371446313,0.2372115708776706,0.5054566101361332,0.2127484098769135,0.324204479,0.300031429,0.0
0.8037239984969506,0.1176456287011425,0.1783376400287233,0.58447581676868,0.6788559828857147,0.9839812817215012,0.3162227677785605,0.6464009066233314,0.8467413798164075,0.07178109,0.584012566,0.218181818
0.939679066584182,0.4238199434511212,0.5139161932174386,0.4953404545877894,0.3009664239196978,0.9977876861184896,0.6333656235444676,0.8496626199636442,0.4332061666071979,0.246478373,0.609641574,0.0
0.4858080833308118,0.0770557248723305,0.4264833908500112,0.8487909899782567,0.4128316438638958,0.4633677603802482,0.1647942405519231,0.6293868721066951,0.7414590752737544,0.062310686,0.504516099,0.171428571
0.4061995873111672,0.0669996909806828,0.1076672997351194,0.6225277337015399,0.7438213610799982,0.9895837917412724,0.6318116137999268,0.0876645148263006,0.9963211782920964,0.103931712,0.512918277,0.0
0.5462606990990132,0.6458350316841623,0.1656364636554073,0.563896683695716,0.5230270800742797,0.9766254352779348,0.798254274975746,0.0294102192445517,0.9278468973332276,0.281499581,0.595072733,0.0
0.0262151812130585,0.1371135784592413,0.2218836166574538,0.7060987206528679,0.3249654135244906,0.1883503102825204,0.4848537277497008,0.2373212157861921,0.3852446823391534,0.067245663,0.038759978,0.0
0.5419803087999638,0.6042750051590778,0.2974801566152791,0.549667625638953,0.1077391901918251,0.2373774031730761,0.8257498066719406,0.4214611434582008,0.3720980007236831,0.339607027,0.150079651,0.0
0.8775669333733416,0.816861078879659,0.622474833743204,0.7722974694414452,0.067106925214552,0.5521918847169079,0.1636850005953297,0.0199428005688315,0.3905510874945231,0.3445455,0.50229861,0.0
0.6931155446848613,0.6292130743619571,0.0974642998415737,0.6684772142558911,0.3239251393450248,0.5120819873250526,0.2220732870787245,0.293173773200301,0.1901663151313553,0.133107232,0.43687049,0.436363636
0.4462452817682322,0.99005102348979,0.4505470427247233,0.797049053613655,0.2438569448519432,0.1779643621091637,0.6712285370097776,0.0878976442779582,0.3703972150671655,0.592457672,0.205813025,0.068571429
0.937035373155822,0.5795084354840858,0.1424240510837534,0.8933765396588462,0.9737620207117486,0.7684830915825196,0.0910515412296658,0.0618971382145654,0.033570397498528,0.221639803,0.354312414,0.0
0.526900223388111,0.8200936133282446,0.6239904339873767,0.4053044190988133,0.3630156544839975,0.972061418971109,0.5585767205634574,0.4185238203565186,0.9984248900863596,0.361541518,0.572425048,0.0
0.1830478218421642,0.2954001889967214,0.4151085770206288,0.5280879884546847,0.777930436578078,0.8574874353940404,0.033657323245865,0.2601949822645992,0.783130671034897,0.076259,0.513497116,0.0
0.5048226720687872,0.2806881117186742,0.190768745230732,0.2209622950086349,0.4139524439600289,0.8887242049772506,0.5496579493893927,0.5366374502239697,0.1388509301743813,0.160384243,0.389673615,0.162162162
0.683225334749176,0.6100332891033042,0.8962905678041276,0.1769188691384915,0.0653822884128633,0.6487307240353392,0.0830874037706649,0.877187264952024,0.6315550721288435,0.223777719,0.585849419,0.32
0.0586852397143642,0.5297063430635401,0.146717190329282,0.9506831278655394,0.2896973878504937,0.1132806342187968,0.6865425065131998,0.2567768105552912,0.309172760997172,0.295075451,0.101514886,0.7
0.6196667386652419,0.0175390055732789,0.1353905576401709,0.0780642350146018,0.2217976743122065,0.0298074097956319,0.911594385424286,0.6955697770269084,0.4509554152495024,0.094633158,0.114455241,0.649180328
0.3996103304906188,0.1456250810885119,0.1645647592663882,0.4999039742131612,0.0555450446440085,0.954532351626364,0.6985330113605704,0.1140342354773243,0.2903177135817824,0.105401023,0.437041113,0.454054054
0.1860047153148862,0.6477593158425299,0.6624413593289401,0.0672083305504203,0.0398727085370899,0.6132045907663802,0.9409963978541348,0.0969147010695141,0.0265178898031426,0.299525508,0.319101704,0.621176471
0.6883696852087577,0.8621524966043481,0.6772732933104134,0.5246801970430703,0.432589688117553,0.2063071730307667,0.2644421573012503,0.4657817902793443,0.2430108819911259,0.332485529,0.396803731,0.222222222
0.9552314054471324,0.8780220737788542,0.3537681513011628,0.6422705637023682,0.8156653155169388,0.0172177396155712,0.1222074918983795,0.4262299477124637,0.9340402476685504,0.35592432,0.182169214,0.48
0.9841355164148948,0.3759096447730943,0.2953323322620939,0.3619639238023908,0.8308902116185847,0.0943828857926657,0.6584840628289447,0.8484266326783358,0.2746474748841077,0.166854642,0.350081723,0.629268293
0.191051072191202,0.9644871234875144,0.1937341215270966,0.3502741432989382,0.2685651424971821,0.1871480167174928,0.4689838339734516,0.0822835207752217,0.8637048592116022,0.501521559,0.219958634,0.6
0.1501254216343752,0.7783788169576674,0.338484091893894,0.5068207666912461,0.1660161761605394,0.2309700022455507,0.7208196275525313,0.8932063149156064,0.29604894145415,0.43099093,0.132396566,0.195348837
0.6294043632600269,0.4547353804263058,0.7530646655920106,0.6238086551545678,0.276170156287472,0.4466193737826057,0.1282728761406759,0.3682785265257599,0.4383184353638757,0.156292212,0.223609146,0.0
0.978167278254414,0.5449305331364918,0.7961569201701215,0.4161628640625632,0.0161505705479479,0.9246599243132948,0.4214176735730666,0.3109116338027696,0.2798804400688449,0.165843421,0.595603977,0.514285714
0.5424671102252882,0.3639657973036593,0.9238861408511552,0.8219636379339388,0.1313078437511016,0.0756124303282241,0.1168140927004929,0.3182542145562739,0.5705604352347747,0.140682026,0.207553074,0.471428571
0.4563289149484836,0.7529830249657428,0.7416197447670891,0.2836216393416684,0.2836052304310497,0.7724520752363377,0.6075840142213409,0.4431075424312094,0.258384025578616,0.416272032,0.514459199,0.318072289
0.9255508296554495,0.5421805009569483,0.941622461385137,0.7254113126250408,0.4691619790351984,0.6169435785184515,0.3594523873673473,0.832416122734872,0.8210208892840609,0.243190681,0.467299904,0.0
0.1897310851136822,0.3206945482667793,0.4262409253154726,0.4780150774070937,0.0766267222091521,0.1638904879321451,0.18181832465194,0.3319592815880726,0.4693919272841286,0.069901288,0.159003438,0.685714286
0.3186882503011312,0.5168972745960742,0.2655486237821564,0.3038426886125723,0.9326934680436152,0.8742568699378624,0.4005659934169998,0.978698666276276,0.6277047622751682,0.152420577,0.554887828,0.6
0.3284449954064179,0.1115943722781315,0.7869430193697331,0.6053318146488448,0.063811860815143,0.5637023055462237,0.52223805604237,0.6253395123089858,0.7143906772043497,0.088743072,0.286005975,0.021818182
0.7869295990972931,0.788177377099786,0.0570716914891492,0.3887580150791723,0.9120966483785324,0.2263710439762484,0.2422609293483929,0.119364097512977,0.6842724918085883,0.308520404,0.215765339,0.3
0.4437365346694039,0.2307126448264899,0.1300592721822697,0.6174784181008648,0.0725981199705196,0.3628564095596335,0.6898961023135782,0.374209033519605,0.1837060766793922,0.105352568,0.328641252,0.367741935
0.4895565063566277,0.9789988869602468,0.9658550375184674,0.5829387393102311,0.2157962840175664,0.5510812052887962,0.0849734504741029,0.9527151497433832,0.6582581223190921,0.491241055,0.298771867,0.0
0.0322460380209184,0.4194563780284823,0.3148061192525848,0.4305923357574156,0.0710886414949998,0.8606061407830502,0.4213668578162297,0.704735581876346,0.4038421171497331,0.132958716,0.260122656,0.0
0.8631413653748401,0.5713480121440112,0.4148396311681951,0.7909957673014041,0.6226240449813744,0.0832606168227626,0.0140930707224703,0.0228082063236907,0.6608807570921048,0.197941375,0.322277998,0.3
0.2352576338383668,0.7740957591663832,0.1381281472172706,0.4389244085529433,0.602758427573888,0.4745936791332448,0.5501631114656153,0.5352639804075862,0.1602834580831101,0.40345583,0.352445464,0.484615385
0.5736068786301177,0.3626280339694894,0.3991457308313387,0.9959412681246436,0.533402855364053,0.0331724289372152,0.0321594558982263,0.324012764882172,0.6431491204458636,0.098599315,0.21141608,0.6
0.3734925565479063,0.6806909438623555,0.8754218866098462,0.4947266410670581,0.5096818425931369,0.5721336417726717,0.6998673235654629,0.5620389893447038,0.8304384766929137,0.564048568,0.352542119,0.0
0.49034724376999,0.103155845088835,0.588143252977845,0.3665639325056415,0.1504018147475719,0.351261273520154,0.9971905406725544,0.7344321245119871,0.5809289729049089,0.103580239,0.412816503,0.390697674
0.4850174929144062,0.8378159431313487,0.4926070086073698,0.3613709293453656,0.7165686065240895,0.3143713622679704,0.197269959071594,0.6194799090301162,0.0930909009845558,0.323574446,0.300804303,0.109090909
0.6808091188768647,0.6969838508731685,0.4298590951441262,0.798897089769951,0.4676494267149578,0.3040272091426695,0.1713005238624363,0.4196086511873131,0.9746129311714832,0.284704161,0.415908478,0.48
0.9181810146897472,0.2531569571232944,0.7427588864629886,0.5627733885705587,0.5912026792007632,0.9732742730979936,0.0295436459821611,0.4205090471055089,0.6414644554745156,0.093295467,0.595201683,0.092307692
0.9878178827173206,0.3650655283050664,0.8865037754895543,0.5859387031021399,0.4818378451439897,0.1195106508077625,0.2601064886265454,0.5082347424494593,0.0238332538901122,0.083666015,0.095299159,0.327272727
0.3529255398073604,0.4036204033117678,0.4482663310226843,0.2037860236951637,0.3985323900059042,0.4798242382551707,0.963927189016167,0.0574748032028121,0.3520791346372668,0.217053626,0.376825334,0.4
0.4775471877962789,0.4615486267225909,0.0866875999168899,0.0235711128940735,0.9129342292229272,0.322150415877234,0.341841728989709,0.5387992322053171,0.8576850422822838,0.192449995,0.355522446,0.4875
0.4521820500141399,0.8332121997769064,0.4175805246253662,0.343515909386319,0.6216476283577934,0.1882562222172328,0.2308094422878827,0.6679470418579215,0.2525284090226922,0.360053388,0.161153862,0.0
0.433766915638559,0.2045705288560745,0.0593587111899134,0.622834209884758,0.1100385085120743,0.7576607105964723,0.2367885191080033,0.987551239873717,0.8615754219394607,0.084929092,0.388322064,0.085714286
0.9587605508907232,0.8567702333799471,0.9602714492834644,0.8203961146591199,0.6901070585628342,0.0635167321401793,0.0488334273929506,0.9299978860069832,0.8625033585332625,0.340868627,0.239476639,0.568421053
0.2666787105521508,0.8902576105624554,0.5118268806885393,0.5194599399643575,0.1077162524610314,0.8549765185602273,0.5904068945195987,0.5003205451243858,0.9214848535793996,0.619538064,0.454773404,0.215384615
0.2468824060302139,0.0926315394422642,0.1142679776863693,0.1011626630764538,0.5615954308977529,0.4037900769650285,0.1370721523959238,0.2839528012186953,0.8019837270327086,0.06579107,0.392793948,0.56
0.1724847044911591,0.7458450668354577,0.163512585793276,0.5978377323589399,0.915542451838118,0.7856197169155966,0.3405849768046972,0.0439527915613053,0.3297632779148978,0.209615133,0.316371257,0.0
0.0577796877596131,0.453535652079845,0.059414487989314,0.765570913638977,0.5591865062551103,0.5720555023774186,0.1154171543101426,0.8684200887960151,0.5650719699808864,0.142188203,0.204224908,0.070588235
0.7475687277825894,0.6351843961353213,0.3268746432729841,0.1044120643295243,0.7889537616435183,0.9826951924157727,0.4370810099491382,0.4615663347132652,0.256813825687079,0.255155203,0.354028879,0.4
0.9157513139907416,0.3126103648395971,0.6738714353032083,0.1618456549048162,0.2235996484099687,0.9559170731915876,0.1928298484692304,0.1985814688447428,0.4112101144591458,0.101907204,0.593399773,0.6
0.9933460201425592,0.314234730349876,0.5757604776090792,0.9726204631107688,0.3823412195316704,0.562278646173042,0.5276198805490573,0.966075192462787,0.2118360245169467,0.189291965,0.390608933,0.0
0.9222588479415302,0.8847422407493892,0.7204776440223019,0.5375019100803978,0.3436714986104934,0.4867327603455375,0.9346293211005376,0.828528045666811,0.9038346458021717,0.506170556,0.546149759,0.194594595
0.3661452738868282,0.7874956159493036,0.6325870305465512,0.6293012702057106,0.4420132471089205,0.9579653759802904,0.4918590949254229,0.4799998706009369,0.0349415835433309,0.190409298,0.420665218,0.533333333
0.9571047627335678,0.90875588984554,0.3814038652351093,0.5477777920262915,0.7964257371921227,0.8903778942008371,0.7581863472447006,0.1012044625572101,0.5825922344052582,0.485793426,0.622957107,0.388732394
0.0990439490561111,0.995697971508068,0.947637262448891,0.0968598250263476,0.5908179467204647,0.0417252621964797,0.5167328955297694,0.4498284695009498,0.4333737072143265,0.715671233,0.073748175,0.644210526
0.2163008404862553,0.8233535787800839,0.036226256861706,0.1341715493923736,0.4790241267987032,0.7795222008518066,0.9387105490254511,0.0578378075800425,0.9927349846736202,0.418412358,0.451787347,0.133333333
0.0415835398283698,0.3776276957029014,0.3775649417448012,0.753564638595455,0.8992627572373009,0.29809457690169,0.1365449265838016,0.9844102032601222,0.2822498543108429,0.110433805,0.172465101,0.381818182
0.4723400139276105,0.6978518689897694,0.211301056076287,0.7964563881410336,0.7427801982916477,0.6345936822594013,0.4271792016933898,0.9162282438071808,0.2436970802201913,0.186125056,0.475913772,0.0
0.7292763528034844,0.2727566726345625,0.2986677558012729,0.8912957373317905,0.035355597455609,0.1692358461278398,0.1326144693232224,0.9031728317226532,0.9355915336369892,0.083039197,0.220558596,0.0
0.7718320253309978,0.6816581980396845,0.1154667506939107,0.3391197486473063,0.4911391599734086,0.8826092392126326,0.0315578180494365,0.940404211287708,0.9257677247170628,0.243976432,0.528677627,0.423529412
0.018526860387357,0.1427550761053485,0.1225245989299906,0.9232713456315133,0.3188619678937561,0.020845323645954,0.4425124205227435,0.6200683914308182,0.6951492607737437,0.077412963,0.02611456,0.276923077
0.4938821929704929,0.7491295885296543,0.7107822219135003,0.0583209611044452,0.9543726755613624,0.3155896168672503,0.9159177297024929,0.565400468627078,0.9932933935091706,0.448237138,0.468676899,0.618181818
0.612880168459489,0.8349108682902248,0.7944079366686437,0.2396260947710009,0.8110913223300832,0.3788825080714554,0.6015358438548037,0.9193464894223392,0.611692668198318,0.456483375,0.459777093,0.4
0.3520776705607265,0.4143235603569117,0.9689529899909834,0.8554231563219452,0.3429093975280739,0.7371986972668306,0.0251580399685806,0.2751580109392725,0.1322926818923557,0.099304736,0.460873772,0.0
0.7651536162126019,0.989918112706518,0.9535225983063792,0.9443704510731232,0.8925877138739144,0.1341359111868288,0.0889382975046639,0.0474215922641275,0.4333122047269614,0.686887829,0.103637075,0.0
0.219985330912059,0.8518836652915095,0.0026090492315961,0.54474825736334,0.0231692373557734,0.2568445419139463,0.4923055060341702,0.5574686680936309,0.7113986481337945,0.272699097,0.183901245,0.4
0.6255221357758274,0.8202963418909441,0.4012423117936731,0.7676254805697098,0.1916858581142706,0.4233821307160362,0.5294125028665598,0.7687936941278123,0.5262623880618367,0.388876954,0.432201472,0.0
0.4150352178724826,0.289235883258902,0.4083471631863278,0.641115168918482,0.8216101507589432,0.3739666735629016,0.0637428826772665,0.919759173164283,0.2953287100034384,0.086651867,0.255593017,0.12
0.1969346628910518,0.7305138753341491,0.1404643361825459,0.8407272810592009,0.1992628615320235,0.1706418801556583,0.9236053802671472,0.6630929438822228,0.3863719193715998,0.351324374,0.247837358,0.610169492
0.5257051289545992,0.4577201858256664,0.9567449742830504,0.5457773000577043,0.8671716275802135,0.2542101273049341,0.3345970349761133,0.8120937169048783,0.194084330738449,0.13304031,0.495974069,0.32
0.0871278108063776,0.9452148706535622,0.1675782993125326,0.7758588721182745,0.9328414540972252,0.242351819097732,0.3116529120266813,0.9485225986631306,0.4039864244998186,0.348157136,0.268274468,0.514285714
0.6344184535558861,0.87449816443686,0.245996656525485,0.5915486783869527,0.5345247506017277,0.463413420330952,0.7339748993001274,0.1987929891103034,0.3065566580364344,0.465114836,0.461648919,0.535135135
0.3231008000141415,0.0864017534032604,0.1958415283856365,0.4906502988704807,0.2481162816281197,0.8550100621583631,0.2243680733449726,0.9323986420977532,0.9572049759503825,0.078522515,0.626968076,0.3
0.3356045343530532,0.9808546465399648,0.1554064488551222,0.1991329412522594,0.3550487836855944,0.6842234505431011,0.7398164476793817,0.6270595439738798,0.1865244612110654,0.550493351,0.488951362,0.426666667
0.9444367996195778,0.9475161164762708,0.8279657453810138,0.5713113655129606,0.2946056900533637,0.1610247411465284,0.7173891644572044,0.9590100186431204,0.8797542278821806,0.727633308,0.334137889,0.057142857
0.2982290491224347,0.4643614866626047,0.6462284399027013,0.791188624281321,0.1347021948354362,0.1584814220420222,0.6300201270714298,0.5951842731462665,0.5948062372448281,0.283756521,0.225660144,0.6
0.1621255477462674,0.5793840162092059,0.3739702670640504,0.6201958685894398,0.8172932806718872,0.6293730660864483,0.243456763435484,0.6307165939880172,0.4603195033351837,0.138209222,0.261106142,0.0
0.8803505326792391,0.4873648530229996,0.9084043324916344,0.0211552062134445,0.3505523485084738,0.5240371210695469,0.6214411367270891,0.8015441415166306,0.5652630626714292,0.220209966,0.591986642,0.579775281
0.7854499768806933,0.1119936326932208,0.4081271836887377,0.8359341025663539,0.5616002810757682,0.2221791596325832,0.7777959276068006,0.2191434244180766,0.1877018592884649,0.101960125,0.226361217,0.346666667
0.2522471671429663,0.5409353528277363,0.8573425162142063,0.1148598357940863,0.3548712088647889,0.0262418135441362,0.7711863787658608,0.5751072671390995,0.4234790848497306,0.360546286,0.084208155,0.663157895
0.1474588421046299,0.7504089437378539,0.9045240527766876,0.7592732632367947,0.5321546423223944,0.5946618356129273,0.8027495387971056,0.9205170548817804,0.5027020674074432,0.517505235,0.315146854,0.087804878
0.2969153764196307,0.149751405574812,0.7445500311302033,0.5663598818753182,0.3120521444769543,0.6020197746019516,0.6242460532298033,0.94911398978948,0.1257295787589994,0.154102892,0.24000982,0.309677419
0.8105521991398106,0.2752710832622913,0.0821594612770845,0.4405112754337772,0.1711460147720394,0.6832128009604085,0.2798559525166911,0.4551575383812382,0.5861469837396545,0.075576492,0.524047691,0.0
0.6684405675312395,0.2701356110846135,0.9982265347292122,0.0269272124990392,0.0244424373748383,0.1120594971981528,0.2892855614521658,0.9536347537274956,0.2123550893837473,0.102964445,0.355195664,0.622222222
0.2971527578707569,0.7799551197691976,0.2148841328030969,0.8298112143230507,0.1288802476028724,0.7261024654423909,0.0994929680133419,0.6001225354298767,0.2286666269905971,0.335374096,0.409947096,0.709090909
0.7858664613777686,0.6614267198572108,0.0821437193919425,0.6241381445759804,0.0232884300192752,0.3020914383179818,0.908114030461221,0.1973902512888032,0.9830298092608644,0.374938215,0.317647752,0.0
0.0990418649710488,0.9671620139689244,0.604889807990742,0.7993319222639326,0.3137635135191237,0.5524090027971472,0.8389518838310014,0.5003466174630716,0.5716727484512824,0.690043028,0.273258247,0.345762712
0.3883548367729128,0.7655841838910585,0.15951735269113,0.134485466970172,0.8724855974999879,0.4286044867105701,0.3106093890985385,0.2849998887059287,0.6981175774718178,0.305950779,0.293182672,0.16
0.4901170735362935,0.013526368694563,0.9868158221736022,0.7031327257226324,0.0067406510209334,0.0717289192804331,0.3820561656756756,0.6479133148314897,0.8480059826714502,0.070361294,0.085230193,0.0
0.4495645727334189,0.9384694526501536,0.5574129664192194,0.2580733750552193,0.5424451635883414,0.0679852574466832,0.730517332070965,0.6065606659471605,0.7376309469957962,0.519076226,0.115826686,0.351219512
0.681692235281286,0.2188739325419608,0.4500483750091423,0.0195731082261282,0.6379872271472902,0.4469245268322322,0.5025560796539157,0.6122510548464345,0.3285527286064844,0.122045556,0.437973026,0.034285714
0.9509330556611626,0.3904050967682121,0.8914043706787841,0.8397969758420105,0.0689778022559745,0.3246665601035495,0.6423156270014958,0.2757426292075493,0.6480752166439755,0.331405505,0.438086896,0.333333333
0.423302551116915,0.212854132175153,0.1428524796163334,0.2166334597619109,0.3976004692158268,0.2601161761803272,0.4283307776732662,0.4923496769527492,0.3017466321945599,0.095112624,0.322373817,0.3
0.1398260831836173,0.1767603813616987,0.2808148204819761,0.9574383195565556,0.1491822003997021,0.0248328767196007,0.3677689534671342,0.75816912957613,0.3600546049511239,0.080362934,0.004607009,0.0
0.1954441905117057,0.5129686281198663,0.5243444806057319,0.6393852252084558,0.4916924421284582,0.9463120829615724,0.9250493768769976,0.8043854118151704,0.1412834552731036,0.240037171,0.431362396,0.486486486
0.7313545891212584,0.4450727281732112,0.5719586850101052,0.4584429654301436,0.8628360825745653,0.6533586478988023,0.6039725801514054,0.089428941643217,0.5830912902300003,0.19139031,0.500137653,0.030769231
0.7616664951480678,0.3764216032023494,0.3564779962143518,0.7941618372884672,0.5135374461957467,0.6005537384474432,0.9847817403710438,0.4133693487276769,0.2745078623232992,0.196551881,0.520089507,0.421621622
0.3657120295303908,0.9317253340019106,0.4664121452048768,0.2721793078830387,0.0383214930112212,0.7441008612123383,0.7662836832276415,0.7529031205262259,0.987669640286944,0.701113079,0.380548006,0.2
0.7575712150008628,0.3207305353258161,0.2002165529899573,0.3957583994924284,0.122408000293955,0.61762269720292,0.3095988886009932,0.4756332457612098,0.0507546637982772,0.103246784,0.386461549,0.533333333
0.9214873174357846,0.9724156525075413,0.5505940795449115,0.215292433340641,0.9517538675483352,0.3755096224905482,0.3458152394388083,0.1770363738837946,0.888205960367303,0.409869545,0.324428831,0.0
0.4354230568857066,0.7439968092848631,0.0041863697879584,0.1505732233156917,0.8245117646362802,0.3714287994901168,0.1439303198288702,0.1264347802328298,0.7245324573047681,0.206875752,0.309605998,0.0
0.0609256334278623,0.9669375059852068,0.3443439011588629,0.8822144620052662,0.7708082056285852,0.6224593039450959,0.0597497611655446,0.1618358980653006,0.1896862781764013,0.327538515,0.270630633,0.192
0.8215922355211677,0.2443910640839303,0.1966027057322333,0.3946319262620139,0.6543273965190481,0.6706316009324543,0.4443456087696019,0.609772383127393,0.002893387385309,0.101980986,0.121772369,0.0
0.6558359321741746,0.811235995780125,0.3158046264483954,0.2751775647536757,0.2972894056910976,0.7994779340381913,0.0146501291587297,0.4248304165180988,0.6605885386443897,0.302872816,0.495841215,0.375
0.8378188916353954,0.8056105923312129,0.893182911185404,0.0089113461502328,0.2571181011483634,0.2315416561264059,0.5160357160184978,0.9249424876338994,0.3638586800886026,0.658608902,0.380015162,0.252631579
0.2567881837544389,0.3581141930107058,0.9469353240186432,0.1890311727395009,0.4068994564484322,0.335875683472938,0.3677644416136653,0.0684558679892796,0.715009713021953,0.05403526,0.172271256,0.0
0.2367658083304521,0.9281807336562332,0.7673072329930205,0.7005171776454875,0.9637012095519693,0.3308368418329926,0.2867922092219358,0.6006715071206915,0.0832746672064185,0.3383522,0.157321916,0.0
0.5002173980418879,0.4751281811031336,0.8146892221361317,0.9599598561892544,0.6032707527209861,0.0546309250906822,0.4982760140630711,0.7223899184502474,0.9930584227359236,0.208385728,0.114762586,0.0
0.9299683576729364,0.5205248092699406,0.3810160344909205,0.7019810767704809,0.3204777746439562,0.1473689550308738,0.2548300565049343,0.0360659383916526,0.664853197778184,0.165466951,0.231017326,0.646153846
0.5260248878961201,0.2466254551314509,0.2620135239454036,0.0720798318139894,0.8774949803934147,0.2731107223331898,0.0195320028689338,0.6429834414097915,0.0961074780679902,0.078669012,0.366729831,0.48
0.1492335103472418,0.986931072773249,0.6125763756360775,0.914807458805053,0.6527909974125242,0.1836291157590011,0.1758840980233634,0.0937804348778776,0.2050448409522008,0.329041376,0.107136807,0.211764706
0.3997584284847332,0.4277352377984417,0.6870185123466334,0.3271635145198966,0.6451799916378529,0.6385745882551739,0.2570854370463793,0.7123179116263759,0.4791901671266606,0.103402877,0.413643309,0.24
0.5556105787790048,0.9558746121681286,0.5717174675978292,0.8644603671036157,0.3633829275568098,0.7140134072254737,0.4712284785153482,0.7013786275216186,0.3732850835535884,0.329228963,0.421578834,0.48
0.4708298065848226,0.0125904652074846,0.5674471274272817,0.3549164756553666,0.0433164744062575,0.3508598275892569,0.4361246068209692,0.1313315718554812,0.0624434558451553,0.060401231,0.335503681,0.2
0.2522699173450494,0.6982330239087727,0.6494434106188787,0.5024213406991226,0.7826025689997478,0.0551975287485723,0.5006491086920629,0.3589000573299304,0.8016301435128343,0.373324788,0.072098417,0.271698113
0.3049190684419901,0.7361150684160616,0.6935920891966555,0.628514379852142,0.4314802629641651,0.7469501718159641,0.8611801114408266,0.3780965714750394,0.5250836496319025,0.363750134,0.386833931,0.577777778
0.3350948650620433,0.4995425773690675,0.2482345473711209,0.5187003399503081,0.931223697163728,0.1104286184235554,0.0729237568063755,0.4051951262075253,0.3743903943615618,0.147169998,0.214729161,0.6
0.2656052176499497,0.6460335061473496,0.1346206484426272,0.7416485135796375,0.5716455228343366,0.7614762364482827,0.6431953982759424,0.0827455005976508,0.9566308620461452,0.356901875,0.434054802,0.258823529
0.6024595376543643,0.9438796932311516,0.1816985767433871,0.5004659697089376,0.3196771047727904,0.7293254618145871,0.1009099426531839,0.612268843573521,0.7253861565825873,0.372422946,0.404628506,0.0
0.1137007746344413,0.5113508733934601,0.868707663743906,0.1947313607087137,0.1459444530805471,0.2893008687359731,0.9618260007181856,0.0879931225767558,0.1067793027336343,0.273952802,0.111552432,0.096
0.3428490164827551,0.9370531930952078,0.0615637861447643,0.0541925887705115,0.2232338835638726,0.0916699491772111,0.7857543057716996,0.2625278867975058,0.3762812425236435,0.627566957,0.125637344,0.313043478
0.5477963780683985,0.401648217968647,0.3856016274500012,0.8697291101812584,0.6363416334623947,0.106737262141312,0.5350697027518935,0.2142153146324802,0.1796879824807502,0.183698274,0.234863004,0.385714286
0.0159273702440658,0.3094143393576226,0.7891887555113872,0.8474479751858175,0.3686555093018114,0.062416892051181,0.2117317334874162,0.5139816911393318,0.569931381088329,0.127196342,0.026594047,0.0
0.7546419291018298,0.2434647401178459,0.0219442267563987,0.3293410540977879,0.8721744937136,0.1899163744745322,0.4169396718449621,0.5737597392878834,0.8028491793111941,0.099956046,0.365318171,0.208695652
0.7880300892468123,0.3763958866073349,0.4276610377767575,0.7968444214916394,0.2564583015185183,0.7114495710696704,0.5002656955822776,0.6596137677221311,0.9567251450700568,0.242378574,0.541322601,0.0
0.5201168957768928,0.9830671052766116,0.5690166741244478,0.0296505021861924,0.021096864018559,0.8237948790432417,0.21591702532625,0.8084523416154856,0.6757252471287203,0.49599783,0.287282158,0.0
0.2239198693241907,0.6093407171414279,0.2020763228339459,0.3982743433684353,0.4448983837858603,0.4840432203354222,0.1053123347008223,0.6699883037894834,0.7617461557901674,0.169349025,0.209808065,0.0
0.8118800656106345,0.7969293255922089,0.1204462247846032,0.6013186946180588,0.316396384695366,0.6982161136305658,0.6077770012065045,0.2406265644060979,0.4771824450520084,0.395641168,0.5166809,0.658823529
0.5993020598205996,0.6984332172612483,0.6979743513468826,0.8714404471146566,0.7486366520725342,0.6832215114736486,0.8420723792315339,0.6161948793026645,0.0944995718256038,0.415797208,0.367014903,0.044444444
0.9396914868992976,0.1637368085543771,0.0003652701800775,0.2433874979748151,0.3622612208746059,0.0232334512439887,0.9371716528497872,0.7331486253612428,0.0812925833145444,0.104065948,0.066590359,0.12
0.2529080679025624,0.368538678867094,0.5618775105384226,0.5903823727337492,0.7851931711979794,0.4863206362094775,0.6742602583029031,0.9521306086265884,0.3331857249325346,0.168482862,0.290480386,0.0
0.6228126152781228,0.8968300508052652,0.9359687825871472,0.178995112542017,0.4111074431791899,0.417293427714429,0.4688545235736847,0.1678960866072695,0.366877709324877,0.305301733,0.489154941,0.15
0.2115995763032919,0.6211300417602704,0.1218447139200218,0.3064324790546359,0.547576810057129,0.7518647922717395,0.932228705667247,0.905157954915912,0.0232648971710929,0.234194959,0.356886379,0.611538462
0.8535345715998588,0.1665808189278432,0.2696842309773232,0.7275823154897073,0.3875929861329444,0.3867451587616981,0.2837292316895359,0.7086599779440849,0.1070553057918317,0.072163501,0.336719305,0.705882353
0.3175957127610411,0.5028784998873531,0.6114233279176741,0.7198162459078536,0.3073605437254229,0.9253167858871264,0.3484830215542652,0.0945429848189821,0.9417203809996896,0.130271865,0.749338951,0.0
0.048025243513269,0.2586239586564067,0.6741158230197318,0.2906727508912053,0.5710943878157271,0.2440065388221707,0.8461588180985136,0.8022096377734738,0.6745210099232951,0.134518209,0.105094775,0.05625
0.0732167178616683,0.2597436326195034,0.5767992978141018,0.4815941892945524,0.8002801124646809,0.8265125393598419,0.7667162744627715,0.138598505124301,0.5415185165642971,0.118980774,0.250701729,0.094736842
0.9301053704936164,0.8516795585571311,0.4112740056030814,0.6585697210368753,0.2565784703012723,0.3211412448901104,0.3228091900358276,0.0101507894208303,0.5800987748825635,0.400964515,0.489978874,0.564705882
0.2387905185347943,0.7614316633900521,0.3328688644621109,0.5442709790011686,0.1897066998081411,0.8913330508203331,0.3548081964437101,0.6059249505483327,0.7133369415170223,0.33691733,0.399428966,0.171428571
0.9355674807728308,0.6640832029510568,0.543474538367768,0.4774232235734998,0.952006245854691,0.0337446717684511,0.4392303567945295,0.14417739252706,0.8419397947707429,0.276590849,0.124424009,0.126315789
0.4731025946557324,0.535786048451884,0.4614333027066529,0.7489136565980694,0.9006640797502284,0.2200747842445612,0.0875747419532174,0.5043477546011604,0.6143065653900543,0.198839734,0.225501427,0.24
0.7954840301271112,0.4105804920114289,0.8408936076254291,0.1757894433716816,0.0864628038120475,0.1108623734858229,0.2386571049991592,0.3358402615293754,0.0788939502387503,0.166269987,0.144805183,0.276923077
0.5764100846479937,0.2447373210510216,0.6532379324733794,0.040146957668562,0.236721145754449,0.2650232953686559,0.3148793005310656,0.2381742099919344,0.2796001481787242,0.069190267,0.507306039,0.580645161
0.8271236139987823,0.5596672856756927,0.7060074090795695,0.5046518612598554,0.2379756662626434,0.8741267583075897,0.301946505990103,0.1704376104576913,0.6060778876054311,0.228398701,0.607380649,0.0
0.9568140286420068,0.270384857568251,0.8320945427328432,0.1987235875221713,0.2099849317175927,0.1443858649499763,0.0099354829221298,0.900554226882536,0.6033638531701927,0.100307031,0.312501735,0.282352941
0.4926125337367999,0.2249825323920172,0.8903892053900723,0.1782258403033448,0.1220873596782151,0.8126207533647712,0.6995161026974014,0.4179506661785194,0.2347467159878826,0.148143717,0.513640211,0.371428571
0.1515038008166963,0.808063961842108,0.624256257926826,0.0442637971857787,0.1698427490605227,0.2842922294393384,0.2174888214901881,0.7574706285193709,0.6042614691011478,0.323532797,0.240530352,0.466666667
0.7978641690043239,0.4727375412042265,0.5358645339681803,0.0900607110688985,0.6116448051046725,0.0152866749870259,0.464118613190017,0.9433535605904444,0.5711073578591552,0.144351381,0.187069905,0.628571429
0.6767217359845437,0.7098479701805267,0.8230208071908495,0.74413599479769,0.0353373717335051,0.6914980355332017,0.6147941432067262,0.4863579199675674,0.8491118556322454,0.378730286,0.483586134,0.0
0.8292296412841423,0.1944371208099325,0.1273391436736705,0.9313429841557712,0.9737072715466388,0.9426238121345766,0.5669431403527279,0.4735571439161934,0.8894936422833014,0.165268229,0.435936576,0.166666667
0.483109213349121,0.7126000708322225,0.7607997192370471,0.8606546911163112,0.0352831326484175,0.4239211839018749,0.6369555303560848,0.0512268843639842,0.6780261007506379,0.430943827,0.475505555,0.495238095
0.9775579386332378,0.0578402634687712,0.3264129049216977,0.1004822458443376,0.6725185020908806,0.8012646079129077,0.8323803160021174,0.5260082839910837,0.3104305246355598,0.108701063,0.565466988,0.171428571
0.1795372826857395,0.9009054056432336,0.5252532374844118,0.83917844082563,0.6094792640849243,0.419858578728791,0.8163918339256734,0.1201218213667607,0.0644839385315692,0.558269874,0.316567707,0.070588235
0.7965939416463367,0.8690474170977883,0.1371448670072989,0.3424626531781604,0.8320135220758703,0.7454841584960552,0.9144619628759908,0.1943857007105784,0.0671422851310624,0.457781848,0.40232865,0.528813559
0.4187539943185139,0.3087951860790985,0.4754603739353225,0.2673070696500612,0.8468105783938171,0.9063207523048848,0.5941170593710494,0.9069815046364402,0.5827511516970822,0.140695305,0.571080427,0.05106383
0.8509352516262576,0.7985467461849376,0.0784975678015891,0.7237601774407956,0.909452976212685,0.0002348728080455,0.27618627523431,0.1127314249861034,0.4978656225337687,0.243621917,0.020426801,0.133333333
0.4307976426554325,0.1166562369793742,0.5819225611447729,0.2142153687161538,0.960875015749976,0.5721142895972983,0.3670959795772396,0.906331339624235,0.05633331382261,0.097744309,0.370269761,0.742857143
0.4960344626312644,0.4587256534629329,0.1718769560890256,0.8187512673553181,0.9219044389958316,0.499117158576934,0.2331271832625625,0.1947580472693084,0.6348460277431032,0.126187265,0.199239035,0.0
0.2839797956415233,0.4045417059191033,0.1185138315744264,0.1755790233029609,0.7544257135668723,0.6592985965556551,0.8687227920375232,0.1024380488907944,0.0010512725734934,0.143344385,0.375928193,0.681481481
0.4294541897099141,0.5303435097554714,0.7103318026134119,0.6261861325393178,0.3612298980584171,0.4708503297858025,0.7406240988324129,0.43297277419611,0.8718553893446719,0.306214807,0.476265352,0.608695652
0.0994176103975166,0.2843010241078925,0.8440056516304631,0.5627080053645769,0.2556570945699,0.8498395643377901,0.1104728656916468,0.2102048472010914,0.0139178929062468,0.109412562,0.267509631,0.847058824
0.9206856597990684,0.6712746124435072,0.3864431279797211,0.205645372289834,0.4772427287740581,0.9783285010581578,0.0425758869815217,0.5292731317214291,0.1556739118500573,0.183631824,0.611192434,0.533333333
0.11206870060852,0.679751587646694,0.2380209274799246,0.0275497922970335,0.7959059003361926,0.2629905657054171,0.4933094548519632,0.9138013168485264,0.1979381993201274,0.266273992,0.295999511,0.133333333
0.4289359304429503,0.8765019417555048,0.6377483403411055,0.3756478733736177,0.5958298712428061,0.8298366920469682,0.5418626663432347,0.5766527189753218,0.8561263121950988,0.748294203,0.438033198,0.0
0.9862821197856582,0.0210159974006535,0.2169341856134768,0.0099249696009463,0.8708473840350381,0.0076146714641299,0.4108836162851191,0.9406006269254924,0.8628573857940502,0.063434847,0.105459891,0.553846154
0.3504355199408617,0.5288126717251483,0.1223440172500678,0.445895191288265,0.745061212544375,0.8818436780677569,0.7832258151331248,0.3942635812422531,0.0721765424773284,0.240391899,0.461409167,0.577777778
0.4691338981765359,0.5076313150509881,0.4688702620991124,0.7285283147702908,0.6071196392896001,0.9845330425427048,0.5613574101622939,0.9295553779319812,0.4201682688082043,0.298851624,0.479993057,0.0
0.8221096519538518,0.2377105065939668,0.6413467276149682,0.954432357863586,0.8075753626515934,0.2875713974796138,0.5118553526005784,0.6311773262785791,0.6750057112751113,0.165529048,0.397498581,0.26440678
0.0306158714365711,0.4471014011877463,0.4605272016282272,0.8922547618922467,0.7039606524482032,0.9401639700269836,0.6131601220597765,0.8845037659381036,0.0101908781544924,0.200505611,0.229982789,0.690909091
0.1672749263409465,0.7815190672000739,0.7540536732515084,0.7229764405264799,0.3351840783033897,0.2185007719145351,0.9222290196267342,0.6613409024962604,0.5798794718606127,0.456421373,0.273398608,0.6
0.9908866791968266,0.9623394309255908,0.6658707494655909,0.27376542183254,0.8737283939387067,0.0471701591505944,0.0987684644693606,0.6431003376055383,0.2404430543874808,0.301609691,0.148484805,0.276923077
0.7911440460958383,0.3492559144281644,0.2534571817552731,0.5348640078208933,0.5176071796461105,0.599797050832358,0.315358206483189,0.1018847811213841,0.8599435690727285,0.073676418,0.501814464,0.0
0.1352943477434282,0.9570851152712134,0.7690915238479413,0.0209749431031985,0.9643529847881804,0.1180563479473912,0.1829484195943393,0.2756042062702761,0.4722354354055742,0.494463034,0.102049436,0.365217391
0.9546379006090976,0.2124081367106755,0.8874461912598679,0.4328561000939158,0.9104729039712142,0.610629044834535,0.647788734027518,0.9961513873930556,0.4264893108890012,0.125598051,0.605608327,0.410126582
0.8262419241144658,0.2864455351098711,0.6938758666622243,0.3336028166925244,0.991122747366004,0.7401071690978991,0.7143637385103803,0.213086817967489,0.7341580857844601,0.167744693,0.488372348,0.457894737
0.3750436148536112,0.7225220100016317,0.4513265822902786,0.5976898777166934,0.4929267931865253,0.7994728621279824,0.4306350462353793,0.7572220261237103,0.8340459339684414,0.214675195,0.428383969,0.6
0.5006932475792437,0.1112628862751482,0.0430849060616275,0.7474210141002767,0.0083131711521049,0.3329928057696608,0.616714684059701,0.7003092156726785,0.3475695607509006,0.087493134,0.307593462,0.336842105
0.1488146349188133,0.4627114736797366,0.2162001066841865,0.6876517217773577,0.7057824198552223,0.2274719626856813,0.6332931289536153,0.5268330840556509,0.99926713624506,0.224657002,0.08957147,0.0
0.5553636340601616,0.8664022856649988,0.4036183619049024,0.4307696006367659,0.9088642847059774,0.4498491837275796,0.3573959205127651,0.437326058728808,0.9653612333443156,0.295318472,0.45960503,0.6
0.1831733347295622,0.274255840918167,0.0691601939833072,0.5265843630423566,0.2429372249952797,0.3782858073106366,0.1737003988957531,0.0791376822241777,0.6866788466825826,0.097958285,0.34177441,0.48
0.3416477820712045,0.1867174713796586,0.3584845678367984,0.214053040961704,0.1170946418662082,0.1418895336842266,0.4922357399150767,0.528631903577182,0.9140978554373528,0.096186216,0.14536446,0.564705882
0.8004357475820811,0.6926788809513386,0.1263320145443456,0.3063069086848766,0.2417913457412664,0.471340519703177,0.7472877788150509,0.1200805977453256,0.4589807519703726,0.307255763,0.531241595,0.421052632
0.0039943437498283,0.6318023788175053,0.2703478602217665,0.7111273163033793,0.4311771917821781,0.6483629413888758,0.9108599043761528,0.6622145789188484,0.3293315876983266,0.342919388,0.232175294,0.137142857
0.3756458940666392,0.8249136569481743,0.7150067171800074,0.8100342366576452,0.4675311392099526,0.7721968153420005,0.4129527610351909,0.4819753278704684,0.1831137166586395,0.295267487,0.340102259,0.84
0.1683207614950171,0.1900725229725195,0.9246153112348264,0.3163780241888277,0.711021576427395,0.2128797934338374,0.695764867898563,0.0370327337450849,0.3650273994908741,0.131200613,0.30300587,0.6
0.4887730088277183,0.3495286133393208,0.96965229904601,0.5685930217921341,0.0474993178477818,0.5783162294994045,0.8113895861280723,0.4538679605545938,0.7635819309237035,0.209015019,0.422005162,0.0
0.7876661074042941,0.8547124249349942,0.387405916980956,0.9848962317137884,0.9352473507621492,0.080482863226819,0.2620441530932353,0.4677788420022478,0.2348339859389629,0.331752407,0.252560391,0.6
0.2848113616790527,0.0856149071491091,0.9034363960913442,0.8252319787408269,0.3094485073473985,0.922234279431446,0.9758092418714462,0.3952076267923619,0.4781346934468928,0.102630685,0.53951631,0.0
0.9141631121396234,0.6253521153217807,0.88468645743532,0.6276483223049253,0.9552274734280572,0.1149676570012075,0.9921874718770816,0.8101050706317297,0.5199204006252814,0.354761987,0.312351816,0.094736842
0.0376490648084346,0.3915611487843818,0.5119070419448368,0.6966515907571708,0.4684644266404966,0.2110368232234966,0.1924905034940752,0.5416604275156347,0.7373857501751455,0.094621717,0.065371899,0.0
0.2686623584706243,0.4865898448770444,0.1988126904120437,0.1931375269513636,0.568670748121889,0.9066183561248216,0.531396234328145,0.7284016766396478,0.7021132461554485,0.256289628,0.534260411,0.38
0.8241756264920426,0.756511957082943,0.0772823720464835,0.4638502827903168,0.8900618741103404,0.5854160014756207,0.0780113706517943,0.5572730876896452,0.535798858766825,0.382084862,0.681735319,0.3
0.9143537339161788,0.1649626974124255,0.0760441256294214,0.8861707756936916,0.1638476817547967,0.3244777741158916,0.621921262356022,0.0764367679642458,0.2533823101621678,0.130374777,0.363827793,0.0
0.4312706077107056,0.581971735837228,0.6583188660025124,0.6800707975634488,0.0343404712621563,0.1372887641361849,0.9559635418264636,0.7547137262211178,0.8986031911620106,0.352838234,0.203947231,0.392727273
0.2306550115281936,0.3498910981206123,0.3474657892274752,0.4927374563151485,0.0540857013525576,0.2270093327834556,0.0412618629146023,0.3582483778605736,0.739447183966012,0.159952383,0.113481363,0.0
0.3081233841512359,0.6696853279591923,0.5486235146715756,0.0194192485364145,0.6551365211768644,0.4753974994558049,0.4152941493524205,0.875812036104908,0.6197010362631736,0.251729704,0.440782054,0.496551724
0.575487771340653,0.5902813146289386,0.0459785936987338,0.1084428676066768,0.4586163013617852,0.6568542204359066,0.8113096948250734,0.0946294699917243,0.9098725166714484,0.351111133,0.497634138,0.0375
0.2280293714887693,0.4240806718747011,0.3626675289111245,0.0396159399882183,0.4389507840154721,0.2960035159879919,0.0719262726136698,0.587656987651834,0.6864179971222742,0.115903766,0.275322119,0.0
0.8699984463578249,0.1090375847186926,0.8459399190471687,0.9243200928675734,0.7062572555257148,0.9251857319755497,0.5423102772330001,0.4385744489071086,0.0423369844742484,0.128177722,0.542976298,0.0
0.8176069180382127,0.3521400974579138,0.8126672221380005,0.0756912242799914,0.578736072748668,0.2439105189035069,0.8810041727695785,0.910354635500324,0.2619805594243864,0.20384609,0.358210513,0.030769231
0.0479578256314718,0.4192090857684816,0.0239856254596473,0.6370250911872468,0.9111889513360923,0.5640308432387173,0.1532738357474486,0.092522697792052,0.0263174946318325,0.073844282,0.314481522,0.327272727
0.3350241657547653,0.966478944416084,0.6586973974691381,0.3322210128681411,0.0116244990062884,0.3635944135854524,0.2460880773218976,0.5632611884993528,0.123349513651532,0.305237611,0.381947668,0.342857143
0.662834066571881,0.2396569277869989,0.4155380671943756,0.8937606290353629,0.5159649547222613,0.9486126186096656,0.1606453645426492,0.5396480300628738,0.0368469652459323,0.084649625,0.0,0.0
0.2535792759745284,0.0429905791811873,0.7659478986994824,0.0586909448890972,0.3201675645705875,0.9213480208041912,0.4636253330401073,0.0537524665043783,0.4915356408716992,0.058874482,0.531421525,0.514285714
0.89747719675397,0.2223617879675906,0.5381472080157297,0.4917180508981693,0.020065426634525,0.6372389847108173,0.3238246005649107,0.3455970894300009,0.0500880973802821,0.066935549,0.218038106,0.0
0.6994406971752419,0.8252056918837923,0.979546761666576,0.8637759801427404,0.7771467075201145,0.3967903864083995,0.8738376947659631,0.0056534604702123,0.5783830228970529,0.559357539,0.423254852,0.166666667
0.0980875131269305,0.1927767532182055,0.746891359720683,0.8886420728345493,0.9989228875145628,0.8259176331569439,0.7378220486005429,0.7355179797126171,0.2528235437251379,0.143752881,0.269610805,0.0
0.7799900490910212,0.6822456514489057,0.8963685402485666,0.1921648270207367,0.3778341881071486,0.7953176829274804,0.854953528686039,0.9905018477187072,0.2548274197705622,0.370926075,0.43078491,0.0
0.3027981401460846,0.8138409810219109,0.3337643657321221,0.0027752064368808,0.6295959170815096,0.0717324350371085,0.1225273675956455,0.9315566444690926,0.7137178907329442,0.242683887,0.095589635,0.3
0.8760413533296179,0.1676341448846452,0.6793662676566071,0.3012050936826926,0.2995412832384091,0.4934135707722029,0.159352525275896,0.1402623187544133,0.6011495773530832,0.082786522,0.520083743,0.331034483
0.4324614333564832,0.1052801085067259,0.8241450168898029,0.803825213669101,0.1915697177045877,0.4350935246266686,0.6453034373908905,0.5778250199425989,0.4932425788762957,0.117998596,0.437764721,0.505263158
0.928728973178935,0.46976354410444,0.99809380132369,0.0786682429602581,0.7747918020181448,0.4980629688386618,0.3135346890231366,0.0917509289314776,0.2912593357557328,0.118807121,0.430185304,0.776470588
0.2237836544808584,0.5536509100678422,0.6308185735721786,0.6829134426705992,0.8093212215861199,0.0433943172567058,0.033835002966078,0.2731061665941406,0.6931408232947216,0.250851122,0.03140197,0.0
0.6711125574177893,0.2247229441989885,0.544799668920966,0.0086479840077946,0.3584364311559825,0.387491087091308,0.037296829933085,0.4625818486633579,0.6130784320752696,0.077709925,0.517075512,0.784615385
0.2367111971577478,0.7768529318210742,0.4206944036961377,0.318386621858161,0.975772694204806,0.9624716511785864,0.0195966948592417,0.805153562712599,0.3753128057163885,0.377647391,0.229753948,0.0
0.1186307868290328,0.1323415985131142,0.0194303916001147,0.9567834770528724,0.1914135781849743,0.919073258549936,0.3410294390118406,0.7741573489036994,0.8592224466199533,0.075786777,0.214149682,0.171428571
0.2769181953610353,0.7075088288194225,0.4397530549735551,0.1157944595907962,0.6417409363810157,0.691331148244389,0.1164065478714432,0.9519068303109914,0.0385060391824294,0.206386178,0.357289174,0.672
0.2184560073364208,0.0048675175133461,0.8143304229660752,0.6525991723774537,0.9796771347288552,0.8098789893301145,0.1572162023127721,0.6515134528246271,0.1280715508588078,0.074331636,0.285066054,0.564705882
0.0207501489901837,0.8425955198550782,0.5629881378059594,0.0325897431422432,0.5895282340121585,0.2713310769545967,0.5215808482495287,0.2024761624260069,0.1730677384219638,0.41258472,0.081638848,0.08
0.0133716578577335,0.1356449074944905,0.853311457640469,0.878722550290794,0.8446807861466568,0.9941455735447496,0.1530691128393178,0.4357577555184885,0.5765641065258372,0.09520109,0.333690338,0.2
0.7239771788822087,0.3094567480921777,0.5249263956861919,0.6843728110066359,0.9133641498489906,0.9332968423064008,0.5235115341691602,0.2195478440896561,0.6539596279770119,0.17007695,0.434131018,0.369230769
0.7692972702895475,0.7213854786819108,0.9401042489014364,0.7692382892586274,0.3458654049329938,0.8283896074751915,0.6378585337881152,0.6028814804432279,0.2529761447977338,0.418479586,0.505779049,0.128571429
0.4001381871738655,0.4311911234205304,0.4970753451722173,0.5255634924207141,0.6264012659859081,0.1216075682466659,0.4219091940989604,0.7908756583544638,0.1287120822888895,0.173434734,0.198059298,0.0
0.8141464292880938,0.369543730984911,0.9170246681255207,0.8371665595360859,0.1658646871809711,0.2315572592146487,0.821810634716052,0.1724545874084876,0.5801964594755026,0.201203321,0.384118247,0.0
0.4467202266788483,0.2259652474628118,0.5226148725010152,0.8176779534766844,0.0589561722297292,0.0121815344082214,0.8101254480356894,0.5919815956501319,0.80165032893219,0.163120339,0.050724036,0.3
0.6322468097880705,0.5195473788308654,0.3637162060853321,0.0660405486133683,0.919707441654144,0.7341378282206638,0.5501379621794105,0.6504489538001541,0.588306752212255,0.299461298,0.542271758,0.509589041
0.641943282646812,0.3758822763738826,0.764965973818295,0.8830935319393584,0.7667256651169726,0.0684250283055203,0.2705225813256743,0.1134576502434646,0.7263078559598322,0.142631694,0.106306428,0.211764706
0.443495085941851,0.4869093919989324,0.4689362131221509,0.2818854167766019,0.9558544768142452,0.1187589139065142,0.7712609665245429,0.5949767410753388,0.6517160699405412,0.238006989,0.248754311,0.216393443
0.4525587496510201,0.647840389011287,0.596398594583643,0.3472101214958718,0.2387597354907443,0.7425124668644887,0.9230626941179516,0.4117656659797887,0.1818940101283893,0.370135794,0.464538699,0.347368421
0.8030413405153088,0.2298462671214288,0.2529406703587757,0.873221399215234,0.8482005067047976,0.2926407554282969,0.667923129240478,0.3460491377326991,0.4282203743610246,0.123701512,0.438418506,0.554716981
0.8437403498247575,0.8830250808051823,0.4136068979634378,0.6927566964989846,0.6266239015471352,0.1146520605663566,0.3695391435070304,0.0016893004641718,0.8568548038429941,0.28123564,0.272130799,0.126315789
0.4387591883206853,0.411034990110766,0.2705987408182567,0.3428924505246007,0.3556945907998915,0.6491773160515397,0.0884566207272492,0.7765206247195587,0.6745879350741483,0.110333367,0.556438989,0.375
0.3189307546815974,0.7165131221047577,0.7019052350213411,0.2430814618033745,0.9212981942106196,0.4164302358627033,0.0362498031395378,0.1895871345166672,0.1451933624200326,0.255707804,0.293992174,0.109090909
0.9734647194864242,0.1055718969366381,0.973116562034706,0.0809250325504855,0.2631933294074613,0.8022659472792738,0.5393983208543058,0.1420403157894345,0.4965866690198908,0.12501396,0.574543878,0.261818182
0.9670864177468276,0.3713036823878547,0.1286431971119953,0.6231255221732863,0.0534041224306729,0.0043870161107933,0.2479998221281765,0.5348819183009171,0.8649284799865886,0.104257072,0.10589428,0.48
0.899258226582065,0.9417069781866384,0.3672911124189124,0.8735087017236308,0.7474785416186823,0.7803550853770421,0.0945881888796624,0.5255645512580904,0.623696651344563,0.373730869,0.685566796,0.0
0.7980513193523278,0.1116126982495305,0.9785740765800712,0.2322819689402538,0.1943998234442953,0.853063016674555,0.0028645272734197,0.5571744927029957,0.810341562142982,0.076503364,0.585072531,0.15
0.7735653247365211,0.3744612859340468,0.6690521693125132,0.6192378413999713,0.1658399315992001,0.6578141069290336,0.2779752648607762,0.8407591820651007,0.1376937211512394,0.052683742,0.511022477,0.2
0.9966473759765564,0.6758662104188095,0.6238555182634975,0.7776588462854565,0.8528454511985128,0.4724182153106848,0.0800071575366834,0.8233924055615136,0.5811608054529155,0.28093102,0.478425993,0.218181818
0.0411406991396909,0.2599057325413172,0.4346956513203951,0.260819697635696,0.4738556644831013,0.09404074999199,0.0411567046694161,0.3789471538625852,0.5080076821386876,0.086926133,0.08580239,0.624
0.4078207611226028,0.5624511020398212,0.1368523645242645,0.2021727538472421,0.8802852760817593,0.299095617935282,0.2106905349293762,0.4367269021527821,0.5245251388952143,0.192468637,0.481219679,0.685714286
0.1117788462719125,0.7164425967833699,0.4736622839388698,0.1848533067288046,0.395866248287166,0.2354940974342493,0.6666198518865164,0.0402765979195138,0.9420222442205016,0.355571149,0.190228828,0.282352941
0.3111456157917937,0.5329167652552615,0.8017929494075036,0.3239729893584323,0.4420720914396286,0.5874143031341347,0.3533296990694186,0.8451791506886899,0.7132260749633269,0.184778282,0.489877153,0.469565217
0.0131010238768424,0.0076193211998092,0.5496969699799606,0.0105397299472992,0.7816018524749746,0.5265290032455338,0.2900847639225083,0.6121518058903348,0.556731040294655,0.054768039,0.144061558,0.65
0.9823036172315572,0.8390842421425485,0.9621637300570272,0.939989188316571,0.2767515024147976,0.7796268809185025,0.4087250897508999,0.501888913940138,0.7117259721140815,0.231517696,0.520499599,0.0
0.3107115748798931,0.4351633853442922,0.9315224708246652,0.7183269135457091,0.0402947898728706,0.7462752770416305,0.4521619276835137,0.4082940064438846,0.7648214698586877,0.108418207,0.289967599,0.0
0.761515387837105,0.5515734408260939,0.6978470889372026,0.5734430344884501,0.0082617350796623,0.0334330406526457,0.1869188744665991,0.7485031512640233,0.140461566241269,0.103210914,0.190416997,0.466666667
0.9226626060277126,0.7419023812882138,0.498308425700308,0.6423695898493104,0.357257336651013,0.9342178386191397,0.3326566300628846,0.3626743539804986,0.917066499783532,0.385978016,0.492316071,0.2
0.3522461528130519,0.2873864274584313,0.4457441837252863,0.6909331325233126,0.6031064766116011,0.7074260090417757,0.2670100828460457,0.4164737800498068,0.4878521704468402,0.08367013,0.33468555,0.461538462
0.8260883295865138,0.3143219356767636,0.2786414473248977,0.4643478304416729,0.6121661308879844,0.384001187273876,0.0380810354996155,0.0831092634427341,0.0990769093995854,0.069057036,0.397151499,0.757894737
0.8863806875387704,0.4436810718646583,0.1641896171913969,0.4662228126138968,0.8197159683861639,0.470501443718934,0.2103733665233368,0.2636557060507434,0.1987072227801292,0.135303517,0.434010604,0.309677419
0.1038932909500451,0.2053147348636796,0.0488319065731545,0.6162034916949122,0.5842856004751634,0.1063730007891443,0.6734099557928401,0.3508074326124867,0.956521803390352,0.118580517,0.065071448,0.0
0.990578711512813,0.9942023698452288,0.19724902542859,0.7345394855962302,0.0089343127891217,0.389991214302999,0.3288364194982267,0.7132708593574918,0.0817357630242974,0.334091421,0.299582354,0.0
0.3241409434449737,0.5264150143135489,0.0821900957487812,0.8103055327314945,0.8500165470060403,0.5544350938231503,0.056665956612812,0.2537952384689932,0.6848549574019132,0.169957929,0.438695873,0.12
0.560183186230673,0.5210630573242976,0.1399301888995499,0.3597799377791481,0.3497182673384408,0.6985994816871149,0.2324778306943735,0.9555141689206392,0.1997603996953862,0.140260636,0.43629791,0.0
0.5657956457868346,0.9635838970112032,0.9337286244536968,0.5526485599895132,0.4420356534202269,0.5315670193246731,0.9693134694958576,0.2072741384991634,0.7894477626427463,0.833051301,0.483077143,0.702439024
0.5700988972564883,0.6656310951036586,0.1380133193355651,0.7874952823367354,0.6267302880125962,0.7021862033095815,0.9510440924289252,0.8455963171006817,0.6435206896445811,0.379981508,0.497527987,0.340298507
0.2822785653711116,0.637158793989558,0.5858824773027889,0.7712891768644843,0.87940210972934,0.2232848195515103,0.8532578631474397,0.0840274917307385,0.5468132983957822,0.304183345,0.274066679,0.361445783
0.5645542623164747,0.0674676091975311,0.0836336422063508,0.4260533322605949,0.2337919612819777,0.8350961367046935,0.0749621942481821,0.8273581893655259,0.9050385295502362,0.056147202,0.576945393,0.36
0.7639790894396652,0.4701626207966097,0.8086535056180417,0.0835957926149184,0.4249846586593104,0.8879038254005234,0.97074547082124,0.5171263726437303,0.2766012964688841,0.205915591,0.560950326,0.092307692
0.960192279899749,0.1382477205415609,0.9519555953927308,0.4501951154079969,0.3308862179465407,0.0144579321668966,0.1679873795261445,0.7060681083574483,0.4006239354187123,0.109412451,0.161342483,0.6
0.1028953228618035,0.7818311233014253,0.2780328914874924,0.1462449374536031,0.6458540939403457,0.1542523402300514,0.0926290995526147,0.9274746212546742,0.0897244899547619,0.196481719,0.039999013,0.24
0.694686884425485,0.6791990150673766,0.0939199231575248,0.3020916323840931,0.5102912215442396,0.265224324784893,0.012845710126386,0.7799887755818913,0.670463655173154,0.245745286,0.3627229,0.276923077
0.9958198350476912,0.2957729041449798,0.207579935559844,0.9838872923989944,0.931989546453128,0.6988474175751156,0.0885624519593142,0.4549434819275155,0.0257735392671735,0.066630021,0.488028261,0.0
0.7705667899485987,0.5730285466078487,0.816792641638129,0.6317761216693568,0.9466016698001722,0.4372668797393894,0.6998577520272665,0.0907964416630811,0.1239788502611483,0.225982459,0.434797924,0.157894737
0.2242273167026409,0.7622290387039202,0.8654370491093526,0.5412810059628856,0.8606709136813835,0.1184187554191444,0.9695129979379696,0.275168503581345,0.8959973507352824,0.476038324,0.100288378,0.133333333
0.6716206081091723,0.0286216178517323,0.0513921470065694,0.7068348995002087,0.2689182839737454,0.6849130730967641,0.9631157949822694,0.0106528279447015,0.6632804297654915,0.099583987,0.561757862,0.427118644
0.9677371608393972,0.1409719057543385,0.2955383643607906,0.5023739762525552,0.9121130455445656,0.9392523265366814,0.3482958010955395,0.7330542896933095,0.5325670186842012,0.07117198,0.406653741,0.0
0.6602846904353489,0.8725741529625191,0.4475397384016978,0.3284477524450108,0.6850528221438906,0.195588086216107,0.2259770488444333,0.5214566353897077,0.5351187051627208,0.393939773,0.2962252,0.3
0.5134682998487801,0.5682167487627634,0.472925192034115,0.6015967322260288,0.7267260466992504,0.0696487583239171,0.360322246165577,0.6242438939506934,0.0801545507432263,0.146645306,0.1152431,0.818181818
0.5329465089151161,0.4137757035093388,0.2295509650536685,0.0133860059239011,0.9708685062559574,0.1857971334601226,0.0070642308682463,0.0785926930411706,0.6356428120809956,0.14436993,0.428500051,0.54
0.7828822324530185,0.3161361137488108,0.469674503481589,0.8633301952200407,0.2277683854708864,0.532771118472794,0.4952297858850617,0.9385106841401208,0.974789132713372,0.101111653,0.416119112,0.72
0.9079808953422482,0.4509602428973296,0.8288561543706251,0.04855968269031,0.3015812391116689,0.7131960718075405,0.604429979026363,0.0570997481278883,0.2192762412579296,0.234746255,0.561758413,0.052173913
0.937544539698728,0.4852468928908943,0.7225676595527784,0.9126073681311616,0.8096577545804099,0.8801870155362785,0.548513752197125,0.046832132714543,0.414574448352121,0.21673748,0.556321912,0.227027027
0.2798662697725605,0.3018008409141091,0.2338155314836069,0.4170571943485156,0.7336512956418881,0.1926822712326154,0.955252637543094,0.2748525325405501,0.1103106559637198,0.181124887,0.201970588,0.329411765
0.0161450190738191,0.0316219349445648,0.5870526514966766,0.4459529107353759,0.849977888938928,0.9475075458890656,0.2922631362821257,0.7666701673698413,0.1266782599769101,0.057958717,0.347636267,0.657142857
0.0049869917965822,0.6032181058495883,0.4955070653727824,0.1927174453457274,0.9759919494603956,0.0450482513528484,0.5928848779998328,0.7938618232630787,0.4087554361000461,0.227722033,0.029927839,0.130120482
0.269126218397511,0.9302302092979056,0.9487741876493136,0.7151639241055724,0.1468480128469537,0.0174233942364677,0.1374745375198708,0.0755447107813239,0.0807104949078081,0.354127579,0.071829611,0.486486486
0.8297565772533068,0.1152603147884734,0.4118980795946847,0.0290614544590307,0.1686941933964659,0.1796753603282728,0.3017453792490124,0.0016345095009093,0.626114712856398,0.068870729,0.180020384,0.0
0.2976221051201972,0.753056711465781,0.1132502226554762,0.1872699980111747,0.8241349641997349,0.5351468094009078,0.8214718078713248,0.1392640486464301,0.7716901185259971,0.383741384,0.476333696,0.354098361
0.0784487328762066,0.675503729168666,0.5631471760452288,0.9796636721259347,0.8045891866520972,0.3263625263555514,0.95069694689286,0.9782045753430062,0.0067543288015338,0.272950074,0.149270853,0.583783784
0.775408269693471,0.7357269293674015,0.6835012049770088,0.7752891468326071,0.7052297255988668,0.0178557363224941,0.0931352767423072,0.2008204587308963,0.5611558820134024,0.216290505,0.110449753,0.369230769
0.1839408641868962,0.1485613306957237,0.952283263098226,0.0331211999733063,0.9912959233348148,0.0464200458976725,0.3251963681606021,0.3867573388195017,0.9933979834733058,0.071780834,0.098382771,0.436363636
0.4451979955325449,0.3617240182228536,0.8298525587862698,0.5099842183408837,0.7142040549432,0.5487152305947124,0.1612138424992902,0.3560106939798931,0.1193114172910354,0.117504512,0.382210014,0.4
0.2545734649593995,0.9101026671553956,0.0311081616605339,0.1898624864134052,0.758598145149418,0.8716557022355949,0.0893825283102454,0.6862508623792097,0.2272005818908679,0.226354717,0.244493689,0.48
0.1495301846980083,0.2963526024109024,0.3749169153913291,0.3886288279686282,0.8125492130798373,0.7827262094974324,0.0229970828705547,0.1648150031809124,0.7829354989909876,0.161530045,0.46945398,0.15
0.7704533645112935,0.6944701262870743,0.6272672160893924,0.3192331027137707,0.7219503358156132,0.5859851818191831,0.3990217600305904,0.4308894775102299,0.9769232348636464,0.303310741,0.355092581,0.428571429
0.19784108991764,0.9740264077533404,0.2320395842551819,0.7599777591765541,0.7858838734781944,0.9832297816387096,0.4557741255933104,0.8879033386156902,0.5428083640310059,0.391227486,0.381440997,0.085714286
0.7641453772209581,0.0801528801368334,0.4599144929794183,0.0828198346265838,0.5113623650582213,0.926069701791157,0.7273371434526328,0.0810395750754829,0.1831123621173545,0.11397053,0.561304152,0.454054054
0.9319364350071682,0.2731965857463899,0.9470506422040156,0.3463080388649778,0.2867524110131219,0.6920906935434697,0.0844962398770202,0.4465807956819637,0.5161761702957658,0.116020141,0.390707558,0.6
0.4871622410477264,0.829011890802155,0.0514151875207287,0.561615523665131,0.2449914707384257,0.1653852595268091,0.8893630596531993,0.4221829675750304,0.3969055916453665,0.462675379,0.261730552,0.472131148
0.2067973700689556,0.5255487255086159,0.0559272748296484,0.9429153150863696,0.8646655471914008,0.6405747985423538,0.9740459492656104,0.999288444280914,0.3759111923886489,0.259746686,0.323805902,0.387096774
0.2281767939343788,0.497510447154398,0.6447779024412055,0.956806931457744,0.408636791459155,0.2861445620098549,0.8669542060674726,0.6290131932293158,0.8822989793922725,0.351928806,0.269881905,0.539130435
0.0924479195045588,0.285484710172645,0.4349949841711934,0.3833177778155012,0.0780598364881932,0.7818158005942586,0.1510708504931984,0.6525941227613732,0.0284762874510563,0.123085168,0.236624265,0.711111111
0.7202448060141894,0.0623717069286295,0.933842625300928,0.1971063804799658,0.4034435947843786,0.9347188325820174,0.3223480102006323,0.5014830016739659,0.5636559603832809,0.068415322,0.403781701,0.342857143
0.3994662734631947,0.3164958419602474,0.6659769509426059,0.2415585368099501,0.3835944186566249,0.778792081761563,0.1709734852967573,0.7090801017181686,0.6323278166554477,0.137077861,0.481631467,0.4
0.5427036315886016,0.8408459784412443,0.234649387472329,0.9205573105994456,0.2409225750038778,0.7980854144997608,0.1205439532532115,0.0514676093691905,0.1618604315361506,0.125211374,0.35825592,0.6
0.4125032534745427,0.034077879026377,0.9602065523974564,0.5171910108214027,0.839883634515054,0.0110057759085239,0.2990528317300952,0.0153299488019345,0.4622022328069907,0.058101325,0.031679647,0.0
0.5224413383976351,0.9758706497388572,0.6320489204827255,0.0189806561864736,0.2294229659701887,0.423498144858672,0.98738596356244,0.1143818501850677,0.2638447151906081,0.699800725,0.361738449,0.109090909
0.7933763748507607,0.3734650714920808,0.5463398911481033,0.9826891623109716,0.5954238079949892,0.0699451385637598,0.2170734681999587,0.1341517555170998,0.4236536246452979,0.101448423,0.14232053,0.3
0.8638592789388658,0.4700684768841429,0.7285516607959714,0.0489899416455502,0.9114722225286412,0.8543319665354536,0.2691608550422597,0.6449816020743644,0.1220136880710923,0.115410098,0.593690527,0.171428571
0.6809804999842476,0.2989200012422427,0.7440744685323383,0.4620272473514317,0.8197963907728671,0.5434556160841504,0.8998957703404455,0.0806205810065507,0.120407724822881,0.160538685,0.463978898,0.38490566
0.5248474495896489,0.0635136187243136,0.0548631001940722,0.8634866598841527,0.5087664912120458,0.8383225246149405,0.6695451589535493,0.6277983328995433,0.433167542569095,0.075974948,0.496341514,0.381818182
0.9939938312099936,0.93274317633361,0.0848408720635154,0.6158090179757739,0.1259553433130427,0.4761819789179166,0.865326733903805,0.4040493813131357,0.4662752013774623,0.446909126,0.480265404,0.087804878
0.3050020454506227,0.7769607471467442,0.4898802380780234,0.880286115191911,0.2411616355586118,0.4659345188255885,0.285420130448494,0.3525062451216322,0.8843663942986109,0.329547077,0.361262614,0.4
0.0321350535548289,0.3064797953708551,0.6879096580810399,0.3881240399060808,0.6941498077100203,0.4179186428707405,0.4820860950878846,0.2687664293142164,0.9753769040728018,0.135883661,0.150499907,0.64
0.0371408249905511,0.0188380080047755,0.6004485339285757,0.2686971312263712,0.3221411344355075,0.4860603249541141,0.2616846421712768,0.7648421126584544,0.4446256836188206,0.070131183,0.296726979,0.582857143
0.7880205140310198,0.4129664067614604,0.1567403381084982,0.9747560093787212,0.4048402462402456,0.3233805251798759,0.5533045323430069,0.5654564878972324,0.280281848131105,0.186912238,0.402753497,0.428571429
0.7836456799156131,0.2374844013378941,0.8153240794370895,0.6530503736113078,0.9130362283523928,0.3878464802308498,0.3449788179169508,0.0637153253156772,0.1207021726326449,0.11947964,0.240524414,0.0
0.8027243675761051,0.9446472712230074,0.4574432396586448,0.5225160920171165,0.454277790108764,0.6418081445316747,0.8194497148040986,0.1144529540839055,0.9412157965312709,0.575540556,0.600286203,0.0
0.4248009148762564,0.6579267109592934,0.6677974725246394,0.844467778755422,0.8492323940555755,0.5497991036207054,0.4201597381822783,0.9562407052798044,0.9293819285988908,0.174141458,0.472168088,0.12
0.9648979822676974,0.4748742461239641,0.5582308691142491,0.6121641284210956,0.7557086329546053,0.4229875927998758,0.2615505359169299,0.5176496280086013,0.2895079778941455,0.133846902,0.446819191,0.276923077
0.7015852002558373,0.2924948982740069,0.034951957168359,0.2932692916389023,0.8463084253812466,0.2255200090269958,0.5916693082614725,0.4043675345960754,0.9973201069201924,0.15988532,0.387019295,0.615384615
0.4753530677169127,0.8830148405619086,0.3465305504116802,0.2234600976604459,0.8276576946936187,0.6057490633309347,0.7992268802961794,0.0822593965543398,0.6046530626542608,0.455324344,0.562922992,0.522580645
0.3472923303180169,0.9231906270583864,0.2894050060867877,0.3762108373164721,0.5300051477093182,0.1794583364564017,0.5963190453102535,0.955840428671078,0.4073930567646201,0.604062941,0.215945363,0.175609756
0.6028105969021436,0.4349009631578714,0.5627309302817414,0.7605323211860099,0.9684856270534168,0.2644306260557956,0.5138763636776891,0.3243659241786742,0.3958399121736474,0.199570242,0.356673411,0.486956522
0.4240512168047827,0.730467285234124,0.4354762890828147,0.1792665353297493,0.1177247766030269,0.0532924280923778,0.9153276873602172,0.9338879449924116,0.3021335530419716,0.427001879,0.180733784,0.472727273
0.6323673908732399,0.3237320850201882,0.7142836332040822,0.7667803626283193,0.8030654077475705,0.5599814405690314,0.4654000895718215,0.9335218045039828,0.8519493285095436,0.10777964,0.502608367,0.225
0.1996296099482406,0.1605836381281843,0.5685920338512348,0.51137461687497,0.9424504686356628,0.6212152403505689,0.6606851605801162,0.7160055362363704,0.2278133336672746,0.095324934,0.275221891,0.0
0.7906701074572607,0.7609837349827844,0.2696864029530945,0.4431506727283919,0.3968388068829416,0.6873573007774415,0.2302738008644693,0.1648123854058683,0.5052958295316706,0.268071806,0.620745494,0.514285714
0.5637054482894821,0.3392131927376707,0.1688047786812938,0.9428266426137112,0.8494604274782063,0.2808189187166557,0.2117936086584813,0.0296717882865645,0.0521366930925294,0.085754733,0.460628949,0.5
0.705588619742395,0.3188347642093838,0.6993639952398818,0.9854727697915944,0.2295853157847501,0.2347366690989359,0.1177671150607133,0.6858985314020931,0.9270666224944284,0.140180263,0.380447077,0.56
0.5458212386840705,0.0135818917573525,0.1987338835852787,0.4675064281367174,0.9504402225123016,0.7859943854061424,0.3424417795860275,0.6389913502541706,0.1046159417758743,0.033476115,0.614225434,0.369230769
0.2719928064656357,0.0289004589091046,0.1587344813839117,0.2056514354362894,0.0663686006753579,0.3230680953723369,0.7032127839106764,0.2869081759882552,0.3258330049611698,0.107079602,0.327143706,0.64
0.4430622988412782,0.6603261158070217,0.9764259247951802,0.7481884748945313,0.5785452743907682,0.4704647667513,0.9853153229278322,0.8011089763521932,0.1775295208267133,0.312298845,0.376794458,0.0
0.905026707902134,0.7115927293292468,0.2383044242410721,0.0663417791111206,0.420308204421307,0.6758451172496013,0.6042315496578112,0.516104736921799,0.04651020619605,0.355723461,0.464412916,0.433333333
0.1399366403648779,0.4030911047604613,0.6693332638304859,0.9241833400157884,0.3509385191336881,0.9114965067875184,0.1403553546550534,0.2626128330336972,0.4830313984375968,0.133689693,0.355144204,0.12
0.6800003415363561,0.7822232180036632,0.5402124446413995,0.9827572919495384,0.2054254733171675,0.0753879605600845,0.0811517457211338,0.5058429911833434,0.1542562676044045,0.342772643,0.231117703,0.436363636
0.8584985404580197,0.6215024163326314,0.5646551898327467,0.8272737524413142,0.9723049298990694,0.9694563161152028,0.8254097204552256,0.9380542592568412,0.2759298941769698,0.341399667,0.579180904,0.629508197
0.4291727054264381,0.7295330172345873,0.0450177449936866,0.0490617318172121,0.0339370746951306,0.6930593908845483,0.4734251182166268,0.7329045781764948,0.0281155835529233,0.225111515,0.401991672,0.654545455
0.6293640727577894,0.7128570746218938,0.2264190321301833,0.6210597080787417,0.52126470320078,0.8632759914236776,0.4381798767153957,0.6153805879503047,0.2572522203196743,0.260205892,0.085668398,0.2
0.5499714369104086,0.7076661083165547,0.7829669536783527,0.8631449165327924,0.9649952308337376,0.6825387580038713,0.7945670778539299,0.0701690250097446,0.2581890213318707,0.483589173,0.321872575,0.218181818
0.7682075288042481,0.4445626303417057,0.9628060685976532,0.5767849286898955,0.2056046309374921,0.3075928062662968,0.1263523336642501,0.2507968219034348,0.6866914614192439,0.170004886,0.359176527,0.0
0.2369833486194816,0.9236126846795158,0.0197077053211682,0.918004975761424,0.5794798051142644,0.971279929000509,0.1312265795929684,0.639647198024924,0.8767101813094661,0.379811795,0.466412035,0.0
0.803090828504453,0.4341287082486789,0.643958268573287,0.9873346850589344,0.5988413960670589,0.2632933254123059,0.0580475275660249,0.5812059823503086,0.1227076236021124,0.110344204,0.337274537,0.0
0.9418928832864292,0.3549029034150067,0.589792294772604,0.1178280310714409,0.6610797122434727,0.4867200223807967,0.8364063459063137,0.9011326457055512,0.8224887321128341,0.219489039,0.555072021,0.442105263
0.8451385126925129,0.1057391973068281,0.1047102501552246,0.4656556919360938,0.5484726245673378,0.8277009136773396,0.7022378025158533,0.5009979248490376,0.2383500940505172,0.107912471,0.55307405,0.563636364
0.6759322014479845,0.8586552217329957,0.2056234141578713,0.6119014021035161,0.0740452850841705,0.3689721993122072,0.4807545435134871,0.5302559428002616,0.2954062329211518,0.229601979,0.609742958,0.553846154
0.584600219281361,0.9099387933692858,0.0080467603059825,0.2174568417929865,0.5814383815927683,0.7878570589028225,0.5242979193068487,0.5797041705491717,0.4064989808667496,0.578481628,0.509059908,0.166666667
0.6213421385044801,0.7577099997456599,0.7457316627370085,0.0642739272349189,0.148205242411315,0.7372763381112373,0.931217434723127,0.4835926990084599,0.5800206187091387,0.459669912,0.474107375,0.458823529
0.1311681629362369,0.7017527500201415,0.4377138340952894,0.106372380635243,0.5638694999276148,0.0440001923769884,0.6588970424140393,0.7349047743660265,0.7968928056151708,0.3432008,0.068526611,0.592207792
0.3904181705967863,0.0139120013128314,0.5060264438540736,0.4316602011265753,0.9616364472503014,0.0361889474133424,0.3895373202821607,0.5955301429025487,0.850090162426517,0.066804838,0.093377787,0.24
0.5664335679504914,0.1817221958874419,0.1355065609912856,0.777689955698502,0.7685626627595479,0.8241170248000413,0.833211564776094,0.5402614763131387,0.3113654165304048,0.123194765,0.528082339,0.611320755
0.5477071201313511,0.6967231892227255,0.5110745972897093,0.9164392479127884,0.6878200885484873,0.2693184144774189,0.7766877643032488,0.9265442984726158,0.9492857567232824,0.383228539,0.401738058,0.357894737
0.2485106872404372,0.4482672754021579,0.2438884213021038,0.8833024572172955,0.7663158471890895,0.816075813584308,0.712690221528279,0.0871835831525458,0.702151117792429,0.212619091,0.402149308,0.15483871
0.5438083805794993,0.7761141554964576,0.5626896127049252,0.0179758767900901,0.8411147176907476,0.2259111482288891,0.5829815525145431,0.3897085963882669,0.8328731365719325,0.413127075,0.318772166,0.554716981
0.391851913316617,0.9733118984333704,0.6480207656880964,0.0359581377234097,0.644374296933628,0.0092945858822495,0.5908400392456307,0.5471991777121747,0.034011853909778,0.516971757,0.065725036,0.557746479
0.1082656357442489,0.2585148617863156,0.1364658220436426,0.3525722382140033,0.6598070298585392,0.1930951333902323,0.0350923610042531,0.0509386877696632,0.0942274467036694,0.05490619,0.054777532,0.48
0.469738961629711,0.7255584250183651,0.6826150447692653,0.6052471219496942,0.8763431592940886,0.5993286140495527,0.8608567320115997,0.3411563468601636,0.8234709776038944,0.439781148,0.391663658,0.0
0.3624190762482024,0.9953677483707164,0.3036314737291392,0.134412993617082,0.2299304766493788,0.8907362498163857,0.2093709101284083,0.5254335592294365,0.6807412545695092,0.468215302,0.584401119,0.5
0.6622905650943219,0.0283575065731451,0.3571800018852303,0.41807483784206,0.9169815544933754,0.6332465995923616,0.026790282175626,0.6589312351121915,0.126891295043576,0.055245223,0.344078471,0.25
0.7361466485646067,0.25523257487302,0.3937155430855007,0.3094476760282071,0.3195874751534361,0.9235943724731908,0.099310785216175,0.3180844802716014,0.6806362774598786,0.110259355,0.515458794,0.184615385
0.448881653486506,0.4714456242347188,0.608150601786793,0.4206850440744644,0.969896031811332,0.5546831218616685,0.8874050352735846,0.9763561924369016,0.9692799188101489,0.202238808,0.430547073,0.0
0.9584275483568316,0.886718637269491,0.1040625331149237,0.546600596943283,0.4048761407104476,0.0203960481432686,0.5617211010585679,0.8712292956425723,0.7463629875570125,0.525599162,0.155336408,0.346153846
0.3551669244524233,0.742836648266014,0.246206562084652,0.5873000326231652,0.0598018813365562,0.7893516774193506,0.7560646121822779,0.9512784705867786,0.5074323950610745,0.414092064,0.514787486,0.474418605
0.1754077884162181,0.3576091965919229,0.9308183818269016,0.6486497667724064,0.9407660759118596,0.8302856725002474,0.0477503822390122,0.7258902291181397,0.6715375090035142,0.181606823,0.196189194,0.533333333
0.8751741468732062,0.7544526218597151,0.121084878782239,0.8930116281771231,0.1986750263553317,0.3311313663719065,0.1285498827527048,0.2712761426353393,0.580213400895572,0.200679639,0.350019714,0.428571429
0.7778934434862286,0.2772594756517867,0.0617729183935574,0.2575371467081201,0.4177779837930101,0.3184192727775081,0.3440968583942391,0.850236914937433,0.1819389561225444,0.076956206,0.300775715,0.0
0.2252337540422193,0.6524096346342264,0.8961682939757339,0.423791779374661,0.8713199258258074,0.9398836323709214,0.8061712394287323,0.1662988764268379,0.0358068886400766,0.310498957,0.431402668,0.58125
0.2386710725993006,0.6236162794089785,0.8954983897894911,0.4336019893696552,0.1321027313876688,0.2873233288707053,0.4837521996696563,0.3796388919637253,0.942829566798871,0.226764557,0.351178153,0.45
0.9309000512920222,0.5094574876800806,0.027495606704189,0.532704782954806,0.5076050101473749,0.1338579085563633,0.3642425684410009,0.6860375196941251,0.0865647487258861,0.137316454,0.184488428,0.085714286
0.1433033607746587,0.5878091634258327,0.7006773811784672,0.3506521905328044,0.9817427595792392,0.7869242493818113,0.2241187950238454,0.4683249273734516,0.8872478528346027,0.257351321,0.516395879,0.0
0.4480097971558099,0.164032654223786,0.1147724171220458,0.3262602605623151,0.004760908477324,0.6122256343058754,0.9863384600039826,0.2720701625340307,0.6817117221095411,0.137951323,0.538091741,0.0
0.77541823545524,0.1640510390081706,0.8342885023983997,0.5050674187106654,0.5897403866859438,0.1997062024393271,0.7347483580066648,0.4362308615065307,0.6856869620810951,0.125526623,0.296667027,0.090566038
0.5664974089879762,0.3007198398438675,0.0622404693192306,0.7083892386290186,0.5984200150670143,0.153056369878159,0.3041573482786828,0.3990898002574807,0.6909739879157133,0.084742822,0.187305139,0.0
0.787933516170225,0.3776452510682824,0.9702336819279362,0.2101531424151957,0.053335243365813,0.6086226991507054,0.3918299487353472,0.4303673250187509,0.1457822673445471,0.151070364,0.4666071,0.553846154
0.5661827594809863,0.066901866308914,0.2278261151367351,0.0457140735657737,0.6211127778784817,0.2887942796893951,0.8538239385066678,0.6193139322076157,0.012196660630474,0.112258716,0.274069182,0.857142857
0.021652172477245,0.0402536829229364,0.9459871707821582,0.0515500628916894,0.1988318146179578,0.5849130885974028,0.0262284220856049,0.3399110768706704,0.8540436227360275,0.075831431,0.196244757,0.333333333
0.9819724005987516,0.9993415505570028,0.6571217570173761,0.4322372506170165,0.5105740370728585,0.6297407729958076,0.5779770550246246,0.8551638681143496,0.9836933042037956,0.698321086,0.485728341,0.0
0.9835962916941968,0.8871207938257963,0.5827136825278492,0.3618316251205269,0.1270696831407425,0.1156938851715829,0.0829916624470605,0.5069750021670253,0.3476944895727976,0.28808993,0.282047222,0.218181818
0.1064350854451675,0.5860666122186484,0.5817895623821241,0.0225925204395822,0.8497675766714828,0.7337716985269737,0.0882097625390129,0.8932508691789629,0.9484665721775462,0.173112384,0.276690293,0.0
0.4975213286865683,0.8101715914631955,0.0991922779292708,0.0362750077108501,0.579285736379603,0.8341162556414234,0.9422381772898404,0.7224933515317588,0.4839804864556913,0.378110062,0.462528487,0.45
0.5779219164576714,0.2232019496641687,0.3609214925523636,0.5190073584353649,0.5940899996939312,0.3570572980925232,0.092507711241805,0.8115284481579399,0.8598363899256609,0.137574098,0.412320055,0.36
0.8424686274242952,0.5208409635116874,0.7108588863809403,0.0303711017552291,0.5785544390131774,0.4467484158476921,0.805063799120467,0.4391705203267507,0.0144909332333389,0.247738134,0.402975948,0.530232558
0.0839487469374796,0.1410020494649542,0.0571464649800103,0.3636641192313002,0.125877140222808,0.4447238952516379,0.5233219132738344,0.0387841176805259,0.2013352868646446,0.1161314,0.216015991,0.09
0.4391254668284009,0.7111371626292807,0.8501709194546522,0.9615514408961534,0.8252669665657126,0.54061910031801,0.3857929656516317,0.1919911490926454,0.9283365838187788,0.257305241,0.394358043,0.15
0.161753996862951,0.6004402630423591,0.6639096818532337,0.3823419303543163,0.5124533023454343,0.5425753740169933,0.3296907065136876,0.3932197845313824,0.2645476115902521,0.151036765,0.46274703,0.436363636
0.7681614644986451,0.6417064143240943,0.3974980509707084,0.5194961055561063,0.6497313937306951,0.9568620234773348,0.246376300461764,0.2518826742524436,0.3199867966919542,0.215841789,0.394514114,0.514285714
0.6132703723433242,0.5003737502685955,0.7645316151274393,0.7081932986120069,0.5413624930658686,0.3497858233562857,0.8812482392872507,0.2646905318730582,0.4301838101032625,0.25419007,0.329477148,0.0
0.2887563051059516,0.1066392870791959,0.7474588566776034,0.1470873876609698,0.1776169765765252,0.22710394134179,0.8747298052644239,0.2687186595474663,0.1483291366082205,0.104081082,0.31163285,0.711504425
0.9407489113281116,0.5872647407671521,0.8704911223456975,0.0407867739183097,0.1650643176477089,0.9433639002833192,0.9762619705661834,0.3482103548644573,0.3616636764429468,0.307817258,0.544628054,0.507042254
0.793407482902853,0.4190140292119474,0.0915718100954381,0.5360474724828969,0.4799550605320247,0.6569301950616996,0.6937676453748982,0.772419508206658,0.1299410252040591,0.204533582,0.479807691,0.660869565
0.5659309008089531,0.0627822350783904,0.919982760654647,0.9838147754589806,0.6590607297414603,0.4041710339125796,0.5918174910257765,0.830704289072555,0.4624134930757479,0.171624215,0.338752349,0.192
0.9923911469348488,0.1140852768625146,0.6956752887529403,0.954514079278183,0.9701736326966452,0.475209305903405,0.8537293109123173,0.4369907870781795,0.5760595166227231,0.125981281,0.523143483,0.372413793
0.7079561440981611,0.6234700517186702,0.4400443921509037,0.782202082764309,0.6414554108481855,0.5451262420941746,0.8564248901285837,0.2936353270166002,0.295767455892285,0.298950897,0.434763451,0.6
0.7212617142232286,0.0030213085596988,0.447496773988401,0.627256448760004,0.3276012190906306,0.1192236535150432,0.143544594932508,0.1150084297491744,0.5819628504584533,0.055735249,0.325107982,0.369230769
0.2174761481693367,0.8257451747365242,0.6066742405886736,0.903727293825968,0.7898677095910599,0.5247429201497985,0.4039746581377615,0.0423827058440504,0.99225090775332,0.321380562,0.383455621,0.0
0.8847048402252943,0.6160505293874146,0.9343694206726616,0.1298071327529221,0.5305297757323632,0.1383874137538153,0.255418774321224,0.3409051160647695,0.6033871824659017,0.257625847,0.295616638,0.635294118
0.9965834974673444,0.3125075583707285,0.7706045851564852,0.6004321348727165,0.0229009904861101,0.003668089912417,0.3400204285939336,0.9660145232033106,0.9437629364940056,0.109613675,0.137321383,0.67826087
0.3626520240789401,0.4583142744916016,0.3469443898849611,0.7450591315491989,0.1299407478214816,0.7226239430525896,0.5851295689013645,0.9960316542666984,0.1904044064761262,0.205576531,0.479905606,0.225
0.38938606692711,0.9429067712134992,0.2974880356204765,0.6247932423253619,0.0177369721031838,0.7502991430236079,0.4616451831099397,0.4373570853556193,0.694861514980027,0.327495573,0.500967471,0.6
0.4610000436933705,0.9664707002143984,0.1640865837477743,0.0923726650987954,0.4082147168493334,0.3112544758578806,0.8035544438406501,0.8101686689007714,0.9960200280982788,0.759089361,0.29653116,0.409090909
0.9983390154630584,0.1888352994902357,0.5398536542076691,0.693842603521367,0.4421573999117105,0.527300541033333,0.2773983921061977,0.3914389510946497,0.1543396136329115,0.086338225,0.409727691,0.0
0.0215659647065293,0.8003256796277749,0.7588826164927494,0.5897492292057162,0.3580822172449265,0.8185723183326747,0.8310222095946095,0.3766978225409017,0.7104905730953638,0.528685829,0.308170535,0.138461538
0.0204422610604559,0.6821971894179526,0.3031835022634087,0.5650009479826587,0.5925650612261004,0.9106668088629304,0.1491797286505953,0.3788079323410149,0.813934186007299,0.172080052,0.371091855,0.54
0.3770163843337039,0.3255848555440921,0.6061608759508252,0.5906846464687261,0.5636135181706745,0.8555546001341855,0.3964454692036397,0.4753218037751965,0.9359909098814728,0.133330781,0.313906841,0.266666667
0.6839598311440617,0.1230680728004546,0.911137533396142,0.5524081178155258,0.158778558581368,0.3006736947393963,0.047032106819998,0.2483617364010062,0.9032898522803772,0.072688557,0.216305708,0.0
0.9113790631094282,0.8025949781158297,0.1831955058969574,0.9584927977632928,0.7886424700659195,0.4815002879887182,0.9272829893169632,0.9963857499072224,0.8030390957925738,0.511428454,0.397689315,0.114285714
0.8710374961425436,0.6850188298633909,0.1574665640897958,0.520030570672289,0.3338125997505898,0.0457492567162614,0.3439226883647333,0.8867223230271792,0.345804162195566,0.182769655,0.208955838,0.3
0.8086390962004526,0.3663104631770966,0.5710413243849161,0.4978958497346151,0.4934887609816432,0.6062284289662063,0.901148293061425,0.27131837991674,0.2815648311893672,0.153954479,0.612511648,0.48358209
0.0616068461952351,0.3485738014080737,0.0763309442139994,0.0620436173263891,0.4220513498096192,0.9744145625526957,0.7021005177614086,0.4841615430501195,0.442084686809936,0.158998259,0.367356753,0.594594595
0.2120695232640941,0.2930321831470924,0.748151611618063,0.8884969923967927,0.5537286812363088,0.9243060837603408,0.9355125601912042,0.2497297048099719,0.4743563654795522,0.184778965,0.471396174,0.04137931
0.0737435164322171,0.0010146357383806,0.4657617117526986,0.0896007081596741,0.6229435673794949,0.5664858948298209,0.194249025613195,0.4812687175741635,0.909315909590622,0.054013294,0.241276468,0.0
0.5370091207945729,0.7236343733989015,0.4100907245673526,0.215569956798463,0.326747689612874,0.2640482933843275,0.2530962630151891,0.0163925335845254,0.0102503548574833,0.222064738,0.341121856,0.618181818
0.6092799843934946,0.7128805554003207,0.5265069616454084,0.5952185840295915,0.1466171418353664,0.0845814332772629,0.8526619700249956,0.1314791323542393,0.88847259613952,0.460957826,0.2071056,0.42
0.2170732491212208,0.1587380930984453,0.3022874362362319,0.1235912565117625,0.1629817650393126,0.0483518183714338,0.8498305357021195,0.8962263695391653,0.2278646626799482,0.120625688,0.040845282,0.064864865
0.331998363660256,0.2801705413228269,0.5878511369406704,0.0203432166325395,0.6707283103237314,0.9760145592144976,0.0058689714891003,0.3987474087503837,0.1549340283973673,0.107773245,0.492213466,0.509090909
0.2285891192428379,0.6102074411816037,0.7084969815336863,0.1500859040737828,0.3503161687595678,0.3697121050414226,0.0737700787310992,0.2202728820625499,0.6161852586697493,0.220643307,0.278785416,0.631578947
0.2028418827156477,0.4951617032117478,0.448119659804343,0.7815488342816966,0.92466030483736,0.137526410786185,0.0179375829850227,0.9324284941937624,0.5855338601953869,0.162073672,0.202237813,0.619354839
0.745681013068373,0.6389717969213625,0.1383960470934453,0.5214157031844263,0.4155570280134817,0.36943215429729,0.2733671808356959,0.1913938480827237,0.2695022655148563,0.150665315,0.471575062,0.620689655
0.5046064716988476,0.1304009974644271,0.704698005417035,0.9773653235217882,0.2497713466730604,0.0767341839611663,0.5985554178622814,0.4879814651612515,0.9163755197593444,0.122387473,0.103455184,0.13125
0.7391035145167177,0.130235601627881,0.225524067822846,0.652214826233254,0.9586255454395434,0.2231593622976301,0.5191910954757988,0.2089077825262854,0.5855685620030591,0.126632853,0.378667705,0.325
0.9134155300951196,0.6080600905773724,0.169590309543276,0.902819973752767,0.142773071492287,0.6412553609409234,0.1118067466443338,0.2149362449851505,0.17277937324,0.14175416,0.43602309,0.45
0.5111610912961991,0.918649458613482,0.1948660641986225,0.2276629861974533,0.8205689628236477,0.9230253823314024,0.6287801019562513,0.3378395118333935,0.8803409691313124,0.61243191,0.551819111,0.333333333
0.3001960775720085,0.4794201312565459,0.9715711058843928,0.5185355579102814,0.9679860339606472,0.1638914320219612,0.6567265199397417,0.050911061426124,0.804600492071867,0.298859045,0.116947639,0.0
0.9254701365053328,0.2432713992747643,0.7495524152809666,0.1002894825207622,0.866538521179809,0.7450296432441367,0.8687398088159625,0.4296901478566699,0.7031863418375831,0.160009282,0.547644833,0.275
0.1723590644852275,0.495602456026716,0.074455840418618,0.7840248350260697,0.1267053611644455,0.3006195668589969,0.3051089607384968,0.0918269739956488,0.4838511212439639,0.123388643,0.350708407,0.285714286
0.923865467006028,0.3819547597066247,0.2345183581643788,0.0536008928219406,0.8963005436269902,0.4733361455235005,0.9023748604403816,0.2727613370812752,0.3661171251944296,0.223326694,0.466008624,0.186666667
0.4800733529973972,0.5501344107600235,0.8184147834072242,0.6565996879632909,0.0463354894695575,0.0331439248124778,0.7808502502522593,0.0977722100621522,0.2139084329455153,0.310645285,0.115963,0.6
0.2783316172386954,0.879816428845922,0.1742031751507972,0.5058080889454271,0.2636789050836169,0.8349420585036329,0.6914649116736014,0.5107671183966915,0.7946279961725223,0.672238457,0.454965203,0.466666667
0.4115064645391951,0.3169968807334824,0.0058389205176445,0.5996520437996947,0.9528602463525652,0.526228358180054,0.8967046890047932,0.1673909135369788,0.680721300905185,0.156105298,0.337546727,0.0
0.5834036313445649,0.0087658511060846,0.0720857026888495,0.178521122263279,0.6492652417566975,0.9369743540066816,0.6915907652197232,0.3843166733523132,0.8306816618249729,0.095166058,0.466097432,0.561290323
0.9068270850980074,0.37428303736373,0.8648542854400912,0.5760304028362477,0.21993777063023,0.7349093025538554,0.0763799662539505,0.4360868540648006,0.8826148241404133,0.151054551,0.632164712,0.436363636
0.1083865647557202,0.9050869463413788,0.8485184651289547,0.7271440968781562,0.5927896208879403,0.7096424764450058,0.8269128775383322,0.6210016568127943,0.6960515470626176,0.654931825,0.315311111,0.085714286
0.0780253322747031,0.4685262990839579,0.651482430222042,0.2528420610399584,0.6986931404498616,0.4162549594567588,0.3958176750498017,0.5210825596997659,0.8274901189155621,0.138998111,0.248261568,0.5
0.1904558388059639,0.5002888248850954,0.9319702001237344,0.7075803647515112,0.7588579564818483,0.7395699647675704,0.2914516610728688,0.7561027030675851,0.8479672336485006,0.139988317,0.320535878,0.4
0.3190804293550696,0.3650794432279197,0.1229356963186729,0.2226894759041263,0.4697451450587747,0.6203378110992347,0.9354856134906732,0.9144816445456798,0.0201394666460241,0.129982555,0.390604488,0.784615385
0.8615445926866888,0.862119905064953,0.2186429920606832,0.7693907064088735,0.8877880548944715,0.4910810901934159,0.9277003907344972,0.6572758736825732,0.593897846775922,0.485263198,0.428189419,0.044444444
0.8579594151990346,0.4741472054059028,0.1173080571481273,0.1144443747546518,0.1064529115754266,0.9841165118016464,0.2689170667606352,0.1394345174715011,0.7218666135869606,0.160723411,0.636234169,0.206896552
0.0285192221598935,0.1028448238511807,0.5203749273857321,0.3628938039961612,0.0763917036133695,0.5208358244004624,0.1584614520248242,0.1113931800237659,0.5228315223558294,0.062798377,0.099408709,0.0
0.7509753118650984,0.5842588486608117,0.7729499590040598,0.1409435799387359,0.819899092129692,0.5901463014050863,0.8344232098542016,0.6242180036976127,0.3479754172966597,0.241528305,0.443555266,0.0
0.5978143785967528,0.9131327324145588,0.4140504695550357,0.3607412390502403,0.623223376737189,0.6676328534787461,0.3815676963486103,0.5831820642738401,0.6449490900657969,0.302626743,0.516291531,0.218181818
0.5667288151644032,0.2403867920877349,0.9712877705023693,0.0828434798561074,0.950713292646358,0.6044234073867945,0.0286193759331538,0.7116010066688732,0.7827825103938263,0.092555032,0.406817494,0.436363636
0.5644686171059993,0.3525715827733404,0.7026656514158589,0.1871012356305792,0.7198481231881789,0.4931916372506556,0.3130829713135123,0.9783015095049108,0.7577048874729686,0.113968347,0.4739169,0.4
0.7791329445107763,0.6966278120454313,0.4491742664876017,0.9094377952665982,0.055865399428451,0.7230233136117904,0.7326552853668816,0.6334279401033804,0.7870559420698212,0.470257321,0.63932558,0.0
0.8936759232530446,0.5782755904777885,0.746050873531686,0.9430241359908323,0.0662397256788592,0.372479710094177,0.3069389412721411,0.2653255390222118,0.1161473967055352,0.212131843,0.483181127,0.7
0.8357044652816051,0.3946606321336345,0.6397864826744815,0.0572897389847522,0.5296979998752767,0.369654685927236,0.2619805958138966,0.3757723089251134,0.2770981163264393,0.149144509,0.485232393,0.525
0.0052405628630947,0.4386037706742441,0.8396029479986552,0.1383189699627285,0.7559843960509952,0.5375430919495836,0.8631836937106627,0.2127235545382911,0.8359978843375342,0.242203857,0.239415659,0.477108434
0.8503947748221827,0.6831504487855222,0.0349271319546597,0.7023624354426186,0.14274249667534,0.0362463076217197,0.8637414043174945,0.0278295176673164,0.7016389088271588,0.331274987,0.242022829,0.573913043
0.2566892084571139,0.0212715887599185,0.8743224575360852,0.2356121648992555,0.989172739716371,0.3527255290542461,0.9344086375751786,0.2915388128196345,0.554097919767153,0.097519995,0.316087851,0.211764706
0.6349366083626998,0.0944290460562763,0.5951613778810484,0.6197035068681009,0.7547549868245469,0.1836407063580456,0.154515389408653,0.0719499079757178,0.8549614823126437,0.0503364,0.211392015,0.0
0.2928120547997531,0.0629458274646886,0.3848165282317192,0.5824246339770706,0.3921399064338798,0.7690689770905476,0.8744569961621516,0.3298063050891828,0.8075881462232809,0.099067813,0.383673579,0.498461538
0.0015257084246093,0.5886127631924718,0.9312697366702496,0.8592887013574874,0.1025058990950975,0.2525941427290609,0.9795220789914189,0.932066993559586,0.334222179112053,0.286160753,0.138484495,0.388235294
0.5113879368856762,0.3320564698987366,0.7910860822825627,0.1287851600217734,0.3276679134147898,0.5103716394488401,0.6167414215738735,0.1516695979737723,0.6456811655187071,0.160164703,0.520942465,0.440366972
0.3358983979017581,0.4205713304346062,0.9321620195073173,0.8006512417713887,0.9155250805502748,0.6295653039082416,0.1137251676536229,0.5239199291161862,0.0007575557284309,0.125775065,0.255351218,0.0
0.8997829127063472,0.8922789982261085,0.8881783662452084,0.3652021560724476,0.8966825354132811,0.6960083254523264,0.3684213083718434,0.4200599361787753,0.0147764715733511,0.289751898,0.339178107,0.672
0.3623804176413377,0.6241993555748074,0.3216109182071782,0.159607115114543,0.1924503899177492,0.4626029512377063,0.1873694496119432,0.627203685507164,0.3181160861133202,0.169408479,0.35196643,0.757894737
0.4729621207737676,0.3317490376560285,0.7387942766849976,0.1377200202599001,0.8430604752881327,0.2338452372726281,0.357540108352661,0.3077698943376684,0.4917249944477881,0.090703381,0.08824734,0.0
0.5052447328081038,0.8699300268025318,0.9116117805006078,0.333352949929838,0.3246266742921703,0.4379923341671123,0.6532298196097667,0.057129955122295,0.463866039755446,0.503525941,0.486050501,0.512359551
0.375609741591925,0.7190792986983241,0.9739895016463972,0.9835327232855312,0.7697099225407098,0.7136526348786199,0.8307404326101665,0.478403953660296,0.6019162876273495,0.56351333,0.435863297,0.270967742
0.823416951819991,0.5558057273420376,0.9168310278127648,0.010782927641195,0.2632359768860101,0.4410073947535289,0.6739596665068999,0.4811503228716325,0.8900005839814061,0.283931121,0.547887253,0.305454545
0.1073699915735278,0.0061183912247512,0.207174681814836,0.9581942611535396,0.4707467885100034,0.3459574397271598,0.3533733267423277,0.0385689688150868,0.0205358863838283,0.063604277,0.134340943,0.84
0.0461701349723356,0.4501723799140312,0.965566954858164,0.4252162940907384,0.9080034615726884,0.4310259254295868,0.2659822135986686,0.3886480948518568,0.4665517529419556,0.128581035,0.195774805,0.0
0.6727036392154299,0.1502174503788448,0.744077346146198,0.6389184015960043,0.2506458920137534,0.735947040927857,0.3853185818294447,0.2029911008135551,0.0258181245067288,0.056199342,0.463991463,0.857142857
0.3987509310311293,0.3187470084900592,0.5430004087518545,0.9493361644303776,0.7560012800356348,0.8957219975608216,0.6261621070907981,0.2650151559382906,0.9341054632965656,0.245993697,0.467359374,0.0
0.919641875925268,0.5021999962850686,0.6711634453394337,0.0596213658124641,0.1669333468230371,2.68243834398163e-05,0.9252105750079788,0.6241448715228584,0.9281983658222654,0.317588161,0.099663154,0.704347826
0.3988037420443675,0.8511125579707026,0.3874085922613467,0.6478509395093143,0.4834484823879006,0.8222529124733181,0.6045149806287603,0.3912057590872858,0.1289158223520676,0.497801238,0.393961806,0.647368421
0.2991559420278692,0.3516525192874372,0.6033998511581309,0.3740641696254089,0.912834960355175,0.7028949641348067,0.729947644576609,0.2445618157877894,0.6203517479196596,0.206446799,0.402347785,0.762352941
0.4441284145340658,0.3283319316813285,0.6595899489970981,0.3533084408007252,0.65851972804741,0.4494523612942137,0.5414790175249967,0.7214485182821779,0.1776295871749956,0.148249693,0.31389325,0.352941176
0.9623834987246552,0.0955661122465757,0.5747867775711251,0.7087311499833537,0.7447585655519082,0.0104877141196508,0.5164851643681316,0.1982858693700893,0.6794437332073148,0.107798824,0.047899355,0.0
0.8161765280535926,0.2703101510314381,0.4560135696888975,0.957278225635397,0.5371376192547307,0.91045265935322,0.0826330126676346,0.3510149599484965,0.7031650384766505,0.126536602,0.36428979,0.0
0.0719508364083305,0.5562420178067123,0.2072085781779225,0.8791917357322884,0.666899348013708,0.9581121459229026,0.365977692596019,0.200126480166741,0.4524082202121771,0.188834538,0.373464021,0.15
0.0903746229135978,0.514419459151493,0.2161163333950397,0.1554760473897516,0.8720929686231682,0.1674377782884367,0.6378820642961178,0.8140001418519357,0.9373424741067156,0.234372687,0.1305972,0.345454545
0.7966384686732141,0.6245651494287838,0.5181783756243529,0.2963301039895926,0.3414555531104237,0.7529714298634821,0.5604234929689453,0.545398858688083,0.6763119820165704,0.304677873,0.550582628,0.177777778
0.3500503807491716,0.7277219886858294,0.9865737973103588,0.2123373103541465,0.3233787924967632,0.2489220730614373,0.3833305638678411,0.5628428258955751,0.2738840048209391,0.17125495,0.27119119,0.553846154
0.0985400803680773,0.2438386417465232,0.6468970950118481,0.441704711493601,0.2482157189410289,0.4403560490556417,0.9571447827862104,0.359023443372536,0.3428503558302445,0.159380937,0.324272106,0.282352941
0.1125359807607921,0.4538978773627132,0.3082908165965184,0.8468359166519926,0.0853982170765405,0.1916316661429929,0.7569648521278256,0.6695416758141125,0.0352942606302326,0.255783813,0.040050664,0.057142857
0.9748436392454228,0.7951914922083084,0.0447914201986268,0.5997629148502679,0.9444213723697948,0.4374018335148902,0.9833801823020024,0.7131269911254708,0.7262563529759805,0.412242843,0.376745228,0.0
0.1341225754050058,0.7859857371240148,0.3282063443367125,0.7608336544084954,0.188778708285907,0.9105741622963026,0.8831892746866494,0.4203059884188375,0.8862760934970502,0.451539424,0.33784339,0.16744186
0.7582763252211343,0.0990337376631608,0.6406219191443022,0.524885517169136,0.522341130454391,0.0225539757058762,0.2649231224982769,0.0378243490715175,0.992272000842356,0.038562013,0.119677709,0.45
0.2579261676155611,0.1486470161902494,0.7729759044940917,0.8564323800528643,0.9812816145362884,0.6709624964176676,0.6576876716205744,0.7198727541472995,0.2640515855437663,0.141861566,0.400382674,0.324324324
0.3085595310138279,0.3735640008962757,0.5602934185784875,0.7546961163982395,0.6135474169319955,0.1880197119520095,0.5739641163750104,0.4089799925551175,0.0730586581874326,0.172736754,0.246942696,0.657777778
0.5215857561271398,0.4120274729810215,0.058087101370058,0.0765346556234626,0.7288739552933367,0.8746493475498774,0.5292382535695943,0.8169291968732803,0.4593510114826782,0.159724241,0.503028362,0.135849057
0.8392888612661101,0.5386567854213722,0.9737552522696196,0.6642941277513927,0.970695326466017,0.4092445535767862,0.7317765164288558,0.2400665388860325,0.3339673451402355,0.27742678,0.380264887,0.034285714
0.8820572270071283,0.8335983909569095,0.6711403506891203,0.3362421829201573,0.1416231982558606,0.6715848950476978,0.5977084161031295,0.05861625717132,0.7143776919308539,0.501439735,0.525284654,0.097297297
0.7069945788068662,0.4995347856760971,0.1377672990321872,0.0882862091726304,0.3679734174389085,0.9710022696096932,0.2329719153208874,0.3522649950330239,0.1012077420835281,0.202437576,0.3215992,0.818181818
0.7860537116695111,0.2919476453478088,0.6621758350311299,0.4982302182478699,0.0917959376209315,0.458786092416914,0.7523487847401689,0.1427953217502394,0.4679223785966204,0.178739497,0.452452611,0.0
0.2592586842990382,0.1654441872636323,0.6981299679053246,0.2893906228889237,0.2518874707636153,0.2104624418142729,0.2350373497684978,0.5302502763090953,0.3762710336124562,0.092090485,0.219305767,0.2
0.1329120493128072,0.2923629080007307,0.9889508216829948,0.6010308616379072,0.2615054559915692,0.3759545372318285,0.9392136848171118,0.3167366291522847,0.5293281952763393,0.194262382,0.321703731,0.572307692
0.2264429424742063,0.9991486989315648,0.8077784410324781,0.3626418957460593,0.0334725568790497,0.485560679047702,0.3188157587267605,0.6818997113811792,0.9478280487838832,0.559224888,0.34575617,0.6
0.5570258492183079,0.0200241735485208,0.3031642279568458,0.5423461930595168,0.1022805286960157,0.4974629249104619,0.7127276214599323,0.178451204803267,0.9941324432565188,0.099442209,0.50422891,0.42739726
0.0826860120608095,0.4369770638550196,0.4595982949887338,0.1545982912398066,0.9909453399702436,0.9980369004318828,0.8075790933748133,0.6989203581404081,0.7761786055708585,0.196305187,0.431024048,0.4
0.1794298577339826,0.208762032816976,0.6185242128243075,0.8504365034988285,0.7266281267036165,0.7294846296438906,0.6652293709901709,0.8312375187300074,0.7427927163720548,0.169224952,0.342994425,0.0
0.3267093039847103,0.2715056015803657,0.3493287418349204,0.6287596801804035,0.4598256015877285,0.7400538707336928,0.78437480967025,0.1899294894124338,0.0397412371367505,0.106834844,0.381654123,0.533333333
0.2617663860321919,0.9390378855234456,0.4358482828770493,0.2065238958047742,0.7576493153868816,0.7976200206989231,0.3757943827231109,0.4283084144155578,0.6336278548003714,0.444165401,0.29446811,0.0
0.1866623616648366,0.479563962172387,0.0752940671865377,0.3498556344963195,0.4175224063967159,0.8722579115570277,0.6567173252384086,0.6044865668462492,0.628641240974902,0.240554343,0.404441936,0.1125
0.071859598389684,0.631766091315262,0.4128391225765202,0.6504802231949496,0.230030498510688,0.5498431123837336,0.2728979140460122,0.0906917570667187,0.2286939378960234,0.136418283,0.300970806,0.436363636
0.6226034120513512,0.9132707132598624,0.859922445518795,0.8891422546594222,0.7722880099244745,0.0745541521742002,0.0347932589124228,0.5462512091101854,0.4659378668145291,0.415966572,0.169610017,0.266666667
0.0527052201131948,0.8171807838339857,0.1514124389820541,0.6824705616246501,0.0993322756922335,0.0383856046209089,0.8479323302782162,0.4124625984310376,0.41266452053177,0.370804356,0.040852541,0.291428571
0.1809621881797781,0.658827130538163,0.3556162445538625,0.5602776976129467,0.541976448681589,0.926974495521702,0.0859043472857964,0.4251083549746504,0.8584723128054125,0.216255986,0.443707472,0.461538462
0.4143156210620411,0.4072175353817526,0.7455888072455307,0.3837152375884285,0.5342296315293262,0.2612332183224549,0.8852795946241119,0.3388904456777599,0.6212678691086776,0.241228787,0.256549705,0.552380952
0.6701685233129827,0.3065564009013756,0.7932570271409487,0.8196193721868806,0.2944393345188028,0.6936621413789857,0.1595158023583011,0.790636547612308,0.4711332096768944,0.110989009,0.564444138,0.2
0.5330163626177609,0.2824988527523765,0.836751080953749,0.9692727312236084,0.0320979258164497,0.7400378151653527,0.1984514203140189,0.3417872821821723,0.2778868751733903,0.107777439,0.424309833,0.342857143
0.5849655663458732,0.7962743612633172,0.5333817597008074,0.6031190596227186,0.5952732774943652,0.6373136167739702,0.6378151951859922,0.3092254821584801,0.9611462568092008,0.465898354,0.49521944,0.0
0.9450630875006184,0.6024052475682853,0.4414931335977262,0.8243655162629175,0.5722875767904917,0.3620821162716366,0.8598788211984436,0.729231604713126,0.6660590991912062,0.304374494,0.540307048,0.579775281
0.3869780240944519,0.8550083807425728,0.3370396209208788,0.7007439350204198,0.4673796799726314,0.8972278061486723,0.8339350407690007,0.9738679766241692,0.4598717366135769,0.436290164,0.476817305,0.38490566
0.0534846361033666,0.4902465833550773,0.1441005815243264,0.97081676917092,0.3461182101287038,0.1871341266587473,0.3875781051681983,0.8172864674926454,0.2426758779996893,0.109651986,0.125897802,0.436363636
0.9996649089560772,0.106457250733769,0.9184491904419771,0.6709324274657561,0.1609403873181071,0.5809508552088855,0.0531894292694294,0.744054710402978,0.0425370812673784,0.053346544,0.167971795,0.0
0.9747986341150774,0.7376118535337548,0.5750113682100243,0.0430163151333092,0.7596556991492921,0.0968777819499365,0.1325309113231398,0.2639163027861254,0.913578766911058,0.277183156,0.145608489,0.0
0.0820320512112385,0.8116167734377882,0.712064776828133,0.4396704492694647,0.5534107677003424,0.6928894520930291,0.0285507862496479,0.7248462893160187,0.8516048340809845,0.223374429,0.275421345,0.375
0.8633418062138709,0.7544632754479906,0.0038566100205454,0.324849104115966,0.2747864721325599,0.712724711421721,0.6859987905402,0.2508399996988819,0.5457456648101762,0.370690488,0.456450817,0.6
0.4287187369026308,0.1151812452041367,0.962644393186768,0.36737653856198,0.5599032525129244,0.5018527019945883,0.8528625667373254,0.9489880063575328,0.1607498043689316,0.127044317,0.367702796,0.0
0.0543769146797369,0.8441222100293752,0.5859249539383851,0.2711120796382973,0.3069482501653838,0.7000088412225849,0.2264755896219875,0.5129833087741139,0.7528246790870813,0.337741174,0.298228999,0.218181818
0.6973628249038283,0.302476990995257,0.777415266994521,0.0638124382864047,0.1845216515861701,0.19660525232047,0.4666982776789773,0.6997778953996159,0.6087274222255478,0.134777875,0.331145818,0.327272727
0.7515773131262449,0.8471149434575068,0.7319631460784178,0.857934577167179,0.6882114033939144,0.3162815962142533,0.038554839967,0.1283116584033132,0.1803019357340256,0.30830427,0.481673845,0.389189189
0.3232969901628967,0.630545545067344,0.3689560652037863,0.770967908301555,0.079928349092247,0.1886061391449726,0.3217707835345598,0.9000301509362055,0.6536153493477059,0.17973154,0.185913923,0.352941176
0.0904205601570656,0.5934186528315399,0.7691659539684822,0.7660802423457,0.9054645772394831,0.0651349740041251,0.2508156431514661,0.9721392186143996,0.8215249802841921,0.246757341,0.0,0.0
0.0272914428813633,0.2073591198843477,0.7685312384483414,0.2419862489919602,0.8374476349729332,0.1464591343845602,0.3969858050277041,0.9385956637527432,0.5828040090133754,0.101452545,0.054500181,0.276923077
0.8456856620997464,0.6315652086422401,0.8312382611603744,0.5036393895560065,0.2891102764957896,0.1940845476087357,0.4211714556895241,0.1939444166388548,0.7953044719610757,0.231223351,0.099458544,0.15
0.2763278314554056,0.8454265297901584,0.9991602436997068,0.1825922933637843,0.4374589346493746,0.0926547498616617,0.6980168228867871,0.2746728047736113,0.1064006644058339,0.454828801,0.083268889,0.05106383
0.76445310359264,0.8880591447879106,0.8153433833699834,0.8910273483254387,0.8231125358129291,0.7647460915617238,0.0749272526234884,0.1779074766211965,0.8966444287541157,0.457420538,0.670504289,0.0
0.565177678742471,0.7947448308255646,0.4822732849797143,0.2756579498147604,0.3296196017091858,0.2196192350899771,0.4943806993494097,0.4651479902319243,0.8306981912585623,0.326750236,0.311296106,0.45
0.4901721692964133,0.6128564795756938,0.4268953526707361,0.4500695149166112,0.7218593854608225,0.5807768395567772,0.0577402916778632,0.4598438220907141,0.7123067123359184,0.228070481,0.342161202,0.0
0.6991831255351377,0.0130533162748288,0.5693875551009402,0.240117527820439,0.0935274505246929,0.9812810375121483,0.4596317893542057,0.3303938296482439,0.4148470922274808,0.080330763,0.352902247,0.5
0.6476815159020634,0.900763546632688,0.6041216662740438,0.8450539675984412,0.917792594920574,0.2621931944593852,0.184176377113268,0.5088279014470454,0.6380044810854708,0.367738943,0.350052334,0.0
0.5667272879748354,0.681244921177212,0.0389127112279938,0.9198666463115768,0.4376694662963911,0.3499552817220269,0.2923603427033557,0.3386535596940101,0.410793712106702,0.279221637,0.510079926,0.4
0.689403028817169,0.3516850893324016,0.7045387118212219,0.033634243715459,0.1808507867908665,0.2501035480688707,0.5681907285996753,0.1611095549686328,0.3306564772745598,0.187135263,0.29758024,0.258823529
0.2331140933628206,0.1458530262744607,0.2884638054738976,0.7638977653850944,0.5197007991757004,0.6361612418335182,0.7484487217146351,0.3497878021601608,0.8444610278705824,0.152762551,0.355160627,0.205714286
0.5178823109658425,0.9612024716491812,0.1197526197400509,0.6060996878477724,0.2734773344024994,0.82779144527958,0.5819156576533855,0.5656933596838293,0.4345268663612431,0.549689723,0.545168806,0.073469388
0.2634053565456024,0.0254755050060364,0.8170089425114123,0.1320585644867505,0.8318339424408209,0.0855222187251802,0.9325553049698336,0.5760381987719722,0.5699796594293196,0.107278318,0.145594587,0.364285714
0.1824179524464831,0.3696285610905921,0.5607333687830164,0.0168650924814087,0.0449861349266388,0.7136485927594127,0.6085537684524311,0.6148386829506358,0.8648363211824924,0.20939636,0.363157194,0.152727273
0.699689809787642,0.7984831624159416,0.9221341562010276,0.6235115684533507,0.5616597643663287,0.4837212149342345,0.3462389744122294,0.1141422730520037,0.4555556396551798,0.409085823,0.36410537,0.171428571
0.2500423641458271,0.7475030666012488,0.5103734614841903,0.6495208902341137,0.7585766019206628,0.0945752067988727,0.3659695707933241,0.4014528345802554,0.0291226499945085,0.209809669,0.0865889,0.876923077
0.9728432412562134,0.6046618230894919,0.7803434523098952,0.933363511164744,0.0745320880956531,0.7829668032342579,0.0628842090163136,0.8389217010121015,0.4456454462693616,0.199161265,0.437851351,0.0
0.9510800069482416,0.33010261020046,0.3698231324883285,0.0217578412887897,0.9322196466611424,0.0394852417747936,0.5453460559888744,0.602994442442088,0.7561691549716607,0.172261913,0.162192825,0.272727273
0.35891056850314,0.9745688250399004,0.0541769392350366,0.9218125082927848,0.088548935644122,0.7955679504614583,0.5786783786164609,0.086792200421669,0.6165622724621914,0.496684018,0.501767008,0.282352941
0.9188074978273688,0.6483464893971917,0.5022299089850072,0.8360601349421459,0.0437800069885079,0.5495601967478981,0.8525833353061507,0.7764517464800946,0.7252502908135129,0.387903693,0.467517886,0.203389831
0.6397982095704521,0.6246657099906195,0.139807701534333,0.5618455041122739,0.6248250659291414,0.3292824008178541,0.8532515568065553,0.4138251388785919,0.8759788704147287,0.26313153,0.35727906,0.0
0.92767644118671,0.5757377574431168,0.1866046889321866,0.417173758308428,0.338414615680165,0.0969816120637162,0.279572957071728,0.3477307427542844,0.3181894944506509,0.16821793,0.113557628,0.0
0.2006407876171654,0.3559865256088933,0.5996045770085664,0.6009767666097451,0.3972066928685194,0.8223506738017499,0.930651660184334,0.8558724253226065,0.119017660156699,0.225326935,0.428325453,0.0
0.5844024385894308,0.119617401172211,0.4995050726575237,0.8833246173274597,0.3855718901885879,0.8237687743490365,0.0395367224703825,0.6016065012375539,0.7528698175972177,0.106039909,0.526525046,0.257142857
0.4413849012901696,0.076888314341909,0.3414261610641041,0.1136034708506409,0.6297851051924834,0.9729924473400792,0.8705224442451464,0.3132729668531214,0.594047924113805,0.140772942,0.44571136,0.713513514
0.7657705982868697,0.3082723171934646,0.3959630931394307,0.6523009379243973,0.449597596253464,0.0971233737865835,0.0229627799471957,0.9736488196910666,0.1008559514193777,0.117263559,0.273974567,0.0
0.2972102254077386,0.0178173341170875,0.7283278770665353,0.0368396621163494,0.4371140497843129,0.276729933984732,0.4918075851748459,0.8678281803878146,0.1985137325342825,0.068956649,0.282314877,0.84
0.9334401843424044,0.08016070186946,0.1739864263223698,0.2273928254706442,0.209023901684401,0.3102715989108213,0.7503682992361896,0.068053511945912,0.8418222010902797,0.108323257,0.587151461,0.51627907
0.5485404943420791,0.959094570262866,0.4642219561742552,0.039807853482205,0.74522097173889,0.626302352644499,0.8237173613938206,0.0977734374998761,0.4070806103809677,0.650483407,0.553557807,0.616216216
0.9678974385339728,0.0331808836668409,0.7423087082902208,0.5240522818434129,0.2961699127235137,0.423456012263942,0.4156012664525995,0.8740750391945113,0.6722512237293014,0.081263691,0.421213613,0.55
0.8315811890589427,0.814409206407483,0.826513932102745,0.4470384638784676,0.9963131572603976,0.6804012461712232,0.9778580082038576,0.0106342944169607,0.5138606423432113,0.498236881,0.581843055,0.153846154
0.6854360317316144,0.7530366798656727,0.0847365910777451,0.4146943039847303,0.995816815542601,0.1559316040869881,0.5722049929510484,0.0006308069949452,0.8247161835717466,0.430191302,0.209879152,0.0
0.7199273541715341,0.6307361606764083,0.036545238091858,0.5758286376134154,0.1710644747212857,0.5665188981362609,0.989473343949191,0.7046231645746697,0.6713344785947666,0.325546713,0.455268331,0.6
0.8669234472776401,0.9917131570341898,0.7988306149840987,0.8852072072908188,0.8514139836551858,0.1849423133369602,0.3994982656967123,0.2536687731690922,0.2235479894465001,0.372296757,0.343395061,0.266666667
0.4276558485983371,0.0638986346634914,0.6564261354899855,0.8999486841295667,0.5962846887331663,0.4760281674814485,0.9754187063109392,0.6107963219575104,0.2631687737706637,0.091532622,0.264539758,0.10212766
0.9979036764917614,0.6208310612811578,0.4383461311878051,0.9379610816285372,0.8536669811113317,0.4829439881530405,0.1056022447934947,0.6446034437470253,0.1801846764515042,0.113578232,0.41833638,0.0
0.4066237905931266,0.8633681532524657,0.7803515336905567,0.82898162910263,0.0975365140982745,0.5997488092373521,0.2315118239437515,0.0611408859862292,0.8992673392926207,0.400187829,0.453406024,0.369230769
0.837654752945021,0.1651249574591243,0.5247650689031627,0.5077490569451031,0.1908747037682764,0.3428446137649817,0.4559139596325364,0.4967946006090573,0.9012145858479758,0.120338999,0.458458297,0.619354839
0.6666485881557667,0.5054792644767813,0.1359035495982198,0.2309399130129057,0.4832050873021269,0.0452437593539677,0.0716529709746075,0.7729939520932102,0.9228825157274676,0.158697971,0.103110405,0.0
0.2879134455863877,0.5153583387263125,0.9762173781137938,0.6524363491895099,0.8777975525241378,0.9787609203091806,0.3396973358123037,0.7843543397846292,0.2238780939991257,0.199500002,0.52144748,0.342857143
0.6330198012801305,0.9705872607393486,0.6841631013167152,0.4846256763840909,0.3696724764117478,0.5375194221564749,0.224268625142315,0.1957608737385817,0.986371393933044,0.428601582,0.491689141,0.109090909
0.3420135790656932,0.8737746572092372,0.5379575035184546,0.7808436468347144,0.2101721951139877,0.1328598605133777,0.9497009698824485,0.7433919689498593,0.4584902380571541,0.42046289,0.22912159,0.443478261
0.2055135443430121,0.1034113722391077,0.0337952759869515,0.9695620602870444,0.9467714189494768,0.6237351697197945,0.7819767068261809,0.6326519539945271,0.8552028290502318,0.10847745,0.336495744,0.0
0.3982698609194512,0.6063961007262034,0.4365309367255803,0.2781009002008059,0.3205771897865204,0.814878118538019,0.5125311245245595,0.4326004384120663,0.4425745429062565,0.337072321,0.428472441,0.293333333
0.2017230546001158,0.2120866835986049,0.4047679771541002,0.7919322961757868,0.6206248971660087,0.8970347847248614,0.2636592944911253,0.9861004450634732,0.7357584811619989,0.096699468,0.423256563,0.423529412
0.8700621659586403,0.7750229517254454,0.2632824200345588,0.9387400422828748,0.4561579569707842,0.8051805105730389,0.3358835408907507,0.2404444010541924,0.4752066491398823,0.288582285,0.527535699,0.15
0.2844235524645743,0.3704880883228857,0.3932089552189214,0.5972784556636616,0.6485041631777033,0.2643100540117671,0.030408102236401,0.0283834808706803,0.3784729221262062,0.093059714,0.374171643,0.733333333
0.1441694906505504,0.6107550825541858,0.8325242480577698,0.3724145930843993,0.5854675559109328,0.8965692079843971,0.4877957154140664,0.3719159967638505,0.8235260638828762,0.314063148,0.66596499,0.533333333
0.0792908690094463,0.9718346371469596,0.6709212538061936,0.620359164042094,0.3163363798307211,0.8453318910986205,0.3423199342283162,0.108704840694541,0.0564374848621921,0.440127358,0.071208303,0.0
0.0169827304708559,0.7500448017603023,0.9172110264993272,0.7103817426939044,0.9630530626719644,0.2998641243517421,0.930812137661054,0.0526050381870014,0.3824262567415891,0.4651949,0.116297038,0.0
0.4662952664658049,0.2561241646163055,0.1949760704106559,0.506818956228076,0.5360270596123533,0.1494957013461609,0.4062222355251504,0.0753550403413069,0.4129777597016186,0.090910233,0.317691469,0.4
0.5452085898231391,0.4383616498115475,0.0139316902976748,0.731585642795189,0.0249900010871514,0.0096711608685443,0.1237504841907565,0.3320390002846143,0.2503612232650984,0.096147862,0.05112606,0.490909091
0.5369355602491378,0.9157490755773164,0.1381323374255688,0.2698285142969622,0.5626718432710388,0.6158798465748492,0.2995914682103053,0.4298926233289626,0.0970297298363204,0.310637851,0.538418309,0.556097561
0.081688413235852,0.0249344967586069,0.5994373444083514,0.776506588799008,0.3711775499468726,0.979428796788748,0.1608724398473376,0.1978303566015483,0.4262142160695688,0.063816832,0.292113675,0.1
0.4574660681467573,0.3832385583362717,0.3616102387918712,0.8542595200496405,0.1611798725191833,0.7543224333580246,0.9887327345089671,0.9043311436965974,0.1000159833710555,0.146872079,0.278276525,0.0
0.2853897437353015,0.3089699757215143,0.2681563452390864,0.3244750862934275,0.4731977724188267,0.848833437377416,0.6036001594950627,0.3733074711510714,0.0871945571281616,0.119914623,0.388921322,0.5625
0.1423451381045399,0.0493596442260845,0.1350399822985972,0.9958628961661764,0.2499080722606715,0.1376613241680163,0.0145635957377814,0.581676788465938,0.153170768549042,0.054360031,0.07862813,0.436363636
0.5986837547090671,0.0023924350763387,0.1155352053872796,0.9101950454693336,0.1319902774721381,0.0466008516463144,0.777569441662874,0.0327440735345683,0.5125886194120721,0.102320241,0.168961062,0.418604651
0.0537735289900935,0.6220835763280129,0.0367134807985599,0.8686073537572216,0.5688980415382847,0.8713566968988498,0.5167747413201218,0.6137703181890564,0.5504520179988796,0.309418583,0.31830367,0.032432432
0.3933651738003098,0.5386815800776587,0.1789059833572912,0.7203633905192562,0.7784929156854735,0.1370036156499769,0.6732837266240216,0.7406707535113839,0.5173221631168742,0.236912784,0.178565824,0.447457627
0.0765242472206463,0.2223733869271266,0.4932692150353674,0.3131097808333455,0.3231133412645492,0.5002803860740827,0.257311433691031,0.8816861078733601,0.0093628816852204,0.058189668,0.263876993,0.3
0.3844535917349118,0.9512010053198884,0.4498476008605374,0.5504070685466881,0.3904589822116306,0.2396823833786356,0.388811462573886,0.8839104917196208,0.6355344407308673,0.312423393,0.189350089,0.0
0.9522164733846468,0.2162993358903294,0.6139365216593208,0.7688900526737369,0.2387977943385538,0.1433398224026929,0.7925426881762733,0.9465954453903472,0.7647749325350757,0.158557859,0.324644335,0.0375
0.3678502256987332,0.6527292615139056,0.6261447366176034,0.520144279098816,0.1724228511363288,0.0380503362924259,0.1509079413388863,0.6921003400920187,0.5189882378528686,0.204968977,0.077212173,0.2
0.0543884678761079,0.5864903434140398,0.6486735716053331,0.2293433512654551,0.0799912174564022,0.7760912736699607,0.3235799258499644,0.1943169636384413,0.5034536502999091,0.219215901,0.2598059,0.0
0.9052012665236352,0.8591991051458441,0.6478695275008293,0.1873250967460832,0.0411915295517019,0.7240153915855221,0.4755701693669837,0.2571232945382854,0.0158398188832458,0.29182335,0.492846494,0.24
0.8322514751513747,0.6989971087291524,0.9861043397035266,0.1518002935897343,0.915557839798178,0.4843611096520025,0.9863641888196282,0.0655502721033782,0.427322834784232,0.40716278,0.502566791,0.271698113
0.0320451121905037,0.0841156008721495,0.936172984678593,0.8368998529004885,0.5232129746976343,0.5270558065204818,0.0086959368091755,0.4059391059363503,0.4485811016342551,0.068987347,0.189552981,0.08
0.3262219382626889,0.3839677506643084,0.6512878565125405,0.1963338575681595,0.7737198397641634,0.7030880705943603,0.6984413397634115,0.034715599247683,0.2955605272062094,0.206740912,0.356122677,0.336
0.7823874438390128,0.8524626254289956,0.8824851638688406,0.6326247093813528,0.6498553295363184,0.2791610151190424,0.4063267397745139,0.7299962141090062,0.0952038105460622,0.259380557,0.361096139,0.436363636
0.387451223323948,0.7126165772318311,0.6514092509671574,0.2641414807082287,0.5946549159270315,0.9608678054897088,0.8404881647887854,0.7589487522605172,0.0776413672256357,0.405974065,0.496025231,0.232258065
0.4353378687382234,0.5090616871420033,0.6945809626742039,0.3039580714267081,0.2475916525093136,0.7265225441635257,0.942761169988144,0.6203826955967188,0.7441667539486458,0.311083691,0.404288223,0.334883721
0.2372868229056011,0.2509778055384013,0.973002601619861,0.5313225003148767,0.0723594961542528,0.816248603847734,0.2736617081882211,0.507469350876577,0.7226923728603247,0.128426864,0.440301218,0.171428571
0.5592925762918233,0.8757181321756071,0.5128873379271164,0.936557361843846,0.5990205210692309,0.7631094529967968,0.3447925619598584,0.421679955133767,0.0878511880798965,0.293314604,0.489042423,0.225
0.4530102846734801,0.7624240719715794,0.4163405299175224,0.1959010774343609,0.6839683315955617,0.484668776289496,0.9722140435313112,0.5155521196027295,0.5116461221016434,0.42249417,0.417116495,0.630769231
0.2631533243726531,0.1636823907492561,0.1147324004826355,0.3832486265233227,0.7038360516032843,0.8271702562748716,0.6692353204492684,0.3161664512068197,0.5118908917078275,0.107727667,0.46662746,0.705882353
0.4697245092009462,0.6564425797315623,0.1527322048175518,0.5654467209209397,0.0590966864804828,0.8284067319770827,0.2796821219044847,0.7270730558323325,0.5034510401206391,0.179839086,0.443907543,0.184615385
0.2263405282253235,0.350368447904253,0.4300944615503005,0.4769275215442865,0.4642239049911483,0.0388373525861471,0.5135999686819973,0.4869513540749147,0.8956700594592614,0.191746181,0.064856517,0.096774194
0.00807998308348,0.8910553571684866,0.0018677316713633,0.2071959247517579,0.9961853365935684,0.2541368752701064,0.3374809632923962,0.5409876657869206,0.0175365825241291,0.303158533,0.09938946,0.88
0.274316529891776,0.2211069511607031,0.1953564209825627,0.1495675395050476,0.5147195430355397,0.4992950289444636,0.1952136767279473,0.0922926393365077,0.7694477079495022,0.117008581,0.283989665,0.0
0.5535667932131622,0.6810794481153817,0.9307684387724008,0.6536791681907831,0.8433132032937991,0.8235343261204704,0.7336154387227058,0.6074812984820377,0.399714495240546,0.35502537,0.556528222,0.105882353
0.4904993608627214,0.5941088070195811,0.5529582809660284,0.5658620106295029,0.4303610256544596,0.0834282195302233,0.7613389228777354,0.6754455704495432,0.2332162401728028,0.276985388,0.096468295,0.034285714
0.2376350081709974,0.98801901581772,0.5264722376212745,0.3421845616808394,0.0059338617012412,0.0243358651355617,0.8729848782436836,0.3180259256750321,0.4575561212339124,0.754140389,0.044540621,0.391836735
0.1144818736995921,0.9948180672595378,0.2097013926848192,0.6681947850592818,0.1619601192565999,0.5325181029261041,0.0389684942955237,0.2257043080213949,0.8664795430795651,0.586672439,0.308045718,0.6
0.1705692700764548,0.8652186865280671,0.6628351608803218,0.0559444698040872,0.4021635382054832,0.6243163361129986,0.3913066856339793,0.3153418090790691,0.3165495230905544,0.365797112,0.283081497,0.0
0.9036503708398206,0.8078735137117101,0.5994326783550368,0.9147728036640628,0.7118056455552167,0.3265279793161644,0.3963567389838354,0.7198312078477503,0.6022004946723322,0.188067589,0.521008821,0.352941176
0.3226889493323548,0.6335576321136515,0.3693450821673372,0.8784921044021803,0.9586639240523328,0.2514212943064764,0.0059923751843262,0.9787865263846056,0.0995911020994393,0.159299229,0.261735877,0.782608696
0.5742843234188878,0.6942555448127207,0.7702026785587724,0.9973724461331952,0.2267298535753577,0.4784693010881552,0.6401045052471186,0.8945059307710873,0.5213711803921357,0.374463325,0.399183317,0.124137931
0.1401170475841257,0.811887416298832,0.9710254751936436,0.4419553538166519,0.6925024766018968,0.4733905705471485,0.4127678838731777,0.6416417912220773,0.0502625312294061,0.297842769,0.267491567,0.42
0.3627267688258294,0.9639572643286334,0.8257634010020215,0.0320097425252643,0.1191492951955117,0.0617850688926623,0.7092293541408764,0.8868685688025826,0.8207005322530675,0.528261152,0.115676081,0.101204819
0.1750760061354793,0.8896350694534375,0.3498725436772121,0.6117336986427608,0.8776710531281817,0.4326501074414298,0.7805211676308887,0.1476000955087099,0.2459068285784297,0.586299337,0.250634903,0.102857143
0.8919190883198251,0.588527915271088,0.011479360914086,0.8112730120166972,0.2804884707830404,0.0159421406854974,0.6742312134358592,0.0414081755786979,0.3529852742885216,0.328711643,0.105136921,0.193548387
0.6176605476272242,0.9806681527603404,0.5764116012868852,0.9367966639596972,0.2594466810952124,0.0786262485594178,0.604349594695589,0.6270151402595163,0.580044334684872,0.596653677,0.146996669,0.284210526
0.9886082699303476,0.783749197137631,0.9721770008617728,0.8020890156336686,0.7842474210398066,0.999378354164038,0.5624567170206428,0.8321998585542346,0.5089753150568284,0.490665045,0.553381458,0.433333333
0.9346477444516204,0.4826354307901567,0.544665843844159,0.0486782655353192,0.1630975304408063,0.6722675332295742,0.5966429405310061,0.136970804937395,0.7025264345632742,0.262354062,0.555063099,0.203773585
0.002001408022469,0.1849851800843541,0.1754949456651312,0.7983198196003725,0.242752109307597,0.8806897976759803,0.39351363567694,0.1927626834517104,0.8552049359825438,0.094563185,0.22042498,0.6
0.6864482836054482,0.9815150751031938,0.2487477293888316,0.5329139156745409,0.1141266663406187,0.8920175628078159,0.8385686120904104,0.1742501284221771,0.9259456114896418,0.816665877,0.452675699,0.0
0.6338928715369568,0.2339468834166048,0.9921217675660114,0.0410543506143344,0.7757408442438924,0.737810257547075,0.4703029970653107,0.0674329830314123,0.381529306091921,0.12766488,0.498444369,0.0
0.0763786004029091,0.0423641877159343,0.5754331851899525,0.5549910266018385,0.6536162849146258,0.1788462257946578,0.7331940867172809,0.5964629537809867,0.1791978384266884,0.125740822,0.109394421,0.389189189
0.854767014503163,0.138761333020013,0.08131193251999,0.8007499832027657,0.962580574570898,0.1051724639037184,0.7639249962339407,0.9496193422664304,0.6445907433248379,0.105659959,0.271892421,0.526315789
0.953377009865622,0.4268083337370446,0.93744712955721,0.936220535366656,0.878652696481954,0.7991314040190145,0.8851613220774543,0.2457865819046145,0.145110276787969,0.25130064,0.633017392,0.141176471
0.3807574799236265,0.7021822060721165,0.2015045803269456,0.7840978315293778,0.2577038683310425,0.3199900490709688,0.9749056984606378,0.961778816609348,0.8567591444639923,0.421499092,0.34620398,0.293877551
0.9826696935317484,0.3193237683841882,0.5800884566618023,0.6360161469555556,0.0187443150663703,0.7335759287089128,0.502331497991496,0.2528299950968686,0.5880080708830381,0.15309229,0.586019836,0.227027027
0.1675616718505395,0.7572091576789926,0.3922610415699232,0.8327882712179707,0.170708118451024,0.5371810217430958,0.5106754063261651,0.6443982112817709,0.6059929927570264,0.366228575,0.346429664,0.024
0.4536339213856734,0.2748037976963388,0.4921022482312331,0.8515200624560698,0.2901411916125864,0.1198286644171251,0.9674200866946108,0.369735728653613,0.2881109217022073,0.1569178,0.213050616,0.698734177
0.2103518278924947,0.1580055145808481,0.1253316748148463,0.5229770805024874,0.3555856590129932,0.5257699608411536,0.6305942150206187,0.4534009373292899,0.8267957279506506,0.1531274,0.40675188,0.171428571
0.2596929938644045,0.3748395842876105,0.1352713496189501,0.8212110579274781,0.0711952922747812,0.2767107807444707,0.3990171005160657,0.4550229339655967,0.2690329037518821,0.132737519,0.266624425,0.648648649
0.4993105206016117,0.3550445832893267,0.3968301568112423,0.4688223574991456,0.4981113652685206,0.5422425097234026,0.2490297434948688,0.980023954922014,0.115004127591376,0.079333189,0.309089414,0.6
0.5554496006792157,0.2238382383193682,0.0872465546732301,0.3933738597969551,0.3338393557756547,0.275518738909156,0.0372534667301237,0.9688385284096472,0.7809392896322952,0.100694052,0.362055836,0.48
0.0323492850712519,0.172057839079764,0.8887544131234291,0.1981736306923427,0.1481701164798136,0.5008288011336935,0.641893897685538,0.9359484611796396,0.219762753257206,0.11043273,0.207413869,0.166153846
0.714845535262343,0.8482158968748315,0.0962564544904317,0.0016649131943875,0.6965195435779313,0.17845030456394,0.8893145214785829,0.8757004906620007,0.2416196753797256,0.372837839,0.297243361,0.327272727
0.5618843099794228,0.0832336049273119,0.8840330615001643,0.6902937327594365,0.4194955312935972,0.4875181501657639,0.3245276876671494,0.5715731375454093,0.9871403463367788,0.076130515,0.417876581,0.64
0.8279162354911713,0.4861175726102689,0.2935516379583853,0.0529206340416635,0.905102398844407,0.4281126050322825,0.5760894715950611,0.6958872771943908,0.2360702013161524,0.225107899,0.384297296,0.463636364
0.0507365036888626,0.9630912264346124,0.6339885759609346,0.4263712700365847,0.0100663833978322,0.1752696355418608,0.9542853248944642,0.2485859246800659,0.8396357232781958,0.674910767,0.070198363,0.0
0.1241199721392189,0.4977060259083548,0.9287000354833348,0.2026616844067202,0.9851835299587672,0.1222278804589788,0.712143780755766,0.5614522006647141,0.4763170740646625,0.338608672,0.151523194,0.680597015
0.6287676404067345,0.7928873336740475,0.139673573841725,0.3768347118609321,0.6403864363506075,0.7714888707217844,0.6685914098447903,0.265941987701585,0.4012356852063053,0.420131792,0.4764296,0.0
0.0525937016196071,0.2182254667503992,0.447997386401703,0.5763482342678242,0.7021063120363176,0.9777637763411768,0.3001406536379385,0.597512772491466,0.7321164545014814,0.073031458,0.255992048,0.0
0.2598464625879476,0.3592035487272567,0.850507707267525,0.3907539243642439,0.1428841352823514,0.8956275165789745,0.5669389887454812,0.5284157900264366,0.1750684963449787,0.161525295,0.426495179,0.12972973
0.7794801957311204,0.923094200114724,0.4994150898955196,0.3334518682646967,0.9400002712770408,0.1376759705924968,0.8996516762512684,0.0167236783639965,0.8285296644238079,0.518163046,0.35372128,0.249350649
0.6097259454041372,0.314712093132194,0.7307566471426776,0.3512075683851435,0.0767742187568235,0.4788565881448334,0.4603286790753467,0.574111244273236,0.1164431185156703,0.098913671,0.593876339,0.7875
0.6064748138120069,0.1238829914914051,0.4674889282386139,0.8328484359969681,0.3688031275679191,0.0097354425718224,0.1587827632857519,0.2596890287723981,0.8840515511927972,0.067580772,0.114411369,0.466666667
0.8979062472078754,0.5971805793727462,0.5614879513864719,0.9183759415002642,0.9826770363618708,0.744797117897043,0.4517660503397412,0.6774043995308191,0.5792459110960028,0.241355554,0.535261453,0.545454545
0.48210760004471,0.9117007980306916,0.880114776207437,0.4830496863279105,0.6117523094484779,0.6788315798704885,0.438446440631673,0.2978463013553392,0.6057513589414513,0.443915071,0.508474827,0.189473684
0.6773718473048713,0.2102771001036143,0.4456459214641405,0.0877465764000142,0.5364383095994695,0.2841718324726158,0.1102041787597984,0.1425107391621136,0.5808247558018278,0.126339832,0.23312471,0.436363636
0.894452454504546,0.2953652036338227,0.3503445486820202,0.7439053872440087,0.9747774614467593,0.9438951789359746,0.6517743082262296,0.0155564434092162,0.4087151056857039,0.179800632,0.496462192,0.04
0.9404042175306816,0.6858482174728124,0.3484238674569549,0.4418517708532243,0.0003674220476087,0.4571642506476449,0.6468824235968168,0.75807672351001,0.956404680927661,0.348502552,0.396604639,0.0
0.9676407090934838,0.1139358025570059,0.640577686839894,0.2894471205753711,0.0755450089330822,0.5612200172599042,0.4793165028704294,0.9349700809641486,0.6281144060178218,0.086238588,0.387058872,0.0
0.0715707353345028,0.0709441701866417,0.959151891182386,0.771869651074846,0.2196283918499117,0.4455769763568724,0.8810590242701327,0.7093420026347459,0.839165217608143,0.172644978,0.15486576,0.0
0.0963476669599773,0.3647052207295044,0.5219842886456887,0.6922601585949841,0.3216075056857801,0.1344774997486836,0.6959594977214796,0.1872817433632578,0.6324732670564572,0.209733201,0.15270687,0.452459016
0.2816325638461553,0.2513198721652858,0.4120115852239963,0.8310995739017223,0.3608523923461508,0.2773658265100385,0.8147307269816766,0.5991614824366864,0.021053190833111,0.109884061,0.23348489,0.255737705
0.4414947786600451,0.2823719697590262,0.5437851457067753,0.5464672482518536,0.1801448593350144,0.8345584108000902,0.9720536610736072,0.0734800085296223,0.9747279916784736,0.213605497,0.529074121,0.0
0.2140828892531158,0.0717138121562831,0.6076852419605757,0.2128816171213714,0.1514224812377623,0.9733659337104872,0.6333860044754043,0.5341198621839329,0.6097346676051876,0.101869674,0.498797553,0.374193548
0.1891429639969308,0.9790947126649286,0.5969385425040906,0.2908841809443275,0.1679686491645899,0.6055877078142493,0.5162084821712016,0.1524833375804855,0.8519541658065567,0.634718957,0.406746347,0.258461538
0.502125222413087,0.7968685852128212,0.08018573865754,0.6813750626063925,0.3069769233975914,0.8898065530124736,0.6735500627863852,0.3642349923912906,0.7045304850118158,0.356610791,0.552292525,0.139534884
0.8066393390604671,0.3238487275389088,0.1884773106076244,0.9831473620110472,0.6453782263679126,0.5370217604166303,0.1249550022161488,0.8026938096669681,0.4089389457664403,0.142328585,0.632728283,0.0
0.6260252545976835,0.8265445271965455,0.1325374799348673,0.96551009790427,0.0001581307117295,0.5558204099873589,0.7282546259076838,0.324934163003767,0.96863268584049,0.48607036,0.548751177,0.0
0.0113203823786128,0.3442880113648482,0.9135620606727176,0.2395550481225579,0.6813195412763483,0.4742184842972879,0.4151778772466259,0.4273205276634054,0.8309972523728985,0.139291416,0.248616299,0.436363636
0.3796135280202963,0.2989621824576022,0.741440506833694,0.1621946364088288,0.8233714114082821,0.0899433588051852,0.1926623324561771,0.5992140199412805,0.983357549392332,0.127186887,0.117746149,0.1
0.1005227758860004,0.2060048916370288,0.0865460265251338,0.1343213505487229,0.2171326776486172,0.766623536517429,0.3489696771980132,0.2220063560570349,0.3792800548809167,0.069441736,0.329751784,0.666666667
0.4769862065852561,0.4671883351431267,0.7429496225680808,0.1156720262708936,0.6743695471483904,0.2568556519991276,0.3699700758043934,0.4984065202670366,0.6643835141160133,0.167101713,0.228456888,0.16
0.440108562439466,0.6660653587770939,0.90111124362808,0.727985676473663,0.0125761263762161,0.2611305183017109,0.4556194500535518,0.1733609336493525,0.3316625788344423,0.174814295,0.391650327,0.494117647
0.2547239119851145,0.4169851687822817,0.2954401964721885,0.9743367358339556,0.4628691616173433,0.3809630200167826,0.6391172869469871,0.1908869587600834,0.5914282751489136,0.260470126,0.290281749,0.371428571
0.8612270518100177,0.1687521736793956,0.9455460104725136,0.9898288552562472,0.7894573413690325,0.9204798776099662,0.0184606044276491,0.928665822342878,0.2324111399411637,0.080215814,0.483520415,0.666666667
0.4077514467601636,0.121032977893536,0.3478201480540128,0.7578037873600016,0.8264630331448334,0.1608997845696538,0.4423682685379505,0.969620587195983,0.4442936385196412,0.07684535,0.133788257,0.24
0.1339507023365186,0.1240717953930373,0.4423879857045315,0.0837001928192693,0.6373942206263323,0.4489683965783499,0.9215531761518828,0.5177672007803614,0.4813211742630385,0.089849211,0.259431164,0.309090909
0.0563092798054815,0.5634467650856216,0.1874987959960969,0.5356560978299552,0.4534724578950172,0.692329443037467,0.343529344249466,0.4116262366594151,0.6144156389822538,0.122848068,0.219058921,0.0
0.6382753285177504,0.216131202033737,0.4285022221684621,0.3488508808073596,0.9850010912597597,0.8314449435277455,0.0322572358256812,0.2949666723348636,0.0923904497048038,0.043335937,0.301216402,0.266666667
0.5146712846964806,0.4766983424163988,0.6370275032217079,0.6372634778725684,0.9958829071762384,0.8955520279968678,0.537270224196077,0.949465366659317,0.6236532016118032,0.21076267,0.530300285,0.615929204
0.0171846549606252,0.3176153610922089,0.1701047914570108,0.9871415913864146,0.5595058995697353,0.9867345279859702,0.3733920674974921,0.0920454434777551,0.4932740105373986,0.080473974,0.239653326,0.0
0.5702247618220154,0.4986110496473015,0.3246005188066256,0.5952669256703432,0.158291218014253,0.6556237869693831,0.5666889331475227,0.3617995500764551,0.693557079295817,0.2457396,0.526970634,0.0
0.0165702544100233,0.0526835298748786,0.5404636901828265,0.3666495162274331,0.1334030244725967,0.0037457966187193,0.7343548124230562,0.9596959425424652,0.8991791166367759,0.120026042,0.017741986,0.568421053
0.7269679595593723,0.2076036966089123,0.3779764111104237,0.9813674555453143,0.7985092059113925,0.4321010717089081,0.6696074879744747,0.479695149141679,0.0384904746314179,0.099325742,0.300109024,0.0
0.8155096834565054,0.4560420468343561,0.0371871176954909,0.8856125283332984,0.318835534965985,0.839962349707445,0.0227482236071994,0.7108938703295583,0.0020386544127203,0.162911439,0.462476306,0.48
0.8126571059751064,0.1440210497031001,0.7274292065998172,0.7816026879580514,0.0111517667756191,0.7523490636806515,0.8539257476940073,0.1529580900087922,0.6095518050492487,0.135941963,0.444505591,0.114285714
0.1920050734090198,0.2845683596009672,0.1396130738430724,0.1050048572772428,0.9847356863344208,0.2679890314216731,0.9154753647973002,0.1604304589715943,0.2917920913026998,0.133913592,0.277964445,0.557142857
0.0860782371387477,0.3451136510863311,0.165305269044662,0.91844242288645,0.8159229590855059,0.8659705034036893,0.6341538788773088,0.245039647682219,0.6733281472716894,0.181357399,0.290399821,0.114285714
0.0605992147015228,0.5552214640212744,0.6470576905707452,0.6741770149211749,0.3035038179291986,0.5112606893600778,0.7823564814069903,0.3651323665487482,0.7897177704053203,0.329091289,0.198392228,0.195348837
0.291693005519514,0.7430337577439019,0.4897884800602967,0.5380859748361653,0.921484126199621,0.8477425712824627,0.1501809771707241,0.4989349625252169,0.0741319149695167,0.353283801,0.270385284,0.553846154
0.8357418102148619,0.4714558289309456,0.4740881715692594,0.713813585155128,0.964091952371916,0.6296944021857126,0.2468666804358634,0.4081455710609838,0.0295255239746882,0.129433196,0.463122015,0.6
0.998285200300016,0.835351789560313,0.2747936636654003,0.8280319608692582,0.8733055325716964,0.3319335576217608,0.9926160399155652,0.95045535189375,0.8248431176204754,0.496882415,0.409556883,0.0
0.3565884385153577,0.7872832859355204,0.8639545198842614,0.9662570135043026,0.2070752682200466,0.4159723501362246,0.6640238287073502,0.604143084185072,0.7707237740030168,0.436699735,0.397457802,0.027272727
0.2800226654696098,0.8623328369139547,0.0156385545655358,0.3528147904535834,0.5104960097083315,0.7818818244810173,0.0620706755336318,0.6196667224409208,0.7565935733325637,0.218618763,0.537351019,0.675
0.5856251767403449,0.3071323745016064,0.0866856543256548,0.8642709852684152,0.6954937692754122,0.9016771351329682,0.1165657451303463,0.1001976497779372,0.9262885366225994,0.117770959,0.513528218,0.0
0.7064596894471397,0.8007401055206217,0.4843995217418598,0.5835758890275157,0.3602627356037307,0.1368169938827096,0.9153219598873832,0.7915077704630828,0.1630651248260268,0.309022176,0.315583877,0.369230769
0.3594135535925092,0.7143732935128175,0.1935622399371264,0.5669650667670538,0.5617355463805767,0.0162740375438592,0.1589745362085085,0.5661816371417696,0.4387645130964814,0.19914886,0.126817043,0.369230769
0.7585995033589239,0.140854589321588,0.8759324818782207,0.3709540946345573,0.3057974496596644,0.1751428897516805,0.6689605990389392,0.5802385685141964,0.4936429377247837,0.12197553,0.377397156,0.421621622
0.5589478967311874,0.3250719258020678,0.0225562050023498,0.206449714277894,0.2337162344083611,0.9210719074152364,0.0071980124714866,0.9032999950976568,0.300169394937032,0.10416446,0.564617713,0.3
0.7296267861433483,0.0916148316302639,0.0800996790232719,0.2037486941267794,0.3346270745791458,0.6803300839270455,0.5710746121911284,0.6078328049706258,0.8615735790105092,0.120526322,0.52842028,0.42
0.9576291197622404,0.8628734587360898,0.0233218408531578,0.8023273862284532,0.2717630804889489,0.1395294156655103,0.3070730246204464,0.2501875348452012,0.7752698320743313,0.314135382,0.233533072,0.4
0.4027087782145119,0.9745698291328752,0.7600221072305835,0.8791253029500152,0.3344603223152652,0.8836724484034411,0.350790037958917,0.2849942452621979,0.5791717218413376,0.400334594,0.19490161,0.0
0.4243734487621079,0.1970816822362976,0.7637747690343555,0.9988307340128676,0.70635213430142,0.930300730277035,0.8692485506542016,0.1564535102797359,0.1930662649172495,0.115943797,0.473071269,0.285714286
0.7201486468090795,0.9520865670127444,0.6320809697655028,0.038154688797159,0.6722450852847207,0.5315264804746356,0.2503851661004003,0.7387145336846616,0.8156816418858062,0.409787026,0.493783295,0.206896552
0.7212949144821732,0.3345354387042737,0.3648266296457065,0.7019278149591032,0.0236223426942789,0.5990378988643115,0.7867902652396327,0.8469619869696186,0.2675438098804221,0.154508977,0.464881137,0.24375
0.5749038228918811,0.255684703537187,0.84125698855201,0.9576642990047404,0.4730641454756747,0.5670559605134035,0.7760688226043171,0.6382355965724099,0.4713283414173632,0.14281535,0.434896677,0.323076923
0.158360992835415,0.1912313888157275,0.1141008566618084,0.1770282432294584,0.6204084101767626,0.0611365901819344,0.4292634586023857,0.9060413842126293,0.6900081747577819,0.095342914,0.103475191,0.619354839
0.8832785872204825,0.492599310137476,0.3469030439513256,0.9316370717970328,0.0916425366331697,0.8470633130978513,0.0660258246475375,0.1804018493903448,0.210847901484758,0.144910108,0.620702216,0.0
0.2970127462370289,0.8383527615760414,0.0769511498599252,0.7952410648464314,0.2532065163595245,0.0735569103769239,0.7250457918340903,0.904987630997721,0.6169993063876292,0.394017943,0.14054899,0.384466019
0.8985180641053818,0.4537772624177395,0.6244290924571017,0.962525225366318,0.3166797102220422,0.0998788046369539,0.8422176933177531,0.2685805369158119,0.3865368855174507,0.196432284,0.143849209,0.0
0.6668222609385976,0.6801416664728198,0.202772852876051,0.8263249556147474,0.3043434225041016,0.3215866191781156,0.7807829336588306,0.057683776426531,0.8958004816282485,0.297695231,0.354467282,0.066666667
0.0295649992711085,0.0583824856676253,0.6158730816388397,0.8674680781593701,0.7462322922248626,0.5184891310892106,0.3507745428795339,0.6850428528740224,0.1773930779238006,0.074642492,0.158260752,0.5
0.0023782752181717,0.5677366805362808,0.0303996732039043,0.4385336539264435,0.2728051528929459,0.0017965344448389,0.8541267216286847,0.3324076047398194,0.8261514549085098,0.24471526,0.009069998,0.254545455
0.2033619867155179,0.1486830477552891,0.4317050217872076,0.2115722566208534,0.3083760103420526,0.3611165309713459,0.5601064848884267,0.782356882176043,0.8855270337960507,0.161238353,0.283394603,0.608695652
0.5125934789462808,0.9192191157506038,0.2853534440610972,0.8215743443860091,0.0005658572712123,0.7485233919329419,0.4858733042622144,0.2942889944894794,0.0354810527520393,0.263291854,0.387286364,0.0
0.268477158609433,0.9732621943874316,0.7038714896729368,0.996118070606714,0.3197213434341325,0.9286245505005436,0.8493359461412496,0.3201767041959128,0.403661944104615,0.624258054,0.465840102,0.244444444
0.9261364894880524,0.1918648248327344,0.0626802399805865,0.6468429382919205,0.1786694138159856,0.3185281133681352,0.3507966044799226,0.0697950758550028,0.9637205029937692,0.096784415,0.318924445,0.0
0.2456603806787411,0.3885163242073357,0.1709870884895816,0.180064734420245,0.2661896309839709,0.1733482096090668,0.5761193245802969,0.1196328199153256,0.0236676762686317,0.154392269,0.223489965,0.762711864
0.7472378551736747,0.3894101511323853,0.6706694076101062,0.1689571463979757,0.3016825076763253,0.7675129664685295,0.59130608558361,0.5128602617952642,0.4755959280655025,0.157192252,0.503032038,0.424242424
0.9108455135711528,0.3666792921023069,0.9450573512962964,0.0584723501393106,0.1629205295611576,0.4273489292084031,0.7844054004036889,0.6300348570125436,0.6468624723836377,0.179035761,0.520330204,0.474725275
0.0504771170586609,0.5794830919842332,0.172382360865952,0.5331103320855491,0.1722137025164342,0.897476244512912,0.7390680526230055,0.862473588227571,0.2577725023548416,0.255884965,0.317647741,0.068571429
0.4471449409290062,0.1619335129830608,0.0978495498156192,0.452834232269572,0.0937426400873768,0.7803649284241919,0.2290174490067081,0.4998672804290278,0.7890751284614237,0.088545234,0.345079859,0.171428571
0.3550004138609651,0.5486515939070633,0.492507373873507,0.3210365145720287,0.9579259175642102,0.6521470233453828,0.5478397348056041,0.4554210254682823,0.7998002166481923,0.288907184,0.466376975,0.40754717
0.1263602132297915,0.1274752009476232,0.5022112220784286,0.0791418021345553,0.3018750962643133,0.4808805120797362,0.6135682151473867,0.4020095891000531,0.3237907394083774,0.127828408,0.316198927,0.635294118
0.2935175286634394,0.2331545699287639,0.1933701826165998,0.368643014258486,0.8111794448308055,0.5981346688869331,0.5915362496526275,0.0648787225353718,0.5532448674059882,0.123426623,0.440514201,0.178723404
0.195715885479135,0.4368519876868801,0.4665675069633744,0.1787833463087341,0.6433271265329369,0.8350887729479667,0.9208030167092138,0.0195488679905927,0.6641936871925708,0.270457231,0.43506222,0.288
0.1276000924933698,0.3543602888253849,0.3913529384357405,0.831840927493884,0.1618068989664796,0.4131468596094249,0.6961111528489526,0.4424987115382875,0.412066306112851,0.202405188,0.266590457,0.425
0.7279514503795583,0.6857640446745589,0.3085276225327724,0.1768393164674666,0.8259600248533466,0.7913566358341428,0.0610686462955647,0.0666733467018467,0.911560557163044,0.260653989,0.548532693,0.378947368
0.066043953511074,0.9321693286809828,0.5148563476267485,0.1404169000906782,0.2816622478917713,0.008125374560892,0.5962893100642553,0.4331958598657275,0.793842427724961,0.679838601,0.011443143,0.0375
0.9584647187130066,0.5498689310587989,0.6567701766256514,0.5960678282884845,0.389476690870798,0.9610134421195126,0.9140443513445646,0.5784921656430583,0.1320252104938301,0.239284671,0.588681457,0.12
0.6201582790166819,0.6594405588550997,0.1494795574120694,0.6386256211736012,0.8617883208946205,0.8020287702471677,0.5797827972049923,0.0945653775131826,0.2893617567290056,0.306090029,0.495362538,0.342857143
0.7425476023408271,0.5735661183013004,0.1703678592862717,0.3890132983094363,0.5390149831074071,0.9159099265481904,0.4351819220315773,0.8846423940625597,0.2264608198229213,0.165203975,0.451449082,0.0
0.1254782534874026,0.209723060727697,0.9709825826724456,0.8208842221290078,0.300314397479262,0.7748619058079019,0.3423054907450802,0.7508965513266178,0.4736823630862595,0.109532146,0.28173447,0.0
0.1259624559404383,0.1667040620602966,0.6540376170995901,0.9562937248292108,0.8251694949030685,0.9100480511412696,0.1970143612879149,0.5562583144253261,0.2629084038964876,0.062865546,0.160626728,0.184615385
0.6666491197282837,0.5157518631843233,0.0112441949139426,0.7662389032394913,0.8356634914975152,0.7065308008412446,0.6597753855327804,0.0144178109000019,0.25848809207513,0.160483468,0.487066719,0.116129032
0.8776382741490691,0.932486785476899,0.0167626979471807,0.3965464939279361,0.7553613136183576,0.2193278070484093,0.9788735342513724,0.8807637295994941,0.7109549497859871,0.551470706,0.461232119,0.282352941
0.1622238335770384,0.9760189573606436,0.684352832240906,0.2573657479469314,0.1048631890191095,0.3807370844767951,0.7878085579424637,0.5302116220937906,0.9455394585124528,0.690199859,0.351294573,0.547826087
0.3059416490075803,0.7894710073013328,0.5735409339146251,0.2359290690400654,0.3835948617331906,0.3251823174226625,0.3810219272758163,0.9424062421863896,0.1785189651292678,0.233851029,0.338072505,0.52173913
0.3305932158897128,0.99965616343234,0.5518300047299185,0.4308965592726816,0.9376653376485312,0.222738645691625,0.4153538230306679,0.8813656549049148,0.308938049138134,0.355443364,0.501197447,0.3
0.9108748492030546,0.5964769557183918,0.6396472492513062,0.972404589770252,0.8191214473591201,0.6950549988828436,0.2306304836403978,0.3916974924168661,0.4854993917155493,0.216574289,0.527775321,0.0
0.3220788351569392,0.0126620534187158,0.4067320134202606,0.1111367135175628,0.6835257755953122,0.2217153774639225,0.3456855365773236,0.4232212639856362,0.6153042661443991,0.072764109,0.297409871,0.654545455
0.0375704082520705,0.2570146692356835,0.9451596707714888,0.4880873715571198,0.6521710026913228,0.734199040109749,0.8611393812566833,0.2196632738477776,0.0119146472345256,0.182636352,0.212263329,0.260869565
0.2554139479233432,0.4665934663788283,0.0277005398089855,0.2869142035033264,0.4063719057695583,0.0076250936305771,0.2370287197394198,0.9861615314872396,0.2159680115422638,0.151041997,0.038327472,0.626086957
0.3752041912485734,0.396671086109711,0.7839011217630798,0.2510672931787694,0.5125720495831443,0.6260252422609929,0.6250627201348257,0.0462260265201899,0.7782895228658255,0.231479756,0.428406785,0.0
0.0786048735162073,0.9266630424176426,0.4929859120074396,0.2249476478765315,0.9581829184545906,0.1544609341020411,0.0422431790896585,0.2937057339012693,0.1813992551791787,0.350420489,0.141973941,0.4
0.3501018147833173,0.6853115918678772,0.0354608152008775,0.6552485928888482,0.5467822696723416,0.5831935876906883,0.6070181145929768,0.3673860660773108,0.443299977705419,0.408108217,0.41956949,0.24
0.6486974381348748,0.8286470971519863,0.8241826437397756,0.1885792267998612,0.2755670910039551,0.1249813429933819,0.2602836864919954,0.0436464827443193,0.4904186845483917,0.303653805,0.402682222,0.0
0.9510712747366956,0.0892247871870342,0.1515594885040539,0.6922741491513488,0.3608877617978946,0.8956501419148918,0.1063932402363853,0.2359327936261381,0.0609132974519492,0.069367084,0.293363554,0.771428571
0.5764311148460378,0.0995593848493529,0.2329847738466344,0.6792968106806149,0.2370689348049298,0.5657523171115905,0.7740863272265487,0.4112144639909514,0.0920122960192356,0.075654101,0.461198475,0.661538462
0.199085562894044,0.6959401641723704,0.882259785017612,0.8757199901097819,0.2685486710408667,0.7502450139982583,0.4277716913698942,0.7892912270907126,0.3108938582058388,0.19260812,0.372673529,0.0
0.6242307107623996,0.4562728794351816,0.4534259398367848,0.8986872643539101,0.4874598225666812,0.3817093117485877,0.7859602094548841,0.3407014063430064,0.9425474384176696,0.248392415,0.367278967,0.592405063
0.3171088716799778,0.9177513065716576,0.7914311792423556,0.0070450224840974,0.3080115092056691,0.3507856261936769,0.0335813646685497,0.5735109895790983,0.5627167147186409,0.42426568,0.380625088,0.24
0.5285885542915746,0.7485949911393597,0.6652439011953643,0.2622981073441802,0.9248516409868528,0.2966678396755688,0.3376767602250119,0.1882589086435996,0.6669671555251929,0.392849704,0.198178276,0.48
0.2894874664862675,0.8099740673708573,0.5984136045435605,0.1737685265074086,0.6876626853813415,0.5264561993511984,0.1369450440381475,0.1099651987551881,0.1433448027207189,0.207928889,0.451117403,0.381818182
0.4130548716351585,0.8646421048318993,0.2256091602762128,0.268221739891474,0.8161421823721647,0.8833045652358084,0.2221888702335834,0.9527514810995028,0.260492223706656,0.275436835,0.550821996,0.7
0.9081782669189404,0.9753448209374576,0.1445368253555787,0.4507709956786052,0.1588626636823914,0.939401519989476,0.9544619934991456,0.424644702298069,0.7467314107272872,0.716236943,0.596548804,0.563265306
0.3807844410396944,0.7681746083725978,0.5884226864167362,0.4594439836673499,0.9912584633640174,0.9789858310016272,0.2784273660394558,0.6270378230060942,0.1529309582935784,0.248504093,0.553177038,0.35
0.9887165438601015,0.809718660552602,0.685263537888446,0.8793638417338302,0.661703771304526,0.749569526055775,0.324579869763935,0.4661117653880974,0.4978065486770038,0.375113576,0.406622242,0.092307692
0.997772919693478,0.6700689127572521,0.5096739897284757,0.4748616889245058,0.5046768065165509,0.6009477441618749,0.2191143705394957,0.4212368586609422,0.7281678992294721,0.218813196,0.525240728,0.457142857
0.4691209854807274,0.3519280466087475,0.4757799421427913,0.3256130969853644,0.5032802291869106,0.8077959245755393,0.4189688678431984,0.097510290617292,0.8155806545983154,0.07961414,0.573923902,0.342857143
0.8391001253163308,0.6426133963982213,0.6561055021558387,0.2076097601176886,0.5015452681092625,0.2421554054033959,0.317731153883566,0.9824761951577322,0.7580748900659248,0.257729333,0.438451957,0.3
0.0369072216159457,0.9184245289686844,0.9367473829582866,0.3480158894628162,0.6900398443871225,0.0474442649898262,0.4960962546518981,0.5049677175560058,0.0928253453346938,0.307125919,0.103408197,0.85
0.4233721300049845,0.7101763900629161,0.8070589631046661,0.0075081376315174,0.7252147171868439,0.9603563181693774,0.1583821926845458,0.5076236204229921,0.3602229525185521,0.24226577,0.623522074,0.36
0.1033895289515902,0.538858238067667,0.659467196194525,0.3954864531297416,0.2079393204924191,0.6459153241331763,0.3142446495451801,0.7407157081208215,0.5650039225395628,0.117137834,0.368696692,0.36
0.3757052550625578,0.715616265388144,0.8268468543943993,0.9916101511651269,0.2987698452840991,0.336890870506773,0.3210608037465287,0.6836516714651096,0.9626062404243062,0.265951539,0.218988602,0.0
0.6499502920406196,0.2367641289636951,0.3211351561535025,0.8685071591697419,0.798502807011658,0.8994932483319559,0.4208569047767594,0.8244950336331743,0.0397472911969424,0.090133934,0.397279362,0.624
0.1858163057970402,0.0437851431692537,0.1427842443401904,0.1298092124484001,0.6931027362838142,0.1643544820725313,0.038679872962226,0.1272786145455567,0.1782851288492168,0.05877541,0.169310693,0.533333333
0.8090378190026032,0.792699958688258,0.3723237336973599,0.1420456300883912,0.0823896454116352,0.6904166447699779,0.3465785737438007,0.3099234466531828,0.8983366858145861,0.349237417,0.449551858,0.6
0.6055822698823221,0.3374715304309957,0.954577884562652,0.1663653599220982,0.4583026734187223,0.2093559979459756,0.1477249957816457,0.6293402707332966,0.256021389970124,0.13305343,0.293796416,0.6
0.7643008956750169,0.4093105973541244,0.7033517458155207,0.3219928999653645,0.3385055722439373,0.3200644960609268,0.2455563201363734,0.6434967832145811,0.2841528449282957,0.165176212,0.523611111,0.4
0.2446192276385661,0.1097365056096728,0.9168790170608572,0.3009556509371748,0.1548896026332556,0.4348824532312518,0.0481774844616388,0.0076983868257086,0.3285980047266933,0.068925364,0.184683912,0.257142857
0.3042157428424694,0.3235120801770513,0.1515860539798421,0.1729199056847684,0.91423891094328,0.7993869228462627,0.9953559616446924,0.0124786290527203,0.8351611025698056,0.194698707,0.413362991,0.228571429
0.7307551537392021,0.8031240454900552,0.8376313762704178,0.7196116068480538,0.4908260827373474,0.9397715892496668,0.8108988520482274,0.087142367023282,0.5865355265874372,0.398884792,0.519358901,0.0
0.8322166383555346,0.1466734985060991,0.1921223043786446,0.3500619140682767,0.1080618115763888,0.4860905967193918,0.4600678145670182,0.0877592231061874,0.404353353904857,0.076545387,0.517669923,0.0
0.5794840374450995,0.1988095378455514,0.534352239840368,0.5536279751667761,0.3038755481837998,0.7315657431128167,0.2204698118222009,0.3068134962599851,0.4341381717229281,0.092074446,0.501970037,0.0
0.2755789555855705,0.6440160570000267,0.7119448826760997,0.9113238442787378,0.5257567960057572,0.0341090017713515,0.1301337157355525,0.8836080569785421,0.0282032438711903,0.278574457,0.036891646,0.0
0.9464843032108308,0.4662546377639991,0.8288659463864548,0.4175513029685255,0.2283195260710354,0.4723898532984626,0.2570064494739381,0.3081908695083527,0.3375672269274898,0.176491298,0.489028224,0.109090909
0.9730401112838422,0.1308265549699745,0.5711303840745868,0.3102078004949966,0.4379290680074392,0.0394024219073204,0.6142700008371053,0.2183355578335831,0.9719534538707468,0.147963501,0.139359986,0.484615385
0.3036101777648763,0.6184149623966848,0.9613144228919156,0.1135024817859235,0.1844319035944714,0.3633051364997234,0.0802714188207324,0.4709485276979904,0.7111142346984358,0.242747226,0.322820127,0.313043478
0.7822329430970769,0.9711284591424774,0.2610139458423436,0.247266977204679,0.591030333996213,0.6574913282511674,0.4988824284214029,0.0045695475286984,0.8158709261831297,0.476148935,0.454834863,0.276923077
0.8932542740430405,0.0212828695358262,0.9252384497672989,0.7269401030711525,0.1874768050575957,0.4566838076698064,0.6029091257512952,0.0086381518468562,0.6045274110154343,0.087206017,0.529016907,0.314285714
0.3503146558858583,0.8770326591407663,0.3071885761818516,0.610623422337127,0.5669939412436945,0.6565706070164853,0.0194593253396728,0.4226929566785682,0.3918319124774696,0.349964993,0.387455698,0.369230769
0.1761100887198116,0.5642001554651738,0.1638042694833894,0.368485356864433,0.6401512546577796,0.1920270330479436,0.8711096967749979,0.0744998804519103,0.5833550645816945,0.26611422,0.082760356,0.0
0.8842280417656962,0.9274319324114332,0.2856938589439064,0.2673056314001114,0.3758197866312326,0.7274286592853286,0.7233460308555282,0.9582550305855932,0.5561578743601394,0.481355054,0.542694031,0.058536585
0.0403987500218028,0.6865651250589719,0.5419359820603912,0.6691802241545879,0.4109739041547824,0.246991937948362,0.9422224966214996,0.001671845840483,0.0282605315096421,0.272814832,0.041283345,0.0
0.0408315720483623,0.4012840412646777,0.2582419374560386,0.6990515018247921,0.8318366904423852,0.2379977400705764,0.8594261785417721,0.691617537362479,0.445158396175071,0.17837297,0.08697303,0.113207547
0.3063531143384369,0.644287002746875,0.5267772644729293,0.2272915908017534,0.8178875422066979,0.1828563846697048,0.2196058593633366,0.8336079465204628,0.0737083939437154,0.19195063,0.263411156,0.507692308
0.6731304038926664,0.6570792477957373,0.7031484605171704,0.923841048635344,0.178442541183085,0.6982127119602975,0.5843427143474789,0.8668526502150231,0.2832922287170453,0.423058393,0.53332367,0.0
0.1283159091462978,0.4107460426264723,0.8861013979317517,0.7230031192725059,0.5272611702393882,0.828441079271983,0.4794854426060336,0.3897161416632378,0.8663614065126374,0.154223065,0.274385318,0.0
0.7552182131795615,0.7291556711821968,0.7302980967105713,0.3667494014101722,0.408706689788773,0.1926027453751921,0.4572857672270884,0.5400023754425877,0.893239943209443,0.313425623,0.346410468,0.378947368
0.2029559503000626,0.192916105264299,0.926871743120591,0.8920078845808325,0.4387785250096099,0.1254223381447538,0.1618192009997341,0.0399510415057426,0.1346507319585923,0.082020893,0.09344361,0.133333333
0.3916735299588141,0.4913639610938174,0.7676357932962604,0.8384549731081387,0.4732312600479316,0.9407426599569996,0.4378193417969106,0.3148109160549849,0.7712671667168951,0.197285349,0.517526085,0.0
0.4285060926256662,0.9791527690702388,0.2467151556636405,0.4789048308981852,0.7260213162138818,0.5081947016303408,0.4268151796212529,0.1944641575859845,0.649655169442587,0.466948805,0.34549689,0.54
0.4200433663728695,0.1326973819665393,0.1521253959642788,0.6951863806763507,0.0894382632420744,0.8951273631510145,0.3846211403791589,0.0251711791283625,0.8158646782061135,0.049164206,0.486340677,0.4
0.2207904163071201,0.5791503191069838,0.5992688246782327,0.2565724779444676,0.6773708094969854,0.6622073201246402,0.8605444000956601,0.8966348530507963,0.0017508171541975,0.283912193,0.234176798,0.276923077
0.2138112802601941,0.5522531307288242,0.7193862665160892,0.2535622915270495,0.8716994681445407,0.2089391526473426,0.0847323515722729,0.7790552652832593,0.7457455577877309,0.156401836,0.154182456,0.0
0.1432184457169182,0.5650079093411403,0.1721614154819959,0.4129636200459836,0.3126399251414952,0.812283780392891,0.1272038581551897,0.9331603134337786,0.4666385239790956,0.229914056,0.0,0.3
0.8807919846483457,0.1084969809152237,0.481212475362275,0.6922377518477532,0.1731424759564516,0.4204796141212736,0.5358261639682393,0.1084040845351207,0.1697758707561718,0.096028584,0.523769635,0.555
0.567729154812613,0.3433093767315847,0.2659948172282083,0.1988203871121686,0.0606182044682516,0.2043342724056036,0.1018457369652888,0.5518819375134933,0.015414024106453,0.102478506,0.32372373,0.48
0.8953825910022557,0.5086410023030518,0.0470331874484529,0.290744607565589,0.2770382684000766,0.5671795277899692,0.6704821750655231,0.379687793006394,0.7535195775883081,0.270988897,0.493208178,0.509090909
0.0524034722030054,0.8304476108566143,0.7659848374141409,0.2728550997449485,0.1374849427426668,0.8199577757221765,0.7233252407119612,0.736438281293184,0.8529480177474333,0.594918882,0.305584475,0.351724138
0.3730234972196078,0.711085461394559,0.1059709605866788,0.3252282944574891,0.6834835157957756,0.4544257286079387,0.1392884308506969,0.6345633253075189,0.6953365804255676,0.193522351,0.386216427,0.285714286
0.0832663416012127,0.9360846947253418,0.2753884179007566,0.923636932778601,0.085527818013538,0.0598554992876282,0.596412158540845,0.5504917339330785,0.3975454974331889,0.549001305,0.082762666,0.501492537
0.7182629780016673,0.7977082792694933,0.414585456857041,0.0840608684909149,0.8417511765671765,0.1212451365827979,0.4970123903408935,0.4750676967216778,0.635094598137257,0.260278993,0.453786128,0.694736842
0.2322768760017841,0.5090186944798992,0.737569406968697,0.0341822359897543,0.6438600448852383,0.6015285634971237,0.4570561552830033,0.4539501816225798,0.8206310426160182,0.157378559,0.499953442,0.672
0.2137845925929655,0.3369349996904293,0.4308371075232934,0.952388059465241,0.6330960040653117,0.8093725709017573,0.7706719358321366,0.445572102247472,0.5384978812128571,0.159586314,0.367453506,0.24
0.0678623465217015,0.905951168679444,0.4264258874962323,0.5599575032468314,0.591703718294259,0.92297641912654,0.2451651422485291,0.939946473046172,0.552574620784637,0.40099745,0.32301342,0.0
0.1399294749898713,0.7390050428975959,0.5566347050232776,0.7694737062100545,0.6995893669809633,0.1356825365134953,0.9088414240981084,0.6410030211409714,0.2278537313209887,0.361982191,0.072199985,0.0
0.3850049665178711,0.3437161353338661,0.5946590159172019,0.0214563656591374,0.2904863658431985,0.5849181101581452,0.1133691058644178,0.5754627640858728,0.7307558548508016,0.201836456,0.215159378,0.218181818
0.3935586777725541,0.7415182070914232,0.8359468367535257,0.1841046541256052,0.5687047667032119,0.9958260351162668,0.927914093902139,0.502390380337563,0.0436958740853924,0.381191594,0.443555043,0.233333333
0.8275829040318562,0.4850105662101148,0.7840424326674945,0.3387170218303739,0.5861118865782943,0.9615905918795602,0.5886166541556226,0.0080260699603027,0.5702350979801958,0.27465543,0.552906932,0.381818182
0.0474510539448701,0.1091249487994842,0.3091143073579544,0.816700187172696,0.6080030171538291,0.3807259494929728,0.9545124152101386,0.2251247846547828,0.0086552444735084,0.092361668,0.150045089,0.306976744
0.2446923522818729,0.7628522034475013,0.5741212054343368,0.4195512375287975,0.2410625397527441,0.8939740477153607,0.0795379934375142,0.3530109079345318,0.4847917272844867,0.364034093,0.481889359,0.776470588
0.5527856585490885,0.0082920326209838,0.3925102817007797,0.93097633213921,0.9295362822312888,0.9550129391659256,0.3680407622188114,0.3523965829696763,0.2794589220419999,0.077398884,0.307731447,0.0
0.4296335754254186,0.1313501032193063,0.8526522535826672,0.6255314799182055,0.571460712612762,0.7096539129470454,0.2182566330484955,0.6029365563406313,0.1493999250363232,0.054605421,0.564727445,0.533333333
0.4439503152929486,0.8638209352238017,0.0580974694325238,0.7434138033358815,0.3969176201556729,0.1890850994681115,0.4340968650702931,0.0292258580372638,0.8221046409395114,0.299970725,0.261775827,0.2
0.6440741316374619,0.5994084057817107,0.2282593756423601,0.2402550295862699,0.8653204575395593,0.9986850645725468,0.4397347641510046,0.9222224746054865,0.0322393604522098,0.179996486,0.563778566,0.389189189
0.7865605107092297,0.4361786198794576,0.1610355535475569,0.660842191979425,0.2435462977805091,0.7990286368626629,0.4632997038938017,0.9588743708206604,0.4219731194506266,0.151762355,0.663061776,0.266666667
0.2571639779433661,0.4339442658024652,0.2294640002913262,0.8926165849140969,0.8494140995083398,0.9749823847821096,0.3966910071277509,0.9812980424547436,0.1150056320263576,0.142769808,0.326799231,0.12
0.2591310696875003,0.6606552729209937,0.7443155472440499,0.3392258658939964,0.8336679047659735,0.1167561785156643,0.6789846226807792,0.4531474256202228,0.4762029884579197,0.494711042,0.131181393,0.044444444
0.2563888436065993,0.347493073154551,0.4859595182150747,0.2164262176522824,0.5378250530484004,0.0623477653087318,0.0272095845909396,0.5190303091842351,0.0779173290050038,0.131078299,0.157560478,0.763636364
0.485449427429361,0.2260821922832397,0.1378748167158141,0.3827135343752151,0.7896869479478945,0.8684612725117048,0.2285647521591741,0.5841221916060226,0.7965497282487599,0.094774832,0.525806002,0.36
0.5550380510416443,0.3508966644880196,0.79454375916697,0.4723692339875748,0.1653868490746652,0.6455381925369863,0.2422671888495785,0.7961160327297203,0.9354913659831304,0.111780289,0.381925223,0.0
0.2467529574724499,0.0746480310011885,0.9794214952729198,0.4585437558893829,0.4983603028568223,0.7628106975533524,0.1661647913188513,0.666128864014098,0.5199431204404437,0.062418362,0.169678092,0.085714286
0.001124724036424,0.606600770733635,0.7259997104032377,0.238112209901363,0.1998602570448963,0.8665642145263321,0.0332549531165943,0.1604827817145574,0.5729267116701546,0.201978947,0.362776773,0.505263158
0.5675655547879144,0.8458152651388838,0.5330427359421777,0.6892850722201105,0.0451095289684291,0.7835103993945861,0.9959657241556988,0.5518024113377674,0.8648648642054859,0.623797215,0.473263036,0.15
0.8602763355304067,0.4472104009423714,0.949031085129922,0.0527328664619358,0.3582419583462398,0.0906947023270046,0.8609053650684763,0.1755847044653404,0.647029813060877,0.249054507,0.297256813,0.436363636
0.9382011020967966,0.3443436705018268,0.9040237695018192,0.1067951666955636,0.3459193004039336,0.2709910928364598,0.040374138381738,0.2215895622588509,0.8320506663168826,0.128058519,0.391085339,0.052173913
0.0289344747682035,0.559611309469167,0.4607793306130608,0.053971707152979,0.4444185598851529,0.7997497890002983,0.7131367892231758,0.930736208489527,0.5204114831513338,0.355773344,0.269409556,0.128571429
0.0550476090178372,0.3265651004544065,0.1653503423664247,0.5912672018401173,0.7551746504459657,0.0097941658506628,0.139979239424381,0.0672434016002518,0.1251651631564336,0.096603895,0.00800393,0.0
0.4296065558965296,0.6759894974869187,0.8106386349289939,0.480521667477056,0.2067359827497362,0.5623828902681873,0.2206559519152754,0.5851872858784501,0.3449043667866504,0.244031721,0.455364483,0.466666667
0.5638252667856606,0.8911855734005375,0.9396096301051564,0.9559282094299748,0.4050543576915055,0.9188707113138556,0.1224204369333402,0.4973868905353014,0.9368540654935774,0.374670009,0.400247696,0.252631579
0.0845229690075302,0.5127588818931217,0.2871906466590866,0.9772686627458756,0.5327180733132092,0.9043128246664812,0.9410458921712554,0.6963273949901934,0.0519516255629106,0.19051109,0.310200253,0.077419355
0.3359950748436171,0.7749738380021182,0.4782024371976521,0.9882673467845228,0.0651728537018682,0.0540455889029586,0.4019217419333645,0.2025566151316919,0.2379279390563425,0.265952204,0.052831796,0.64
0.5713341147242393,0.1316090539108257,0.9017137514768512,0.072260090378748,0.8675415874913691,0.917047033694128,0.6882338992941239,0.644537768349082,0.2751377164182296,0.102615854,0.459414161,0.35625
0.6696723066451395,0.1094589596685116,0.6367200684285743,0.3206725899081748,0.293587669519573,0.5914882935135071,0.1743635502499801,0.2441704889143334,0.8084595578529467,0.094851924,0.358760565,0.266666667
0.9303454534914029,0.3946243537241904,0.6216237193054912,0.6100532300411727,0.3474111053381926,0.9716759605737292,0.7336204067746058,0.4381261333286975,0.6957074766046345,0.275386064,0.598417135,0.3
0.7945308822929535,0.3995458441358062,0.7260746293086342,0.1466689873798894,0.9779370188505226,0.0734028968315487,0.9495657061893906,0.8499139247912593,0.9235937410914584,0.214874176,0.197899935,0.303614458
0.462322036320991,0.8205267332068681,0.3176336824871866,0.3055540280332008,0.0345445705943017,0.1220186145634965,0.9778414624412288,0.4008503840624127,0.92538037683678,0.593971099,0.247799626,0.698734177
0.1400144160971327,0.8790803927264537,0.3107665685012396,0.0559135770224112,0.0056109837735236,0.7658312426984899,0.2738874922356943,0.0572639348246714,0.4155418189108099,0.242742136,0.464932748,0.56
0.5059075552516688,0.6636778479727943,0.757419686719646,0.83299064829112,0.6482630889830051,0.5179570907805472,0.8923057333265909,0.8597092610691013,0.4753814934120337,0.429725044,0.457098033,0.215384615
0.4347403615524214,0.0553143703923757,0.5164090259622945,0.8691405902096929,0.323068683590535,0.9930674626540412,0.7229388741054196,0.4242943103177958,0.2787153801482585,0.085716989,0.522288702,0.340298507
0.8276655014422414,0.7475916845989647,0.8253942945741143,0.3174894265341488,0.8522440945446197,0.8482975705987813,0.6860315466363341,0.0224850172404796,0.0339751377898785,0.368216325,0.53652758,0.416326531
0.0742180286040172,0.0578886531925345,0.4465979956560111,0.8764155245515104,0.282045464224555,0.0393908891067409,0.3104359554574492,0.2223496210555695,0.9652602862244016,0.0762851,0.040292754,0.3
0.2299221068739322,0.3221571905004732,0.6517845726190367,0.7947261240211002,0.0326237239862715,0.990148434509045,0.1301044638871787,0.9670846164917294,0.1021708865634881,0.102638852,0.32420871,0.32
0.2828696133783153,0.2462834441686662,0.7892338256230064,0.7468178652137794,0.0159440590953809,0.0735629669374675,0.6295127243631083,0.460710975622957,0.0267736769284472,0.188800916,0.045517844,0.0
0.3091122932011525,0.0268298006038498,0.6088730722335937,0.9988060141012725,0.1285395475551388,0.7620217948638907,0.237701986586578,0.7298614062654961,0.4608202720593115,0.050122441,0.406454214,0.0
0.3745233382666824,0.1677855573655284,0.8612747064462586,0.7784572497024294,0.381056459826731,0.050918547965511,0.7133153860828834,0.7474532676534225,0.9731740575533186,0.174911117,0.064656841,0.0
0.3208120453197104,0.7509492549477723,0.1676853933671449,0.4247409591228095,0.9900045414551784,0.0819268548447166,0.527421364010559,0.5116386729407113,0.55796217331191,0.306116494,0.128559951,0.076190476
0.9318083014886932,0.076628982857835,0.4776073235425667,0.3762815266170232,0.7243544704853253,0.7621902244013683,0.4078152985268436,0.877775296549966,0.6201179568724839,0.073415701,0.546486867,0.564705882
0.991143812060012,0.8252877615998216,0.4945461394584902,0.4309445716053076,0.6959198840530096,0.6759342251781417,0.9708418144253144,0.8427539181251494,0.3769561238238107,0.555957204,0.613752077,0.247058824
0.6184848197209927,0.6652884844626864,0.7646352371191751,0.6100786561975811,0.6010044274460159,0.3001695432629303,0.4535605931108001,0.7273424151260797,0.931717563526964,0.246394549,0.438325744,0.631578947
0.9203061900356532,0.0379177650701635,0.9613125788027952,0.9724475674881666,0.5478063051112612,0.952159888418484,0.6689169791594347,0.824793319218097,0.5906525894619539,0.101610058,0.566902675,0.0
0.2213326791373597,0.4145420240274418,0.9817832603114682,0.8749509771717706,0.0286931768377343,0.0920449891187593,0.3579987785489864,0.3600266153356894,0.1741570373455836,0.154325577,0.13533212,0.282352941
0.2693501508594437,0.6706297059730872,0.7568603422898457,0.8743713939186728,0.1496389603849058,0.9245722951848072,0.8831278337903937,0.6942588634672304,0.96617633097605,0.384894999,0.434172522,0.0
0.9935196367382866,0.7509247050111441,0.5690245263347917,0.6135640105576317,0.6236419467826174,0.6777030678338202,0.4311212268635325,0.6448314174275118,0.8633010481550533,0.263145481,0.3324346,0.545454545
0.0675687276207751,0.6493588753001786,0.6190388652194304,0.1723872604692224,0.3536156229532551,0.6635067533384538,0.8601843596555266,0.4685268645348407,0.130915229948031,0.280192912,0.272988019,0.494117647
0.7474035782247089,0.9188170261872552,0.2675175078921151,0.6099891749461317,0.2289906084223977,0.2297985001184439,0.4219272350071215,0.0969665869852332,0.2133213992692341,0.369548603,0.368379695,0.423529412
0.5296603157858167,0.8894759289352733,0.0496593333383974,0.7683272890625119,0.3970536234762329,0.2465386996728218,0.897228641269717,0.3317930506239995,0.7777980624901462,0.563169096,0.225735982,0.0
0.9210434224874235,0.3117685725196989,0.8968442597797788,0.1052951230690846,0.6877428354447978,0.8228413935968963,0.6405072812036413,0.0718386059471345,0.0060138407129117,0.136286122,0.237955534,0.834782609
0.5304473649049388,0.3405821214045745,0.4345586533960734,0.8776845322361421,0.2544687118647251,0.7310606085689066,0.1650379875119079,0.9637298387748446,0.6467112682730948,0.133007355,0.784416654,0.0
0.9165966515593236,0.3371005888573748,0.94596674164937,0.9592826575960512,0.1570011520469776,0.0620026296185194,0.384801647564404,0.4081251616373988,0.4280022304379863,0.122928886,0.297024539,0.4
0.0857739726225891,0.935048355353434,0.1112011596164663,0.1531598495601687,0.5836169758033818,0.3874619033461295,0.0413618532992015,0.1912630049644269,0.0031163752940557,0.237065547,0.285012411,0.6
0.2726728278584598,0.932935160647218,0.9375524962341764,0.3161183580679692,0.863307737119752,0.7799836627934555,0.896928703878421,0.5601079837554408,0.0840310255839009,0.614810343,0.463691182,0.552380952
0.1112605229542577,0.3162302760601777,0.7657672771181457,0.8906736390068591,0.8869117103467151,0.0898837360927533,0.4954547803466568,0.0125458758258777,0.5712451096691746,0.154309412,0.062872582,0.0
0.1787809406938624,0.1074086715779226,0.4378272914558152,0.6327604935627269,0.476095086163887,0.6645175072179466,0.2167119897573414,0.8984063440714894,0.9097280633309746,0.085444427,0.249008221,0.64
0.9068044028277924,0.839825287670257,0.9057827602596112,0.7016053895380556,0.3898605549659043,0.443658519861086,0.4376889444555947,0.4056458160411468,0.3917897867048312,0.383184693,0.537170935,0.15
0.8215015664150461,0.3185489727969286,0.6251755625548414,0.5765872782962047,0.6383483058651713,0.4553574234285737,0.1572822897731122,0.9649439343301374,0.4576761681539222,0.085275596,0.354980766,0.685714286
0.5221770891418993,0.1224644642501905,0.2410105156374045,0.2623265822961962,0.7611515397038053,0.0991691503525971,0.8780471831741637,0.0768426804965729,0.2167137268860559,0.098579351,0.236252496,0.236065574
0.8647271233794999,0.7227127733546731,0.1457161375077441,0.4235330537303896,0.6472580013841446,0.700398622132519,0.5972195428539443,0.0934003108067255,0.0252863657061594,0.355885812,0.336135319,0.652631579
0.2392072606298747,0.8158382894769509,0.580491080934796,0.9784985112961634,0.6962172379700278,0.7519175250794333,0.0433047525579882,0.7585062706707546,0.9598871534856732,0.331066657,0.458283119,0.192
0.9129968536707378,0.0929348112441222,0.4568601474471055,0.0050746050984383,0.2725885681063746,0.9815375288271374,0.2569908738103075,0.3082248974902362,0.0737466517378614,0.066969285,0.620858695,0.15
0.0142403287360309,0.4887154647816228,0.5137477490672993,0.5045883075752446,0.4647080473722254,0.663920274065537,0.173205931752071,0.852583487401162,0.2850106031647379,0.169953798,0.333970647,0.0
0.7192775905079156,0.0439397610617904,0.9427203600442406,0.1602635115996261,0.9828776207515696,0.3689773479135322,0.6699435825132688,0.3192179170215243,0.597750725116291,0.083502745,0.385988363,0.053333333
0.4468870318308994,0.4794139509827895,0.7392210334883156,0.8444519519814249,0.5020112571531733,0.9891149948139106,0.3090744639610828,0.1715322469798429,0.3387938460974358,0.183397081,0.465269935,0.0
0.8636535812784654,0.2216991455250158,0.7352068831647877,0.8152746311152134,0.983523337421053,0.4016058908070886,0.749804552611913,0.2409963885997771,0.482897047921812,0.14719305,0.40644196,0.251162791
0.1868441816290815,0.6838705547632006,0.6686800908882056,0.8517739216343446,0.4341948293770967,0.4608984295666323,0.0311061607279327,0.6928601011826667,0.1511075377343939,0.199336548,0.375547097,0.7
0.6709207349641197,0.5093835310540483,0.0794097251367621,0.3424088136097071,0.1865704941905508,0.2608445083922115,0.8355802083327016,0.5226341850665397,0.066949872047087,0.253221047,0.290620951,0.416326531
0.0836906350039242,0.4444051744089067,0.2287995790546785,0.74476004582111,0.3056166154088879,0.0701482788096636,0.1975830663696274,0.9222172806197992,0.6239751996963183,0.182855059,0.074906237,0.525
0.9903022934506368,0.4690040393070515,0.2818740377602023,0.8719272014113653,0.0448180619668135,0.4460280089921127,0.7411135248283938,0.6982036707990957,0.7025305930079901,0.24478002,0.473585931,0.517647059
0.220278587073267,0.6778135915780847,0.0698718069198083,0.2897203512435713,0.2745814871807203,0.2459359183375813,0.6110831238570315,0.1927422297068141,0.1813855031420307,0.286524981,0.185139884,0.230769231
0.4789650879815202,0.2689425591126877,0.0774443356449841,0.5761138405842813,0.0525973511706168,0.248312398158327,0.4275416554689404,0.974697529586856,0.1741413129517695,0.113810859,0.284691719,0.48
0.9230646831907589,0.4180012444960316,0.261377486311078,0.1901507466484325,0.0424682222239384,0.3962047374393581,0.5247235051551198,0.1621507487885376,0.8590609330763561,0.213650506,0.410556012,0.15483871
0.0861614112648784,0.8422070452331488,0.0095049702066585,0.1905824407653976,0.9405992934911548,0.205108762665469,0.4901856539500336,0.8188390300709341,0.0715266909324325,0.323986113,0.025685635,0.5
0.9854599707029432,0.9905326578028142,0.3248218778350955,0.214376033225482,0.7256793597124942,0.9804745957148158,0.361915633478454,0.9931652183103816,0.7637633455302837,0.359938117,0.624943954,0.276923077
0.1605875219963878,0.2347693002058106,0.6823423784336098,0.9352179401739592,0.6753822451760623,0.0257759203154879,0.7239236893096332,0.088040617426422,0.2959271306693983,0.117866222,0.057696884,0.578823529
0.4620587184441477,0.5777358880563216,0.7935874345910549,0.4230185956231393,0.695134434544598,0.95613372006939,0.4753293227226628,0.74210052484108,0.0622162106633427,0.114974638,0.714489426,0.0
0.999229125770954,0.8482844164475387,0.8493068230620038,0.2136284479965042,0.2597068245246247,0.1249313440785226,0.0646452168366211,0.4414629913626173,0.9583153146737188,0.397441563,0.333538602,0.6
0.6869615316165917,0.3995582808734166,0.6875275558124042,0.6666744672055654,0.9922065450871596,0.6673488931576003,0.7601768456918631,0.3690470608539544,0.945955682140904,0.193306325,0.485957389,0.188571429
0.030796335764649,0.927828230925204,0.0964465817222863,0.6115195440232687,0.4602357077330872,0.8625075807543622,0.5817043327520216,0.2065622678758587,0.6630668621989328,0.465724699,0.258144095,0.147368421
0.1877767648908876,0.4021900900662556,0.1589931854750517,0.7275414112155321,0.0598722253818531,0.8160687970525035,0.4525673315431299,0.456554096822228,0.5231332125333613,0.1306938,0.460846362,0.225
0.8591154926262983,0.0366955311537603,0.8172519628633388,0.3147614350478422,0.0664233085807012,0.8509326076585163,0.803435419415537,0.9247899502023404,0.5547228274437009,0.096465497,0.550334948,0.522352941
0.3265187044287702,0.2441647783616131,0.4899144694041277,0.4949143170343393,0.1555437952481495,0.4390041989131306,0.6527513264277373,0.7881936020769381,0.7201712440231718,0.182187572,0.154088403,0.0
0.384532127580786,0.9066357037697524,0.5171630304892099,0.2593160104306277,0.1938220629223046,0.9370325487179244,0.085688176547605,0.8357821907415756,0.1904804127189091,0.397720414,0.553368536,0.0
0.1418833565419179,0.1036392264134096,0.5976332011683638,0.7919984792352338,0.149649045129853,0.0321283904210316,0.757159034503965,0.236806995710668,0.0636926613349658,0.097904986,0.060535363,0.703759398
0.5989040311179133,0.3168502502822182,0.8518989022695397,0.2455098144686414,0.4611217316984817,0.8534710148066185,0.9859145898982716,0.2360488571355657,0.6815566393169885,0.189532233,0.436337354,0.32
0.1656467435847596,0.3751933404607435,0.5725223011188524,0.4391164775001596,0.5274835362012701,0.5336734535268501,0.29526568399214,0.3584458241627638,0.9459758957785857,0.121111112,0.249619714,0.542857143
0.8327582153797664,0.6920313790326214,0.959098668152274,0.9880939789271076,0.3727602518886065,0.0031713846897394,0.0334866596034585,0.8151153835427081,0.0328962942923696,0.15003709,0.027388258,0.0
0.8913272423261263,0.7987094213139794,0.1602754907428333,0.0025224512785573,0.7598284912306508,0.3443959705079685,0.7455027571337611,0.6260952963622237,0.6560031772345365,0.502127355,0.549143096,0.638961039
0.906789147947776,0.1565424157440507,0.93574885349745,0.4117680120447795,0.0496937691607305,0.658528036264725,0.6879069050596149,0.2995916857583017,0.5771116812155207,0.122009227,0.605079828,0.520353982
0.0102081245934522,0.198208848192384,0.8456129972175375,0.1640073881947337,0.9455760586735116,0.1310022124687567,0.8490268867793177,0.4456740403187859,0.253977089112284,0.130766034,0.045336,0.221052632
0.1641626492157506,0.2399729548081615,0.559900625434204,0.1388324280015926,0.5400552817065896,0.1528690747241121,0.230682000842424,0.1506178552382318,0.3889024413799371,0.081501435,0.259085331,0.496551724
0.7405237380417987,0.8146887826292576,0.6666338015434605,0.223895090678229,0.3214032301553419,0.1851437126449128,0.1879591900418036,0.3360528992221209,0.1818836711137544,0.21156106,0.223575046,0.757894737
0.5391913443777694,0.1113335136122505,0.9020114692053796,0.3259588629352657,0.5691496277081093,0.4693870777423994,0.2057711933841867,0.1810150346496191,0.6874184622059057,0.106540412,0.47648591,0.0
0.8813437184123334,0.9246368654761644,0.0403208019298552,0.9673002313267524,0.0864968837841768,0.3813868885498735,0.6354780683339324,0.018555578395075,0.1263070630728717,0.508546172,0.473892023,0.59047619
0.2907781029025431,0.0842464850379071,0.9526991165978486,0.2700772870018597,0.7898301860999682,0.7063286959509161,0.6615699946891904,0.8382748306101735,0.7116629773979151,0.121927024,0.513268987,0.329032258
0.878494051718311,0.4416447081367667,0.0541304868339814,0.043218360876743,0.5915123369544936,0.6894671864790283,0.219417681507323,0.4821904055886298,0.1007450866516611,0.116697124,0.16896817,0.553846154
0.991301475778173,0.4771763833073575,0.6411835327797584,0.5324249875313132,0.9440549242858476,0.9218433562618886,0.7332404899326567,0.2673088363270067,0.1044236843417381,0.218714961,0.575810916,0.55862069
0.2894702679859846,0.9906121031768816,0.6513357208194451,0.7855820155312141,0.1446685637551762,0.4955221122362846,0.7715972117599298,0.1418252237367189,0.8302104178827657,0.70423585,0.357324851,0.026086957
0.8943024813747275,0.4554205563359167,0.6623391282510622,0.967108681420488,0.2240341746143122,0.2499143846890965,0.8040525790085591,0.3283718241073657,0.1132209814740795,0.177325619,0.359923133,0.438095238
0.0764277467662181,0.639980754059069,0.445306175443001,0.9664021194573758,0.1232770356399912,0.0833689402477961,0.5273131756697913,0.7588434098672221,0.6395860371013565,0.364515189,0.079200904,0.498461538
0.4308083660941972,0.76493318631216,0.4381219349848576,0.1506900298660329,0.6424723313978458,0.8280931254329406,0.56172927999466,0.3675548946191942,0.4018977893838127,0.53146779,0.533678136,0.418604651
0.6509816042737379,0.0795832747546696,0.9957552021728792,0.661802195141496,0.288445741484953,0.1146844456288221,0.5586486412579406,0.3218183828529625,0.5854915004206017,0.128174925,0.266837898,0.712871287
0.6716228778442158,0.5488191590009222,0.1253901199867366,0.4255536113963697,0.6740585565609547,0.1493039653232262,0.7762213848131357,0.7045661079340861,0.6456774519293054,0.313888981,0.142925909,0.035294118
0.8767749422770884,0.5265235962858715,0.2917831220429517,0.4109655377916607,0.9891213107984992,0.9919629873829044,0.5023543440285224,0.0377069429254288,0.6025524294418031,0.383246085,0.45974085,0.577777778
0.7338971248345406,0.7809003620211341,0.4529615348482287,0.0658820097922534,0.0369813427292444,0.9988256661394066,0.2876693235734827,0.4926597461869021,0.2893508069537334,0.225718995,0.683305299,0.461538462
0.3401739071735583,0.9051722666156504,0.6680350899607136,0.409463784784307,0.0170565961906941,0.8051976374228555,0.882741901522792,0.8307348373736655,0.49511691829933,0.626334057,0.445994647,0.08
0.9001742410857722,0.8080426180076601,0.8251634289782313,0.9346875311455636,0.2235311061874647,0.7678756037144522,0.4075867786565661,0.9080728641753736,0.5185240084502808,0.314019629,0.509413273,0.24
0.5129888660926017,0.9429679981044092,0.1894582355929155,0.9424730592676293,0.2044741777417105,0.993382146384084,0.1140754437781293,0.395268100457163,0.0942806693062868,0.371528244,0.0,0.0
0.4659813384885023,0.2686741071717209,0.2096444679183193,0.8812164739136679,0.1976339602734075,0.347951812790335,0.57070416383919,0.2181676272061027,0.9905775705199392,0.112495768,0.418490841,0.162711864
0.3558326086522995,0.2379212989780863,0.903915771861086,0.9320027874764656,0.6005213410278539,0.2627639597264678,0.8733969102467345,0.2220589605299138,0.9024813517623714,0.249482875,0.347932143,0.6
0.7061746171023027,0.3298391659053298,0.548659530810022,0.5865895970734072,0.1628851889179801,0.6125115675990573,0.1441387946393802,0.918516362856072,0.1561246115701265,0.062413985,0.323894143,0.12
0.539124112374365,0.8384770911093429,0.3129325833744004,0.061085806483388,0.9341951404807044,0.5187087426769784,0.9442485263537518,0.8650815600127225,0.2460894303282175,0.335439761,0.397779175,0.0
0.8505211949744259,0.8190791477875442,0.6120696776612086,0.1685991739324259,0.226607413408943,0.6379021179671924,0.10564076387197,0.8766727397833102,0.7761756671285575,0.326861824,0.532988877,0.24
0.366265197392399,0.8979226971691316,0.4915912553715073,0.9105794608650882,0.6321991979268798,0.812240005273562,0.456594330401783,0.7339432306062755,0.4349047177572253,0.479500584,0.130174557,0.0
0.7466096198895303,0.0425793903342385,0.4767639516129112,0.256872149222036,0.1481049322457448,0.0258116190245888,0.066777761509338,0.9796573799011228,0.0832164913319949,0.059008668,0.155472046,0.685714286
0.2890148168538029,0.7237994621820592,0.2981181839340189,0.9819264691366528,0.4405192702795822,0.6829330159016682,0.5496382455346145,0.208762880931154,0.5463046665170443,0.315791127,0.467242493,0.490909091
0.3573963134823457,0.9399288773102844,0.5196506245460963,0.6254174537552404,0.6236082016774331,0.2376704091351205,0.5552117660389276,0.1843533115200992,0.8422971490162807,0.599586539,0.23268016,0.328767123
0.0669839616407955,0.5803412136997798,0.2943835338430078,0.4982771278309349,0.817338855548896,0.7223930740595401,0.5880191440786783,0.027308567896715,0.6193352913443041,0.345137813,0.312929655,0.109090909
0.2854475349312111,0.9696720405175308,0.7497280112934184,0.3940835392760415,0.0702736649538355,0.3865269563376616,0.6291042339217854,0.6667177668832035,0.8120127527497135,0.553748094,0.318651567,0.210309278
0.6231155643090178,0.0820403354944508,0.3231229201582695,0.898292583640344,0.0343142559295943,0.9417705490777332,0.6374551204831173,0.5911093094650726,0.797877563300923,0.122015095,0.573209906,0.310344828
0.5781526272809496,0.6162743904018004,0.0631273734375521,0.6492387157846262,0.9701300851718254,0.8915518278442102,0.996569253724739,0.4244191234487396,0.0116375914545875,0.261810227,0.301008905,0.635294118
0.1652137481892549,0.1245530136024077,0.8891044887808703,0.6291462381403451,0.8196463568830673,0.2625794966873962,0.5294829520955739,0.2993028928081013,0.4504591633278392,0.131717282,0.263578636,0.731034483
0.2478448211383096,0.0321585204198022,0.233394741035216,0.5598795700818486,0.6750486055791307,0.0163965134664717,0.5652804153531282,0.2540157462057199,0.8944995669106213,0.089817551,0.059230582,0.514285714
0.6111226016897299,0.9247359263564076,0.1796417639465201,0.5681955378868988,0.5084269861590228,0.9822930844065711,0.2446788986233803,0.0920991719705183,0.9388790338935996,0.398688898,0.685842937,0.0
0.5255685848800897,0.0451641270301137,0.1524523817852259,0.2467584756095362,0.2604538486650488,0.3172011851171984,0.167360587931825,0.7588995079459667,0.1328435155758558,0.065340139,0.204382919,0.436363636
0.6956064026770143,0.8587875274214831,0.3786857983720778,0.6894491178430061,0.0121686153468023,0.8245989517970739,0.7018682708550952,0.3144739799495097,0.433574228858576,0.454313195,0.637210686,0.0
0.2772596180667495,0.9068015406538222,0.496980462843803,0.349337498647285,0.8394997929404729,0.5305581728603825,0.3874396719369259,0.8002705219044985,0.3145181716709383,0.378600341,0.423205885,0.133333333
0.3936851155993106,0.5795731909940383,0.6922239218611094,0.6621981336145323,0.6644873408409488,0.3511143573263541,0.5244968452686961,0.0961425662890547,0.0527659025747485,0.252363664,0.341515002,0.446511628
0.895438755925511,0.8744817029209995,0.9542219811216136,0.5728791028808505,0.4473968379794926,0.0376457105080447,0.3407920706459592,0.7445944014598556,0.7748388435371656,0.235907105,0.090704119,0.0
0.658921422509554,0.2483062978282156,0.0283983765046982,0.8893795258016314,0.1260286168892528,0.2068220252031573,0.9929233024537116,0.2934591916062337,0.0459310167502298,0.110619637,0.273882033,0.339130435
0.6251367491778155,0.5098503750119865,0.6414161242814642,0.6510246902468032,0.9437898365139198,0.0866117774415055,0.0590105276865139,0.4512020933825783,0.3770286690442301,0.161519714,0.22616015,0.0
0.0273747986168285,0.6639800432178785,0.7820461124001884,0.6175616043405332,0.7105350812587338,0.3601357320318641,0.3038087674481187,0.4682055478459087,0.9771570397790346,0.278197261,0.24588989,0.646153846
0.9076756732338908,0.5886596337531544,0.4998632156460723,0.8061819713996292,0.9403772369296264,0.3322579142941894,0.868865869793941,0.2565545184265483,0.681130484227034,0.268319202,0.463465057,0.5664
0.4289968527974512,0.2307070587877765,0.7520633150305664,0.5711544153017843,0.1933433719214013,0.8777590044334103,0.0482812203434998,0.2397868632884706,0.9138816886649328,0.099843353,0.320912481,0.104347826
0.1713327321266352,0.7237569292502554,0.4718174773707643,0.5364613280781478,0.444310100337371,0.5560881501920106,0.1277561612541073,0.220351825534007,0.8794136062314596,0.339946381,0.401503855,0.36
0.6541326555961334,0.8058420785562228,0.8172320071953051,0.610024050736893,0.9281112970888752,0.2245178904123226,0.445573766301372,0.6472651208335444,0.6843835092338882,0.385456105,0.245175856,0.0
0.1912693870791931,0.0863484263497456,0.1197486433627317,0.3737436785326772,0.4114066067124852,0.985833713387806,0.3353913154873355,0.5369126437575781,0.8051624904678988,0.064390106,0.569295945,0.257142857
0.2792053482607743,0.8312377819555513,0.7833520727469901,0.2218420802997768,0.3989488240475627,0.3688735488273692,0.1074246234589005,0.3643203615735561,0.1426460613154924,0.276179168,0.214576967,0.36
0.9161686905319014,0.2725272748468109,0.8126475419967354,0.4969669478787804,0.2318219432010144,0.2470061463966593,0.2630311889345336,0.3374271610157295,0.0104474042625474,0.085543321,0.31668291,0.0
0.3433934584062411,0.2151280626500048,0.1964176871509477,0.3565214742038369,0.4262803152514784,0.2652360471194614,0.0737489213953446,0.543795468465013,0.8665996587103072,0.111665793,0.371208756,0.0
0.158157416046433,0.6622067841513476,0.52714497227369,0.9792780812262432,0.9551961219856449,0.4262779589916197,0.0476429591972002,0.3825932458524101,0.8991445667475546,0.172843622,0.347968792,0.0
0.2676372510685922,0.3757310698072015,0.753033392856713,0.1012987985759636,0.1125648159106741,0.3671515173448424,0.9013994504144562,0.833401640656859,0.038339344162905,0.183732132,0.275474543,0.442105263
0.901949724013237,0.9382197247641432,0.2477739160450942,0.9890829477704236,0.2067235127149165,0.6141350882706264,0.952346951108278,0.8119249673272603,0.9759150830115504,0.499535656,0.469458514,0.123076923
0.2362779451364878,0.3163040499511663,0.6129485913492174,0.728650843506232,0.7741253067429099,0.0193894751101013,0.1309210863266144,0.9491665896101866,0.628794995094956,0.106466378,0.051868996,0.54
0.4108397243270008,0.7999562258559482,0.5035373429485315,0.2583287882972935,0.0014203705859598,0.2826235768319338,0.2831999510725735,0.7799850034984604,0.103297600738313,0.163519355,0.265243889,0.0
0.3960969133449424,0.0281657299174906,0.011485652072121,0.0962462858878082,0.4363789487515765,0.3380186762078688,0.8748087558043772,0.5620772303048494,0.8027089813545519,0.091026338,0.362749088,0.0
0.8665107630366179,0.4144513796921524,0.0578846822030907,0.414328767114267,0.3723424305692605,0.9170142852409472,0.4419580409413469,0.0738666114391017,0.8389130865122929,0.166484614,0.524557366,0.276923077
0.0234477457950914,0.8296801629040066,0.7003046676517979,0.2734076517095448,0.0796157567425248,0.4463022667681119,0.6127467637482651,0.764094943962302,0.5085992917959684,0.44774908,0.206357151,0.2625
0.11097240604003,0.5665864077099,0.2413703882936609,0.1365649025184344,0.6942527900279699,0.9385308071250184,0.6619063337913603,0.3847660048987754,0.6571140959055185,0.320363476,0.408415339,0.621686747
0.6280765403183332,0.2049332441482058,0.2919768030403536,0.2744105531328175,0.0256089181821039,0.5610843047160788,0.240971362158113,0.715241824232819,0.2067799851926584,0.080955696,0.483625103,0.564705882
0.9622825943241008,0.4315653368078499,0.3725665471135149,0.1153819532147216,0.0437748063093736,0.2958486396707263,0.6078551167708229,0.911923153372516,0.5903092679951556,0.175937848,0.40305003,0.180821918
0.0010769124130377,0.6110083370013948,0.980421801309928,0.2536097222528806,0.8119783935679737,0.210866186348381,0.1069659619947801,0.6794605819354765,0.4536899104492053,0.225374566,0.090365844,0.646153846
0.3508886290302562,0.1832751853667309,0.1642190850850987,0.426914602051423,0.8477136715489317,0.6995316398125138,0.657848500894173,0.3914652051990611,0.5156733590435878,0.145720396,0.422909116,0.333333333
0.0410822012110201,0.6528318878112966,0.2256197590586984,0.7225766809422357,0.9310322548592038,0.1017170384746017,0.0043075013332816,0.145767072765989,0.1427772997594227,0.182191513,0.077476535,0.571428571
0.4568707396956799,0.5536425955618951,0.6005095444990072,0.5396310570969245,0.9649973352948116,0.6409571125006848,0.7178384722986345,0.7202805413191765,0.862682514568466,0.362372377,0.478257205,0.048
0.2753702844563124,0.9049615932272772,0.0666388495093753,0.2373710405635087,0.6318598669869476,0.6002988209375864,0.4699374559856171,0.3171365161862325,0.613584330979961,0.290217235,0.439731488,0.571428571
0.3572118650015138,0.8761581443079359,0.9073243355320249,0.98142244956932,0.7664196868528328,0.5531176269146395,0.0409133004110199,0.1633720422206087,0.7856107597301042,0.332103031,0.376776724,0.0
0.2774198836376184,0.4255444886825378,0.850150574406855,0.6368328760579622,0.4796007255179069,0.8776176546398066,0.0430348865183936,0.9873381967163066,0.2996250651953703,0.173412655,0.522094914,0.0
0.6890138159825713,0.7952449003096361,0.7273014246214046,0.203138933424126,0.1032764408669574,0.9261078172750634,0.9954188923082472,0.1334781967554749,0.4188961569908782,0.335751341,0.547886848,0.405882353
0.762907493086963,0.6958128686348439,0.5095360931452322,0.1194481277723968,0.2563391041378365,0.5557853259972421,0.2988525711288262,0.8111855776605461,0.665859209842093,0.25776167,0.433508513,0.568421053
0.535418858782083,0.4841110686872165,0.552033402695038,0.7975263039026557,0.7381474165117009,0.6349275230172576,0.7125044486392101,0.1995772520915352,0.3572238481331123,0.222958747,0.507319908,0.465671642
0.8881581893563358,0.483532121576239,0.6488908926416713,0.8308498380963911,0.0389529259522263,0.2886300971905058,0.9400197729207004,0.4509667966662085,0.244554731176241,0.204130734,0.454538807,0.358441558
0.943692942511228,0.7812819025831359,0.9838578278946264,0.5485670605149424,0.2513350191308289,0.3085903630307428,0.635280794798111,0.0245291948869081,0.4227678512454943,0.497149345,0.480436057,0.46
0.774897111913328,0.6227563690966795,0.6865632998279789,0.2863773543707509,0.5451007271792323,0.6529385858463793,0.8718267527253775,0.7782338401617022,0.7317332068944743,0.322674435,0.531869068,0.0
0.0669130513043719,0.5333892130189085,0.9712214023523212,0.0359891103013489,0.4072219401673338,0.3129639620155249,0.3443512584370427,0.2871206227006535,0.5691626463954509,0.211605318,0.080526749,0.16
0.4427632417053382,0.3991555176590053,0.0154404289601268,0.9324260858050832,0.2744850459181357,0.7720481653698376,0.9021454504749722,0.3544918842943616,0.6618516594384021,0.157850655,0.397332587,0.0
0.42197329653237,0.9001115867028748,0.0128581213832299,0.3904587390609297,0.6789423411235755,0.2862710029294101,0.6562556930652585,0.913279526524501,0.7248809227565339,0.446065083,0.236648676,0.104347826
0.7942533025308798,0.1835499560060153,0.8422719548958458,0.1027150916091174,0.0341202861592007,0.8802804100778713,0.3427631080893073,0.0337230386720321,0.5345157383431833,0.099223682,0.500321101,0.6
0.5259247716865454,0.9058433172937664,0.9842555638789052,0.2080608440532508,0.5375482831265195,0.8513345630461984,0.7380721154238202,0.8896011985208017,0.5940670323480003,0.587654911,0.481881955,0.184615385
0.0828831546339456,0.4140316179300278,0.1585858726812277,0.9342476781749112,0.5727069663191416,0.3979358867052062,0.1126987000593501,0.9404306500224232,0.7673173559793702,0.137352105,0.272955112,0.533333333
0.2834581553279715,0.0327350013995795,0.511647349555995,0.0601304913707382,0.8243352601785073,0.5457626936476956,0.1467242990786351,0.3626493212361874,0.7411042498944728,0.06326594,0.413318201,0.67826087
0.0312042972729187,0.3552744763964743,0.135617674911898,0.7937473420270511,0.2438564906280672,0.4626573268412398,0.0620590633209237,0.9797482742693708,0.4277067227048143,0.111683112,0.225888885,0.342857143
0.4006486839412885,0.8477874586538088,0.778263966247176,0.0689279012088968,0.1048934888348542,0.3819827556202231,0.7447105670489874,0.4289523701060819,0.2706300673954491,0.450868576,0.386179118,0.498461538
0.5532398596235857,0.3097932542603347,0.3906457125915343,0.0186116563049635,0.0624225044071667,0.2486355253560804,0.4326488436560549,0.344401554378142,0.4940371227754014,0.081421258,0.275204137,0.0
0.2674009110178531,0.0904142868463239,0.7963133081214142,0.957750580566838,0.233554107706286,0.1586672557656415,0.032573346457189,0.3251122603889477,0.7582994461437688,0.073839599,0.124778943,0.0
0.5013275244666948,0.8565372825769809,0.1809523397135147,0.0496431910998033,0.2713197236345251,0.0624666674299609,0.8953539349032203,0.1859607809451872,0.4574686300905081,0.42925982,0.155206989,0.542465753
0.4534491241757139,0.8116753264527476,0.9526855884943328,0.5466781173643506,0.1197969426015177,0.8806165468976203,0.1592665030105464,0.5728111221184633,0.329351094544186,0.397888995,0.550105208,0.56
0.6546852975717745,0.5898637213460552,0.4869215465304107,0.3713061377474228,0.2962999547154853,0.9674257157687186,0.7116666836599281,0.959908940703876,0.1163217690860732,0.251257755,0.491752675,0.052173913
0.0604780628777006,0.8542057990020492,0.9152268569301192,0.4350563066873698,0.4548178948516621,0.2237782862292757,0.5836797349977635,0.0892964335865258,0.6483617314173018,0.566749168,0.189768209,0.419047619
0.9434392992582068,0.428731067961039,0.6407423182212669,0.5619367985419188,0.8966302089389793,0.6099500502194027,0.3477072721945778,0.7151177343383502,0.2901186423710437,0.11073997,0.446241244,0.705882353
0.8073943834335022,0.3992594561328402,0.5798575939885511,0.6845368939876715,0.9999518098792116,0.8102517468791735,0.1272493130044398,0.1100960254168461,0.0951919587137937,0.110128148,0.376221446,0.0
0.3223670353093976,0.111962047720078,0.2168786167171844,0.7780379091803687,0.7123050642782138,0.2907440667996458,0.1669202580734653,0.7814431147907871,0.3666928844857907,0.058340538,0.35637164,0.410526316
0.7109312524535635,0.2321838250088773,0.0378730106132236,0.4543984051698967,0.1668875040399108,0.6913571693324108,0.0942304693502016,0.6145696275572589,0.263722690644433,0.107307064,0.505981716,0.16
0.5325525911741074,0.1811757622097944,0.2331456661032187,0.8573797069014205,0.2045839507438877,0.3552311178945565,0.603149317995988,0.7648588906672622,0.8103265768870852,0.15615974,0.245246849,0.0
0.572547582423673,0.9503866014260086,0.5207028034000609,0.0959062615451946,0.3786979730853935,0.071282003815266,0.9719341075248884,0.3549787434340039,0.066320180681202,0.459124814,0.175828244,0.426666667
0.7705502288253706,0.6470950378317027,0.9267232852567472,0.0497313582371193,0.2275363934033788,0.0015690638486068,0.7002488907775445,0.2088896818155479,0.0422868499597762,0.29943496,0.035807354,0.085714286
0.148552900223001,0.758012639509594,0.9632184688620924,0.2729116349432509,0.7746699540825259,0.4487569077741017,0.7826535810362693,0.0269753263773638,0.9745322940752448,0.474720428,0.302666388,0.38490566
0.264154479554857,0.6523886914812455,0.0337086349275339,0.2515202720883877,0.8632974696315207,0.5015645856275069,0.2522271101099776,0.4942451768360376,0.7237724659618495,0.25868834,0.356152874,0.218181818
0.2838332406962577,0.9305945314106412,0.8471735453809348,0.6201791787667085,0.9211133946293796,0.8449149709087326,0.3448521921953661,0.9394467292026552,0.7782631132855228,0.473080518,0.421726223,0.15
0.6976037901677467,0.6068745669542981,0.7158844330937655,0.0410244038381042,0.3767293731562392,0.2930896523763834,0.4922552362774213,0.428991127765763,0.4980416093434183,0.173517353,0.408968419,0.705882353
0.9669437977452108,0.6782844471454944,0.2002978832236092,0.636349069024936,0.0031354520408313,0.837696768598852,0.5399055844230543,0.8423791782740325,0.8386738165819773,0.324485598,0.48780861,0.0
0.6408391266261777,0.4974821479470313,0.1455426800495293,0.0884580794969118,0.8721537197515776,0.5712608594785205,0.5045969340018533,0.4638325521264694,0.6346397457096701,0.282665724,0.52902884,0.526315789
0.0524750575781386,0.7680385337793832,0.4945017963208217,0.1754722055111838,0.3539673540300643,0.8915857650976831,0.9546301815806656,0.2623676634199113,0.1364298503884047,0.294930103,0.272657113,0.0
0.2966071254976745,0.6479425362936531,0.9695574483356822,0.4276849479293447,0.4687769733576039,0.4676259248156786,0.0226919060953508,0.7779547145470704,0.3251564924881392,0.196482419,0.173887214,0.184615385
0.9771839300717392,0.3600148636400322,0.0073971511240111,0.6664626745254543,0.1646491086971614,0.0822106433363695,0.7165901920575807,0.7790664766935075,0.4835304492353421,0.151833393,0.33406929,0.484615385
0.9645323523637938,0.4486906434827435,0.6731835938241888,0.72587484074042,0.9547272281234168,0.6550449940019945,0.2991486327081037,0.5477428843470501,0.6197138297290327,0.163504135,0.552546467,0.342857143
0.484270409001004,0.5360314825494722,0.4890163913589282,0.344706387322183,0.5274777123819256,0.9602999001775058,0.713420646353602,0.9698201597377036,0.7185118255894831,0.277995146,0.529561529,0.15
0.3428770523795028,0.634847638082029,0.5293357521811736,0.6622662957264643,0.4237102545518068,0.2987639307804925,0.1074780623337265,0.1590125539991544,0.7108619707045316,0.181644614,0.261826992,0.675
0.6610468014132382,0.7721570353244742,0.7382724982608834,0.7096476121108791,0.575789749600268,0.2441472950157605,0.8686793353060652,0.4841401786080841,0.7421829277423515,0.580062331,0.197745427,0.0
0.864975502960405,0.8582740628952373,0.2201740579204291,0.1125962607905369,0.9519852144124208,0.9687818748707244,0.3040912313359778,0.0453321838245526,0.6934624152829427,0.115657463,0.381324216,0.545454545
0.9538503608307648,0.0604436381146009,0.1883457525195023,0.5767398251038917,0.6624997534134557,0.8518963894499018,0.7352171720238899,0.2174138820929065,0.3308498948225076,0.103401519,0.604695109,0.496551724
0.6782961316119004,0.1324539506208601,0.6997766074113869,0.0271036207720526,0.1182988271001517,0.5496626740088817,0.498023925052091,0.7763309797889144,0.0188922055584993,0.059406308,0.339526386,0.564705882
0.1654805358625781,0.7119996046481205,0.6949438625825309,0.3556683416067451,0.7068798438961009,0.3502183418737636,0.4971493615550102,0.7851564102100682,0.4443459368232676,0.276862611,0.268728029,0.0
0.0448266353445585,0.523451567901058,0.950631889900424,0.4018671196884198,0.1679523913085303,0.0802532078964063,0.1758598403212633,0.7828302316226794,0.5528441489568113,0.211201021,0.097282035,0.6
0.3805138792378114,0.2758923554533588,0.3992122215257839,0.9496242018321394,0.1935511678660209,0.6165501025720247,0.7060313744419008,0.7856213533596955,0.6059327903721503,0.190490149,0.400615945,0.038709677
0.2042511383099801,0.5317375391671779,0.3555730046576325,0.200065434774624,0.1386193606496341,0.4965288339492549,0.5150973539318842,0.1712490967600565,0.0528029422534481,0.299940943,0.312406312,0.84137931
0.8777418563622946,0.2484970625196148,0.792801873019577,0.0479645183441286,0.8253485629255598,0.3527587367227679,0.8108887329895142,0.400728861545368,0.3185366854918092,0.173207493,0.581246146,0.488888889
0.0368095459151104,0.2142541604732382,0.1728202272813341,0.3320446279035747,0.1401549894431547,0.6955072112570732,0.9772949054739398,0.4808063059399073,0.3814153781623993,0.119291317,0.239523228,0.32
0.0521414932346171,0.0849670263287757,0.5525613819733048,0.3080246725888976,0.93243555916999,0.0181757447334673,0.72502667569956,0.1924937452685509,0.9520447047167035,0.112359259,0.020286528,0.116129032
0.9600001084381462,0.8126836873675339,0.2793016372356505,0.0926699091196198,0.7233987554896959,0.3336021320122452,0.4163125244848611,0.0254921700745336,0.1625378264569174,0.302045201,0.4605201,0.44
0.8093185085232436,0.985151347964057,0.7765561144748374,0.9884104502576944,0.5861675261647854,0.3823938890953069,0.2021953226363417,0.2140027585281209,0.8934904603336377,0.458930075,0.331728133,0.0
0.3540911055770903,0.8237422713777256,0.7039055210553995,0.3386762411789862,0.1475384662190644,0.9049431666029634,0.241639644463409,0.6126539001635611,0.426850909340806,0.396417318,0.739572746,0.0
0.8568027428190785,0.1970632858475226,0.7789981779132118,0.2736368413700956,0.3058309013978568,0.9322728549086634,0.87081981577866,0.5645899304539269,0.0373594877419314,0.140972927,0.447635901,0.733333333
0.0870156082198176,0.2090334803697395,0.5850338552170855,0.9838422562775968,0.4875079343970147,0.9598267692646808,0.6536954321406822,0.0503721660964827,0.4046218900154847,0.138509157,0.178579319,0.0
0.1075315725694616,0.7989650252122332,0.7003179041128336,0.2248571467523431,0.6469956006482986,0.8978431937604788,0.5107898572544016,0.5474594512920373,0.8826719653955881,0.403730845,0.364907116,0.073469388
0.7424342592704247,0.5840307548786428,0.1422179484609452,0.2739658518588388,0.3576966425788382,0.3639634898342011,0.375077213966146,0.3171078828564597,0.9583819111027364,0.225772275,0.414590834,0.24
0.5743256982870979,0.7650581878495539,0.7061713274213381,0.8257277006603521,0.4946562002071487,0.6146252894391984,0.60849431190398,0.635785731590915,0.3103495714644519,0.475201967,0.459153704,0.266666667
0.3191077463353291,0.1371285364408994,0.2419270405683842,0.7626381162082932,0.4628163026944617,0.7917708884015106,0.8767169050576761,0.477945900554926,0.8900232723972341,0.14330164,0.502589437,0.1
0.3856441317732816,0.1838028201699275,0.8005515583856416,0.9125963227210168,0.8898100950516215,0.7392051994416464,0.1676261623341135,0.6797667724670516,0.8949933616488451,0.098760404,0.246879116,0.6
0.6525886045585925,0.0138131924068392,0.0084581108757467,0.389723750179459,0.8872467008629966,0.9999503996444749,0.5301202096989663,0.2504956900277739,0.472341094536352,0.092358677,0.538279938,0.230769231
0.8728044602233215,0.1710027224248275,0.9086704663750448,0.5042661066049499,0.2034154533054428,0.7076161733792197,0.5236809135270072,0.261827909336994,0.1269693931783927,0.096240656,0.48445896,0.0
0.1297808221385662,0.4363357649894605,0.7608280731084893,0.4258867121540376,0.0671525217577074,0.2437701550930359,0.0629923859634926,0.7825373007603192,0.5023776353724129,0.152827137,0.228185776,0.514285714
0.323872582570891,0.2185572078302784,0.0157176777430917,0.2805766563788693,0.7703291453749154,0.4024290868209527,0.9550193474501912,0.4201861185212945,0.6172458931575696,0.135302961,0.438613409,0.65106383
0.7989692867561448,0.3908673198807854,0.9357613433326564,0.9944495929507836,0.7234383052373965,0.2120483962438338,0.4834790051927885,0.3360558713063502,0.1354672710722997,0.127316901,0.114212036,0.0
0.2763002806797721,0.1558150645396918,0.7353960881801331,0.1030670712744324,0.2375567498630999,0.0553518385464646,0.1117867404102415,0.7620635161280199,0.9598792235495324,0.077024548,0.128395821,0.694736842
0.9119741989398484,0.4896630323638924,0.2150877322618878,0.1699755371862338,0.7376569729624337,0.3039043051555874,0.9729465549365146,0.0994617532499533,0.6575011464268448,0.314986915,0.391309798,0.06
0.4117549692964697,0.8532617237469986,0.2297250501282353,0.2843400805384775,0.963497215189896,0.9582098408610225,0.7220724782921901,0.9864326558963682,0.9469036436963648,0.485349767,0.560456982,0.54
0.958030216499574,0.0420952588042474,0.2841818971861599,0.4309456099892971,0.1036793018545441,0.6659779551824476,0.9771170972668336,0.970498491840564,0.4586465785397736,0.095768228,0.525064477,0.40754717
0.6853659365832638,0.4829601893388052,0.0743661544685625,0.4766490221822583,0.1870771978084321,0.9814370722231376,0.3519957750947015,0.4625367190811521,0.8295015789146248,0.126279523,0.542810155,0.66
0.9839511631432328,0.9459345777288471,0.9001375329466854,0.0018097931698601,0.4844021597089865,0.9603304755770596,0.2581179608147101,0.4879977939150064,0.3398844446513718,0.416964366,0.515582192,0.494117647
0.2208149651539492,0.7018240893904899,0.4676135069164354,0.3698149427892132,0.8149496219458532,0.7266484850010174,0.928331192610392,0.8089225433146782,0.3475011269360664,0.487366981,0.252472863,0.0
0.0805594292164714,0.954617669055638,0.3762114088301237,0.3596274594497287,0.1965483912082568,0.1556551976873641,0.0423880451805134,0.5435636157630626,0.8541619687233695,0.293643055,0.038781041,0.4
0.8934898337480247,0.3295169182190166,0.6231194507059837,0.8349200424584877,0.3682647940041154,0.5070467852162004,3.094225645039472e-05,0.9568696080426484,0.1942228454863882,0.161047702,0.614623307,0.0
0.4979215637884741,0.524760866370154,0.3563218337608977,0.151446651671626,0.0097296113488293,0.3155495960571957,0.7626249412098841,0.307935961924328,0.3734510535660266,0.282050118,0.283640635,0.668571429
0.1885739129063424,0.6385428321763594,0.7679781645767441,0.4584448520372798,0.1882158472250636,0.1408371296694532,0.3955412363727867,0.404851450185015,0.9961630143614416,0.215283603,0.129329199,0.4
0.0717773733417724,0.8110599537023728,0.5466368002078362,0.6774457926249401,0.9729277517179634,0.3723506143528987,0.3157572858023909,0.4773642945820185,0.2698446914587294,0.336238446,0.19171667,0.3
0.7641170576664048,0.3149571401651611,0.1080052381065778,0.7930347448490855,0.6098809035218311,0.4331515367506617,0.607897342665812,0.6351018917567602,0.5627126542581438,0.221845666,0.439023888,0.0
0.5946609162432968,0.9467755301067804,0.724100792650357,0.8611230945736351,0.0783965298200519,0.1670272726634277,0.4063574383792953,0.4811953890768622,0.454802587552788,0.401416464,0.45183114,0.763636364
0.9642577339559706,0.555945069245718,0.1520510490708826,0.7752974376934341,0.9052701291865852,0.8637883932751558,0.7846772399718636,0.0961773554722602,0.372108805424999,0.306034002,0.501538111,0.407142857
0.4482870371206205,0.1828294170825941,0.844345025455386,0.7757105651188102,0.629635349623326,0.3567401756739987,0.6427482509263107,0.5805375795558585,0.5790057734324607,0.130200851,0.493325823,0.6
0.7192570631161627,0.4091183429170751,0.1796125726930831,0.7415250270162522,0.407830076660105,0.0749379858167563,0.312210563777497,0.1477020788090726,0.1373572886493738,0.115929442,0.157691512,0.428571429
0.2853165760800319,0.3331945761333557,0.1739392576322855,0.8333156692788527,0.6979213697348117,0.8601250592591365,0.3503320322091411,0.2384379580213467,0.1159815373254405,0.082380021,0.270800986,0.4
0.9284512402806128,0.4634147935931294,0.8767192154838598,0.5843247549579306,0.3784284698948157,0.4704449412891976,0.0018773105193478,0.9826050421551312,0.8345569417675903,0.228709922,0.673372721,0.24
0.9261855353750974,0.907613146148663,0.603609463061285,0.9467447752073694,0.9463339395941988,0.8747471441190741,0.5052957455146438,0.2867651891510306,0.2993459457410111,0.518855214,0.469667332,0.228571429
0.9127596300287278,0.4671989812795202,0.4240176646919742,0.3960890283714648,0.9347618835955316,0.1930459794979511,0.3188537879109344,0.5960125736863756,0.390353134931422,0.137879663,0.33329176,0.109090909
0.3943693821614651,0.367072196334528,0.3417964802757255,0.30343621240609,0.3850181943510994,0.219260179038892,0.8090886999757713,0.6531960014872181,0.9238704988006372,0.201273157,0.337128102,0.537931034
0.1958522107440015,0.8298250018861313,0.329766653206674,0.9033895711835116,0.2925898754127319,0.4022000138720457,0.830010619941579,0.4552687720490136,0.9113236988106926,0.440810507,0.220698059,0.0
0.7528058640927225,0.1254880646268396,0.9818862517232348,0.4234516106908396,0.7828741341099044,0.8469508157720076,0.8303139672235439,0.0126301835755645,0.3784146618976701,0.106943317,0.516583347,0.38490566
0.5802192381168587,0.0442115726056265,0.0766673159588394,0.1822736033274893,0.989099651547544,0.0452241289230758,0.5997413571716503,0.088011336973273,0.1622978016211529,0.088774975,0.131196445,0.607058824
0.1149900893844232,0.4939681120628627,0.0251976711293491,0.692179239909714,0.2128596315190584,0.0675499498383623,0.5528837676911005,0.8048520264272092,0.0930261057491783,0.246961123,0.085651262,0.804878049
0.0121030650005031,0.2157345627478568,0.7529617526167761,0.1421426876724798,0.4041084065943305,0.2601974596684545,0.3105563451511887,0.6080022374162047,0.3624251444396406,0.100814805,0.141976084,0.266666667
0.885296953787228,0.7809110358098088,0.6911551765041879,0.5757994299372425,0.5711585443981705,0.4597145570410236,0.0165135650706963,0.6435093572709939,0.9566030701161992,0.255416356,0.58959695,0.514285714
0.8051992388644259,0.1747543856077563,0.9785139846481448,0.843434930314632,0.8150147233018029,0.9233263136124944,0.9128667675692964,0.1286029897507883,0.5746710051251038,0.128611451,0.556144119,0.1
0.8785466190270247,0.9959070051509504,0.1819308879570423,0.2211826779268501,0.3050541859366138,0.2969772566876049,0.8178885189368812,0.9045388709309884,0.0583470837040208,0.550107743,0.39900477,0.133333333
0.662022254447028,0.2993208371838493,0.8949211639521457,0.2060347027898592,0.8260882687153139,0.8992762583107575,0.7789697996765491,0.7443737034811777,0.19977856064306,0.169778051,0.523534331,0.611764706
0.1945397126127698,0.6476407571242505,0.5249797150843094,0.408589207768261,0.1466333299864464,0.7281757164434807,0.6796836183747952,0.3738050468198318,0.7286174867746528,0.307652737,0.402994214,0.18
0.6954153468308686,0.0834531673939644,0.9016968868009988,0.6728997345222903,0.0254047892045758,0.1615367317275796,0.1662162803481924,0.0843076450731856,0.6814907707693223,0.058523069,0.158573572,0.24
0.2174294053209147,0.7052575532672343,0.3974040903406808,0.6325430494245431,0.5721868702416858,0.3274483304381473,0.1909185218497298,0.338924241705908,0.5270221815200257,0.214844938,0.286405055,0.36
0.3582755401710219,0.269981480201742,0.9869447954357192,0.1312769639636363,0.2316120283915944,0.1333521471369005,0.3336638405118426,0.6020478883120991,0.621474796748311,0.10912921,0.267478833,0.56
0.6567880475780576,0.7503390671803047,0.5115240119321205,0.7673050799803799,0.3317283623659699,0.7270490140736627,0.9104134708109112,0.880890224610308,0.3945761048729848,0.401309816,0.500284883,0.441176471
0.6914403987477021,0.7374574824080797,0.0561993701116035,0.1142231444029897,0.537822534794842,0.1054898451122338,0.9433721619953734,0.7775638923359085,0.8256125038555964,0.493124559,0.202116008,0.45
0.0400796809564363,0.730381808451096,0.6982176514646864,0.8828462951079973,0.8050762774267082,0.9223399016540988,0.3280239828473517,0.652344717696666,0.6159148554663231,0.448501566,0.267786993,0.0
0.6361263439876358,0.9051419704155952,0.5244744480670669,0.7648859635725913,0.2591471043457678,0.9782543420016502,0.4135692628781717,0.1614765915166484,0.8121628335728716,0.331889202,0.323646232,0.2
0.5737139220962159,0.4029535741519086,0.8423294160585425,0.8016627104251615,0.8026512331697295,0.5768457888968401,0.6117674866936389,0.631146507581111,0.8238268842896466,0.199570185,0.512602226,0.379746835
0.1135738672219931,0.3253004771147527,0.0311107287633098,0.2357736919739208,0.6682752294757204,0.8195198628427734,0.8367661565323362,0.6962270449684488,0.1285186064508956,0.131575268,0.332449689,0.233333333
0.0257992516900554,0.9751284014470316,0.8725583169521697,0.8150679304293682,0.8503020691063232,0.7554572442812931,0.0140287656417581,0.0543539910181943,0.7555175814571802,0.415101783,0.318001994,0.4
0.5509446735187894,0.9262882607635768,0.5717366646646909,0.2373257385509848,0.2078969875935323,0.6397047659532578,0.3008730656997158,0.907478775891496,0.4961990366679312,0.449657077,0.530064893,0.417391304
0.1549810555211371,0.3407511304522453,0.6609682280733459,0.0894327638147025,0.8117749935522798,0.6741002986562583,0.0303432565601997,0.8898188220398163,0.4825088887330413,0.127881802,0.40803362,0.458823529
0.639819112221552,0.6879597089746042,0.4566895929770762,0.4938983303603154,0.8460496558994931,0.21985234481645,0.966291633425652,0.0753417176519334,0.1636925296204501,0.348157943,0.441300127,0.483116883
0.2801493537776912,0.539001357904468,0.1767098638960512,0.6035876085439567,0.411868826259251,0.1891101817864742,0.3046052462183932,0.979965132174602,0.8620355057672311,0.204472805,0.215261284,0.42
0.3778363585815305,0.0200436196720138,0.0330518955185693,0.3303730339091251,0.6585459717748557,0.0003267171604481,0.5725600147604113,0.5253016893263047,0.1925181906672386,0.075221259,0.049396052,0.65060241
0.2566964842612067,0.0601101550220803,0.9747139520646771,0.5775223549675642,0.8914125769759454,0.2938913793395442,0.8094526483920741,0.0082015159767879,0.983677693253647,0.105998829,0.226101135,0.162162162
0.6919716251400018,0.5055761063759041,0.2924840882758842,0.4652303688836765,0.1133263776879243,0.0428573837051047,0.8873035973155671,0.574399726313983,0.7374870750030519,0.240771121,0.155905146,0.354098361
0.4443136273663447,0.8537388196278164,0.5086120794288542,0.1244670095633404,0.5120489927734369,0.6738043137955001,0.5750967730692684,0.21958600227379,0.2343330562784474,0.490081646,0.489027949,0.392727273
0.1777097581058869,0.3090862819943709,0.9665408516937763,0.0884455892543623,0.0981630708089262,0.1523443173213324,0.23220144148098,0.8359142464273822,0.8860870386020128,0.129182432,0.08159489,0.15
0.5487694830838045,0.708427183139116,0.4198356914570569,0.7052377511059206,0.1427751354937246,0.4415349175793809,0.0310998049764069,0.9273029547760973,0.4752016773125369,0.251083775,0.429190479,0.672
0.4769240554769092,0.1196305370200034,0.3326294334623,0.552273993578723,0.2354209534830951,0.4706705487688486,0.6387469435771593,0.1587022294207969,0.51863707913356,0.13375898,0.385805934,0.32195122
0.97735768746628,0.7382962158945401,0.0100774784079856,0.000536253829227,0.795178549883865,0.0768815217140138,0.6587006934408989,0.6605205216385515,0.6041515114893723,0.429110295,0.252090912,0.32195122
0.7897623547822933,0.9081686562362984,0.6694695404400596,0.326372430891311,0.6868464325150756,0.0995467243188266,0.2378797455491278,0.6046510238419905,0.646738208197319,0.414384126,0.235946233,0.45
0.4014785915072165,0.3247813990428974,0.928018453251841,0.850479200159498,0.8033839290923274,0.3631810468941696,0.6425529469533177,0.1234612122527827,0.9126134468813724,0.206244733,0.267825525,0.094117647
0.4541946238700498,0.6139333602788094,0.3887009196505974,0.3195010209468992,0.9347042584276546,0.6615931346113527,0.4078153496445142,0.2238892231233583,0.6188947348325153,0.246437814,0.254568936,0.0
0.7056302987384091,0.1054236740186309,0.1899547033565234,0.1024248284296408,0.1808036482189334,0.0048196269850925,0.0191960872557281,0.4165137130369113,0.0087536047044555,0.059538287,0.072291359,0.685714286
0.2326586580901242,0.6420933793997858,0.0461698400695738,0.606167525244074,0.2980073449951316,0.4258189040738805,0.8656204960837778,0.6519139835527087,0.0441237324953432,0.358469098,0.193745631,0.1875
0.932019250044844,0.2261056105921567,0.7498676637470514,0.8323364982261424,0.3849339584947591,0.6860274903758807,0.9145495244508612,0.9814707736118238,0.4905926983202436,0.19997032,0.414872706,0.0
0.1377553268039196,0.8212853241696879,0.2431135900800177,0.6478606965646644,0.6496193541015505,0.4847961827031428,0.9994091982623092,0.4065917341849129,0.8575748961402838,0.472941598,0.369381924,0.516666667
0.943105850674028,0.3397037521489695,0.9896582747129812,0.834360909395389,0.9517603564647162,0.3774878454175959,0.0879816008568528,0.0368598863677771,0.5393109469359383,0.137662357,0.484952544,0.124137931
0.7811061086377743,0.6893326275346732,0.5657663901316098,0.8845845585299578,0.9978462527069256,0.4730042906557423,0.0578008986348664,0.4430656984915354,0.887320956670864,0.274877262,0.470475384,0.12972973
0.0760775680413993,0.1693667847643727,0.0988790587278228,0.8455101430383467,0.4392008446084045,0.758757036572633,0.522665066166819,0.0995428825966857,0.2635477838985693,0.147348731,0.289119573,0.141176471
0.2806511759192809,0.3434268537250921,0.614150570628062,0.5739722754648283,0.4851274544340845,0.6569120801121372,0.8076622412975538,0.72267286260237,0.4094288362505015,0.229577746,0.379196961,0.6
0.7916774300511541,0.901618997885518,0.5797923062430149,0.995707954709767,0.1955141831570876,0.7478063364895575,0.864815877099738,0.6362054018928058,0.4884150975832455,0.506447526,0.527071807,0.090566038
0.727102354385718,0.9162541188139584,0.4930817345167384,0.1618823878312254,0.4901005889699916,0.9972251126576736,0.669995969757547,0.8880860198793971,0.5445371490333032,0.402786207,0.637505788,0.0
0.0014266386481688,0.867007694403147,0.549990091380677,0.2864156699498662,0.055186531090439,0.9589603700574768,0.0720321089113105,0.931775638310106,0.7154297374241282,0.366155816,0.328328787,0.56
0.1401353438186684,0.7187346882723206,0.5600580627162592,0.1194511725186441,0.3711526804658128,0.1050000851398466,0.3072665699187924,0.4031882926073288,0.8071765945484202,0.130227082,0.171275143,0.75
0.9039323739600708,0.1348230595495041,0.0974956912796984,0.4153102194419824,0.3487308762421431,0.2700302721223536,0.6188130484375957,0.1710053575472518,0.7121992921676875,0.123624566,0.272027971,0.0
0.3849978656408558,0.9231492863248424,0.2841466625342107,0.4041280423865545,0.6337056630931922,0.6403553948234172,0.0712033112880848,0.2671796533390753,0.7762031199383007,0.325180373,0.50199121,0.461538462
0.5965485022473318,0.3694893168244211,0.2646869503615522,0.5345761550794589,0.7576733761027727,0.7226945215294618,0.627857590595268,0.4306052078043542,0.2033201953684223,0.155384988,0.494755008,0.103448276
0.7042406147814063,0.395974502650833,0.7789365001746057,0.2591521842542872,0.901196211535254,0.4846795152224217,0.31620137970481,0.0726516214230791,0.3342503935465044,0.175017107,0.491086835,0.2
0.4192932119734408,0.471802340077038,0.1965748760091468,0.4126099539346628,0.2811369610571965,0.9615415286417384,0.8970578231063869,0.7257005658609897,0.8316237166433323,0.285048527,0.519221984,0.475471698
0.9608406575263057,0.734541185419149,0.7038564362277814,0.7130816400975167,0.1565026804580366,0.1874074599231785,0.0055265520662143,0.652170805237859,0.3908982761029496,0.228032779,0.603923772,0.631578947
0.0601692887191096,0.9299980850792572,0.7156802909988227,0.5413904573442211,0.3831891336200269,0.3631686642559609,0.2043843816193229,0.1372055513100062,0.968532195387833,0.339024885,0.276741765,0.0
0.5754704480181615,0.1714110977467828,0.5536655874124855,0.3218529411807458,0.248714981615702,0.6520553944243085,0.9623776243516752,0.1602242832187685,0.5775022953927526,0.13260735,0.574895161,0.566666667
0.0898048126953789,0.3132833508722101,0.7834319952019578,0.0973789448041867,0.843356203407729,0.2243455842419309,0.4495771751676372,0.992467212339053,0.1770556938507431,0.083680828,0.176006748,0.525
0.3543038189837445,0.2777010677189677,0.1448713623934484,0.5071504986964461,0.5427120165608845,0.489271899989445,0.3967104061589083,0.674657014747557,0.0296553442332581,0.089255322,0.237668573,0.0
0.1596109209337116,0.9181854207697312,0.5182815734576148,0.0996765340377512,0.4976024630099154,0.7271445818421631,0.918962140130572,0.7414043495754672,0.8069467161838378,0.530684332,0.383828998,0.361445783
0.0624812256948587,0.5762954070639293,0.8984630129757247,0.4746043209976813,0.2687019788598155,0.54456101578139,0.4400330567225711,0.1926102564200317,0.8347631471386978,0.211838949,0.297711555,0.55
0.3618739648403576,0.7988807619952096,0.1604556099132222,0.3949665053093439,0.1566997024311749,0.0210538214037588,0.6257680005906732,0.6288411084721951,0.2664722246086942,0.424304364,0.055318303,0.503225806
0.7127225746429062,0.337276192463248,0.2991059392951941,0.1977306646006438,0.3288612102645389,0.8616836319076729,0.7039634561547904,0.6737470331214735,0.7162191273853078,0.20026953,0.55984274,0.4
0.1087693924863389,0.7799796901064743,0.190169229165081,0.1353306265637933,0.345774125185597,0.8762240957854921,0.0428139209539639,0.8348401779443824,0.0215534041542153,0.161874662,0.157708474,0.545454545
0.54911554634157,0.2442520233467001,0.5745840063638804,0.4193287462683396,0.4207306280735104,0.7374748801318541,0.6027425975188011,0.9683299830143992,0.638618189522115,0.201265113,0.48788166,0.33
0.0082063287882253,0.4128507534586516,0.7399572054926045,0.5980131649801614,0.840168723103115,0.0325307781422895,0.1942395515802083,0.9861747499098432,0.1571572329903153,0.130212349,0.015688973,0.0
0.7432513015172544,0.2400912442124789,0.8297577238839736,0.670055371204783,0.2998169970846439,0.300930249120349,0.7964655948142282,0.9043842871430172,0.1911004004965693,0.150802732,0.356551406,0.263414634
0.9754848183668716,0.8356279488259958,0.6553334970153502,0.1024049759562676,0.0588651377245442,0.2871901378490665,0.8285510851028538,0.3112106992346001,0.7684322976020005,0.470217934,0.471140434,0.203773585
0.1153579785178621,0.390337078163759,0.9099876279803192,0.4869060222522839,0.8598344652554502,0.0833377804718334,0.1657070946901025,0.0493966111358006,0.0723884482328599,0.124812333,0.109438669,0.561702128
0.4828641962399395,0.1550855193370481,0.2154154791339516,0.979053335743702,0.6057114154258286,0.3613495393801681,0.7590838668699672,0.5898764628633577,0.6389303144745662,0.146891774,0.372746635,0.357446809
0.1922066929612836,0.5891749048942451,0.2736656723799042,0.6374784377614072,0.9683532099348672,0.1913817094246671,0.6832499693148952,0.2557122522069909,0.4357902133761774,0.240911987,0.207162734,0.123076923
0.2489707737572347,0.6194230956276737,0.4125647188877214,0.2122208921592456,0.0127027475478818,0.9268126604549174,0.2229033402895883,0.8611005761429326,0.1203433541331456,0.168125437,0.20251858,0.685714286
0.6604122461954446,0.0050408907689256,0.602602787289212,0.1523351241971657,0.3862532733858511,0.1206292780708375,0.4142179757086697,0.3580541038462715,0.557716736512907,0.051836131,0.534703391,0.568421053
0.2451528669588755,0.0489220118252643,0.9676552160202676,0.3880624498418635,0.3021481184558412,0.2558369751179694,0.5302819580473768,0.3952743728293374,0.0769880585671155,0.095490303,0.274394752,0.545454545
0.5392151882258616,0.4941338137823919,0.9301560040200548,0.8600020485610936,0.2789036856209773,0.7757316914049907,0.3239638480989527,0.1377313197466946,0.9219348931824158,0.114053004,0.529913063,0.4
0.1832568183498386,0.7921373475169186,0.7096803617461459,0.3289409471978052,0.3513542402854014,0.994477160118184,0.6352835593892179,0.1450650439138936,0.317361112897554,0.478751099,0.448620135,0.0
0.839978139157488,0.996240183297344,0.7117440430927644,0.4577009321497123,0.3552233878271634,0.1565055451607891,0.0808229294688487,0.5618353420515961,0.1690971210713134,0.3587611,0.335937345,0.25
0.9147162709127992,0.4579454529726036,0.215019839016329,0.7194874686329297,0.2944858506319089,0.3376666301856497,0.0339052577992211,0.7985584322631664,0.6092195756340302,0.135546764,0.499616037,0.08
0.8607825541179503,0.6588630118843471,0.5686938331920766,0.651898762704598,0.1864837513891641,0.2815951057102397,0.8392933608743639,0.7392415498106689,0.7626960344282785,0.352905265,0.374558992,0.133333333
0.9696451462985176,0.6180867929431274,0.0429052703003042,0.0824134504287965,0.3430897909586474,0.5179274861591994,0.9939856335740214,0.7758131110708746,0.2602961794479631,0.20621809,0.525896515,0.435616438
0.9950547574203455,0.5594284369367414,0.4615827066076087,0.296936372961482,0.2795978705459768,0.9670830933597584,0.3069813451572409,0.5537872389703785,0.9474193269971976,0.195603715,0.606430837,0.252631579
0.5548170433533404,0.5999338507638887,0.0729607444287688,0.9637018005438124,0.9511557896739532,0.3677159541733591,0.8802310347114913,0.1826742483389408,0.0206159170561249,0.197806383,0.394023349,0.6
0.5868345375233937,0.8026529112600608,0.6595318351447643,0.038873864937351,0.1751141190444333,0.2770051690021901,0.6984497464621147,0.272404198400763,0.1755393375083974,0.370710683,0.36569522,0.469565217
0.5626021634033509,0.4443800396102878,0.2739921581086391,0.3378428702737756,0.8698917233913367,0.9905716569720544,0.73322430608689,0.2672375171956047,0.1362790723922804,0.1678043,0.49388882,0.266666667
0.1033374018793505,0.0135199302591543,0.294068985827476,0.2930382098512342,0.1049595880797804,0.4971830121560801,0.7639175089186905,0.8118711660002507,0.426232222824648,0.113298413,0.245354229,0.314285714
0.3400581109343455,0.3788686358753493,0.9302021508022296,0.2558081227712074,0.225365151015554,0.2352879664191104,0.3346454276408934,0.0311960866543136,0.2272666215262206,0.149156601,0.336725846,0.733333333
0.3365958694247116,0.2818203221847749,0.3982190935223441,0.9779273291349236,0.7299982746882906,0.861780735187168,0.5486083902307015,0.2925775668680441,0.0867269548497275,0.132500516,0.394351672,0.225
0.2076841476784184,0.9933412458225468,0.3451771434132655,0.642274080492109,0.3451327817025894,0.2887971373907553,0.958348824521743,0.946245767142873,0.4638998157196201,0.741146692,0.154002204,0.28
0.1469105322887528,0.6045270562825477,0.9906595559057962,0.0939469154234674,0.4178330412175447,0.6997508704982687,0.1926967990775165,0.7757110282360352,0.958531511760734,0.235475107,0.394424331,0.525
0.3088506431460288,0.5974790445085739,0.1586483903476853,0.979629566535015,0.1709819884526549,0.445076089781157,0.5886370431962024,0.5495222086682965,0.136168094813316,0.310603283,0.282879485,0.070588235
0.4843855313169092,0.491470194178053,0.7534078191190571,0.8711002094913542,0.4869317649918326,0.4172865027020529,0.7492035801487541,0.5451887356918671,0.7824114590787687,0.320059916,0.336488766,0.284745763
0.2443934267238485,0.9049564689368572,0.7482036962768379,0.1719107173982319,0.3350669790216074,0.400623510723976,0.3194680264858074,0.1824481019558637,0.7836985313597798,0.401945737,0.145549319,0.6
0.423425702133012,0.8620338066917067,0.3585289991181354,0.4319573545251518,0.2605831521872064,0.0924402325256823,0.608370066880604,0.8114739869557893,0.0642353386725764,0.513405244,0.192084057,0.795348837
0.318520466343128,0.5787930722030891,0.4409370460197653,0.2713686792298794,0.4584911403486661,0.386795777829808,0.2050785659275681,0.340348875333413,0.3689114099189299,0.154378662,0.381299185,0.6
0.3997636119343957,0.2385210256511325,0.8302800683896647,0.6922860541801049,0.3637733941203788,0.3421896023149314,0.9572392181036916,0.4275747922532369,0.9565339536038698,0.16974126,0.380042175,0.510638298
0.6556664152231605,0.535793154138151,0.6864689140103207,0.1738390448596511,0.6348958661351812,0.6966219654872697,0.3358506823241723,0.8594861985844484,0.6201473997718828,0.202461243,0.188062949,0.0
0.710871832722056,0.3069623670079975,0.1751247408917016,0.6116524889336024,0.5209518548674952,0.3938125644097526,0.4530886930583497,0.1198489544014318,0.3383976023754637,0.113104952,0.373639446,0.2
0.6276604726002984,0.609653143948031,0.5440265223887735,0.2948313253279214,0.3137214648986096,0.0186452795600863,0.2057698699885626,0.2602260591391904,0.1180409499391592,0.133103202,0.088320875,0.4
0.4031491166628668,0.3709570599147399,0.7794778200558014,0.7722306051221633,0.4448037309930202,0.5009573965319154,0.878551963242739,0.8864323228225247,0.8149521076988759,0.307350069,0.375953019,0.088888889
0.7541148270795934,0.919266292117866,0.8259018453192974,0.4989517062258922,0.164127787215632,0.8669060868601569,0.8288317915037189,0.9395638099870944,0.5356680885002202,0.704174262,0.636857723,0.389189189
0.9954445890033756,0.6930521372873686,0.2886236715871358,0.8529146012247817,0.4657273562680313,0.5152787615542203,0.3077650317909213,0.9181454723541248,0.4798586171930434,0.230659386,0.334948109,0.171428571
0.6867024062453179,0.7668158275034644,0.5857081688232559,0.879268811315874,0.9428000204426016,0.995059813640495,0.9916478797202972,0.0112085549938222,0.7269264058841615,0.431521753,0.50199779,0.0
0.4858775875840792,0.5281378037489138,0.3145967915614155,0.7105748501408811,0.6795416409444701,0.3145355308512827,0.66216613799212,0.9894917545236828,0.6299941174444543,0.255529158,0.328715077,0.077419355
0.0017030884358532,0.2087226781435155,0.4153314676881937,0.8049552314836197,0.5690404455415115,0.4053678989549795,0.3323392071893319,0.5137267821165364,0.652581159591172,0.10555375,0.142787739,0.466666667
0.4891395680198628,0.3358279215558627,0.5848334028678793,0.5699473154086909,0.139971503466473,0.5062368193246272,0.0888113406851588,0.0828951844035523,0.3067918499674976,0.123051106,0.41237939,0.461538462
0.2528204422312777,0.9825539834639684,0.6951397736311408,0.7450688897798354,0.3033937414829679,0.7121676262639037,0.282972149686738,0.8563548453687362,0.5916337746314587,0.437987556,0.280413168,0.0
0.9944135897941062,0.6496448934438398,0.6416240316205294,0.6818926187991029,0.2916553585984219,0.3745532334241227,0.1884885109963853,0.5440891832122061,0.4800144492594181,0.164608329,0.58771199,0.545454545
0.686460849649748,0.1948851614696835,0.1357428891121012,0.8417394897991731,0.6374351054661531,0.3322641223315562,0.2729621587680794,0.8168321578754215,0.1147100505466057,0.05824388,0.577129161,0.184615385
0.2464584223084807,0.4410598169567442,0.181811398389021,0.330909540935847,0.3393264654292817,0.1186804483210434,0.7552102308504824,0.9495712692953732,0.2182350465408949,0.164833455,0.164337633,0.419047619
0.7670691249442331,0.5288014324235557,0.6691860586058035,0.0239024317018524,0.873482849062666,0.3913436861365357,0.8875780860148894,0.8470878126349606,0.9866693928319744,0.294662724,0.365533474,0.0
0.1331705883601769,0.6746176295618652,0.1872447024788812,0.6987237197859804,0.6005046012180753,0.9505527335736398,0.3603771941808883,0.3516442831136492,0.9095382753300532,0.30010829,0.602112302,0.0
0.3658915185315979,0.6990603036342394,0.6954863028353975,0.5594042575841772,0.3391864481873891,0.3696794655562381,0.473990882662505,0.2329245971468412,0.8135072397359807,0.274996119,0.302557494,0.15
0.2760682717753377,0.2159536910503314,0.0181678901312816,0.6736279601528181,0.6195404052522591,0.9745982551935192,0.525215141670651,0.5415346859961869,0.5449309629171105,0.106679863,0.502505737,0.227586207
0.4174842685980837,0.6684403446112429,0.4097919171165387,0.0868530341292542,0.3154730920093481,0.4316416582423716,0.4002843490511336,0.896736177809989,0.0827940531393965,0.191411429,0.197959678,0.171428571
0.9788200720532644,0.7955056735814375,0.9374076689588556,0.1201205222853564,0.3879004475339905,0.1087468915156826,0.298643190115921,0.9653384345165172,0.6483396684791408,0.335103141,0.228448833,0.466666667
0.1494266575980743,0.9789809830296924,0.4605969628675909,0.1268059185805004,0.2598320791612709,0.597105955946145,0.4237647454389421,0.7939521952536186,0.9095633501684468,0.440827724,0.306495379,0.225
0.7974781062596515,0.8177096884013848,0.9949066107369144,0.6915469721698957,0.5296572565451664,0.6103670699231979,4.233315499846402e-05,0.9432283740928848,0.7779918806882886,0.300371485,0.555888385,0.436363636
0.384747449240882,0.3026468969654002,0.9586129966201457,0.4116203110655789,0.9371083549043456,0.9876387961871416,0.4588459003055795,0.828354395879533,0.8985397481068409,0.1524222,0.518607901,0.0
0.887051535924269,0.0677211246287394,0.4333093955315854,0.1779569924993835,0.6978642837629392,0.8671795771496901,0.3697621696039636,0.53855235261081,0.5511407405955933,0.065104649,0.618163959,0.675
0.5823770686255271,0.743197200393017,0.6165624138213059,0.3740090569357289,0.9010747120349176,0.9948734638390524,0.4034384828628586,0.4890440242914282,0.5399916573863321,0.218093981,0.599907285,0.375
0.0270611025165047,0.8686710641992164,0.902233308254382,0.895878782096486,0.2511389965437789,0.5154417090459961,0.6234114449729055,0.8214525200279594,0.305092388608586,0.615176353,0.153159468,0.0
0.709034315499298,0.6300816732756519,0.9242774055688212,0.9997229082019504,0.5569926770182042,0.7558736327574912,0.9111238139237106,0.5556474177966928,0.1026374272706638,0.334658672,0.357177504,0.157894737
0.7629600205430659,0.9566353309299028,0.7462333786417878,0.2392617185761693,0.8704512957360281,0.5465293810267862,0.3057851929158747,0.9510677125538886,0.5571803996209109,0.368845507,0.592298343,0.15
0.2085128654203368,0.6930479415236139,0.936013099785396,0.7104188553649017,0.7563193631124262,0.2192179790537916,0.1126218801912977,0.8034680012207118,0.8257999131115278,0.281152019,0.257806641,0.525
0.7193383475084838,0.4846102245824465,0.5078651846242273,0.7255941784489061,0.9727704426194942,0.0162917077391888,0.4827409320765784,0.373607854524334,0.5199423198172631,0.082748387,0.042140374,0.0
0.7025170803660583,0.7332327802528683,0.2375763906844505,0.1640756287250769,0.0121140837845167,0.978286061914506,0.0546548840844642,0.4317279844693765,0.9551092952017528,0.269365969,0.514705183,0.0
0.9203572103507052,0.1044093434221288,0.8713219660991804,0.0914676542110894,0.2532378328716861,0.78242411671234,0.4195427565392258,0.0774674266172377,0.6419026148258465,0.102143603,0.547191805,0.505263158
0.5550109365280841,0.0130432403767539,0.5256728838946938,0.7709521500413946,0.1647591085024256,0.3179507566260736,0.2889995072083442,0.9032434546031726,0.5197449996982317,0.073061129,0.34168629,0.257142857
0.8198601833922786,0.3332275820500254,0.3603758829829062,0.6744109936862088,0.086574232627523,0.9435886670414352,0.0658021398714689,0.9907506503046772,0.5560766828294801,0.143925469,0.491325946,0.066666667
0.6537651833344793,0.6900225590067526,0.6381955497406709,0.4797173844304997,0.8729518633883437,0.7456532578663885,0.6439812252016042,0.747096347303598,0.1169741717070853,0.440553018,0.541485694,0.577777778
0.5940288266034043,0.892358208792357,0.1444500022135865,0.1380553900790337,0.1994551940477977,0.2699173479865675,0.1963979284366347,0.4666904125275338,0.6817647655033138,0.344523561,0.310750283,0.685714286
0.2151885947646898,0.502315001821153,0.0282629583054698,0.6589590633233983,0.1524547121319885,0.2605657593760359,0.1652517868092647,0.8191000448743726,0.0706546803879826,0.128096205,0.206929898,0.0
0.0535642971130863,0.1648252005045254,0.3889062628943323,0.2292797312221522,0.7897763495864976,0.1638572748949222,0.9969957748638888,0.55584276188506,0.2505557795046675,0.139546846,0.076546137,0.042857143
0.5168987131424948,0.1988757827153291,0.9325709224074854,0.1448685075266746,0.0513277505901423,0.6456802007370553,0.8554327546248727,0.1781197629748109,0.5558986721206178,0.156741471,0.481120327,0.0
0.4999109696784319,0.053560012507167,0.4564123117479937,0.0009886458967128,0.0579316877450595,0.0967504947453489,0.1858811005723089,0.397578740568086,0.3718301399897123,0.050517191,0.187419528,0.0
0.8813172668117905,0.3483300414410807,0.7036776042726068,0.7447902464342863,0.0596329791596857,0.5321653474304174,0.6059078143424563,0.3996801543942642,0.188387276920352,0.178756116,0.424066037,0.171428571
0.827179398636513,0.6241830316177625,0.4645354787495492,0.3003166468995847,0.2837431127178692,0.3670413012623158,0.1883402508005039,0.1913012006127705,0.2219469652118854,0.180678902,0.165987719,0.2
0.3759498717788508,0.3593647284525444,0.6392723613813647,0.8107388028941859,0.138115536443236,0.2502730655772257,0.1640319999175595,0.5561484175744634,0.9837930404461176,0.157921403,0.154617453,0.171428571
0.2964964437104137,0.3681824762116485,0.8433982624265586,0.7019162261451645,0.2411245439959555,0.2662818779144539,0.6204239664952812,0.9137109141871022,0.1734315776632097,0.168996271,0.240366036,0.0
0.7069982005564804,0.3307730143265278,0.1036009911705616,0.7514435312026357,0.592858709804807,0.8877319462761756,0.3472039601424141,0.0329215509514257,0.1404680927272902,0.085087977,0.432176274,0.327272727
0.6654468003977579,0.688036213450567,0.8426488784272762,0.8027047987929838,0.859572691556575,0.1170924230760388,0.5608323640966065,0.8122107650791062,0.80672327798134,0.388090355,0.268479412,0.26440678
0.6125485740297218,0.6180853762440455,0.8617116007180583,0.5237574941599827,0.1728227584061593,0.9441069895736712,0.8474864281876774,0.501246834583589,0.715587348701004,0.281187662,0.452144184,0.075
0.1855471092830329,0.414809146476033,0.6238051948202392,0.9944897144171412,0.0799500492542187,0.1856689052316635,0.6962186571231109,0.3399759853727979,0.9288517763822208,0.260034335,0.170342989,0.705882353
0.788725487393172,0.5758537672591643,0.6938101388196778,0.1915110083524948,0.6325494043834091,0.2074325370283986,0.111111446466527,0.471935521055971,0.7072754330836447,0.182248725,0.36497184,0.142857143
0.6035933237010969,0.5018265423573224,0.7328925284732974,0.0092451588413129,0.5494747674276174,0.0501633443555269,0.7890183490999548,0.5435995918343579,0.8042939935223702,0.376963516,0.132919163,0.293333333
0.9485539689707184,0.8075957775322384,0.3020630875828779,0.2327827949376163,0.780398982886335,0.94631148769304,0.182996274391918,0.8282596510096264,0.3160765792339273,0.33678814,0.666640411,0.266666667
0.9774581430201637,0.3879463193049267,0.4130916052467583,0.0085619409662708,0.8363499982256875,0.6284832960090103,0.5675669798040813,0.6251857258848429,0.0240488384770658,0.19138358,0.486438905,0.3375
0.8198303249802953,0.7306273396790683,0.6362016135025413,0.6026164550343917,0.946091680020129,0.3960296278369912,0.9791977425765428,0.9641327754847736,0.1981286761252717,0.375492971,0.478857593,0.585
0.9538351267202274,0.88124118272515,0.9709294936542154,0.3695766545363834,0.7363111822598758,0.7213105079836776,0.76805132940449,0.9964248174838382,0.3659574302107017,0.536842796,0.553999727,0.0
0.8598158517368776,0.6417919122569892,0.546308735993961,0.6617948937079295,0.5823469090139509,0.3603842197122943,0.93310629162475,0.9819589426784032,0.7579321445356657,0.391421512,0.490513273,0.377777778
0.4356356326351996,0.9663535916298032,0.8439887494685776,0.9512128785228494,0.83164298722379,0.536867697028073,0.4507186116374475,0.2216517759598174,0.9151652679668784,0.401534098,0.367089744,0.425806452
0.1323298882963663,0.0550918557004004,0.8874426562734145,0.7836274850444082,0.1800006094991012,0.332038888395231,0.6689308578519464,0.8196375094413015,0.1165558683465655,0.101936184,0.225035777,0.34
0.2557601705569221,0.0595216644890717,0.2531309827207587,0.1702419342509149,0.6618068110294523,0.1035729815857661,0.3664086398682297,0.7527058552333691,0.3772120675752404,0.072137732,0.060076586,0.171428571
0.2383952953639627,0.301012108140935,0.2982356522326008,0.5024852434502515,0.7193479256383529,0.7001157550644681,0.931570793291922,0.9283495023877572,0.6893467568548891,0.17340675,0.284791998,0.285714286
0.6041373305685652,0.2138230303963033,0.0582206036244443,0.9431335092953907,0.3333406160040726,0.8048414853454278,0.5573411725166625,0.1117921884097333,0.2800489278765711,0.109382245,0.282075688,0.0
0.3363551884290618,0.7905941152871638,0.285045615169207,0.9631547532827544,0.5001396509535533,0.8592674871182957,0.9976845019515064,0.2640188279686827,0.8320384406223651,0.528396833,0.380029614,0.504
0.5159406711409228,0.451491286336527,0.4695848680334161,0.6590935678667806,0.7724111298328012,0.559085917087367,0.9989481470749468,0.3972297623275809,0.6150225308310712,0.20543783,0.456971486,0.552631579
0.7460646573466052,0.1206052120205257,0.1908392937577185,0.9673157337064316,0.8691985449029582,0.2042680627121266,0.2875861366677413,0.9923145487903486,0.7901249955495155,0.081653161,0.363739064,0.24
0.1882959099612773,0.502820809964827,0.2467447840366922,0.6388312889715015,0.9273782617442408,0.6364087800436784,0.1925214814851076,0.2901393559535913,0.7002601624954427,0.192861423,0.342019619,0.0
0.1383146572959334,0.5260819241773846,0.5327780597356655,0.2102422318167385,0.5120211685845207,0.8292679647528878,0.4379332580878969,0.908528556408838,0.4452330898452121,0.152002346,0.403520342,0.0
0.3233325937493539,0.7726435650084194,0.2434864004465852,0.4138831735614811,0.2757503819768815,0.9149479634032388,0.5475744251978792,0.4618264802190841,0.3646443705582496,0.308016784,0.553846754,0.473684211
0.5985013767536439,0.8289619708858337,0.5223488780322012,0.3996814111042409,0.9960558742481924,0.6911410197565245,0.92015698431172,0.6585099913606928,0.6587323198161114,0.533890228,0.401518249,0.033333333
0.4023305790639425,0.7749264839823412,0.2751752502130938,0.4783230854829162,0.5115475179715697,0.6626139483395936,0.2755648150495274,0.2105826883215352,0.710409634947733,0.346321196,0.408461274,0.342857143
0.0579891133829671,0.8175412523052797,0.9330091819209332,0.1367770192279995,0.1335003984327515,0.869455584078223,0.5510440019832646,0.2245782150776912,0.076940453485044,0.414278073,0.216342781,0.116129032
0.0639714165963196,0.2131168762418558,0.7497775730705114,0.8006648943946353,0.295337983949019,0.0655527071441061,0.7753287127756414,0.5352746450045269,0.8028218920198206,0.186495548,0.037446756,0.184615385
0.2837302020616675,0.7615578226511268,0.1508247124950898,0.0564440148673329,0.894118058765052,0.1674291572025872,0.1272246251142704,0.4957067890316904,0.25866567670139,0.19027735,0.214574225,0.3
0.4708974718779866,0.6833440837022873,0.4375170040625249,0.3049568363569259,0.6481583448973188,0.4795956040188335,0.646136206330718,0.7925243375821173,0.4289396091771063,0.336381057,0.505395711,0.579775281
0.865905311366453,0.4456467916151558,0.751072861874906,0.0360945313700519,0.2031659878014965,0.7687797834483686,0.6504800120874437,0.1406187091140347,0.4034372386476001,0.194142989,0.518359381,0.4
0.1730444252474932,0.2325665292692098,0.5238086177350542,0.2334380212765884,0.9692538223625556,0.9651788683860152,0.0327524793449625,0.5371591777510266,0.1063613984671373,0.106152832,0.394546018,0.730434783
0.4051296324794676,0.0867592013195774,0.0659818957268464,0.6037904037492005,0.052107268696741,0.8644627366491004,0.8713465148417852,0.8030691171320615,0.2913028266348462,0.124158885,0.447372736,0.126315789
0.1229184837155595,0.5283459685621407,0.8755538503179968,0.6713609321550055,0.2115393850255594,0.2802707418865466,0.5707799585168316,0.0927544724282768,0.1352385476527252,0.21926611,0.226688558,0.588
0.5728706476919277,0.4156457319189266,0.9666555434971288,0.7781643583442047,0.3367615789622233,0.8761858288990606,0.999821478422775,0.339412527625732,0.5209715430850873,0.254107804,0.359283031,0.0
0.4608731725728665,0.4269388428575196,0.026565281219672,0.5855801481867413,0.9851692456016108,0.1420877794129714,0.2834364185825765,0.0790618418553602,0.9554173645585132,0.173330283,0.304429778,0.6
0.0445054046694156,0.723050154755371,0.0957969523663404,0.91070758998042,0.1951152989977042,0.178662146219114,0.9845002939652576,0.4977036796532745,0.3560247651364346,0.351912583,0.147794941,0.472727273
0.2613095418895558,0.6492673472493424,0.255416711872716,0.2827636154153954,0.9460798579528974,0.2667564796697033,0.0991871312549954,0.6761970387229518,0.9548443374928016,0.216873677,0.308438628,0.075
0.400177240747757,0.5316508760983456,0.7150050405074511,0.0952319007321012,0.0056056055064653,0.6061953262150547,0.4048518187085123,0.7215248731513376,0.5237252830524926,0.101140163,0.329215774,0.6
0.2763747721348368,0.3592981371649412,0.9529122937222516,0.9151646056251356,0.6100612433876904,0.6218758670571013,0.7518465900839503,0.6147140228251727,0.1640253885946866,0.148595935,0.354510604,0.162162162
0.8157178746495934,0.8576859126796845,0.7725524397217967,0.0338643361170457,0.4108310016999552,0.0631707839275176,0.6884328135114702,0.8983807942601347,0.8215983770025126,0.674914552,0.208888857,0.48
0.8277475316656245,0.9019136651858208,0.3496329552568386,0.4506701120615096,0.972761793557236,0.8728951895988694,0.5824216161467481,0.4890969518267378,0.4685077642407943,0.515079082,0.527261116,0.228571429
0.2334791716938495,0.0550865035205293,0.0196932388665935,0.9276178520782158,0.6786904630617578,0.1978555178228793,0.6070071984270459,0.7755630580162027,0.6946726672374756,0.104215452,0.106575452,0.0
0.8839548474946962,0.8228607489663141,0.5672563428498534,0.7799568572526124,0.044634492004329,0.2902401122337589,0.1152107379782605,0.4979250030588725,0.5001646532699148,0.284388811,0.498571858,0.369230769
0.3528295830833718,0.8805676574607122,0.2186369070828056,0.8471258554387835,0.2328188067741807,0.0686510910609758,0.1341374510358308,0.8325212675515182,0.166335975118541,0.309967954,0.093976497,0.133333333
0.2502450488897747,0.8011275644343223,0.6592600236421178,0.8352955991336614,0.9381965284610296,0.0471381392537669,0.6153283080922781,0.2182304246578883,0.1655576219377561,0.383148835,0.089460233,0.698901099
0.1368312221322667,0.9371912294618696,0.4692083186706725,0.7374627004288156,0.4983984783099344,0.2799311259399695,0.4275370917429347,0.1376987610769505,0.3456335394723748,0.373893255,0.171730061,0.0
0.0001680222311911,0.5780096448386014,0.6177681785722213,0.0891667954798384,0.6210519820976856,0.1590759266601814,0.4869295784452279,0.1310492874767224,0.5473352172349069,0.201543523,0.062115029,0.461538462
0.9445006480795926,0.3882769239972604,0.006909684189282,0.7483200230136411,0.1085517701804249,0.924316464410157,0.9027038594376826,0.8335075807329761,0.3482332667890309,0.217510154,0.618903957,0.063157895
0.3932883296622029,0.2991640004135897,0.8881154482001008,0.1386184476294741,0.6451425667272284,0.0590514442784572,0.0642890597306243,0.3826387498884025,0.817432427249972,0.102379681,0.112509123,0.789473684
0.0006010420179319,0.9247988983212316,0.5675769388340924,0.4364353493278544,0.0388927931864968,0.9685087751685464,0.2903090019341108,0.0041915581841537,0.6648967371108979,0.454563993,0.181115028,0.0
0.1998028301914731,0.125369154888928,0.5604753636927947,0.2152687052113577,0.4590044082336746,0.0380217439905081,0.4646549685642845,0.280194572083154,0.6550305439555453,0.086253676,0.13312056,0.662068966
0.4540943610064961,0.7597328083014016,0.5522050726834825,0.0851798867503136,0.147242458866236,0.9274768487980796,0.1731032817564757,0.7511153519658083,0.13021356014576,0.163673667,0.360103178,0.635294118
0.4083838763630513,0.1167210164603073,0.7401225960775949,0.6514724012754579,0.8669445062839597,0.8081856428184125,0.0748534147298337,0.9592164329227564,0.3410237703161148,0.084128461,0.461745024,0.111627907
0.2547733353825328,0.9810990012008284,0.1212652419442715,0.7377661282644354,0.6656677403929278,0.5209469723325499,0.9561737014973816,0.1371345660018136,0.3041212523633448,0.473099553,0.370264024,0.0
0.0630028627735277,0.8788192576213425,0.3513455134984183,0.5507081512273161,0.9908359844350444,0.4855331585525088,0.1151341937311418,0.824690000563194,0.7395764771831127,0.378103482,0.060890147,0.0
0.5489727197170027,0.8586909925806357,0.2497952948137064,0.932569471839619,0.072108944537839,0.8513837876747089,0.7730988149378313,0.7384533493373617,0.6914391354649913,0.466389448,0.533602702,0.38
0.1222844686324768,0.7932561758860193,0.1919878749025406,0.9169485792165424,0.9800561635472886,0.9284544338298496,0.0001230856574523,0.975831373856056,0.4310733668376522,0.312032067,0.36341892,0.0
0.6763352869759811,0.7548743399923349,0.6588631370812275,0.793430369420593,0.4084973710065974,0.9265415065567362,0.2274579329631287,0.7185179428498218,0.1170171389131321,0.332548278,0.408999841,0.564705882
0.5312655642269131,0.4241110796327629,0.0398983349452434,0.5921530895504716,0.2339949515452422,0.7432765683425311,0.9604568632229666,0.6904974610643386,0.9463004990464704,0.236139651,0.521499112,0.32
0.9637017390199724,0.9597542273253308,0.5358875541134612,0.181222725078902,0.1140789163837756,0.4632332211396966,0.8450728094546761,0.8723714033927208,0.7441438058882117,0.534471691,0.552138945,0.524137931
0.1003919280450413,0.8251298234356735,0.8365333380793729,0.5962298314097673,0.8423368505449127,0.8365328306901502,0.7417997646396376,0.1418724714538148,0.9305577191837971,0.666123427,0.432369885,0.535384615
0.0295136745429702,0.1050015676251413,0.3528166630655767,0.5796437131796778,0.1268668262770397,0.8611930832598677,0.9783675920521342,0.3950755711065375,0.6890473914293483,0.103916852,0.187216434,0.15
0.7280805734053859,0.1447271764588059,0.6156162110975175,0.118954051817255,0.5807197168404898,0.0998676163846102,0.9677428863326432,0.9399202473635616,0.7911928261151584,0.127825878,0.277359823,0.3375
0.2057626007651732,0.9805191828205752,0.7692729163752876,0.6635954341034033,0.927536822673014,0.9916638502619608,0.195613183129466,0.0334216798076827,0.4208972021937811,0.467798378,0.437368464,0.0
0.2676984490964101,0.1368217685568528,0.6041128903716934,0.5449735695798321,0.6492882166133218,0.1984308395153134,0.8468310992160667,0.2537381489539537,0.0019519145480908,0.114584765,0.157853838,0.0
0.7106559312550803,0.1076233231485999,0.9383518076745042,0.8680841079400612,0.9090647082880634,0.9025961320864598,0.7117167853672954,0.0515720147168206,0.9143813208855898,0.156122066,0.474659909,0.472131148
0.7413853662089793,0.6636268870758065,0.8080629182640866,0.9745492657642746,0.8033707075739431,0.3024719447096149,0.5690568780516896,0.0792658034242885,0.3993047896289444,0.343644055,0.511243174,0.56
0.9248942828544612,0.1093354590740811,0.9232754285798364,0.8025709423804205,0.9753992376800492,0.3515092561051784,0.5253845474200168,0.9042297214385224,0.4897875998310864,0.130412187,0.496669787,0.440816327
0.8177249875059942,0.7714444632470844,0.4814683211908878,0.2632534937861897,0.0083888459900477,0.4487898876672646,0.1307738688430968,0.7645424727545942,0.9469930210866444,0.270575251,0.560575615,0.564705882
0.5565372633782146,0.5775134261685851,0.3097881845026731,0.7253442091228354,0.7733870566186142,0.9468248072934112,0.4328514664434157,0.5202065887611288,0.8357486963347943,0.170257619,0.568161693,0.066666667
0.7036740192207285,0.9251529345300116,0.8215795129630227,0.6923330677686207,0.2884552982465218,0.339146317484471,0.9038392383754196,0.217209078414494,0.4944438534803286,0.532823778,0.323707248,0.628571429
0.0215084102170409,0.0595785137832627,0.955400193386018,0.6024919839011155,0.1647656805919205,0.7187815598858157,0.0196202050431315,0.1111195188343598,0.6399944830075179,0.069440558,0.15848403,0.0
0.0979635912974848,0.767112379237915,0.6745704800840822,0.5932673753658902,0.7890430142448197,0.5260627167568069,0.6672589899608293,0.481923492440472,0.9113758604562964,0.410254085,0.36668437,0.331914894
0.4439011012313032,0.9001252599817411,0.3943181005787624,0.7487724013691185,0.2272469198993195,0.5811295598445446,0.7308112529173623,0.451428093337785,0.6276253139843098,0.466949157,0.371222437,0.171428571
0.669156546672679,0.816796275094514,0.0148214651997915,0.6514015280548684,0.8241288227485529,0.1865443241175034,0.5446424175794055,0.202760586924285,0.6825734370954625,0.455900661,0.36605462,0.0
0.4604506556133401,0.7752258669650269,0.294866197098021,0.6313282690476737,0.9563658899981776,0.354567788523517,0.631560942024628,0.2307306293505892,0.293590498042752,0.361231803,0.303126489,0.063157895
0.7960990696973191,0.3905593613202248,0.5536862905588378,0.0275932615342822,0.6529015559445133,0.5052308926286585,0.1700077836897766,0.54324737638148,0.4592722478264998,0.176456422,0.384893878,0.276923077
0.3695422338862071,0.4878042227506494,0.9246179134851146,0.4483327696548022,0.4548736685717037,0.1853189271685312,0.517734919758681,0.7294748978000695,0.4052967238492104,0.2202481,0.24747921,0.259090909
0.7704387103589452,0.5294188755294883,0.4253820343840585,0.6713070134571745,0.7612653458387912,0.9797702914094336,0.1117376025286241,0.340350149877299,0.2227756320073138,0.155175163,0.514521646,0.252631579
0.2284715432664181,0.0744984463705284,0.0692534909249409,0.9285211048655292,0.1419132060656573,0.190631424538357,0.6426898098503048,0.0918125675986694,0.8563966852258854,0.10949417,0.250853934,0.36
0.7751138608867696,0.992049722983536,0.9902997411059526,0.7186351228821432,0.9038097731235156,0.7915621068371922,0.1637281216188327,0.4177880440152995,0.5140125104079364,0.515372891,0.48972774,0.342857143
0.4715745607244682,0.9660088219649302,0.6988885809498174,0.1453366951159519,0.4606398769240198,0.7773138645998415,0.5332112456225565,0.5568616906457933,0.8589308459360486,1.0,0.442863607,0.104347826
0.1375145170885062,0.51931330979319,0.6771890528812672,0.481587343640102,0.4237576986696155,0.761272350008594,0.3876593340571519,0.4847576578399376,0.9406943431542047,0.191899115,0.355736137,0.0
0.5425562597541043,0.5334900685256777,0.058248980919893,0.9862484894613897,0.925765733167993,0.1821256736993172,0.7441020164941405,0.9422440287883806,0.1624031208274635,0.330806347,0.165299853,0.052173913
0.2512169774446986,0.7138292582150665,0.8446944259373025,0.1124239820338739,0.9002526637416126,0.2485411358323609,0.6812081377718173,0.2938549302898888,0.3088352927754347,0.470961968,0.27583357,0.573913043
0.6178968136649402,0.3248983863113314,0.4270080542864805,0.0041178832241671,0.8898533850007804,0.8515487253836799,0.5433400667899289,0.1599382943586205,0.5537895426559261,0.15256369,0.577156783,0.378947368
0.2213763308017923,0.1470434144042975,0.06509990695413,0.1990953710872344,0.2666898874799358,0.8406111307804247,0.7839352652173247,0.174154933088113,0.4352795156148829,0.098189308,0.379268458,0.054545455
0.2159854483709328,0.638186621184424,0.9879618984509668,0.1463393454094242,0.2645238680850795,0.0509616592833963,0.554580535570845,0.8385486011766181,0.07828665543767,0.279864906,0.093236079,0.687640449
0.6352917853954004,0.9592672547043248,0.6327691108174738,0.8392902883487716,0.2419102811111403,0.1566779999996713,0.979445889858508,0.9067426984337204,0.2271902764730559,0.79001171,0.296783251,0.572307692
0.0710309088356092,0.5408154485817742,0.6254786448955861,0.8331453010106415,0.4163269050195525,0.1576663621662036,0.7439186746973065,0.2787853690431834,0.5244399271406897,0.260401968,0.113469416,0.490909091
0.0597812915372023,0.533623412665135,0.9953570274418914,0.6631514002064608,0.9515653494000972,0.6966566687207076,0.1949717801563043,0.4853904525720053,0.2430721708213334,0.195187409,0.36638088,0.45
0.3639186317497576,0.8964009953118374,0.2552365809784097,0.9904678330751162,0.539774005224808,0.2863418554903597,0.1246817658307739,0.6020298525224307,0.0531370573627999,0.370984923,0.075473663,0.0
0.7443450161416676,0.85864117316893,0.8559735157679036,0.0918773493794945,0.49069298628485,0.2747048629865878,0.1094639317481623,0.9046567593155478,0.7544229222363168,0.454032629,0.390410486,0.0
0.3951526784470844,0.9250971312444008,0.856319096433123,0.6296773285507393,0.8963739702387095,0.4864737413023684,0.0826984814842112,0.6105814393340325,0.9717262943145314,0.594818575,0.333713753,0.15
0.4760376369529342,0.9278783674228446,0.4630557778241841,0.8300267260169053,0.3330524910151361,0.3128318575801427,0.9566036190918816,0.7712345136051916,0.3803297796362413,0.553495836,0.295738207,0.0
0.5043776204715632,0.5947678019506355,0.5133472686663535,0.4782118120072984,0.8552832698795614,0.3149203664160922,0.9329990344965624,0.0357714144327933,0.129989661031021,0.258423886,0.286499998,0.21
0.6050838662126827,0.0087955651323399,0.4768323996653726,0.8401639453453974,0.7302368147216916,0.6296110103231711,0.1958806568310215,0.9955176603825489,0.8561985035011265,0.071749258,0.424870925,0.32
0.8093199266282358,0.0666885075378467,0.7945208729119656,0.9165583634048864,0.2517869932845729,0.850058477463915,0.1817352692323802,0.5373404364750036,0.9112315428289848,0.084066512,0.618750934,0.0
0.167765988641895,0.3175799880353298,0.0345798328821327,0.147358761526405,0.1061902796445458,0.8894846835155831,0.5623644741762188,0.0128539148598806,0.0886418861781713,0.158407531,0.434422587,0.590769231
0.0999979166872768,0.0022398403365119,0.2101875103320232,0.2909344747887827,0.0143755315230178,0.4279335485789126,0.9983373224728412,0.0249507109615735,0.2064036668050758,0.071689418,0.31132753,0.582178218
0.2623533477033345,0.1785311681683168,0.887952630673456,0.5793506759699315,0.1210648676913948,0.6167791885313253,0.5547874170036455,0.4408327687901604,0.0656546872591183,0.089467115,0.406155824,0.1
0.2297860350281803,0.0386134441317477,0.9466679693289144,0.4041491825776997,0.1846024580103452,0.0675480185581238,0.1694817913331292,0.4889273227612933,0.6094159571632791,0.072942672,0.09206791,0.257142857
0.6974706906635122,0.9511810209367602,0.4979802829624558,0.4255830254910924,0.7556784730778164,0.170853683581972,0.2781382243312356,0.3861425093323611,0.0837616803412348,0.269502592,0.244734852,0.0
0.292816692122494,0.3456893689905267,0.953236929694988,0.7305726319579045,0.2161165715200587,0.6023520269476862,0.270388667414205,0.5771028358241391,0.8795997045038236,0.132306062,0.464190229,0.218181818
0.3622311233632349,0.4109202134936952,0.501642124429746,0.10105735167076,0.8861874390950183,0.2098037225201336,0.6834226200443211,0.0290728649360517,0.9407964455739783,0.21417298,0.295572056,0.075
0.5527575971875787,0.3713514937279558,0.4576249517875248,0.6527136660887422,0.6278671432224943,0.5381545430871635,0.0586467259149291,0.4136639452913433,0.5219419120076333,0.124924552,0.382087101,0.0
0.0587342497561491,0.0733684765236888,0.1719146024646509,0.0797527956656838,0.5543851877687374,0.6897047200355076,0.7780385638221011,0.6016082030558972,0.2409732568503527,0.114801991,0.254139448,0.085714286
0.9208871892791364,0.6952035096789642,0.6006663854679588,0.9608808256045648,0.4126121594664577,0.4783744819527311,0.6441488659263667,0.6378821953473726,0.1828449622250316,0.2996695,0.461000007,0.0
0.5723470741676553,0.3690223714599258,0.2797073870230028,0.6339316251569695,0.4643527264374262,0.8579001937747056,0.2878310784967837,0.6014037056729785,0.8333951905747535,0.157589155,0.355702562,0.0
0.0461520871869304,0.4325150621712069,0.8332387866053707,0.2719884919458919,0.3040381411377028,0.8970547768271725,0.7338691683027967,0.7102283410142671,0.2792618154395443,0.222490424,0.32868187,0.109090909
0.7828772256478906,0.6979026746191683,0.2490093304262534,0.5457562689060581,0.2042211984530181,0.1640869176308237,0.105024883722507,0.4555603078288472,0.5782878619681714,0.227549879,0.373906474,0.6
0.0999968885727595,0.8083783693879579,0.772638062877991,0.119387529225212,0.7648497512819226,0.3628332230594548,0.057003541891523,0.1821697629777009,0.8716387029691299,0.306265128,0.159529493,0.0
0.2093149867808214,0.6206130786283329,0.2411768106228929,0.122630260406052,0.9376979023462284,0.028110091031348,0.2372683242236151,0.7277028372359671,0.6317684783514588,0.150848137,0.085724246,0.333333333
0.5113831850380397,0.1497939314525197,0.1250322910668534,0.3778846791921953,0.0796938943974013,0.0425671326628652,0.7129191262560819,0.6924079383493813,0.8774896920661707,0.106444487,0.156841037,0.571034483
0.3766761624868436,0.4880605711908493,0.2316479815349782,0.8997579879013518,0.947961472273514,0.1012380102999693,0.4515837257449144,0.1623980633537649,0.1090029712288176,0.144805855,0.148713301,0.4
0.912396433356309,0.6977865960345596,0.1148569525337205,0.4668004172303805,0.4771391614527418,0.0343250913262271,0.1547187788044722,0.9784132901250716,0.0239177964799063,0.181237688,0.136762935,0.872727273
0.5015591273048542,0.6470038460176069,0.8464676703815085,0.1315250738620815,0.8832228585329064,0.0002226864737493,0.7394207274366082,0.8709641067725612,0.9386743951243156,0.356155406,0.02239536,0.0
0.5428101136493497,0.6096225140830486,0.4916418046474364,0.5026959711249344,0.4876262729579009,0.8812827174861376,0.6464570442095062,0.90372615696398,0.3502238519850685,0.288578978,0.462201452,0.070588235
0.7618704589331791,0.3617880977031182,0.9695398988571636,0.1608879176340155,0.6839157123356808,0.9358003696617404,0.7277180328509849,0.6916303284602321,0.2250915630265295,0.279979032,0.66109434,0.18
0.5942640741639784,0.4669356887573163,0.9238428589681924,0.5898918989001247,0.8857979903091159,0.1674562119677825,0.7171025795312702,0.9986830616383288,0.799912424625817,0.282692076,0.325954407,0.351724138
0.7401556984373907,0.1934590253925413,0.6859104367896766,0.2068547660548224,0.0951358989354906,0.0100915982967082,0.2166522755395316,0.1548964917414598,0.9540454905871528,0.09440273,0.047974781,0.0
0.3891118351364024,0.0967932251952656,0.5884495631854819,0.4450218496205599,0.2028925243808819,0.7293789107439198,0.8399333698486695,0.5114743547074971,0.4463853885167061,0.120114758,0.46007974,0.0
0.553416115205926,0.4179904462863468,0.8667714353384437,0.2342863530938177,0.7728914836056615,0.0913573900302353,0.2478221853205116,0.2037258691447364,0.2750066876274306,0.123554317,0.204922457,0.464516129
0.437302478392877,0.5997506764886766,0.4512944038927832,0.0223646916224131,0.174595127620733,0.7034066197828557,0.5452799493619904,0.9753493350022144,0.6338433127100268,0.326879752,0.476517389,0.236065574
0.5344496689621027,0.2836464989337629,0.7381899847859913,0.1016482223921918,0.1866259499421115,0.8983641824268517,9.784283156266672e-05,0.2369059205142289,0.5650349668071907,0.094328003,0.512909303,0.635294118
0.925408431303316,0.2270252183297484,0.7624051347261221,0.4789899421548844,0.4172397189456736,0.438528828265474,0.1507136301475519,0.7090093532356283,0.1192620362062615,0.07068583,0.398727181,0.6
0.0885880209385631,0.3938681677166331,0.9608299118313194,0.2252098374788085,0.469717829739136,0.8210812173274826,0.8327367791944607,0.3555515470454752,0.7874024937086233,0.282921241,0.3671569,0.685714286
0.3098979562093021,0.5096289105575275,0.7343323475475209,0.6947423486252828,0.6924961088912301,0.7209930083715029,0.6540167310839542,0.4243662424613121,0.2804930616571817,0.239905758,0.461869515,0.52
0.7642302858890192,0.7429258483657978,0.6346735989922055,0.6252881762238265,0.5880584465206415,0.7191917405795007,0.8072398477268712,0.939302800983116,0.5243787576412313,0.346883727,0.533545796,0.12
0.5358033675263896,0.3279192442080237,0.0123467060533912,0.0331725124842846,0.6265046080083356,0.2135622658115434,0.0667049421299346,0.8944904360798265,0.7936007090327646,0.149425057,0.088111363,0.0
0.6915710106980894,0.5534758779369235,0.0828884079230755,0.6880458067092473,0.4410474299633089,0.0475258843895762,0.9885890121450168,0.6277146891192077,0.2110811011746737,0.236563361,0.250997293,0.55890411
0.4429631945038933,0.3220147915177663,0.0564298050945836,0.7084206235432653,0.7142558168511663,0.6634360695156127,0.9117794244014454,0.155078187351109,0.085339958252647,0.125800369,0.461691563,0.511111111
0.8341754968374528,0.5437494761857724,0.4171270440870145,0.4847737728126767,0.9884886591440862,0.8972102952047057,0.1858936091329988,0.8221906248581242,0.4942346279528971,0.151110995,0.604549008,0.3
0.1382388531544408,0.6939717356300427,0.7424542465926576,0.7063944985432554,0.0116420032814392,0.6958097709839091,0.8984657490559629,0.6569347272929795,0.7883009448259517,0.339140092,0.418796285,0.395744681
0.9783167240706712,0.2167582897483062,0.9777271302387122,0.2840205803511936,0.6720739291828729,0.808860779494776,0.3207881367103999,0.2843162483048077,0.4269047879968273,0.07655408,0.274670111,0.0
0.223698746617654,0.1891488382738935,0.915321270459284,0.0115971665266466,0.5801647736384083,0.9859954036885676,0.1926213577835459,0.6308568246815898,0.2276361804250675,0.079100604,0.451807455,0.282352941
0.7427990529733425,0.2060414477511477,0.0572548131595153,0.0742734472050092,0.5169055504806148,0.6786509316719893,0.7752959973387414,0.2153060324169095,0.799633753215224,0.144369415,0.464821101,0.221052632
0.2671320552772978,0.4454593773210514,0.4892918952158059,0.0571838073076541,0.9101641831947116,0.5715967999233874,0.5153786175693971,0.4231617042681372,0.1714263389564313,0.161628359,0.416821697,0.387096774
0.0401085200744617,0.96923625536174,0.4560689014333633,0.5693164509682227,0.1634768697146675,0.761786628028296,0.5127117856127162,0.8223926305984278,0.8722930936314305,0.626148208,0.178890966,0.0
0.8708794075904776,0.8124597941013928,0.4728914864378101,0.9599467242657052,0.2299891166158707,0.2880024137079415,0.0713030624291417,0.7309741441928279,0.2524554068063335,0.150520701,0.073596087,0.15
0.9284185926328016,0.4199171246046149,0.9139203605131198,0.5383616086081505,0.6590186563521668,0.0807131542473845,0.9453770219731064,0.1742980491360681,0.0963831716339199,0.225225119,0.244559013,0.352941176
0.7372437031493084,0.4338850012579455,0.3799709565700487,0.1634159840562817,0.5362962026109955,0.4272264664420241,0.3177831723341549,0.6806515715115881,0.3593452482674824,0.090963417,0.504278038,0.6
0.4165787243646929,0.938309634832472,0.519885111191303,0.990803814060565,0.9501473831708284,0.2840077059216508,0.6521496797397365,0.1502218652572504,0.7273513563951765,0.794458576,0.179529191,0.0
0.2642526627819926,0.691622650393351,0.3925321717693597,0.2225589452384319,0.004462045942907,0.8539443242671064,0.5114187312912591,0.2688557877846367,0.7631044869547683,0.547922299,0.425988605,0.1
0.7186316326650339,0.743281291031238,0.9080457570066428,0.2831549457827474,0.0017184509080092,0.0434598971926201,0.881334733328487,0.3606160778337286,0.2700851242252008,0.378128144,0.234010495,0.615384615
0.5279754745603659,0.6967565125613858,0.1180834165924467,0.2743746935658288,0.5830284480175415,0.8152245556771885,0.7605187095894524,0.8550341958462501,0.397108174457094,0.35520607,0.513036107,0.405882353
0.6357484160292668,0.7249015268806791,0.6162675494817271,0.4518067358947503,0.8546952044849024,0.6937598201031389,0.7653241677652891,0.499265848060919,0.8935985515947046,0.410455282,0.430058904,0.048
0.0018951635645932,0.1777943215184154,0.3619937771670679,0.6418860376242131,0.6301117389575002,0.0198602766546848,0.0632595792954513,0.3438786306054732,0.1741087108098643,0.090036164,0.012649551,0.369230769
0.505958747562421,0.9550526678792082,0.6169392205430303,0.7324656969389834,0.0990926602204422,0.990121929810405,0.3033109023254168,0.4516681764762542,0.2320689965406761,0.459636576,0.724733857,0.0
0.771064028835892,0.0856107339292139,0.9154207841285044,0.5469940483940968,0.1908753885950286,0.0249025124150747,0.6025320232336645,0.0193275463197207,0.2171436394072219,0.129116056,0.207492774,0.683544304
0.4410568907958856,0.3660927409661676,0.6310592419101136,0.2522485213790504,0.161862472007407,0.1022560030648664,0.2010945480942733,0.064101491389347,0.2495776129134763,0.08222717,0.203875869,0.4
0.7134845849568713,0.3018426540502144,0.7198112958175827,0.473326030871377,0.5556203908510491,0.5792533774703091,0.3845884758269561,0.54604477381738,0.4613604632824416,0.131374576,0.444684858,0.126315789
0.5831958178040239,0.2935498346483357,0.207669007853272,0.0251470583812072,0.3695693374736165,0.3651541216235727,0.5927277836444002,0.9302838929884812,0.4977952884699482,0.162190996,0.35346175,0.367741935
0.6293954271313668,0.7472959305676178,0.6426273975620269,0.9346475624762268,0.1806783401154879,0.0406974675972556,0.1137842911727192,0.0053149929197539,0.745398949034122,0.339834126,0.121233885,0.109090909
0.7915176505265814,0.274200033203113,0.6779576141449717,0.1054792180872143,0.1369773172106573,0.435974563769275,0.3382147971401265,0.712454732470773,0.129277835936865,0.077381698,0.196414558,0.436363636
0.5689503275158336,0.5770179829050818,0.8644351152267457,0.5058237919655895,0.0663141612935311,0.1226704350317574,0.2947625885005581,0.0577348056948112,0.8734937585638368,0.274866588,0.263911919,0.384
0.1181193332706185,0.3496811060532312,0.4303697163272094,0.0903245590621898,0.5996818957501175,0.0398597668025222,0.8378350879490766,0.7588366005883415,0.6321529712017694,0.163310547,0.058220395,0.367058824
0.3153947633186817,0.6894317831760199,0.3618761410142598,0.3895294582306755,0.3445550708192325,0.6179577158301988,0.644107567048438,0.1245266008312622,0.8285887182950478,0.360811405,0.354565557,0.0
0.4275992191940149,0.5124174701150888,0.5118018417786755,0.3859435818567056,0.3142832088733545,0.9367414991209246,0.635335422766318,0.6828193172133021,0.1454078847302015,0.312845195,0.462316693,0.609836066
0.9338239294028006,0.0391243992865345,0.6029747458243491,0.113499407344403,0.05172469167809,0.7282094235758915,0.5684998495250234,0.0852414165959245,0.5561130624339142,0.112215233,0.565789351,0.034285714
0.9994604513402736,0.0471805209549498,0.7528313167442329,0.4126530834400417,0.108238430160239,0.687396181779591,0.52011676214637,0.220298585132766,0.2536603754059177,0.12105585,0.421126346,0.266666667
0.0562291232147622,0.26257485493116,0.5934768144800723,0.3895340317758921,0.1143540226262253,0.0059632271251682,0.4048020975376565,0.0294212552329633,0.8550286814500396,0.088422453,0.034674487,0.6
0.1761420594154157,0.5335906755595052,0.1303165398240555,0.9712878259565082,0.5682660915765413,0.9900025692856264,0.2410659878515514,0.201255015330022,0.7627143497474991,0.196965438,0.318057993,0.24
0.9974247455762212,0.0782943159361453,0.4828941287293496,0.1240951958532567,0.7394094409183647,0.5755924175348458,0.8405047594505166,0.4882496036364748,0.9923702610151218,0.124531654,0.532854358,0.244067797
0.5452519013106413,0.1461708300085445,0.576694961596221,0.0708047093835479,0.1626397299856111,0.8480771284431554,0.0591911033125349,0.5413331542740322,0.9191705668789116,0.084126226,0.529168241,0.252631579
0.6675200865801841,0.2975074682795495,0.901168315284041,0.1048081800364683,0.5771307335995636,0.4349151205538772,0.8239799114707363,0.4929166983223326,0.4500783181168207,0.174382822,0.425582679,0.583333333
0.9743366744023628,0.8482903367249165,0.9620853315427936,0.8505232455858692,0.3995132053092404,0.259625635677369,0.2504661050938217,0.7464599785996555,0.9315698167724604,0.420714738,0.256166531,0.72
0.29483800794028,0.7157431851834015,0.7632633163107811,0.2780920835360336,0.533804396245877,0.5442852912982723,0.3244922529943432,0.8503393247661865,0.2757032129022184,0.227701295,0.277069635,0.4
0.57988835889621,0.1707204150887663,0.6252323636302413,0.8278315963191772,0.3974958281665782,0.5456817136279921,0.1721760191122219,0.2378158410928154,0.3821596420680709,0.106334993,0.458974776,0.65
0.2698426633221046,0.023494788444361,0.804341177424427,0.6669106350028418,0.2975189227784109,0.1132397911440508,0.5834043947310664,0.8452454968078189,0.0454743680140609,0.115709211,0.133064222,0.701538462
0.0886628552952961,0.8586626065339551,0.6560767081292439,0.9702465622660088,0.3556563069237284,0.4235864824754988,0.7302177060705226,0.3193054260240082,0.0221973116039631,0.491232957,0.175160009,0.459574468
0.0211354322066513,0.8204797808577623,0.5770822665890525,0.487491515321594,0.4233154653413015,0.6007186011435021,0.217050918825289,0.3130609306262342,0.3888081475464945,0.28903034,0.401068318,0.4
0.0432431335793829,0.5985268005315708,0.8246931195586592,0.7458461063558346,0.6959562769426536,0.017778446329695,0.733078249363645,0.028716684252765,0.5144983683365533,0.277545491,0.022082956,0.295081967
0.9156200752930342,0.083391512640352,0.3361538160312606,0.1106212211810302,0.0012503563087322,0.4062429075915089,0.9666178280587692,0.030631257784458,0.5975535060891839,0.09240052,0.444349488,0.216393443
0.4006311103931153,0.1722152715614743,0.559022129855224,0.0879094911644977,0.6302818135435074,0.8932116573827077,0.9640269127240412,0.6721252676968139,0.4080796579419831,0.103424379,0.509238895,0.540458015
0.7416172427524829,0.1242415520639945,0.8591712238589122,0.3725283549561857,0.5596111127440416,0.3063886673915427,0.4047219888371703,0.3064483411270681,0.7542025637462755,0.118118283,0.345204174,0.545454545
0.5304258221833789,0.281732093541993,0.8442786171699178,0.8820007430629286,0.2309984976658253,0.1191210846168964,0.628770084825386,0.009158392460054,0.2573514035776588,0.134750046,0.222818195,0.369230769
0.0359214555952549,0.5113016917119684,0.8239717996611692,0.6867176409977043,0.0404811240697552,0.3044711842619044,0.9494755644422488,0.1534073490449468,0.68128279203166,0.212354622,0.118587285,0.051428571
0.3923467839641942,0.9790989967418188,0.3612377691320771,0.9720153839229956,0.8631650853188567,0.1168081776159629,0.0814046170631626,0.6829950777662854,0.4241532052916433,0.552072583,0.170882766,0.428571429
0.422331738649193,0.8301105412191417,0.2281481241962726,0.3709298394416777,0.6543838810073388,0.2446293759922566,0.5884652714583707,0.89686585909251,0.7537493808854979,0.453527928,0.323548791,0.230769231
0.6197101223616024,0.7296191539131774,0.684446423584555,0.772378694855707,0.9273436054515892,0.2852941574299769,0.3717371834609668,0.6061301133149584,0.8528571233823116,0.293183878,0.460015255,0.525
0.467896342767278,0.909976730645779,0.1996788604361988,0.3994089676623125,0.2250614145582076,0.317869457179413,0.4541631856579812,0.0059801916185823,0.4488269415838393,0.348469172,0.530790625,0.24
0.3773466114780157,0.0590326429264477,0.3822699765548069,0.1830119198325347,0.4075986912992136,0.8578465800912496,0.052694482134465,0.8805211110525117,0.6646468174139059,0.088099988,0.424619839,0.4
0.5703565040334276,0.2612503972093544,0.0986338111384576,0.1301503283561389,0.4484987466344627,0.9688207708748036,0.9925625242363384,0.861899503141435,0.5925630232496567,0.131505596,0.57533987,0.616216216
0.195987257338432,0.6488179795671913,0.5378896940965051,0.4999324781355281,0.5970463044983951,0.7798789437244293,0.7189232918486204,0.1448275138417513,0.4742538533843198,0.298426548,0.176661497,0.0
0.61274895718118,0.0594844083434329,0.2096981080742707,0.7910682229026549,0.2112912131508567,0.9065123476115964,0.7044718591298537,0.3926568840323974,0.5715353463498315,0.108083827,0.495952764,0.381818182
0.418537697810923,0.1822475313153451,0.9879693288272852,0.4962970007227444,0.3102515610734293,0.9062921276896032,0.1402823995967426,0.6618200200339537,0.7481557576450067,0.058414846,0.326983428,0.0
0.8097068699443617,0.4471475708013462,0.5457106303063372,0.6954332971601989,0.0388503754296795,0.1600427331953603,0.9709618104728848,0.171033680579704,0.581844439383081,0.270095201,0.232784925,0.204878049
0.6484167477915445,0.3275741507795549,0.1042815310670087,0.4287280056360384,0.2280390880629711,0.3827817219546771,0.8907488910486233,0.0064921121546446,0.3895323150060004,0.140807398,0.353081938,0.0
0.1655898733699964,0.2262322921176975,0.0843804507062282,0.328416287452095,0.8762956053454974,0.7433340558263026,0.9456074968994308,0.8123377792508597,0.5055006972125968,0.097724374,0.385931492,0.357446809
0.0529582059978795,0.3174850982152092,0.5378665947732286,0.3550707150710027,0.683712247294333,0.7970761241488568,0.726865817000062,0.0759420571878738,0.837874929601105,0.245134398,0.257638498,0.12972973
0.3847370682306972,0.4340416138345109,0.2118554991487432,0.5447215982705829,0.6466726278790571,0.1996272378136417,0.3010777172203265,0.4971166340060833,0.1381882372357749,0.110037202,0.272190853,0.461538462
0.9442065992778624,0.912421718911248,0.5469875953825375,0.5935586946832567,0.4777801027815388,0.3764528608115226,0.1210675002657224,0.8846416239483355,0.1279136806367621,0.256784453,0.280159567,0.6
0.4541768426836742,0.7430751212540807,0.8570428449369234,0.8490201443848858,0.823718745779656,0.4659175143777186,0.2748827602207386,0.5072107741976755,0.7086336842680662,0.225518491,0.280787006,0.114285714
0.8790159706169155,0.7871187645147141,0.2114910562939247,0.5314670365264723,0.3468146946577961,0.9667116127986368,0.3222756639803743,0.5233942193616367,0.722510571427568,0.273186707,0.585787797,0.24
0.4177261594416996,0.2616591051849951,0.312141007456524,0.5770292864755973,0.9100802345300586,0.4025495725396683,0.8267581827978914,0.5001074904931025,0.8416184120864003,0.160666372,0.410604626,0.068571429
0.3806575860263184,0.2253788771826154,0.2870013355752063,0.5437544022679512,0.2904931893586682,0.4935077199498844,0.0179169267444621,0.8760047298692574,0.2192198553607199,0.087534433,0.470732988,0.342857143
0.4370118397325859,0.5176181607851194,0.2535871196350019,0.9708614305009076,0.298775101208381,0.5541477501845764,0.8390482275283929,0.6773223199893432,0.5445291892789442,0.239155574,0.473343983,0.428571429
0.5714277401265029,0.3067922560015762,0.3516789061351237,0.2703337681397336,0.5651603215021314,0.7336800345593079,0.496915106949051,0.2235647797900755,0.6691662889137423,0.094377369,0.60755746,0.0
0.0176950377046372,0.2061641428423074,0.3536294518117748,0.6338477131771345,0.6835139000816104,0.4824542811914329,0.0239273033859001,0.8887128722543673,0.5662711067624318,0.073980643,0.184925286,0.428571429
0.4204634364386501,0.6982388874509251,0.7188223847683702,0.1488476931959722,0.7521460317089577,0.8157000383400033,0.8769605067712776,0.0566026575370971,0.3315523684983483,0.337418297,0.445826193,0.227027027
0.198553086349899,0.0327396689699297,0.850525398013674,0.9804441322581596,0.0442562332866992,0.46776869047247,0.1098339766533033,0.2678997028759569,0.3729599391539565,0.099998693,0.262204052,0.0
0.2170433459385792,0.651763758160245,0.8817859810795231,0.5134951443239222,0.0888394135918038,0.9743951915821474,0.9655255440217304,0.1856370239464942,0.1457495472126277,0.300836453,0.461399852,0.116129032
0.2482874290849169,0.4447083922920548,0.8548130136827456,0.4503141543431993,0.9500693281801764,0.6271623436220729,0.6587100656616607,0.7456391676151118,0.4632487709261658,0.196113815,0.340049074,0.142857143
0.6470090501119022,0.8904457477244443,0.6883470576548784,0.0115532522011285,0.0641234340022479,0.412930907961046,0.0565854988269394,0.1082435503442734,0.0267014201387458,0.435381778,0.463226093,0.75
0.3597110700655884,0.1280098860473867,0.0344540436512215,0.3414296435200801,0.7279200822328338,0.7471949641044668,0.0992391071996006,0.7031842213336177,0.0533944958553977,0.055639209,0.321086571,0.0
0.3154934339914522,0.1300705292229294,0.9163936371488416,0.0911213598692447,0.5477118756013477,0.7143358945177932,0.5959257955766697,0.5203074523715012,0.1886849009366887,0.119055181,0.48327252,0.572307692
0.8181203662620397,0.4200081324408451,0.3890829246777106,0.6547018032802555,0.5002434528104638,0.6107533169432128,0.997778666598992,0.5578853802382275,0.287027738289764,0.220162484,0.405889016,0.18
0.9990200663728058,0.756694457520706,0.2917632188807754,0.6111366892803776,0.6849628402714065,0.2779503660008825,0.1614935080513971,0.7664190148605912,0.598116329512597,0.25484935,0.333199415,0.0
0.5805698112015756,0.9156922568472304,0.9278252872154436,0.8190697590086179,0.0922267989425291,0.0554633876969067,0.248053516075232,0.7873815467107945,0.4276688857853651,0.364489767,0.080011074,0.0
0.9920343975895464,0.5695858099349438,0.3594764095061659,0.4323352467389287,0.5977341991069031,0.1447170896448989,0.0997711723602936,0.8058145149798213,0.5243127240339649,0.083992551,0.314872117,0.5
0.7921307564397764,0.608900374599043,0.9119047968177724,0.5182323734159695,0.984884137397524,0.6338754446136,0.1916009324806633,0.1851014790036719,0.589239860767729,0.21496546,0.641655862,0.171428571
0.6899946190278996,0.6132370265898514,0.7379718826786408,0.3404736952327477,0.3435159551214357,0.5282822617957036,0.268776571087254,0.3752149370378772,0.1270565668301203,0.131043486,0.359569353,0.0
0.0311157139872803,0.3713350774690346,0.6663167598220203,0.082646150961384,0.0305752889636284,0.5301209677718368,0.8210685752518035,0.957966225696499,0.0014485076218886,0.170785098,0.122937608,0.272727273
0.4542347968503506,0.9027647107996608,0.2679842059438067,0.3180342907590038,0.8356996954296964,0.1931460073572908,0.9875213682111011,0.0319351649430571,0.4337119831640911,0.532971112,0.29780998,0.52987013
0.7129857300385314,0.3122290065952037,0.5429009128142459,0.9007924526539411,0.9390573254773336,0.6421772192075383,0.924854811855592,0.6589988916503533,0.4076275141705481,0.195746369,0.512048108,0.218181818
0.0414751257761676,0.58171648613442,0.8337570495847214,0.4528909793640607,0.840635738945426,0.4990896475278781,0.1782340008766411,0.6908951385158961,0.1504862789867885,0.160130729,0.164273587,0.0
0.0868264938717198,0.7432432516111049,0.1473138202686982,0.1526381599706899,0.9825555924174504,0.0016468677658085,0.8919783261526291,0.4965593165034946,0.8336159782468406,0.369685601,0.011943222,0.055813953
0.7499421604421055,0.0308163190996848,0.6203701281949435,0.6305964992572177,0.7585408670637955,0.1716636570515843,0.3877692148911145,0.3060803810850752,0.6512220772979451,0.0501464,0.154848679,0.32
0.0027897713338104,0.1089606902075394,0.4259807108931382,0.7035688279612283,0.5058236844738039,0.6567645059677464,0.7856348092055941,0.6578998625891325,0.3712848403567707,0.123792882,0.216555262,0.283636364
0.4578385824911446,0.7034750635359973,0.0864247463888577,0.2029133754715806,0.2539183271965106,0.6781287411381721,0.7498148657157492,0.2559327924859089,0.208477735162873,0.305788465,0.435367331,0.472131148
0.6565265989397694,0.1280517880563154,0.49136920423909,0.818391385913841,0.399297514290991,0.8926428097333371,0.5196327907799886,0.7494563155740462,0.5852139676239492,0.170609145,0.482605351,0.145454545
0.6473325553635855,0.552384722959679,0.1782006663819439,0.8806335320686216,0.727113787435168,0.536999033196996,0.8546562928299113,0.5640940979527601,0.6605682155516792,0.250772993,0.320928861,0.0
0.9332042694996822,0.0521375603565955,0.619437049525589,0.6090959230400825,0.0603830438682152,0.7766352053814167,0.3449035804112695,0.730963792885248,0.162594397233333,0.046821185,-2.22e-16,0.0
0.4519824117242922,0.3911480781329517,0.1765179456379827,0.373370740232779,0.3401075503781712,0.9076714310814148,0.4216960959278574,0.2985095620704533,0.4946132441344173,0.095762976,0.363715525,0.685714286
0.5205246087119644,0.0305835192538913,0.5449411513885385,0.5587711338149164,0.0861204483089607,0.520358094226848,0.9385736751665238,0.3682722404378772,0.9734298979420396,0.107192018,0.420449893,0.6
0.1504533091452322,0.2547825445143138,0.270848659596823,0.4896549003585974,0.1028866037271071,0.981558320684554,0.8654855248107323,0.5568518912928045,0.6050781055806436,0.158605604,0.407465733,0.4
0.2896221337272181,0.3700302748387344,0.6728364661321122,0.907434091546118,0.2019780449040498,0.3656937069578174,0.4652073074306646,0.1336916216395141,0.8793240632800426,0.170784705,0.37927903,0.333333333
0.4182192195339617,0.4343086239459902,0.5011290500753202,0.1464378456380877,0.5520624000033093,0.4950874499017532,0.15829383764454,0.9289376712926012,0.6847983851228185,0.163062682,0.294980571,0.705882353
0.4292412672050579,0.1878001990826661,0.3115792430101997,0.6898703813507354,0.2463196476607964,0.1218834211755022,0.6406275019919183,0.3972630868286961,0.1667703793431586,0.148242611,0.225304876,0.615789474
0.3093164190743669,0.4106721118253638,0.0631347321987662,0.9572559306989832,0.1018280587671768,0.4073336147956113,0.4813889391189581,0.6025473153236314,0.2121107687307666,0.111405459,0.321661249,0.32
0.0608150337466713,0.9012639931667696,0.0710984005862256,0.9599786056350684,0.7542432078377099,0.4837712767746719,0.4959038274013946,0.9380386517158468,0.2436415416273502,0.263376588,0.252337834,0.75
0.611171987795228,0.168749619415792,0.386252391644758,0.9656656778991064,0.0138446227342686,0.7886769857156254,0.1020718106074349,0.3979519065455893,0.0687041748121909,0.089786062,0.320889969,0.0
0.6228019964899048,0.2467237458408875,0.7445286189943433,0.1743030306193099,0.8307469257217996,0.1785251354850858,0.5954302210802834,0.8428777114333651,0.3060519628815505,0.204664006,0.14444606,0.12
0.0277030709353972,0.725315388613525,0.8387354520461487,0.2767550138520925,0.4965015360243218,0.2484487102986261,0.4592981452737932,0.7292375098329533,0.8358240062547445,0.223688477,0.137721265,0.553846154
0.9864064461233204,0.958337091085612,0.598734225966993,0.2141988328523194,0.6194169146954613,0.2683706028393174,0.7565660189392194,0.4498907123003864,0.1390521035078449,0.48268405,0.466542625,0.57
0.0205369950853568,0.8301330266364384,0.1489111947814604,0.9053475065999464,0.3935612025186441,0.2629326974793905,0.0479491285450978,0.0162513820143411,0.6742528071173625,0.31671749,0.072063803,0.16
0.5547380826973086,0.588855356442188,0.2308375611335682,0.1341428660595716,0.7062530035951541,0.3814152028252501,0.3012264192178224,0.9686392584753784,0.6768435078348877,0.195008673,0.437009532,0.092307692
0.8982415106393075,0.8086426307719621,0.8222096264752996,0.9742563984646052,0.179670074805636,0.8205652468816768,0.4548761878564034,0.058115586542825,0.8747475866647564,0.311571307,0.070604097,0.0
0.0800650999749358,0.5421640018889864,0.6586592347246498,0.4748495136040801,0.3205027651859257,0.8846372213557949,0.2224017048553586,0.5913500299294434,0.9459496470814256,0.146774385,0.223179854,0.3
0.5615921501540232,0.1701408790105253,0.1988573516397958,0.1826676967246325,0.1160555797964972,0.455797352208582,0.7369361640536043,0.6606035697878008,0.1019304774302432,0.126227286,0.397756973,0.475
0.2323971110066475,0.399290891625889,0.363637976996415,0.2705990930064706,0.3448394871827203,0.1387868990239906,0.1265799388425854,0.162797768054951,0.9925744430644182,0.176852662,0.166273189,0.15
0.2984589662873785,0.1334583233281928,0.6708169217193202,0.8116784283012285,0.5993495497301862,0.185567891457747,0.1682032610770655,0.994364590110446,0.1708162248540228,0.07013135,0.304458247,0.275
0.842433684237289,0.6742901358826384,0.5878305943185718,0.4136668351864352,0.660633450974407,0.6450815217777123,0.7702710455309408,0.1922913263796827,0.0295605367537498,0.339455048,0.274257228,0.0
0.2688574726201237,0.8074532748302946,0.6145711527353113,0.5774192423517349,0.2970121973281162,0.4023275479767195,0.9191791643989694,0.0974096213261914,0.083386668698372,0.44383773,0.302965897,0.619354839
0.7883070014781317,0.7587849965280541,0.5363256666456647,0.4140649827775771,0.3987580763288257,0.8169846900599685,0.7089584280132273,0.4458172439813797,0.5827942665054259,0.419263246,0.677058571,0.293333333
0.153321934188555,0.6633050335673587,0.0764055353291114,0.4291865557953845,0.3574902211408841,0.4209604853091337,0.646859964780508,0.6323602221409123,0.8047225723280161,0.428015898,0.152164655,0.0
0.1976482544308879,0.6762503015024112,0.6426726501437872,0.9959761132257938,0.3549022507976829,0.1228570639444259,0.2132732874198377,0.1106222393291981,0.8259804897097816,0.175127157,0.047896705,0.0
0.1807056840455554,0.7993266306267497,0.6244393202377228,0.6083199600973281,0.4937205543435298,0.0686925338122034,0.6400426086831025,0.0083116162648835,0.8412526836816476,0.472014528,0.136319084,0.514285714
0.9950315306757544,0.0316536702446541,0.6856939544571015,0.249047052130425,0.2360750185317905,0.2799393801184714,0.3209735771853178,0.7638116315515145,0.9315679312089482,0.045584465,0.486218111,0.436363636
0.7551640841487063,0.4783340880546045,0.2635823567354624,0.9725643623776616,0.0297927743328485,0.1688754143988966,0.2601788599898017,0.0082692966112007,0.4069808553809905,0.14623944,0.175799943,0.36
0.3436425311867939,0.3886076319661403,0.1409792661073623,0.1394092539060221,0.2470099557514141,0.9665760222913484,0.7680151305289192,0.1758521871665971,0.3256912683197013,0.219342922,0.447596411,0.063157895
0.6096484253288649,0.3032040918075271,0.2146036446397624,0.8931981041929797,0.4380400335400106,0.5074303648724976,0.5476314092206599,0.6526696299106213,0.2677937097230903,0.191019296,0.333537161,0.189473684
0.5842571624629759,0.7011138306394544,0.0237197547672906,0.3598630471424586,0.5507543163542017,0.4724583141563526,0.5289483560649031,0.9104534233997952,0.0723553972961698,0.238227828,0.491197882,0.514285714
0.2820915439612148,0.0280022307857756,0.3648643973802955,0.6084039552468721,0.1964762671620825,0.5175328768722425,0.287929731844435,0.4515610571785264,0.2733172523726885,0.088418087,0.300782203,0.0
0.4643604788481754,0.4600355400682546,0.9498206972820868,0.2444749022842743,0.3530461911233193,0.9177044550835238,0.4891898613735324,0.6698313491027615,0.7128772335327406,0.162741078,0.463947995,0.16
0.8041127014032284,0.7635469032797012,0.96751131380666,0.3249326695948364,0.813302629729587,0.3381843377122197,0.0319172441884347,0.3653309101061022,0.1331353924846537,0.277214878,0.367629194,0.635294118
0.9388840449881192,0.5309878012282488,0.0735172217517184,0.4690989533013553,0.4705153101545927,0.622006015828481,0.3373180682093655,0.6516016127318384,0.7343536434207989,0.156451832,0.484662526,0.5
0.66355537592695,0.6687231868695945,0.9989454073022213,0.3045974545997707,0.6171760796575545,0.902350227759302,0.9775917387219596,0.4223988172158683,0.7319081443280739,0.441021889,0.587070804,0.306382979
0.648965018947251,0.7401475441076911,0.8811076412633007,0.6893337808382003,0.5908001789885196,0.7078811248022008,0.4723297573240308,0.6141567618174216,0.2816118728871759,0.141680683,0.466832123,0.0
0.2005901266917368,0.4357767809453625,0.4368369453865991,0.7850997183528152,0.8770393294020684,0.7679969871833903,0.4519790486981807,0.763288962691121,0.3460077280125954,0.150615006,0.317410207,0.0
0.4067660571942924,0.3006471876331995,0.6030766460646905,0.4859296501357352,0.6085391158857522,0.2485231619720515,0.4113090707542534,0.7202450035815388,0.4161283368005247,0.095045038,0.141116131,0.0
0.662788877153231,0.298843758579945,0.9664145758836912,0.1480446520826445,0.3533574998317668,0.3919853514572207,0.7411752927094147,0.3798812760552416,0.6838873987066426,0.210597671,0.437915187,0.0
0.0784860706593346,0.8459746595619131,0.2961593982577565,0.3806789903742026,0.4513964406966135,0.9215319521885824,0.0254703415775022,0.2338587896730024,0.5735325091712943,0.322575286,0.312923129,0.428571429
0.7241978258758389,0.5375286574124998,0.0290021334148378,0.6366809577952699,0.419324396883353,0.5426715641414056,0.4961432736111043,0.9488575075191462,0.3458575213204632,0.185761957,0.835381235,0.0
0.0970659673143634,0.4228245624923006,0.8558420651275259,0.4492423931647913,0.9169159614673388,0.6970314044225839,0.9369132750988662,0.3077433256198437,0.6298107120650442,0.262983881,0.312513545,0.531428571
0.8758426156854959,0.3097188413224041,0.1016980414696113,0.5421024591954201,0.5315408157228029,0.3226379053781534,0.1040842580173845,0.1635473963357124,0.3297375964726133,0.102310031,0.452917001,0.0
0.2241208141274363,0.743463466116693,0.6213208219484687,0.5613071347307448,0.2160333702028556,0.4033197943047685,0.6306295528356193,0.1741214013694362,0.4945026598141447,0.368020092,0.37855773,0.534939759
0.2104554203071421,0.810203340987618,0.573381027222569,0.4121269984710248,0.1272224014835821,0.674145076271978,0.3154007433481732,0.1173689530401841,0.2517489094642531,0.305725824,0.400873128,0.070588235
0.154910395616646,0.920935206605941,0.3961725245777013,0.8716836706997194,0.1133971644060576,0.5540124153857563,0.8640135862640704,0.6293507931991364,0.9988497648852724,0.867189437,0.296222398,0.0
0.672576936719842,0.1085278414593488,0.5482326267267623,0.2233270700118172,0.0371640216730728,0.7966702433154723,0.8448734298587356,0.9486967924629822,0.2727121926362515,0.124245276,0.515391192,0.610526316
0.5654863628829649,0.5217824067448741,0.0460065140732925,0.0153712450128937,0.7917181051035302,0.2734900703653093,0.1655598708310796,0.1520340227031305,0.6383236931741094,0.100391525,0.346856165,0.45
0.4515430502426412,0.5345099478857037,0.2633620309083528,0.3487864009168114,0.9645408382536338,0.3152543193656052,0.4903094913441801,0.6622129645150653,0.4020242992450893,0.187893701,0.225205104,0.266666667
0.3443258988610305,0.1565487105274343,0.6820456732598325,0.0684140649228269,0.8177828820340001,0.722599067232019,0.6198402345059396,0.1545089532373952,0.0266402614483008,0.107507939,0.399581758,0.555223881
0.1480410322521038,0.0838321505803372,0.4959047671114338,0.0208548735245741,0.6806811684501629,0.3830855855405083,0.3691226176663597,0.0873186414547482,0.0578751539701396,0.06385903,0.231253791,0.6
0.093672550443166,0.982229524182253,0.2616852988387101,0.2930453663599934,0.4396228045082725,0.9479916186230034,0.1513753797550877,0.538696207386576,0.7344554734339684,0.503901561,0.072308869,0.0
0.2123767566023404,0.9679054087401928,0.4244175299944462,0.6422432825064702,0.9659597707001526,0.0728681074108725,0.9565774258993336,0.6816452276089954,0.2046411775139424,0.537472855,0.057025838,0.077419355
0.5026965574350445,0.3951141951526705,0.322210812452062,0.358279207270339,0.4021942784518461,0.848479930768963,0.1253142345068358,0.909547542257998,0.2136309008449001,0.116863198,0.531699854,0.48
0.4342637634466167,0.1590863560479608,0.8545643018490713,0.290374746664029,0.610693476946828,0.5534995655790663,0.0825617537305275,0.1271627696163528,0.3152063459836302,0.109359852,0.266199077,0.12
0.8499878415041547,0.571127568399174,0.8443557494898281,0.529973681441899,0.2695197726764586,0.1411560199925117,0.3361324665595744,0.0006734631821094,0.1529411698786255,0.167038287,0.343791468,0.063157895
0.3691924064024993,0.2758294341963385,0.7421787067776949,0.0153669210047145,0.313362059905513,0.6801261516150774,0.2866077654654109,0.8514112339017187,0.6188825826995277,0.095956041,0.409149709,0.218181818
0.7960238240213672,0.4180826467840165,0.9908879786336944,0.4574239120111217,0.2645614557511556,0.3433779364295518,0.0126053635948367,0.8948499330611559,0.3239839828602078,0.123249076,0.480141975,0.6
0.7656777661784727,0.8805144762863812,0.7375486907138771,0.6830276320792911,0.1639692508663942,0.4493944209335718,0.0825360710376974,0.4454602793362481,0.9398443876328896,0.137034622,0.214713709,0.0
0.5774132551840868,0.9887572717797014,0.423366774090696,0.2944940284703635,0.1848294204158106,0.1515882393679024,0.7627808351754005,0.498752837497614,0.3669753153753959,0.689431522,0.317922222,0.547058824
0.3152608166703362,0.6821544857053009,0.5023694180358641,0.0190758291276933,0.2597513348494017,0.8571808637001832,0.3539210967752968,0.8374102087365511,0.7201710852268758,0.239949107,0.434234447,0.428571429
0.3210735204114676,0.3172110102054336,0.6197419600286292,0.3261391084635773,0.3679504971791747,0.4204605360566287,0.3084866012120062,0.9139236684619602,0.0720066012355392,0.133693889,0.325522004,0.32
0.9220317051190396,0.3081196551106694,0.6183508199440823,0.3827962330541484,0.9120890294024566,0.9823920245110064,0.1554449209209069,0.3676008574139605,0.1914167004090298,0.124576121,0.495700783,0.45
0.8960276246310426,0.5251484678122663,0.2779957407628229,0.6101048603354409,0.98331116789582,0.2162043866592853,0.9174454274004268,0.6122181324275202,0.2886161755502107,0.218769212,0.452183261,0.576623377
0.0343658496711175,0.3461965546474154,0.2482536409789421,0.0820556520298929,0.1326881071386739,0.0185808373395158,0.6519536407646577,0.718294186186098,0.8538482240061481,0.169113864,0.034814732,0.634146341
0.4712354510846795,0.6862774860636037,0.1688273762558875,0.7979436803975725,0.0187461843669249,0.8971231241148527,0.010871419424542,0.9645422715230976,0.1281663090968902,0.110520255,0.0,0.0
0.7304529377777761,0.0107609866663573,0.0973517748436019,0.8310289316448675,0.3605403372055334,0.1125952891674855,0.48110542216051,0.1426480743720581,0.0316658791905273,0.026631625,0.219407846,0.64
0.2779695969026928,0.4331055464031893,0.6446124496072565,0.5362412964882854,0.8224208334754332,0.1667902953726907,0.9804694039642352,0.7409424866047235,0.4742376217653876,0.275219606,0.162506802,0.352941176
0.5914999155142078,0.5628649415799862,0.608989795613693,0.2799187677931855,0.988502312157826,0.6691919923610553,0.7115101791607921,0.464348735520918,0.8033541164290874,0.328839241,0.531391379,0.228571429
0.1267810318828756,0.7606529118726039,0.6440125918359226,0.3709611136911651,0.8422562613832971,0.5877322187744615,0.5505227356621428,0.1414179931577514,0.8864086496853113,0.566631492,0.295084359,0.434042553
0.8919106743834994,0.5579415375952838,0.4882488521391566,0.3043298291516827,0.8169008407956116,0.7098093797986994,0.3688604269003694,0.8543482077681853,0.6354861012831159,0.232369859,0.517664205,0.327272727
0.9588543096915392,0.9195957682987904,0.5821578062380763,0.4437445957468799,0.1486450195786014,0.7773834445296843,0.4608060864726266,0.9133159371184664,0.1865922154043642,0.336657741,0.516700526,0.184615385
0.2999649481605123,0.7020699927765672,0.6687482517989844,0.1317704086794715,0.8571845071198211,0.2761908359834272,0.7597876407567591,0.340026306190601,0.4270250078632257,0.355186644,0.270074148,0.0
0.8526518494279262,0.7325088192806287,0.905902059270345,0.2776894387374851,0.2434174716139664,0.0670006167466751,0.0225583208146086,0.189523599732739,0.0423024186451966,0.229138152,0.265071689,0.442105263
0.6738036817195244,0.6567849315530921,0.8341940242983822,0.3953780245041504,0.5886075499245931,0.1833055350354334,0.5690855488188163,0.0422870807590902,0.2317262143167747,0.291936989,0.34693483,0.088235294
0.1918714736934098,0.2444985660731301,0.3291629705709158,0.4066578174048887,0.8535128976019808,0.6189530418683171,0.589191945267785,0.4376220273358255,0.3313528776870067,0.166695654,0.32893547,0.541176471
0.2272176224672019,0.5101835998179154,0.1528095542853658,0.5068302616775531,0.5868195819199662,0.1304252662957327,0.6721675555494998,0.6685998550849411,0.1971542356051533,0.200264205,0.060181291,0.096
0.7545195729291058,0.821462377036269,0.8950087302444039,0.3938220649348825,0.9881440182405744,0.4167345852815315,0.1810685656777338,0.3375362062742059,0.9621331186294984,0.469494732,0.341972539,0.3
0.942005315602406,0.3587171406162575,0.0188672419765343,0.6686332804130152,0.4754699645033452,0.3339575716895195,0.0400555250242796,0.4470583289492837,0.3807162742319298,0.061990103,0.547743025,0.184615385
0.7618391984016277,0.0562939757536995,0.6473881685138385,0.2486785999739,0.1542368643460412,0.6672414968576145,0.4548931744290037,0.3128626415586762,0.2462839074953092,0.041958436,0.630309987,0.171428571
0.990281869682292,0.8653872892716488,0.9762661847659824,0.7731030071286058,0.9461670796442307,0.8605022693302584,0.2261843594405276,0.6250474593096337,0.686979560162612,0.368312637,0.424937914,0.375
0.4093512123885925,0.5611477897213679,0.328419834643373,0.6960533407896292,0.3769315492323493,0.8497900264059776,0.919891390156598,0.3986121420391357,0.2450850873018201,0.304004117,0.437557512,0.3
0.3825298165351558,0.569423652142497,0.3476952173982124,0.0937564516399416,0.1213827167864719,0.2579954247910476,0.6106583289330781,0.8057744602909581,0.8092482134878091,0.33507552,0.338798895,0.645
0.0850892126786139,0.4280662023646585,0.2077676721483297,0.5409087866625618,0.7355071259616116,0.4253611254299765,0.0026972421400083,0.012796583058858,0.3881338051896073,0.101697677,0.23247372,0.545454545
0.5966032384213223,0.3246171512587043,0.0948663299256313,0.9715521659616916,0.1465831304278014,0.3893624569019746,0.5869415662991091,0.815276305099797,0.4807080329504438,0.184322435,0.418919589,0.0
0.9539235904527028,0.121603233341506,0.8128648709773748,0.8635277614832194,0.9382059021975308,0.6022465095522247,0.3324078078268128,0.0455907355407347,0.5572103063441762,0.070793876,0.532576215,0.0
0.4500570197478521,0.5354300573863789,0.088921352441601,0.6081834894331889,0.3406337512297511,0.1482956365814264,0.2826209849596559,0.3015466510194452,0.2132456881694456,0.094327281,0.194130379,0.369230769
0.360969599613622,0.3358728433302163,0.1186955644377623,0.8814791279340101,0.4794028374217066,0.1972234947560286,0.7328463369068405,0.5582161651473354,0.1415736049850828,0.127682354,0.167506441,0.12972973
0.3754181380690553,0.281162454129368,0.9600170457716152,0.273067835168547,0.2211251315012323,0.8455058705965737,0.5882953197331543,0.8141026667968251,0.8351159951244883,0.177380359,0.448874092,0.057142857
0.8609397426341254,0.3560586457413807,0.7694853837299299,0.98361537695791,0.5024035840555212,0.0294210236503182,0.8091942143675107,0.4569453255757375,0.7185577331854527,0.197990737,0.087368926,0.0
0.722581224808855,0.916377782154014,0.4923583175150925,0.2772931103566827,0.5733430436938448,0.236109548451571,0.2353564658675955,0.4119081870417522,0.4051502524575904,0.378627941,0.31945215,0.755555556
0.2782866725185304,0.0980846870935778,0.7016587615562887,0.5760353788238479,0.3978669207521745,0.3858319416680729,0.3678782965705316,0.5052357379360476,0.2038439817298153,0.052488386,0.420618166,0.675
0.4398234160438655,0.722631738908411,0.4790118296351409,0.7014051858297017,0.540634864832034,0.6840534023896793,0.3572368683237515,0.4783273416557659,0.9759802807996936,0.262738186,0.37897232,0.733333333
0.6211944421548091,0.8673210418730434,0.4897693361477213,0.2907137901365394,0.955830960720728,0.3703748204926156,0.0763438523992261,0.3848096260390525,0.300516113716163,0.300728597,0.44997151,0.757894737
0.0725729215663404,0.3437290275149171,0.9872299755728584,0.3899922461567031,0.8151695722717168,0.501735820907801,0.1520296702323764,0.8977139239659787,0.9830983613546388,0.141288272,0.171424988,0.0
0.1312277704079513,0.80683119639891,0.2842776716772102,0.574113803239534,0.7070818652907881,0.6126795949077211,0.7463413864122137,0.2540386899674709,0.1491800141324039,0.33584925,0.33653886,0.305454545
0.8838334197090051,0.6861818672274022,0.2270576644112755,0.3583749450962146,0.967060477664642,0.8400651064350756,0.4912468322936432,0.8062168292895199,0.9143048146407452,0.228095248,0.580465047,0.436363636
0.8985654439789041,0.2212400159094002,0.8468254377749386,0.5018189332100881,0.7746777705296725,0.8135595240683674,0.4884845199966011,0.8459353265780989,0.0304248485190237,0.038335396,0.959117802,0.0
0.9318624527495732,0.9358211408208822,0.0062939663402735,0.6853865142925034,0.3016170022477049,0.9259663559871224,0.4261262546740206,0.87267372706051,0.8504380149981694,0.353908222,0.48074736,0.568421053
0.6821387179712122,0.8833893950725442,0.6884984966600372,0.006220656061775,0.8838465367619637,0.2442162603320019,0.9072682940029668,0.9712162813977704,0.1718178088706754,0.512933594,0.469739744,0.635294118
0.673939069189714,0.7831353005348408,0.5476699405120584,0.4903769226348111,0.327003615867247,0.4912585856757345,0.4488906329998658,0.1332389458206002,0.9138396984377736,0.283453728,0.332654986,0.0
0.0327443206519515,0.9999989050217786,0.3846265559224997,0.8087939352771746,0.0143461201826946,0.0558949744138477,0.3397308093543985,0.0132111260236303,0.2309339339739975,0.368175583,0.065075739,0.545454545
0.2272399029689278,0.253477565682,0.0272618084467526,0.2182750055718685,0.1739802136916061,0.8359649324610631,0.6932241647772726,0.8422477111443866,0.9262114577829922,0.16261547,0.441955661,0.4
0.4196600108470114,0.5126372144955674,0.410393192247564,0.7892123728170242,0.5933898029818897,0.2753742293531726,0.1880906286942117,0.3597893868703242,0.1978495593816476,0.11897709,0.24381055,0.631578947
0.1328351229422294,0.5153344138878428,0.3988911884223866,0.4562416213590788,0.2525031143829077,0.4944706489958245,0.0544225366280487,0.7117267202238308,0.2629022540809125,0.153873038,0.253011027,0.646153846
0.9665747639251476,0.8066463730740561,0.8552624714965074,0.8749254718179863,0.4473003804552288,0.8198251354514026,0.1838728340476668,0.854037021713752,0.1853306895070879,0.318028063,0.543826893,0.0
0.7225980748290092,0.3761020168003035,0.1170428110893788,0.6182507061678727,0.0296060576346216,0.9076308713964498,0.3235323953659291,0.8075986055545248,0.8998743138177241,0.168275853,0.618113059,0.0
0.54904916070067,0.9209976502412724,0.5557542541960717,0.4755529523285824,0.5163464745863618,0.4645377888044303,0.6840315096626114,0.075171168688861,0.0291948595439992,0.421752765,0.418667622,0.518518519
0.2725064596296758,0.4270824956936996,0.4410790344582885,0.4989939101698328,0.3073278492483514,0.8574248472150234,0.6654212355298573,0.3544056671410652,0.5277732892896781,0.293951001,0.466248451,0.577777778
0.4214082687339654,0.904674615374155,0.4160472420828595,0.1541642474810637,0.0513018964606939,0.1937281411320496,0.935672136824935,0.6190812460480213,0.3667820750080769,0.532734559,0.222786026,0.314285714
0.8208387862741369,0.8862230993328057,0.353758133241456,0.7595041343361918,0.611441803977599,0.7965480226939371,0.2310591721223464,0.8523018382673736,0.9871279019610676,0.251174822,0.548958073,0.0
0.3899968252156434,0.5156830343813619,0.2318101884700788,0.989159702964325,0.409556103368262,0.9286033732961364,0.469452916844056,0.4131345873606254,0.5720162111088548,0.158239542,0.44804441,0.0
0.2330959017439756,0.2218704160096087,0.7628453883118788,0.9658671588100418,0.179430512441915,0.4621320864312334,0.2271847736761755,0.3126276181551729,0.9680194921876,0.145453406,0.110030486,0.0
0.7745988830907369,0.6528429338415782,0.5019915938531538,0.2457330153415464,0.0407721821677916,0.5922354404062715,0.4602451122761023,0.4854623226105293,0.314231320512461,0.210424297,0.443936252,0.742857143
0.1457024431355155,0.0993755045051261,0.7006962586015895,0.5098970104615717,0.670670732395693,0.3112137054632352,0.8106871425306923,0.0279503185023407,0.0396011721767695,0.10226833,0.166635507,0.39
0.2435846019107371,0.8227743083845646,0.6851235961840069,0.9527766960850124,0.8618451005570186,0.9764578531745552,0.6553784914779771,0.6210613485598592,0.4273179764087171,0.514028017,0.484172867,0.476190476
0.6330888590808738,0.9112332061233503,0.134264805065835,0.3075092697601809,0.8172677619722336,0.058193152682464,0.5744996116703275,0.9084867129504748,0.5535907921744926,0.608683458,0.161146835,0.21
0.6224307609145276,0.2208840861555397,0.905490003022214,0.7259997721411522,0.8889627527330983,0.0230903410059826,0.932579936507914,0.8737894454721242,0.4366130494804358,0.178430251,0.117120577,0.40754717
0.712779440852017,0.1769215642939345,0.1434902883046589,0.6081646478008746,0.4424885496458168,0.2000480799772713,0.3303900348321509,0.1551574238540951,0.2778911761504958,0.086518935,0.231767901,0.8
0.9482001587424564,0.3310541926966784,0.1767141646831921,0.7011542013489301,0.7485465843403665,0.9780514728293128,0.5105233804214447,0.8713560274274317,0.6825825105136241,0.214459665,0.397843053,0.0
0.8589458765553895,0.2828682514520736,0.229558541171943,0.996578006673314,0.2126480369403255,0.2233611585728768,0.0838871283282135,0.7127721854304835,0.0921389701182393,0.131263254,0.249044687,0.0
0.9866277448214408,0.7371191105259293,0.5548349849564588,0.3631755222732395,0.9053825410840088,0.9536058058590036,0.2415769714583404,0.3253998528669478,0.9089961936157946,0.304166079,0.558481679,0.461538462
0.2793935708009299,0.0797708424598994,0.6972788039932611,0.9323901498768844,0.7901548705157397,0.0430234997818915,0.1554860612248588,0.9799501463084108,0.4803309026390903,0.091937337,0.036269185,0.12
9.208503267765789e-05,0.9482064242305523,0.0851103478135251,0.2260891953060571,0.2098327520103147,0.5471229866169393,0.1839309084293436,0.2955188132218576,0.6790088786893597,0.391412233,0.120420824,0.171428571
0.9700961872424376,0.9527563415524244,0.026667222354144,0.2682140729797742,0.1225318257538172,0.2665326004019883,0.5733683545804675,0.2618043141440334,0.5953803047520838,0.533572178,0.415558473,0.102857143
0.4341904776027177,0.7912169996465055,0.3777617099946517,0.8699362558156685,0.032916236321513,0.590305138319415,0.0343221398011336,0.2110631987000698,0.1874961366155936,0.269119992,0.366780401,0.562025316
0.3153335606887784,0.4243016075853391,0.5338303785997596,0.0159575009957431,0.5839980019889691,0.0536005886024403,0.9828846202205668,0.4618876445320528,0.2107584676192421,0.199135311,0.074450751,0.285714286
0.3111290142277423,0.0990080637545479,0.0455494711772078,0.6618238656890687,0.945413955984694,0.5596900179443952,0.6693288507362485,0.1147627581690884,0.064267517008035,0.109633806,0.40012705,0.347368421
0.5117446321222756,0.1725449719341344,0.9607724289152229,0.9405766883279992,0.3611283414821646,0.793501215087587,0.6647085927738142,0.1388426527231444,0.655432474101,0.113637863,0.465012363,0.0
0.5450102886895435,0.2947745620679923,0.9701792232045132,0.7336019174785448,0.1857817545656311,0.6565230127725259,0.9251740692674192,0.5104412756510909,0.8870074966196446,0.194617504,0.535041627,0.539130435
0.7707598867735252,0.0053296671127781,0.8968027894577312,0.5426110813681997,0.1543733333840531,0.5239520048888853,0.3030053089781175,0.8891500970715078,0.3049684375209553,0.066600077,0.492345908,0.618181818
0.735741641307093,0.0802391237407247,0.8599280248293923,0.1489646909848957,0.3756833794006631,0.2607680656435214,0.5560306593771416,0.0199940107193603,0.415523881331267,0.103928811,0.27481695,0.0
0.2899310184063413,0.0418011727593108,0.7204648073584862,0.4263340719617076,0.3571047546364666,0.1672438859329296,0.6109171641938073,0.5834810494926796,0.9666918006164522,0.122567275,0.278193761,0.639130435
0.5449687753633006,0.3532139142505461,0.8089611825372968,0.0797366683440482,0.0687620628748092,0.3139791995255911,0.152483997323977,0.9360363011452923,0.4122986269578097,0.15595636,0.315240247,0.36
0.0071495454892274,0.6026590215620238,0.0290146536946546,0.1740913426511027,0.4988179120687317,0.7217750175564137,0.2344117245878537,0.8878160529385133,0.742300282147731,0.159591225,0.274442015,0.2
0.4853656977967295,0.5031657863353414,0.9504662072960768,0.987844012305898,0.3487570416796682,0.3239656062333854,0.1350601150159568,0.8416836924167931,0.2426428589524328,0.124327898,0.431682606,0.24
0.8521428674706347,0.5360281904083116,0.8231504671968487,0.0459929151964457,0.9001671002305813,0.8360151446412271,0.9714365013016506,0.8550188350764291,0.6538873445455757,0.281856932,0.502774633,0.0
0.7646909618943944,0.1245229784750472,0.9858533712637846,0.8453655959886722,0.939952557603976,0.2794390923267515,0.2086401003615791,0.0932094773238185,0.8659719711182425,0.070982254,0.336181217,0.4
0.1640646579282186,0.53242185950139,0.15210749405873,0.3374291452232488,0.6006563739471661,0.3624192700206854,0.7294103906112074,0.5406318813989099,0.0766004743535941,0.218781141,0.160068525,0.077419355
0.7164166839877932,0.6150242289308718,0.5987281250475667,0.6420990657793478,0.4481393742751021,0.9053525684220476,0.5981004922035791,0.1712524847500482,0.0893425163847958,0.337580188,0.524785104,0.409756098
0.9999131555052684,0.98866081330114,0.7325622878755245,0.7901456052837517,0.0849438170293791,0.2054032660462105,0.8532836056460885,0.3903732138168285,0.501242994701944,0.740944779,0.468399815,0.4
0.8328091850351107,0.805023117763957,0.2664848686504095,0.6785920360376565,0.2544853760041049,0.6793513655582587,0.4878590418801444,0.767346291413869,0.5558417945091569,0.232737971,0.47731464,0.0
0.8989964209358344,0.7070202992652439,0.5350158274815289,0.4650179644371107,0.2862448492894601,0.5195757209417124,0.8966505475161757,0.7111202381736738,0.484354713034823,0.392343121,0.530052498,0.166666667
0.1637534350666842,0.5474951531120932,0.8718948022251627,0.6696865426772144,0.0658256654336167,0.6522092507333048,0.1969456536250928,0.2080477889996831,0.4810791363292512,0.152720219,0.221812655,0.218181818
0.3894534217117037,0.7751595170960011,0.9526813797499436,0.2473448804127621,0.622472616683109,0.7570676368310687,0.3554954343076628,0.1743442878073736,0.5896412007532903,0.266972279,0.490482058,0.0
0.6163834000173743,0.1590981311527214,0.1348067437220198,0.0313606427579357,0.3282810860828901,0.943532872882122,0.819660232785401,0.6280092079715976,0.2849879138339602,0.109943965,0.608830556,0.09
0.832723825305217,0.1160892990837488,0.9353094807996658,0.0575783622416997,0.3001673867620446,0.6157580165859563,0.4328200653407588,0.4227777138339564,0.5435583966532063,0.091540227,0.400149348,0.171428571
0.3519983863547749,0.4326715335459957,0.2852977989243861,0.038423832616815,0.2470620660319687,0.4357338200391421,0.6548395562609118,0.2334613178816341,0.8593445295442276,0.26486702,0.402246067,0.469565217
0.6420598825568864,0.922915580758512,0.23385217840214,0.518549660592763,0.0637604069127668,0.4134007920214736,0.3819583011910171,0.9884048165220688,0.2852691270109433,0.305873274,0.499648262,0.821052632
0.1980092055005483,0.8752597629425254,0.4403002786003334,0.7033506938026846,0.0298627107427067,0.0138201868455803,0.3594777288749221,0.5184427242431415,0.5285797742016706,0.34820887,0.026007175,0.0
0.8305090608858463,0.257020135111369,0.5787844400676233,0.8447630807620606,0.4196386271949907,0.761186505122491,0.667272641382797,0.8405814968152377,0.7785262338504129,0.132331956,0.524376724,0.111627907
0.656289516639494,0.0691011722077885,0.857740381728215,0.8897026314214029,0.840724013404884,0.1120163459868291,0.632882662773224,0.6977595543577169,0.0554714647141966,0.105519014,0.173490659,0.246153846
0.1646999916780687,0.9587410807317048,0.138613091375973,0.4772250648266151,0.2480111491519054,0.503695433388619,0.2378240137639287,0.0389538996786208,0.820939762995663,0.389930026,0.329635092,0.0
0.8659109206662517,0.3413265936056718,0.0530921301995725,0.4274509780806973,0.9685743007669242,0.6178982175594496,0.2202977793592865,0.5688925423771451,0.1022088215346567,0.103902599,0.252164146,0.6
0.0088977527364341,0.4274856150644934,0.8970875854919055,0.3000603085700888,0.1396585057036553,0.8668064978401724,0.8853956481011499,0.6919102771418831,0.2755615430443136,0.259705129,0.31303094,0.680412371
0.8149985078941729,0.3111165439419384,0.6244386851111887,0.7181742644806524,0.0097628795808133,0.3561069431297893,0.8461690450770033,0.5921712117248203,0.1854500439243966,0.169821022,0.362514037,0.156521739
0.1967380626179024,0.9937629990498086,0.9355450471958738,0.1657971032667042,0.7916267609696527,0.4914129963954624,0.8416235912693162,0.5145187712464624,0.6217116577915063,0.63712332,0.279046289,0.0
0.5517920355504705,0.0095520855216161,0.7660493188781644,0.6721422836250868,0.5927674258951247,0.8707112855550736,0.4504250192792646,0.4793798855822659,0.7495598810158248,0.065151521,0.518762496,0.378947368
0.6767899558757445,0.4811727340121381,0.4558260298601756,0.3462231887826361,0.1290949730776349,0.7636134525699826,0.7748816932797897,0.7065774943548205,0.961956715803508,0.236878244,0.489038326,0.0
0.4735282359756344,0.7764629619556206,0.5075056380489327,0.3429043564182927,0.9026473739312088,0.5458430552437387,0.8569031298478528,0.0403735835499964,0.4153433563088086,0.448936349,0.461382965,0.174545455
0.0445628760845612,0.9130070863634516,0.8953118631954587,0.4902267567321923,0.0102578547691883,0.0307458652649351,0.5588747769640537,0.3264898006076848,0.2955870144394086,0.547965378,0.017396887,0.032432432
0.1735750284428381,0.2940110097936587,0.3306029872337133,0.9602799488303904,0.3365511414341201,0.3739341109873324,0.0287917496574388,0.2572733235880982,0.150037259782634,0.052811563,0.244355951,0.133333333
0.6335172919993546,0.9206405040517628,0.9882422543575092,0.4819693285093996,0.0904183037206393,0.0407503989585015,0.5586051355386039,0.2652428596455998,0.7587935215852463,0.616824068,0.158486529,0.636734694
0.7784386197426411,0.0393219704157137,0.548012100219364,0.6871520134969219,0.0742379079605336,0.5319792552706888,0.83494798384273,0.8654454367804271,0.2427445457421602,0.100622736,0.440537253,0.229787234
0.702158955543543,0.3428883566316721,0.6042115501445967,0.3398680969446824,0.0417461042709317,0.0103628680801087,0.5024442179325804,0.4018765918456164,0.0194892295209556,0.131734184,0.11521538,0.754054054
0.4624600971775889,0.0182581492053702,0.7814097783842671,0.3584426764095922,0.0928847376057148,0.104661441921491,0.1935863782598957,0.4361797386543732,0.4613684857711955,0.05617913,0.321086056,0.4875
0.9024250224346596,0.2027504540406715,0.0142683584402703,0.553840447700266,0.94279956795039,0.9149548542728936,0.3508741841030057,0.4069230702996347,0.4236309844682735,0.089225777,0.292874697,0.12
0.3545365687876376,0.268527652727797,0.7641496978541379,0.019760931055021,0.9315077232398044,0.4068516467064887,0.1468426057745532,0.2881360558816933,0.8996933875830195,0.153123658,0.272318599,0.75
0.9025048028273284,0.1305799270435886,0.0718510047749544,0.3932186435622146,0.6119332401996065,0.1155331153230003,0.5249670446557352,0.8655524001613879,0.3352416341651326,0.103389633,0.227023528,0.0
0.7523008979129299,0.6372678793187128,0.7756313863684398,0.6922249767297817,0.3061455385181105,0.1516685131367987,0.4804586908953578,0.5287626884675293,0.1543231249644815,0.142884427,0.362554279,0.211764706
0.5890085069628767,0.909136120652038,0.956832555670942,0.5963780885610782,0.0199358907647133,0.4387933275227158,0.3302107740051264,0.2361169082764294,0.8443673793648838,0.311408073,0.182701667,0.3
0.4081868299397321,0.2112651726916025,0.0062180399564385,0.9852767243618572,0.199819598966271,0.7727164153269751,0.2102422811397617,0.1070418768732486,0.6713437687673243,0.105417782,0.345558116,0.0
0.6234380936188914,0.2341581063242872,0.3842654610326479,0.9341810727359646,0.4266532169335207,0.9725298880254688,0.5331209521331892,0.3358451528261088,0.9204361445562592,0.157472996,0.355666535,0.0
0.6232868456512128,0.7791144860538813,0.8486261437861141,0.1061848219713107,0.4297302323660074,0.43008475010629,0.3708078715642244,0.8672016852009486,0.4615202952253453,0.338375146,0.478950483,0.171428571
0.3040164799767932,0.6641911010600935,0.2721012351991945,0.2712435188353368,0.8692236387320113,0.8596244457836199,0.949035496895385,0.6426206253566572,0.3242438148772034,0.302041487,0.431090239,0.0
0.0537797321279095,0.2501456627169023,0.3440875814023171,0.1531571945047272,0.9998755975409006,0.4751964870918499,0.2954211691966797,0.0084952217687231,0.390633979562514,0.094205569,0.250890045,0.471428571
0.1026885592773756,0.0611309606710313,0.1813695030934506,0.0138772920343948,0.7023273547951847,0.9219691590562664,0.6158208703780764,0.4915423975668277,0.1513078783644542,0.108336189,0.342407486,0.409756098
0.8080419854417087,0.1171445921949916,0.2538057561289953,0.8553027074760339,0.1737144668212603,0.5274476731293339,0.7196702354654809,0.7175807998630221,0.5516766779431981,0.105675545,0.477297078,0.510891089
0.1441288534482274,0.8237432149185893,0.9345225696885364,0.3920573041137278,0.3295046052986623,0.8779956381402153,0.4136280696445072,0.1628635820922975,0.3257703078251232,0.450473799,0.347812208,0.266666667
0.8490672090884407,0.769491694791182,0.1000674081337403,0.9648458831939244,0.6993518379875479,0.6416703305002911,0.0560972553931935,0.9205357230939232,0.949141350367041,0.301266203,0.712799687,0.0
0.4498709123149802,0.6070485999624666,0.3634028515185599,0.3042927566903267,0.3727249350392035,0.5753324375401933,0.0118011261933267,0.0961287357240785,0.2108611901328629,0.224762687,0.551949579,0.0
0.0680653863212903,0.4914607202980137,0.3947055007312516,0.8350379587939964,0.5473031037731929,0.8948555204972767,0.2841490845297607,0.1571181053731507,0.7516758145031077,0.169047882,0.389210938,0.56
0.3856650255628715,0.3542993482466451,0.7316545523093776,0.9213197805635398,0.4606943770671294,0.3821401329751843,0.814779279188935,0.2771550380243698,0.660661333784336,0.196400357,0.268200225,0.08372093
0.139563961815494,0.9617374157555002,0.7765373578593622,0.77976987502881,0.215335570839072,0.6641208506959171,0.0705920480544208,0.0853069807162064,0.1977280653703471,0.505001998,0.385027904,0.626086957
0.5589284946787374,0.0497626708537798,0.8930226640158088,0.0555566329027733,0.4249396255635603,0.8818274320193137,0.5553479030862541,0.5667125264497499,0.7035520511529362,0.112047834,0.486198384,0.43125
0.3766336687346052,0.1277896676246241,0.7493375154198363,0.8134751118133265,0.4679353584380439,0.2479153640336123,0.0909347713635524,0.0051972081525148,0.7483693065612735,0.068534501,0.377979341,0.336
0.3253516700232701,0.5653375086144622,0.2345314414099333,0.8557745790402742,0.5154055919814425,0.3361375056556854,0.4190481167730884,0.5645954968604128,0.2150005954970496,0.129332154,0.295241555,0.0
0.0538080628402735,0.0155598844622514,0.7694066038020175,0.3627777480942277,0.7466099033923138,0.6808564011629384,0.2965939601329039,0.6891554142132316,0.941890466093382,0.07177934,0.307584568,0.24
0.4908558648422275,0.4965110323779556,0.3027669754262324,0.2923506949086323,0.9508784285270376,0.8955668048405135,0.8595398897180958,0.0626995006054388,0.8344050354764321,0.240583908,0.589541619,0.1125
0.0602025932113311,0.2095858160475532,0.087970484834066,0.5443299084586211,0.3123767596537448,0.9883082762376127,0.3170445953607503,0.5469484518993499,0.9420060800994824,0.0939314,0.294918207,0.342857143
0.0597176681368178,0.8747030923346445,0.214746797346264,0.7093126101226219,0.7751543256171912,0.1153102722980629,0.9589406502897284,0.2131255414737743,0.9140739125241812,0.495037196,0.077576649,0.20952381
0.2218321582827305,0.230865891523218,0.3769602705704371,0.4670224574091015,0.0705788551487258,0.3337098203322927,0.8773220280622529,0.0966336306984854,0.5668322143894172,0.160342403,0.272495107,0.190909091
0.0806625070692224,0.7315801089549552,0.0377341507310438,0.5782011099806595,0.8230080065757326,0.1957702506793437,0.4972232920664849,0.1871400046625624,0.887706808752051,0.248785193,0.080208486,0.282352941
0.4397975797321639,0.3775722924820576,0.2747571707758443,0.2901688494806691,0.6353418640497082,0.1839453747927971,0.6241791208883682,0.8055111960046328,0.520751129071407,0.165789551,0.166142216,0.0
0.0326348568693285,0.4628764856170596,0.6757206247726992,0.6417412645546475,0.8777569696641931,0.9501822578265658,0.69599787442788,0.5652594291521652,0.156003598801009,0.223056554,0.223615136,0.1
0.1310515214742292,0.9608335091530554,0.9449987958971404,0.3377701498757907,0.1201409415285379,0.5042345593221675,0.6508107933820373,0.6783425874645075,0.5474895176482902,0.580969537,0.27296897,0.035294118
0.2833016699828213,0.1407789669888091,0.1185019347961877,0.0528276794889412,0.3138896386535797,0.4032118505914511,0.5490707343536393,0.3443666731572312,0.9565544995657954,0.131528108,0.399601521,0.76097561
0.0096907226421553,0.4556530779895196,0.4865866514434368,0.8143087695368977,0.2736012202411768,0.877633006577594,0.5394129411822597,0.9748585900176892,0.0765861763139181,0.216069167,0.311900234,0.15
0.3170874239648682,0.5941422005536525,0.5159815122744134,0.9136963749526372,0.22082223669592,0.2264500909199935,0.9804137027335416,0.5479020169274486,0.6033541989616689,0.305553227,0.20451107,0.184615385
0.3537228710464244,0.6908596068895639,0.7579199059765602,0.7838424569127117,0.3086631663676242,0.0544411065230933,0.5350141825087277,0.1757585229745196,0.7934993756485621,0.358178671,0.182035654,0.451612903
0.5902408220493549,0.9532665429566628,0.4630379364405032,0.5211196324272529,0.7479383972703589,0.165782307256453,0.1488510336154418,0.4258126243946422,0.0194692015149037,0.325716004,0.131072569,0.923076923
0.9645424396629704,0.4413832143959003,0.6502359085537753,0.865428506392831,0.9458278601759428,0.3782996597143271,0.4892251338876837,0.901374441682918,0.9481067903122568,0.057347778,0.506604907,0.0
0.1020460405534232,0.4866257489378551,0.491949855850873,0.8327501638080353,0.7971039418881458,0.6136358079541436,0.011342900528797,0.2221649945971107,0.6311587767989865,0.112574118,0.624235502,0.0
0.9435687481336308,0.0495227946859504,0.6048768748814651,0.3278659332084841,0.2564675244979609,0.0753229106137933,0.4065605418648973,0.6139569208051571,0.7865048543698513,0.073782373,0.267530958,0.514285714
0.968795219970537,0.6192857510200234,0.1252766432390827,0.826590395369026,0.0076699739610488,0.6022446880678708,0.535058990747406,0.8219461283872718,0.4554546150468631,0.292031971,0.546269473,0.0
0.3387017578557527,0.1839664130174343,0.1030257952777021,0.4636369517326197,0.1725045059759233,0.3352722648098787,0.5874481405079467,0.0349940743541192,0.0417049427654238,0.09790089,0.178954901,0.057142857
0.2885214673946934,0.7245945573554432,0.4188240885414025,0.9910067905731724,0.6268382801608784,0.6914094514938571,0.8692273074565868,0.3667524233763491,0.7418306175398143,0.393884758,0.38373003,0.0
0.9760342767833896,0.6529086986061521,0.7473412828402163,0.7164923620739181,0.2464544403016111,0.5113975112499445,0.6371928877599021,0.9162055224829444,0.1955080305133582,0.299446607,0.558829361,0.0
0.8240694193736167,0.7665563030494769,0.920743016327368,0.8091390479256095,0.902030760420226,0.806076632316477,0.893329843816186,0.7917530914437364,0.4732671790371696,0.572675892,0.532561711,0.054545455
0.1875449004818451,0.9027670858478204,0.7477871594699548,0.6670641419942885,0.9538338863362944,0.7784368340048535,0.413203934854884,0.8862757990828578,0.8925046303869268,0.39489985,0.340063428,0.16
0.5059179333640123,0.7787088754669876,0.2101055503066484,0.4555043232212462,0.366138289261029,0.0869488619674144,0.6634769170177962,0.0200096355070391,0.2029469712396765,0.378315081,0.105963293,0.027906977
0.5009737898242616,0.1281585216092432,0.9219534139563758,0.7145155881208792,0.2906867834443836,0.6569676036469885,0.3527826905183349,0.0732938362568995,0.1239712413939452,0.060278362,0.504699143,0.461538462
0.2117556608802896,0.4072710601905615,0.7614569843384877,0.9991332955259642,0.6007734183706606,0.7747539141466088,0.630266780145982,0.8070958350230963,0.742983420063822,0.220887248,0.437063793,0.042857143
0.0092222148488436,0.5429187592895388,0.3945766379414801,0.2449172830256369,0.4822515674285464,0.4022304644933857,0.2343012356533644,0.3515083972632692,0.291581657500099,0.163864051,0.14239821,0.254545455
0.0769231977541768,0.1303484549853687,0.8076368310086172,0.2558268185626134,0.0633979741485228,0.5925211041990524,0.974958210155614,0.1116088953953187,0.3037049143694962,0.125068039,0.362897377,0.574647887
0.9000931290891038,0.4178662142151873,0.98193756845502,0.0789368656338624,0.7052513292051162,0.4393681574793738,0.2441760819617793,0.9578214699944804,0.1722267032035841,0.150220185,0.332184399,0.64
0.308813991910968,0.8507928894184319,0.38664278930972,0.6975225182716216,0.6229723717023986,0.8859519704518675,0.503537713342312,0.8989126274082333,0.7201127244044789,0.384586924,0.529851071,0.0
0.932347907475382,0.9712867523061196,0.2824152631605484,0.405963401227972,0.5880539461624356,0.0016320212282362,0.3427042736573348,0.4885796046044038,0.5379777789455991,0.296940276,0.123956275,0.666666667
0.4395513427842312,0.4669864983937404,0.5094047999038797,0.8823191078732976,0.706076144402896,0.8050080770492315,0.8813707321678056,0.3481358122643564,0.3324228217270577,0.2657376,0.476369179,0.324324324
0.5020109318654684,0.7735434823872526,0.4871489014768795,0.645850234560441,0.1428014337133009,0.0383424353899386,0.3626146707814109,0.1646851548415906,0.0209443065886657,0.21594762,0.076632321,0.705882353
0.6946149151571881,0.8170338990763248,0.9234088309495472,0.5115179390898903,0.2933031125449471,0.7444771277800545,0.8584716192806809,0.4708624849027308,0.3494041381779207,0.421062741,0.546570558,0.55890411
0.3317282236963024,0.0087267095082573,0.2057279184135998,0.4012074765999073,0.5873299457396269,0.6140542938805842,0.203294855078201,0.5745443762961722,0.7210882279427294,0.064702409,0.545592378,0.6
0.4480140863254589,0.7894826355059882,0.780058573022834,0.0531806566025696,0.008528112017567,0.890197968099096,0.4845947756554764,0.5718877991143758,0.8884579439955506,0.277819803,0.613600135,0.12
0.822943046207389,0.4128025916691861,0.4679665469229367,0.6163984809556635,0.0472226606070098,0.288793539224068,0.651554905596311,0.3591835934661831,0.5180232453768702,0.196827825,0.363739719,0.0
0.8577973893126283,0.0226369652524435,0.8196222270864417,0.4986623703645526,0.042440676231832,0.6934804157885044,0.8677073851673907,0.9219529975484824,0.6718154205183704,0.094611312,0.639571191,0.0
0.590085922662162,0.8208343957228375,0.2052182448503657,0.6439377672938285,0.8576108482296599,0.4772506833790372,0.232336026169786,0.3547200911389769,0.5256401432865331,0.209080065,0.48862487,0.553846154
0.330524349036007,0.4677694158805565,0.0888849410536828,0.5292718325816457,0.9731819902673484,0.1678449706717737,0.5102789152090816,0.843527187746239,0.473839166638499,0.217997225,0.27888281,0.516666667
0.7039041467478218,0.7744404636280133,0.7379540876484395,0.987829381193388,0.1257692263428941,0.155000697770234,0.6073731695210746,0.6736851750896192,0.337447646264412,0.427431849,0.370608732,0.424390244
0.3411447397143288,0.0063905899607941,0.2650193319270383,0.4303029525218532,0.7045953216033252,0.6586699332121884,0.0653336635732256,0.2808622556012138,0.6854081737421529,0.059876515,0.387660142,0.564705882
0.5314861676020362,0.0426581193037313,0.837783539326942,0.2821617200861386,0.5298702823821626,0.5239338854655108,0.650814465705984,0.0376498783675608,0.4852078466884367,0.116210889,0.421532468,0.4
0.6814759776975748,0.0185168014360458,0.0970860558576992,0.7248629693405091,0.9645158198276428,0.3194205882641873,0.1650432806731452,0.905144719845998,0.7677644517763573,0.07845999,0.464555108,0.0
0.0537070873236886,0.006584929935597,0.9530858295284892,0.7011039493445916,0.4884733998733196,0.1483224728873378,0.1357420993649244,0.2229255432713823,0.626351642831301,0.060369411,0.109427224,0.579310345
0.2563326072256034,0.7688678810595293,0.243476403448693,0.8723526215000311,0.3961719723689638,0.4937769502839501,0.8460978036530289,0.1500766874345086,0.8453717664320489,0.338046625,0.355647882,0.039344262
0.0124854747749646,0.0902929209411544,0.6209198514859411,0.356972019019574,0.2245646998523736,0.8239875152977751,0.5260028312893733,0.9241044635701526,0.9986086381779128,0.175315271,0.174310605,0.0
0.5917933500424598,0.1396038238878822,0.6052036933152043,0.2330622589981096,0.2495134703308827,0.469763182517334,0.0060502355469619,0.4634035055321546,0.4793864538672008,0.096265959,0.50536009,0.705882353
0.7001056757219255,0.6911466491143201,0.6502848556413956,0.6275024115653434,0.8611263974046628,0.1633068767563347,0.6593906345866489,0.9118651810202912,0.2011881006202974,0.557616874,0.21441222,0.171428571
0.6413383313056541,0.5068620423004317,0.1464772919792432,0.6974193608144303,0.5558034192418658,0.4493301547369726,0.4897298735869824,0.5807724514384491,0.2909351559982435,0.156128393,0.546303382,0.694736842
0.3108971743017606,0.0838022689596131,0.383395936322073,0.0024796428924802,0.6799539671003011,0.9610377219222525,0.9593581028304576,0.4233721362395665,0.425525923782847,0.117397555,0.458343126,0.137142857
0.5471755899256019,0.5457642434437231,0.0977287691321641,0.2968812967863233,0.846033786731699,0.6493525306452202,0.6775671344911669,0.0909490110750986,0.2592642505691691,0.232439061,0.384989043,0.369230769
0.5113785625390882,0.2279268554165372,0.6477984274723112,0.4033527283175647,0.3277560891998221,0.8043854686757359,0.7316676401380873,0.0688396295374073,0.3370295836690451,0.154420997,0.483722105,0.222222222
0.4626981330267175,0.1510245348485921,0.8158948928888545,0.1564755511605717,0.1759848272742612,0.2367886264966072,0.2629995727348833,0.5056327408071183,0.2760827554798555,0.061731906,0.135180238,0.0
0.2452048548748366,0.7553584801541763,0.6666669061563559,0.3969812383190099,0.3312836414934537,0.0511347949972919,0.7189757926323294,0.9377874062422016,0.4503648604074772,0.492838596,0.042591845,0.0
0.515985125704034,0.4553915521385134,0.9210153412796688,0.8741641137581576,0.534710251368797,0.7656731444251428,0.7132420119484536,0.0720745388108191,0.1545667781666415,0.251762689,0.420786955,0.269387755
0.267177219891374,0.0839275952137192,0.9248022077577138,0.71219273937373,0.597412904824682,0.8716539452830976,0.2765360158207615,0.9843414088578202,0.11434318109575,0.091685683,0.319823227,0.2
0.0562603578535365,0.9569997251792428,0.734172741250371,0.0064456225011119,0.554998506009681,0.6155376911378887,0.8953425867901932,0.2761463894697102,0.3117773557795594,0.520660278,0.166259317,0.0
0.1986426229823464,0.6939100550452871,0.8881716479786957,0.5631895036936178,0.7759247963086731,0.1051662206837804,0.2447368918253266,0.0716317854177129,0.7267006113528366,0.205388801,0.083356401,0.0
0.3345272028831146,0.6774046262139286,0.6131204188295174,0.8357752213993723,0.8881896043523276,0.0938921182440367,0.4744505102963097,0.9291509273247066,0.6893692858836223,0.202872922,0.087141598,0.218181818
0.9553034501394382,0.5654915783271994,0.5604363031700967,0.5241238540762347,0.4744594005543231,0.3683449827876194,0.9172486243076988,0.1362063440901988,0.2299199768156146,0.346819912,0.459060989,0.570491803
0.6303595589480765,0.9397434579427776,0.5866239497774349,0.4628090483128155,0.1659919764610316,0.5007221391797123,0.1715457257679332,0.6679473571357347,0.5467838506863887,0.380896088,0.448561445,0.0
0.8167928503568014,0.809495367111213,0.4318735478707829,0.90139921152386,0.3628362425718084,0.5800204740159041,0.5817411279663323,0.5747164234868646,0.9118428768579496,0.440326567,0.412307316,0.0
0.1482971127673104,0.5174822747427847,0.9267537561634306,0.7094339715298268,0.0736077051423443,0.140584997170166,0.9170072409449284,0.81301398097845,0.0263891939069224,0.215850259,0.086308867,0.153488372
0.2604224667098366,0.8236651338926659,0.3005532380224204,0.6985667776226582,0.8029196186940226,0.4242634243719478,0.3709720562666193,0.1472439002624834,0.362271733631419,0.395266794,0.326651341,0.4
0.5913061076321526,0.0598349131496762,0.9566734971241334,0.3550166967579258,0.0175284881909495,0.1941823096864257,0.3752087454521019,0.3989234064525185,0.5598956816052358,0.093243419,0.081598134,0.0
0.7072158841801732,0.6186879934828253,0.4821457857172535,0.0827575527531616,0.8596491374142126,0.3774206778549521,0.1940921007121742,0.3436999333135005,0.2871465032213663,0.217421265,0.259249484,0.776470588
0.882556120908152,0.6572955058295652,0.1353993314552953,0.5536675943249365,0.1295645615916357,0.4509043744179103,0.3647625842787724,0.7615140989456873,0.9687942441105772,0.217350351,0.579061324,0.0
0.391885713529334,0.3531690656018517,0.0640161313725919,0.9509634431989388,0.5687540509069074,0.5349697595747797,0.0133899776061725,0.3771073269151285,0.1761234775924579,0.074470451,0.307673599,0.0
0.2286930641852523,0.2552646282388318,0.4610666689461075,0.8947572396152943,0.4165075056786254,0.0101187770013408,0.8647202316576661,0.150491450452753,0.9055386127135016,0.204210698,0.057176676,0.547368421
0.0862764027607069,0.9275461351681196,0.5965777075965562,0.7854435549634541,0.4968362861485104,0.7017227244862876,0.3914296378767754,0.0511605292004538,0.4189385191295331,0.363085338,0.316678117,0.5
0.571995124741172,0.511137829989785,0.048557258964609,0.797791753077505,0.8135381890516037,0.1030738067416765,0.2770881521116213,0.3665927578978593,0.2666599381781382,0.175266065,0.365539688,0.8
0.8171192868667073,0.8020942320178289,0.4323122643560179,0.7131703507618802,0.1858317130389013,0.5389659106483183,0.0784131859716884,0.1303139951737407,0.0087755847877619,0.271658304,0.178914352,0.6
0.0962873889513085,0.0927528492710232,0.1682581651006637,0.989951119941833,0.4644393728878758,0.1975689033138303,0.6466457689203425,0.862878507419554,0.9257704523866188,0.11929934,0.181911309,0.443835616
0.7592356948198047,0.0224642634206888,0.6243238297270332,0.8633776643340625,0.7290773993000853,0.4812482753455819,0.1449384136131599,0.0276142084851247,0.7522132088351571,0.104436271,0.441081431,0.0
0.6236588937364801,0.8087308670169102,0.113519356132733,0.5665251557831985,0.6081974991264283,0.9467811652094976,0.3276353390644749,0.5534303074326046,0.0666550160616915,0.282076762,0.381409996,0.685714286
0.8561562701152204,0.3949800800668988,0.9335722386625532,0.5529506239304568,0.9144918617852534,0.3528919325005353,0.101088049565356,0.7638243865604472,0.7073653583411855,0.147122724,0.295663518,0.65
0.1795085391451601,0.2501506010924246,0.2842967790081011,0.1099432038646144,0.5520747907341914,0.4241604344910307,0.0752023821079345,0.9970789203744715,0.3508987822904257,0.098577011,0.366481446,0.492307692
0.4409909569893315,0.4871270599178107,0.519428668528538,0.0702603508570256,0.1976014466151541,0.495231674958719,0.5313062682371763,0.7077811154331953,0.6936249507345645,0.244716211,0.424626709,0.323809524
0.8251484634254551,0.8362619976526022,0.577035842684976,0.162378331338827,0.1570507984694297,0.691545117858714,0.6276219963181711,0.110878005758862,0.4175659153555495,0.515210964,0.423353217,0.0
0.6959506275837083,0.2298479215184951,0.4947476301507183,0.0223799176643422,0.4288299179689796,0.2854815909833842,0.4744280777930598,0.6216132752114508,0.1228290630746381,0.073896093,0.130471917,0.4
0.7993711188582425,0.1186746855016402,0.4306189689246396,0.9420044312283268,0.7130776686292002,0.2532202478278318,0.1920288428252518,0.0185117118277879,0.8854807482919789,0.09182222,0.330383047,0.0
0.1128122599076294,0.6730479114893129,0.5754733042040029,0.0679899193697518,0.5572869980084265,0.5395251741133577,0.2626171920945903,0.277743587012201,0.3050234439132787,0.189221201,0.220726411,0.176470588
0.9111090882731612,0.3660445999163266,0.1402205218379484,0.3156925060757797,0.213049640311965,0.7331929174748677,0.3632936467450496,0.0541112142066403,0.8956528371352864,0.113012371,0.513521951,0.0
0.6741641688738774,0.2784749402878512,0.0914709334700443,0.5660711796669274,0.1172260878700175,0.8532118912537722,0.9311523018207836,0.1567917710733608,0.0355266276750827,0.113983611,0.449477074,0.0
0.8013375416433719,0.044219995759022,0.2310309535256768,0.580710909266633,0.2623510257644492,0.881102611391878,0.1342773724146592,0.827067729675301,0.0892620863019921,0.048079323,0.044513794,0.0
0.7974864342975402,0.3927426279457396,0.5270862281220844,0.3444149417833037,0.2182089069291367,0.6050381387204327,0.2115871736986584,0.0827272178914793,0.389019062828597,0.144735585,0.412761347,0.0
0.2622556472262901,0.0222288967191375,0.9017570802235736,0.3974481984428605,0.2477215234878947,0.9565044701247368,0.6963956360155013,0.7300561095859456,0.0166403078761301,0.096705964,0.426704739,0.342857143
0.8803803836780455,0.851701102933734,0.56067016123623,0.7951679742073451,0.4752404591394393,0.7942632627005298,0.77300786538332,0.428991407047171,0.8792725683040736,0.626663233,0.458175732,0.36
0.9043155318543898,0.7389895875800783,0.2275697636020264,0.0104495855276929,0.749161101373227,0.6078953350194656,0.4734635246904825,0.7696038529594755,0.6952806646637627,0.190364393,0.483150593,0.75
0.7725964063217831,0.0863265515724236,0.6100019954458379,0.6067492005767141,0.1410042476937855,0.6758322728954783,0.9301073256502544,0.3431653269013573,0.7212376699208471,0.098059162,0.451229441,0.526829268
0.9036900516636456,0.7887997458598907,0.2790726443526461,0.9625736815654526,0.7651817351454693,0.6799131664664793,0.3540655586268098,0.851237676410966,0.0211589836437985,0.350361852,0.380129986,0.24
0.7783649020764674,0.86125582154099,0.5206422062856844,0.8928533625605181,0.3649602712632422,0.5948832138380872,0.1451824343015998,0.2541376765949348,0.77074622321009,0.26396893,0.260870759,0.0
0.8023850671194747,0.2986956572147713,0.7650533869442272,0.6925774251149581,0.968890553168566,0.7729582829070559,0.6931724616625289,0.660378140954743,0.08254208463799,0.187882615,0.493134559,0.577777778
0.1014980190719117,0.5806540702704573,0.4039439448262371,0.0570169122147824,0.3447239271537193,0.9191864108596072,0.2532075031974987,0.8643273244237129,0.637485994680413,0.107286233,0.436238199,0.24
0.4841335724166776,0.8989367949508884,0.7512932073027875,0.7225318185832771,0.0671812570732678,0.281246329978893,0.3969240490857052,0.9258031016606468,0.0955150513157643,0.297461393,0.311259923,0.365217391
0.378154887592944,0.379010615513217,0.1499086723262651,0.0850129727537015,0.3643909617437356,0.3709603833925404,0.353832539298292,0.6283631138193386,0.8933812538518918,0.134543918,0.422735782,0.685714286
0.5782880062063911,0.2997884882483604,0.7577521440962421,0.0091995132613158,0.7602866574813962,0.1778754901131787,0.27142166553675,0.1429416584125845,0.6037838583085575,0.103723152,0.383380408,0.821052632
0.719704450138609,0.9281298667971783,0.7380358695351549,0.7847554061758033,0.9908107179315472,0.7245114984225612,0.8838319223096608,0.5321690586995621,0.3679369582634582,0.433814737,0.563331284,0.0
0.3079067581333728,0.0203963673590633,0.2917852908331225,0.912704527995742,0.2192124919089453,0.3896582084786049,0.3625451499019992,0.4345006019855169,0.1502637628763674,0.059722791,0.439314002,0.461538462
0.6362756148218893,0.9303168442668984,0.5556335649939533,0.555636479911673,0.2207154775583631,0.3623243826308163,0.151182713601839,0.129924063673044,0.8819374551601499,0.435960109,0.212775092,0.0
0.2432617746560967,0.8264241699035358,0.1148114654609356,0.6502608832575528,0.8900128011139424,0.7145760402952078,0.0352919764708459,0.2221545352635384,0.4676773625995779,0.356713223,0.284507553,0.571428571
0.7897530997768928,0.1812131996777131,0.4995204190473905,0.1825078593539627,0.456653798466793,0.9486691306190392,0.2209906347471041,0.210740619237471,0.861732017716865,0.07586565,0.579133231,0.494117647
0.7981494259315063,0.7589812053293129,0.4261223894893018,0.1299625316994677,0.0030214705789377,0.339519040562654,0.4152261432094792,0.3876951247750132,0.1569910765493136,0.233760816,0.491921657,0.489795918
0.8349030043788319,0.4768146711365548,0.7494300151992941,0.7010183834867246,0.0534103376589576,0.8660474833670789,0.5884952738003106,0.7703372728655955,0.0228871789409641,0.263887613,0.404505818,0.0
0.549413812153211,0.5885941190887487,0.5588924807006196,0.6716064783225552,0.186281553821721,0.941318690007658,0.6173180723974333,0.6255715356538044,0.8574710855095323,0.345005614,0.556855372,0.275
0.9132807678916364,0.6295980515303203,0.7891375236000098,0.661658124950232,0.63038679209201,0.98986756157668,0.7357986753344467,0.106321464409654,0.516689064889724,0.382182291,0.521530961,0.457142857
0.2253873489489586,0.7302074238867383,0.4873161024531777,0.4249681253483686,0.2855571585741449,0.4889188068460948,0.7523591384188469,0.894314872907341,0.7839484433547691,0.385135756,0.346601568,0.46779661
0.4486132477916947,0.6265713895987879,0.3961806009982249,0.9123084106938144,0.1033053722605329,0.1060398220376097,0.5887315808758973,0.1114084240594341,0.6977288313119416,0.298508618,0.105333465,0.0
0.6535114714458272,0.7766488341100969,0.431331562335971,0.4788484283454086,0.9413096057083556,0.8066988816874194,0.751105390852549,0.1243130544287109,0.1994467414217338,0.386210543,0.521240225,0.411940299
0.2967328007087477,0.1330371427046713,0.8657447462949472,0.3054871111851387,0.9402031062337702,0.7079615505339457,0.0697693987183583,0.6922428198763251,0.0752706348792054,0.095565519,0.418484274,0.15
0.2324860565449185,0.0536652923805354,0.1665557255917528,0.4914817366549439,0.0157599182602052,0.86245771876781,0.2959652796620704,0.6808467488588723,0.7887467375479522,0.058709149,0.375616899,0.514285714
0.3480621137374861,0.428561683661385,0.2404156817192383,0.7176798042585992,0.5362916009405734,0.3704814219194378,0.8277852172552468,0.6743671765402747,0.5606073235248663,0.187670406,0.296127376,0.0
0.0294059157659963,0.0565685489352496,0.2294211006763004,0.2167257628210204,0.9110031525830592,0.9190452909707564,0.976818195279462,0.2122747069812468,0.957503072794858,0.114904937,0.310597224,0.346666667
0.0518275930609912,0.3586541109768063,0.6010472533331069,0.2684467524191943,0.9900623843484228,0.9090506480856144,0.7789291583456355,0.5305521273791496,0.8078751332403865,0.229673793,0.341667007,0.370909091
0.2814884621005856,0.5953852684261169,0.4275790037352285,0.6865505256304962,0.9068626391028296,0.5463542136935168,0.0010193245894306,0.2137799261156622,0.964085683921684,0.199500204,0.389543915,0.0
0.4159689337446175,0.2815704588336831,0.2882372701684925,0.8867919383284253,0.0430784480884846,0.8013163194375134,0.0267269386554591,0.2224450947301266,0.6317307724055627,0.100852795,0.452598795,0.0
0.8315971852736992,0.6302279334717341,0.3753741968519717,0.2927188822743276,0.4583465079479537,0.0308276945614873,0.1138710603300289,0.8886773694508121,0.9092707313395372,0.190402118,0.131906043,0.6
0.3220561061720878,0.4367507716188303,0.7642695248591601,0.8843280664117834,0.7053211795365294,0.5400709784369094,0.7060534237381292,0.5165041803630426,0.7396262253777846,0.230155305,0.407382351,0.339622642
0.5628617055317097,0.0544557172380619,0.6218920653248808,0.7205084609400324,0.093682043995955,0.9639620336003822,0.7543636690529584,0.8054231585996129,0.8823853702006488,0.106321169,0.568338612,0.057142857
0.403543657297376,0.9590307097431424,0.0690057638791491,0.0534945663969099,0.7665594511512305,0.138888941889048,0.4917477899194361,0.3606674215618254,0.4198316244172021,0.247716082,0.175974697,0.6
0.5907194637884797,0.2086661027857401,0.4630083904438214,0.968122958828742,0.1080435483880917,0.2528403487030177,0.870630682640226,0.4094937918152157,0.4985644956842382,0.157083412,0.346345706,0.567272727
0.6521411703940849,0.5446746355993535,0.0470581236987632,0.0358391891118182,0.4878078476909843,0.654432805839248,0.6996991316885179,0.5298278194100119,0.0637947195641096,0.22784313,0.503008337,0.681818182
0.8027609860615547,0.649464825419228,0.1851556586446462,0.9512854829899022,0.5888749148421558,0.3867817441253497,0.7917190710524983,0.4169029977901844,0.3600960866080011,0.299742394,0.434351171,0.0
0.6041582335430692,0.8308326484672018,0.5670034263707409,0.809416241848084,0.645953045353275,0.1090605580241792,0.525985823408712,0.6209846268346058,0.9355162283394752,0.553609823,0.200112016,0.076595745
0.8232427164137255,0.6880454199065105,0.030959128812617,0.1479036918660708,0.2392885508834999,0.6191654859464784,0.5578267675014499,0.8191468834627879,0.5528883301977235,0.291549517,0.456133939,0.0
0.5268511216214021,0.0564443939607128,0.467119487416523,0.104446627616627,0.5270732387773364,0.2065132565170058,0.7590748034708883,0.0599047028134513,0.8776673500640062,0.12338183,0.351057356,0.555223881
0.5595025551826605,0.4135747575437903,0.4376889100567024,0.4808295385123309,0.2627649634291745,0.8237938997721003,0.2943084896677761,0.1075556653359104,0.4748395500160917,0.117901427,0.630894888,0.342857143
0.8176981205452271,0.1680650181816918,0.1382686262086412,0.8396691180963549,0.1358381064233899,0.6868669862427476,0.1660582481015813,0.5393304667038814,0.738174456996895,0.090493991,0.436110048,0.0
0.1176657735638533,0.5411503236798356,0.1513707160994941,0.1096243977360632,0.2870324982830955,0.0643079270174569,0.8765926399975621,0.6261664403897482,0.9578100505306636,0.278078687,0.067397926,0.445714286
0.190578029735824,0.3223216713628524,0.2904066519375562,0.9377454184567904,0.4359096451442048,0.1219398424270729,0.9670913563607616,0.8977547078028786,0.8868998749346464,0.198795215,0.073821319,0.0
0.905548475206882,0.4062251235617475,0.5204020945689714,0.0025896866252561,0.3976149250514673,0.518618470794011,0.9158233353831432,0.1902550013261573,0.6786942285862844,0.254184614,0.578927466,0.306382979
0.2667396530888661,0.4412518202422357,0.1367118078756064,0.2151458398390061,0.2648295049331154,0.9419757598362528,0.5659639822915644,0.0561344906523864,0.9296564134642912,0.277752943,0.399773323,0.0
0.9408061458526388,0.8451554509809166,0.7649288852050926,0.2948300539967469,0.938200732932334,0.2072131412727985,0.7944200363002817,0.276092792141138,0.8987331043492607,0.530677575,0.385855762,0.689361702
0.8071117159185002,0.5947908557861006,0.7299180506567974,0.598188617818375,0.4290813975287489,0.4949503134517425,0.9422121169538952,0.5918108189722018,0.0489954378744883,0.267683484,0.432494616,0.394736842
0.9238619473928664,0.2080762227772055,0.944234585857934,0.4318919292252655,0.9143311353866604,0.2478030679940953,0.5563359074573281,0.1914433041423682,0.6324012074785734,0.126027007,0.460818785,0.26440678
0.6987095557192421,0.6140682129307253,0.5754297600607258,0.288595970287645,0.1777043895324498,0.6683353502965532,0.7526882040672158,0.4945471062089265,0.8256731628431775,0.38396653,0.509569057,0.12972973
0.2955626516118876,0.3853578928356499,0.8797317408807384,0.774529523331827,0.9431613625415084,0.0961179166357391,0.5504760934558636,0.3617808026379133,0.182032025969443,0.201767437,0.151619858,0.622222222
0.0403474686774324,0.2089972147508201,0.9662231597974016,0.4624792337378256,0.4535609353012094,0.4843709077257567,0.917500620367426,0.9897895521998308,0.961151560586382,0.179646427,0.248428741,0.430769231
0.2716192872560428,0.7598444066730139,0.8304746463992525,0.2871426844599259,0.3499231047593298,0.8584364055420755,0.6846550681125005,0.8952984308965882,0.8713192748022638,0.377226976,0.41510205,0.258227848
0.5741868623821048,0.6665169333616812,0.3358496228731868,0.1342081765092729,0.0831460805601429,0.0261596425679282,0.924894871261264,0.5398036246261735,0.3036811509302923,0.352759345,0.106832254,0.475862069
0.0509796828841251,0.2431612236378618,0.2362186222275712,0.6280889120925447,0.7530876413351691,0.8339593024932158,0.548258583966227,0.7917059561936597,0.4632869853701773,0.137579917,0.316377009,0.333333333
0.7558185312569936,0.7867595320457137,0.7249424286331259,0.3406497035798139,0.6742449049498211,0.0457204603036619,0.5409637537737277,0.1463223338011086,0.989649996834152,0.399930678,0.172726994,0.12
0.8480412123792607,0.3084424060185871,0.2954259839420433,0.1267345604221764,0.9367881540151016,0.5133709539060826,0.3644980254020356,0.2430759257829882,0.2938269205644463,0.076623568,0.682861708,0.7
0.5741681131012448,0.6713633173451526,0.6100415635177301,0.4123603676600148,0.707683470616178,0.3553801482484834,0.3207037456623189,0.067776196456241,0.1253496528148403,0.217176266,0.293551685,0.133333333
0.5025868886772912,0.395244493519057,0.0624219929772036,0.6035584429677057,0.9083714987393964,0.045338171563427,0.5063696936499841,0.303599994379686,0.7993311075162075,0.26920654,0.119807394,0.635294118
0.952696142411307,0.1941401713174958,0.7061907141209681,0.1330263859091923,0.5511916723323882,0.2851718460411654,0.463338843050212,0.5108059080336049,0.9245015663808638,0.047717653,0.440757447,0.0
0.2005530084405082,0.9342530611662294,0.143278205913425,0.1834667120478281,0.955439153260424,0.1563664919357813,0.1830129354046092,0.2329329905636002,0.6443915976407738,0.417332338,0.211620606,0.6375
0.4544208957994144,0.9237346919629886,0.7418570669255117,0.0317062982584167,0.5867091462635508,0.501244726536434,0.1950894836807793,0.799393235167477,0.6255293260568459,0.383393395,0.321101577,0.428571429
0.2555477890623482,0.5044227227677398,0.0412907317856321,0.4683548697062644,0.1694484534698667,0.0394282047024955,0.3480668484503718,0.5615664434291412,0.7005819293913013,0.135999003,0.114736652,0.56
0.0220745705226843,0.4095292081559545,0.1633357769532207,0.8346433610499341,0.673477922970772,0.2515681084205948,0.1554952068125142,0.3483817990532454,0.7400908394723865,0.13889134,0.169953601,0.4
0.2538451000283207,0.5058964315920018,0.5547935551212017,0.0386547813838308,0.3217414958561284,0.9944086213570038,0.0531749985268064,0.1340866321352188,0.2636100476035425,0.167903299,0.507527957,0.252631579
0.2439991466437502,0.6620369424625664,0.931644841489714,0.0351758184267164,0.7934878786348151,0.4958796784778853,0.12936205352445,0.315227007173084,0.6186043103508423,0.272514723,0.428345128,0.685714286
0.7048409004528238,0.9753509601913752,0.2450492913128048,0.7906719864874753,0.6254929709894332,0.9146434251785244,0.4706785826985585,0.7421200302847052,0.849545632763551,0.36953691,0.621915092,0.0
0.1182992525303212,0.4775226496331586,0.8031003758210965,0.0824415007481987,0.6641193521648376,0.7760457214557146,0.4527275042759425,0.2530482542680555,0.3033682959647622,0.168064894,0.285060428,0.4
0.1543609051473188,0.9651513941773716,0.6796762711517816,0.0243767400572548,0.2482989932814114,0.921473031709052,0.4530825123880276,0.9993194990126846,0.8104094724960981,0.603827129,0.054411217,0.0
0.8918595161145018,0.2802365742959604,0.9894005839353572,0.7438101164609707,0.893275455875879,0.7724079921056042,0.9240689799178768,0.92538378984126,0.0717386619540668,0.142669095,0.463804423,0.531428571
0.4435637810053162,0.6174943945741461,0.9751324827281808,0.3788485859304786,0.0386665785754062,0.6956817601479903,0.8182740901647714,0.9421030835624988,0.851972964313592,0.340916963,0.537039314,0.314285714
0.0834885650935558,0.0789990986388197,0.8131213208945564,0.6296973997808409,0.7746532285173796,0.9411038532423862,0.7188374006545879,0.6171690089966272,0.8919281154014761,0.147873956,0.277288852,0.0
0.6752560391631225,0.1559720730711596,0.8080278582856609,0.9520255874276,0.1141402806093938,0.6767709630495902,0.56442032672157,0.9777662301604146,0.9740943331369624,0.153752074,0.449942905,0.031578947
0.1520422819258612,0.464389428925822,0.4624029803516724,0.9114860011038012,0.5353716584888216,0.8081900536242111,0.3287778570616241,0.9056337894286632,0.8753334347421603,0.15493785,0.272243637,0.0
0.7104793719642736,0.729865218579613,0.7742887313348293,0.6142509280567382,0.0530023304637489,0.1858822933397087,0.4120793486958146,0.7479604855929295,0.6363913623268234,0.28959185,0.404227639,0.525
0.5124369443648683,0.4224205586145716,0.8444676586704408,0.6728246854833461,0.2073983366698668,0.3472075868791391,0.9334580289984986,0.2066396240132109,0.1408503198855215,0.170959612,0.285591201,0.43902439
0.945135500118518,0.7493379820345325,0.6101177935515442,0.6731156815682453,0.6514374545732204,0.1225199742649395,0.8265742190414189,0.5141476182857412,0.4667465012443295,0.384334092,0.318947535,0.4
0.0310871112466062,0.5671975797626095,0.9161018748264026,0.5031790675285629,0.5056397478002529,0.4473502571931218,0.20316601475159,0.4056764587101906,0.8243021233531481,0.188804063,0.322765512,0.0
0.3888497974380305,0.0601402052232508,0.5239297387088555,0.3104526611761548,0.2824765521772826,0.5022823462124864,0.3025244335744866,0.3241424182456925,0.6336761951231293,0.055598004,0.358316335,0.15
0.6181722506518854,0.7737284052061278,0.1016337620628345,0.370116451385271,0.6150609310842023,0.0380736695235458,0.7382407530299779,0.3665997361550014,0.7046017844493747,0.467871656,0.10795712,0.508474576
0.9793329953645196,0.1074340961891592,0.4522936336556714,0.5786658413892481,0.4786197142503982,0.6186613827509334,0.5312567163810368,0.2198330587919024,0.7867924022746057,0.144223456,0.432080698,0.408
0.670048828278666,0.2144522571102601,0.0099889336595879,0.4454288773232796,0.6808764023595186,0.398021465974661,0.0745801072014873,0.9858723370349146,0.2842866524992355,0.092686561,0.384364272,0.3
0.2693012314736349,0.4013034627093113,0.6716435236874705,0.3925530969433223,0.2684751876918047,0.3974718120697875,0.6850934450942424,0.7469188712497759,0.9391507061163372,0.20053485,0.297222133,0.314754098
0.244921538944237,0.1304105766004011,0.0620145831657692,0.1982654926795471,0.7396449545731021,0.4386479022573737,0.0288242947218084,0.958884128369227,0.24215191308581,0.078341457,0.362545969,0.66
0.4442702236558515,0.6805591388314473,0.2008059786132089,0.3266647985660059,0.600255467069332,0.0410634389418789,0.674949362992783,0.3764982675358538,0.0259464021237106,0.281155968,0.143498867,0.927272727
0.4274875294842472,0.348359937301565,0.2476671644135863,0.9087039765820932,0.2413472533128741,0.481467211153137,0.6828410141901851,0.2123390369694767,0.7650464509127084,0.183363361,0.320181995,0.352941176
0.6867937049354856,0.9281835398885284,0.1492864246288598,0.648236640883297,0.8090467587936685,0.9922822230538,0.4046278613533043,0.9677141809370003,0.9612487860885518,0.270565399,0.717412453,0.0
0.3406647489769741,0.7943959293088362,0.5309137412521202,0.0206058538064682,0.8927210895447141,0.5061867982877208,0.7856195653738098,0.5068021941322965,0.0010466617969541,0.406147734,0.266361381,0.636144578
0.204612672397212,0.0219479720305335,0.8540114377890223,0.2121832005057006,0.7894069711419035,0.9021211303547562,0.4759469606077521,0.4323105550746113,0.2778026456420478,0.074172671,0.391667692,0.15
0.517021291400346,0.2903786206212985,0.9678645733213864,0.8421328865257656,0.3120064485864986,0.1814749332679396,0.1366343178887586,0.3763504842298572,0.5939975173531615,0.08546762,0.332683379,0.72
0.72099493739943,0.1779713032713763,0.7708862557004316,0.0180604608244977,0.3262163656667808,0.8418528684774257,0.4016682350776284,0.2739468493215674,0.9868956964197072,0.103693054,0.637312141,0.0
0.1163592493793437,0.7419064492505753,0.946521791969675,0.2278476030046203,0.952558175521195,0.7750447531140937,0.0198181783723084,0.3068664302607296,0.6870054537101885,0.388835004,0.285821251,0.0
0.8723867208334857,0.9728186678584446,0.4572929903660383,0.7590974800617786,0.3011591194463519,0.1788513610218443,0.0497406723652328,0.7926987011739953,0.1723478333924787,0.180768613,0.300314582,0.0
0.5828872258099075,0.1415014276509228,0.3904376488255403,0.968203770491778,0.2093073840408165,0.2164903685916768,0.0129277938066919,0.6296756455063193,0.6272739077965821,0.084855654,0.344571208,0.6
0.6494030961438605,0.9974613339513226,0.207976462749566,0.0966723531135409,0.3906680929506304,0.4900795959948856,0.3085715361108061,0.4229488123828652,0.9279700291002936,0.400228474,0.512793875,0.553846154
0.8718433642596667,0.5358031760681,0.9129000012737049,0.0241309067382867,0.7608685294250846,0.550203072958492,0.9643871413407912,0.7998009582972233,0.6953140087701989,0.311325727,0.548016698,0.184615385
0.8271453153578993,0.4747043882340973,0.8437093750185758,0.2078393872609862,0.7895004935344152,0.7873408234218774,0.6782723843247112,0.4917522886939348,0.6434070683910685,0.266872864,0.50201807,0.176470588
0.4029037993711591,0.8874859247441137,0.5109659864044888,0.988235398039328,0.9171796830111328,0.8434914428408155,0.7786238391223596,0.6420194463972485,0.023873996470046,0.504844647,0.415937036,0.171428571
0.2322705092311807,0.7757591238648881,0.900275506023206,0.1378199590356053,0.7525076934299132,0.9304132349740882,0.884034244182754,0.005770753593968,0.6256451559352415,0.44100539,0.489187104,0.130434783
0.9716165139773544,0.3650998992475834,0.3733617614825044,0.0926205546155531,0.9551069450260942,0.8046258998469922,0.1941774522957622,0.2419913742174203,0.5200432171842418,0.111377501,0.454846524,0.6
0.8787550823203649,0.3741770456876017,0.7745987616337882,0.6520318430959624,0.2635612148793272,0.6497564536917749,0.4532040951172195,0.5844107742252871,0.1503882171877194,0.159179655,0.38859575,0.225
0.2168867276763729,0.8648028781708061,0.8649104755882366,0.3247770090444428,0.1514789275361013,0.4667918441016692,0.4245692000532953,0.803890331537163,0.8177979584665134,0.412893078,0.256340447,0.126315789
0.6898296322104969,0.835050148889522,0.5579952684082441,0.9013710106263628,0.5324309468616124,0.3407264995517499,0.8212483802829332,0.3758019564952946,0.1847669776312424,0.466632835,0.434533116,0.327272727
0.5702201523583319,0.9511640115505028,0.5294317620580851,0.2545561016505725,0.7508534212655371,0.2204342335894781,0.370873489048153,0.592221854332237,0.772131772914152,0.373357571,0.360391749,0.48
0.6189221550941908,0.2545017392257175,0.0418833500817104,0.4433330154330185,0.4670484446343589,0.3315558534410797,0.4032973642121332,0.9549444361283778,0.4316921848316257,0.090730323,0.359388344,0.0
0.3994142550743956,0.7816307767994393,0.1553660188174871,0.2299196152005573,0.2156420587568276,0.1691362404905081,0.0882832185682943,0.0078720043481883,0.2562350266959691,0.28877526,0.182962121,0.3
0.9818469480254056,0.9274125718259056,0.521389809069862,0.3001457773958519,0.7086196753746251,0.5187439491405708,0.9828063625152188,0.6210189733071011,0.726207950750823,0.602277,0.668211288,0.0
0.8437588656110329,0.1596633167825846,0.301878187983332,0.2131291898184948,0.9875745413210312,0.1125654101485595,0.4324227392572458,0.7104977023064327,0.5272355424803508,0.076729204,0.280891804,0.32
0.94646679589519,0.5225097528000126,0.0971657908694094,0.9281682608971236,0.1930986673015891,0.963126086542981,0.3525263425872107,0.2930134314791939,0.5102851266661146,0.178311748,0.466693574,0.352941176
0.4332451136073458,0.4621783965656001,0.5716012790516729,0.96986526620582,0.6429925293360519,0.2629775378614636,0.9199242332654456,0.1694936354846347,0.7237212596859026,0.170426902,0.28222855,0.066666667
0.3844885860725933,0.5643208007700565,0.7321678141520425,0.6933805202230158,0.8131798718593861,0.9366324634853286,0.0603828252468886,0.4818210438641435,0.7754490469205123,0.166971367,0.413233008,0.0
0.1966811784063211,0.3863405002990299,0.9497593252589374,0.6088647538026621,0.6295511378192918,0.5402278574584125,0.2755456216766501,0.4220938467920042,0.6610579595345213,0.203527835,0.349799505,0.666666667
0.9305929657229391,0.029866916131085,0.2573959680524543,0.9673491023452186,0.1559528821222607,0.708431671270353,0.8796639778086701,0.5927654813613469,0.8406604504803835,0.140963719,0.59550822,0.104347826
0.8695373783591966,0.5774924141070293,0.8197939497875043,0.4281690974311325,0.6759943785782183,0.1657339128045847,0.5391709251537671,0.5586953403571681,0.2777235984906846,0.228575806,0.365605398,0.0
0.9309641965970156,0.0259657331735155,0.5027063678692794,0.1749190640717954,0.6473586851282362,0.559890119063323,0.4025692422229702,0.3580088728370247,0.6385080915913626,0.067004231,0.697868063,0.171428571
0.6074490433538826,0.4858465734576238,0.9680430839071408,0.8251709535347885,0.9074633935808512,0.4350959936990246,0.0004580088091511,0.7625744859553232,0.3722441500936568,0.108092183,0.434182906,0.133333333
0.7273421412133313,0.5826108604056212,0.1578644582482025,0.754693661027223,0.0468766625997365,0.1910330395074314,0.7873733197289446,0.8007851446120057,0.4339626069273765,0.211369895,0.215357606,0.0
0.2961220062624456,0.1963233977986872,0.431320629454703,0.5437571013861813,0.1101256910384624,0.4517952814237044,0.4977675897468181,0.158953243830355,0.6126659922183278,0.12466906,0.229150557,0.342857143
0.7429400043211869,0.123149291738146,0.3135836378378346,0.5687666820292643,0.0508299306299018,0.4604461655572764,0.9223254550513158,0.3806744980292537,0.534443109749055,0.095075779,0.431337313,0.114285714
0.0249999900129769,0.8817918233440669,0.7345837009850672,0.889573410842196,0.3791005024794842,0.6548623766030949,0.5573500875820845,0.1486331091117229,0.5039430000711933,0.47551368,0.298591785,0.166153846
0.5077368328919049,0.9396251131940928,0.8562801664229628,0.3699709333564147,0.3152411324786642,0.4490768163636645,0.3537343031914243,0.881232452453986,0.8904511565447717,0.493074462,0.564771629,0.666666667
0.0696603072175839,0.2393666178752898,0.7795942427878944,0.3251744825267821,0.9743569788745008,0.3963490059452776,0.3480320400112021,0.9042693525481118,0.7302431446242319,0.10073333,0.123685424,0.375
0.9014107527004782,0.1105584486806839,0.6716724616785075,0.6752421259353393,0.1184774046280773,0.1831143476988993,0.3048739928867227,0.2701707083577619,0.3080010314274282,0.088444427,0.148255538,0.0
0.6099982409334006,0.6956856124911083,0.7377770504102574,0.5240799435671619,0.5618949346404118,0.8857355401599496,0.6750732433438295,0.3063570285385841,0.7610836222142335,0.464807266,0.525330197,0.257142857
0.8003319645861527,0.0189566831423466,0.3099352316502864,0.2952940064789653,0.9181428249358032,0.5592495480697663,0.0116666957325015,0.2903874022519124,0.2345878268409092,0.056742276,0.439387677,0.553846154
0.1296533437385029,0.3000467472233878,0.8449189556753206,0.5281942557147385,0.1849427538681638,0.3561829527990943,0.5849741652531448,0.2142269807853423,0.6890217211857219,0.181672091,0.094931662,0.0
0.3330849704119935,0.610870271360321,0.8199840445831312,0.9571340794153332,0.9190659816178288,0.201138374314304,0.3304732689345212,0.806160876241709,0.4028723314220884,0.221994287,0.308855523,0.436363636
0.5572163074508789,0.1717134783498888,0.6365899783768849,0.925296735343998,0.9595253791093614,0.0866252413149353,0.6835094050898476,0.8058464630266272,0.4923693073315707,0.112397255,0.224554928,0.243037975
0.2005804605078179,0.1273355935327721,0.2541299644386164,0.3332193065784935,0.803439853486873,0.3924121724079714,0.6124354846768086,0.3255751152715165,0.8066698698424393,0.109387547,0.272787064,0.367346939
0.4476147287948374,0.0175370481512583,0.728068214911221,0.1562696720721508,0.9712266263666514,0.9812355147433436,0.6766694661686389,0.1898345545110884,0.5148413886736048,0.082237191,0.591836133,0.06
0.0708923364092577,0.0771532005710631,0.7984208071198344,0.7389453679676465,0.1321229471424232,0.2474742019918426,0.8442859473148668,0.2456534040568316,0.3739774820322387,0.136782051,0.112747405,0.205714286
0.1398723288449911,0.3164518735879066,0.4640776382517073,0.6926765539038526,0.6056637283838056,0.0154116284656353,0.2457406835099367,0.7318041170520911,0.4669026204952717,0.125801465,0.036786607,0.327272727
0.0671291294315725,0.4488900428687831,0.2892239419092864,0.8767187747751146,0.5190485895323922,0.8935855663164448,0.0938497161818137,0.0433569976186876,0.8791856554866083,0.140571735,0.280581149,0.0
0.7454764308177358,0.5197302679739247,0.7986836505300263,0.5738246352903053,0.8480002476444273,0.9567860405584738,0.4809277794439018,0.0750501678917683,0.829599830327038,0.180017122,0.616767122,0.0
0.7958867454702093,0.911868229531631,0.9014193235245724,0.1280108372271413,0.9635505550123776,0.1474288406853214,0.9873466361052278,0.7962684032859174,0.3734003953705204,0.588467552,0.257965085,0.094736842
0.8688533665812933,0.101102743303815,0.0553375930215828,0.3340502695053714,0.8513440125704921,0.8055141665646749,0.3182404957965616,0.150082765493004,0.7679193806384003,0.067481474,0.572648603,0.075
0.3134336454576585,0.2409938291965238,0.8344176102182129,0.0396852923006968,0.1590636267501594,0.2046106067103651,0.3349427439511568,0.7935314209818505,0.935123197560729,0.105184722,0.321142032,0.705882353
0.749515617678472,0.8576960809497615,0.0647798716487989,0.0586559206801198,0.7742823041259796,0.1461332156556132,0.5814950497251935,0.8064179169398455,0.3713729845880815,0.507155541,0.278981122,0.204878049
0.3917978973368624,0.9403640527780388,0.9156830530863056,0.3545044001572585,0.0955120465535287,0.8787244087179414,0.5447017598228728,0.5607161547228682,0.2822011335018536,0.661638102,0.484048698,0.189473684
0.5554251456361791,0.1917250585958231,0.3280349626467574,0.0738583549401475,0.3293247603220566,0.8465022760701204,0.6516888582850521,0.0295694597578581,0.6570340239680397,0.119655525,0.525388687,0.053333333
0.0035670355535231,0.8285276530600665,0.3363586089837986,0.7192538234987923,0.5911189287941969,0.4735823578388394,0.3092159788361346,0.3450610808651312,0.1451071574804736,0.307456527,0.158922443,0.331914894
0.3865566250694856,0.2939334970458358,0.0843625875382688,0.759171799596798,0.0405501453107163,0.8729696105035011,0.1507576223259624,0.7481663652222977,0.5807444958137263,0.098293388,0.530559278,0.525
0.1968046884414251,0.6940965001417144,0.7768946088222627,0.6612493635907803,0.5689878920323544,0.5129655818202904,0.6116337778619633,0.6480600596753481,0.1273745345604712,0.284335047,0.34303332,0.429473684
0.3915408084222559,0.0488431850148382,0.4254573697445791,0.8857424767351071,0.6087237240994395,0.3096196288009406,0.8967844694848072,0.7031326679724351,0.136554658136165,0.082693902,0.37170157,0.244444444
0.3124537597082062,0.2926459044838482,0.6309173114996528,0.6722404292793529,0.6912072100791973,0.2898442537790051,0.5508508306150364,0.2942964133237017,0.7435565313236279,0.185962402,0.293608504,0.591304348
0.0168571943372569,0.4671578864232926,0.6548011473776233,0.8619366738571764,0.6310085518207179,0.6031432484920032,0.978347098355882,0.2198934764705187,0.9539435975908632,0.281090595,0.156672833,0.440816327
0.7781788096038025,0.1652959919138484,0.1516663121695544,0.9383694093516508,0.6081671863720278,0.9393018319318946,0.5337152820838198,0.4100092358110719,0.1695521527813178,0.100872567,0.544555106,0.276923077
0.5220669140281465,0.6718097275054197,0.0278103989938325,0.856150193257477,0.2884683011545617,0.2022353133220655,0.5151963602818659,0.0150664556809573,0.7698825486764508,0.289321208,0.439809954,0.496551724
0.4043657777872915,0.7631186484196331,0.6804006236286698,0.1710554161535243,0.2312047733546172,0.287960340575168,0.5270650150350074,0.906822893055794,0.3786729264003113,0.314318868,0.419060622,0.388235294
0.8732159231219103,0.5984703609946243,0.1575105760925511,0.8954714136217454,0.8134039068294565,0.902420502485932,0.8475316608487943,0.5678297931168187,0.053314440103291,0.270901597,0.406991761,0.0
0.8142675329581792,0.4864757094957374,0.9343925913814406,0.4852450908924294,0.6856060723429811,0.4715444006859152,0.1311622430223502,0.9939850848017954,0.7638241114407256,0.163468307,0.337308787,0.075
0.0201268156688042,0.9130210372407872,0.803207419521427,0.8380181885109886,0.6562247257204271,0.5936617848758765,0.2969088162876571,0.1983222090910275,0.5265591051991922,0.327021746,0.193068132,0.0
0.8114128401864881,0.2876013706623386,0.8376030303813318,0.8527819646310957,0.6281791468015057,0.6959704322138163,0.5658141307311223,0.0663465849906974,0.68045250376021,0.169487601,0.586853393,0.0
0.6614566455012311,0.6378925923015928,0.3054332601997456,0.1615566305147501,0.6012209189443956,0.7563890673967668,0.7260846460049896,0.6424399914392414,0.5689778640803698,0.287115886,0.560040718,0.477419355
0.7957773775713526,0.1366319726565286,0.5722807041824606,0.0648591689870575,0.7243719763945746,0.3921274818770125,0.638686752121024,0.1851499126354854,0.1399490992983784,0.122429258,0.498836684,0.637037037
0.6009777009820814,0.2406274557443845,0.8122411954552536,0.037319791173096,0.7416947652220955,0.0422637992325524,0.2592451140630616,0.592167312293932,0.4434672850322411,0.137009904,0.09840064,0.8
0.5424055102183023,0.5406009510871956,0.5955837713071291,0.5694996161795562,0.5689098674353571,0.3707307492501127,0.5844885171397447,0.4966546764712647,0.8591064209666852,0.28641263,0.415720421,0.501098901
0.3703698051204324,0.2067350957630606,0.5576544996537225,0.0378939000706245,0.1419070943194371,0.1224775945133623,0.8893490587531593,0.3293862564268965,0.0197620435736078,0.135775036,0.237185322,0.756521739
0.7072964941827891,0.6355533321732002,0.9454802621339796,0.8892904791648772,0.1951450316990677,0.649950348900622,0.9979878346313682,0.8241612332533497,0.2964674981574577,0.273528254,0.473407634,0.071641791
0.247394918065268,0.774046953269904,0.059118180693652,0.8742351263016297,0.0330193555748299,0.7021948695496909,0.933553614133812,0.4853943329138351,0.4965580776305024,0.364285227,0.358786628,0.35
0.4070795977447061,0.1408718982585198,0.6420421463720131,0.384005529521329,0.1215440403639287,0.1557325085491648,0.6532870370670008,0.6304494933141485,0.2912001952901438,0.126961107,0.267512113,0.54084507
0.3239010842694577,0.9305180903508472,0.1414915899978682,0.1263949183657855,0.9440835446501552,0.4718487515210136,0.0055749241478423,0.0411266775725879,0.5023770892313036,0.372910415,0.455581286,0.4
0.6521446070621811,0.9425330036959816,0.643540446822337,0.7272826973636415,0.3901982223396211,0.3389708697143557,0.2371469321864338,0.5612240144045794,0.93375029751424,0.326780414,0.441551367,0.6
0.895496266679741,0.0281184873963844,0.909903115492373,0.4460241778161319,0.0073843157642022,0.910870439737035,0.4462298049977926,0.5000686189253144,0.754012158718182,0.068708676,0.557246553,0.15
0.9399728261363784,0.083444428375828,0.4014618151607948,0.416643178897644,0.0249436933068246,0.4843520546350984,0.7159892816087439,0.6591390581748764,0.4339707203296874,0.117628833,0.557496626,0.582857143
0.9617579586584264,0.3659521516286063,0.3839018160142363,0.5016467077998477,0.8982647119052968,0.698432655719259,0.4777798786199262,0.561821661182602,0.1255397335016416,0.124027817,0.508197883,0.579310345
0.1926519204482012,0.4922136332000482,0.7884871380586541,0.4495733675935979,0.6011205815372398,0.458204069037843,0.2196950884230082,0.0792469379703832,0.9316881336137436,0.144497941,0.19354284,0.0
0.1465551192696638,0.2071442970132038,0.1778452486647268,0.8348048599060812,0.630703201158661,0.4354371649294215,0.8124609587733835,0.336057818952887,0.662269687359906,0.107423323,0.188442054,0.266666667
0.625012984649445,0.0467315607675694,0.3876983206762057,0.510171815550136,0.6735702335828978,0.7154943716323109,0.3349015009907978,0.0853015274731464,0.9964495008518488,0.054108665,0.389534849,0.2
0.950638751404574,0.6763607707018927,0.7940882659842639,0.5352615634984756,0.9665454171361944,0.8712207526447554,0.2768309086906969,0.7912232643326816,0.7149865224072883,0.21823755,0.549750554,0.327272727
0.8786090229059446,0.5542871882335467,0.1086869748513632,0.4839520199555934,0.2459070016130733,0.8303696873762687,0.1458308042020236,0.3843310880431209,0.3448091096149929,0.126924146,0.653439294,0.4
0.9587546687190396,0.3473817289509762,0.5178152357522121,0.7105655333273742,0.1380307630550288,0.3399086817178458,0.1025122987093435,0.941363343097188,0.6163560787143539,0.116859977,0.424370376,0.619354839
0.0652953541149994,0.2957640581868076,0.0278926775755946,0.958259549819956,0.1907106011889181,0.5916839929873142,0.0624909867433187,0.9042370106036628,0.2085482701029971,0.111583455,0.169584212,0.0
0.3967476217431875,0.9101983396662112,0.9394541495953987,0.2713135598276956,0.774662977639114,0.745100789090322,0.2316538470979516,0.8966145136564304,0.6962299905692163,0.352134768,0.411124141,0.36
0.7312130112508769,0.6102563573286474,0.9005640701518142,0.0980121417312976,0.9432247724668188,0.5860603022958921,0.0478216634321443,0.7118553490474788,0.8301991238268656,0.234555878,0.537476309,0.384
0.2001046701621903,0.8586019139257819,0.8249108056692427,0.2284977295275149,0.4301007566087811,0.3233958965944102,0.1940844074044645,0.7667484167915297,0.4527436739573143,0.255126338,0.252068896,0.369230769
0.5408267922322648,0.6110465753709503,0.1713407081210584,0.5838979525700561,0.4213608608991797,0.761504280430469,0.7834838351692195,0.9786477537279462,0.3694106976518675,0.2737569,0.505125734,0.247058824
0.2343889688957031,0.8509630782363852,0.3811989568890294,0.9511086071286404,0.3055066150116858,0.2023828361154198,0.1915936398848949,0.9022333916729406,0.772925454251528,0.297835873,0.147394183,0.15
0.2203892873860277,0.0856485897975533,0.5188131745540677,0.1042422050600927,0.6580574445196198,0.4603775953723109,0.2338824255310081,0.7342635856012333,0.4044918291860583,0.079463768,0.285184106,0.266666667
0.3140547057060147,0.25465110151775,0.366215712908534,0.5421396788828047,0.8574316519112074,0.3534861679837219,0.8847851632788127,0.3137428461846361,0.7046265115267399,0.166735797,0.281511015,0.4
0.8567524237865813,0.194192815452432,0.9147699973818884,0.806677030023183,0.5427675243773367,0.1346305067894787,0.3711716878796297,0.7211060515603951,0.2319629013433203,0.073611599,0.256163473,0.466666667
0.7686882659385996,0.7256654043803883,0.0209447888022494,0.4796812342760802,0.2804906417360405,0.4228557370915914,0.530200672639249,0.160950327845302,0.0499209171727288,0.287978458,0.401427501,0.362790698
0.5312216629439407,0.6134201453180519,0.6097510528377663,0.0075377896288635,0.252915282097411,0.7496424722078527,0.0773911425863854,0.6556613220315998,0.1349459884298514,0.15888461,0.39756801,0.15
0.6206432617117087,0.4494110360048753,0.7351115585566882,0.3205994354719642,0.5438142948281077,0.5712285035507637,0.2685750784979369,0.588445597523917,0.2457718099925249,0.112912021,0.496003518,0.3
0.2384963842074332,0.3534447987944068,0.0330955669207488,0.5485555185522378,0.648975655691019,0.4549887029682851,0.8806681047823656,0.4646480560266344,0.3243941263206978,0.142854363,0.317396828,0.244897959
0.7098461022273193,0.0783677832368821,0.9460712535523922,0.7482821657043414,0.7018647257252213,0.7179297734146679,0.707747811741746,0.5403192172164881,0.0262320879725669,0.157458481,0.302375141,0.0
0.1633617569232713,0.5801875805224382,0.1994102867978976,0.6013063371644958,0.8583018638565372,0.9889142925811722,0.8229353647833364,0.7249807643938089,0.1060212533739305,0.239736667,0.416025032,0.6
0.2336655834175848,0.1414924588676416,0.1230432676061581,0.5846584555034607,0.7629868749875709,0.0504528907332457,0.6130478852574602,0.971249974720992,0.4152605565447143,0.105534658,0.12276556,0.495652174
0.6722539632624663,0.1406235779822116,0.9181205884460664,0.943545432030596,0.5771841605712045,0.4790939789205926,0.8642796678154353,0.4369722419124278,0.4307100313172003,0.095979256,0.459602197,0.175609756
0.7250994861883612,0.4489441267604404,0.2622782205482544,0.2864044650994228,0.6904767548834778,0.197077497843653,0.530322511799925,0.8401553584239794,0.2050891774085993,0.179241387,0.278005822,0.24
0.4288746396985786,0.4966214297338194,0.8009682734746115,0.518176676121409,0.2874218465811859,0.8877757025243279,0.9858049887683809,0.8502840275188481,0.6573413308118468,0.218365199,0.562775387,0.557575758
0.3741294765727644,0.6816820517479424,0.4386679722044218,0.8668272536458823,0.7640948400584798,0.5594860231955409,0.7123096136678407,0.3896048725983315,0.3921354180235716,0.350141253,0.397967864,0.535384615
0.3971822371257077,0.758107722330172,0.99003579871202,0.6646287269352007,0.0650503882900013,0.9667137097517208,0.8244790505707199,0.528645751891628,0.4760994676869144,0.519838225,0.490661153,0.288
0.0801037812282465,0.5858888606490602,0.1825685437248722,0.2559093530815319,0.2825481729932734,0.2518653784424521,0.7322818552757299,0.1150916620512101,0.3974456743925992,0.230313433,0.130588906,0.087272727
0.3182551531129752,0.9013465060232058,0.30299941914631,0.4521292204248738,0.8885142400315339,0.7980859377924887,0.6115581641074189,0.5666803393088554,0.3507551982578142,0.438830393,0.456406709,0.197260274
0.6881047161615068,0.7354347556466269,0.1999417686881665,0.7747497298157255,0.5152132661204357,0.0487088650539665,0.0612671675407909,0.3253827151047975,0.214177313590962,0.296339416,0.075198429,0.36
0.6324249681791249,0.3384219654641718,0.8352705350341321,0.6435698118910577,0.427815863947533,0.965214608282179,0.1963875321246087,0.956260216720194,0.6482554515221773,0.115134062,0.492213857,0.733333333
0.1337237052970381,0.5666453335655106,0.3505322466672469,0.3443518059862408,0.945818993755306,0.0901319971798882,0.118711616746328,0.4635457645723175,0.2086224581844953,0.090394159,0.047535951,0.5
0.7576431184704306,0.092805358826193,0.8785100997987876,0.8979152199415221,0.913805057350192,0.4581646023161146,0.254469862048328,0.8137420073089128,0.1082153312723448,0.079930972,0.108207899,0.24
0.6183036847275909,0.7805370803895182,0.5370272693336592,0.3336125165085095,0.4678222318127711,0.952085066130022,0.1160422668678136,0.4539069161844727,0.3504144079173025,0.19317415,0.638403271,0.0
0.9856985590622184,0.7958202198878979,0.4925645705839667,0.2054841447115637,0.0897640899935937,0.723384130650428,0.6318400581415904,0.2429292506126721,0.2384259882859165,0.421193938,0.511659873,0.0
0.0007761341059413,0.5774171630344871,0.6615227676311158,0.6455308586932019,0.5326685533409007,0.6629397528881709,0.9881855030137074,0.6580383763910796,0.9281707534667056,0.334264914,0.160222557,0.0
0.3097626798306191,0.3471936737992027,0.0555764119706098,0.8592673951546609,0.2188282763475619,0.7561583790626781,0.7488465114317269,0.5371747838808688,0.7926128937498721,0.15999094,0.447424865,0.195348837
0.983487343748942,0.1225842091349692,0.2866350608729596,0.5159213730736996,0.4173441705580155,0.4803663766859759,0.517049950890276,0.5516132008586996,0.8767223458483103,0.153210869,0.429270848,0.275
0.0913545600382506,0.4541335859661518,0.7545597789636757,0.6113414416620778,0.750961618856391,0.5238324747614842,0.2402639249460495,0.2414628285157184,0.3587025666500476,0.156355055,0.354092071,0.6
0.7086088798360687,0.5495832412056815,0.4217156260131997,0.6879928710276272,0.3856580817006522,0.21924509103853,0.227083249820807,0.697369547459235,0.0410793628989976,0.132263736,0.317241043,0.672
0.4289694674403617,0.2850985166892367,0.7495158485685633,0.4829670504635895,0.5673642789823918,0.1947434183134937,0.0264241656564445,0.8725296405906787,0.385740781526548,0.11165537,0.220763507,0.4
0.0579873869850691,0.4221007295115364,0.0393475297434209,0.2922906301509146,0.1367045029173422,0.7479705761441823,0.8416668279293092,0.9460086107569626,0.3041768833089713,0.22928101,0.194874474,0.057142857
0.2187360608347091,0.5985904683932627,0.995689155750574,0.6278847479686408,0.703797425161211,0.2566280352715742,0.8931820388800441,0.6808249543403297,0.1128974010565946,0.323326826,0.246775795,0.313043478
0.9024882411842268,0.2949015011159842,0.9689690574019676,0.4238167794914913,0.8878009022409176,0.0453611721027384,0.4760035300829798,0.5190723365355815,0.6797795897911866,0.112708848,0.192995191,0.249056604
0.2446533171349389,0.0071039486257545,0.6398417984462365,0.2096433925180483,0.1928211595512732,0.514505470633789,0.1136186500476037,0.7656784215948277,0.9022289437529566,0.055958617,0.36354167,0.35
0.938837438848168,0.5450780558275922,0.4889368975078394,0.7654630586616593,0.3922689178346097,0.4823139686472828,0.3632675010821375,0.9180696925463898,0.5324854557972599,0.116877318,0.39613331,0.0
0.3697581391976903,0.068405781758729,0.5115583306059622,0.3526784297608712,0.2379110958095169,0.1828019395481891,0.274837373668533,0.7684448730419062,0.6090436006551551,0.062785651,0.233650482,0.052173913
0.7220182363221654,0.4059603969306312,0.1599858868369262,0.8265520201215237,0.4040480069781362,0.0823248538086427,0.1356370003375371,0.7513512664878309,0.5823594208311083,0.164824196,0.212562833,0.685714286
0.4989838934153134,0.1920240873391887,0.1312998848650626,0.0277998995028599,0.7348871394132758,0.5733270616066731,0.8357646776772784,0.0774094106003357,0.1487684082873671,0.11204156,0.492473263,0.347826087
0.023025038580172,0.1601765586462681,0.1831865507022183,0.944455020112628,0.5723635793393782,0.7044989546053257,0.8529004250889998,0.8255242940354501,0.2016936907205024,0.124065359,0.204126748,0.266666667
0.2280016703474882,0.5123390380912362,0.3303260457532729,0.809021581710175,0.4329097202494687,0.1283484989044447,0.990917034959464,0.3732740094357384,0.6414998863113776,0.253249195,0.178972736,0.536470588
0.2297209190201413,0.2725055612625757,0.1405375926784244,0.0042353003865437,0.2443414483480608,0.6575672070222293,0.7097245890106235,0.457901830672367,0.872084234892482,0.108959111,0.475740423,0.14
0.4400878301281028,0.479283216727919,0.5649843737707062,0.8850457262182695,0.0528019108402082,0.5567706520908864,0.3190208188189155,0.1519531206850261,0.015801649723582,0.121808112,0.398940185,0.614634146
0.3829800118446479,0.5199365951198791,0.8928896140678667,0.5728776050018394,0.9672417005966236,0.1349744442517894,0.766804275966722,0.6239934813395573,0.655901670049722,0.221358489,0.235920837,0.393442623
0.9280790763913648,0.0198699335827157,0.4735152420946383,0.1839595821723612,0.0304432408426289,0.8777258314983798,0.81669696989174,0.0875811433474281,0.0120687579142654,0.081080863,0.448795178,0.691525424
0.1105423103657252,0.1084964380307091,0.1575678121706041,0.4300958013172204,0.3845509674890217,0.0495860841347031,0.9439984455298106,0.1610090556046668,0.5849801457208748,0.125918946,0.033027782,0.046153846
0.5285565055654566,0.2254170179429563,0.6989378135466935,0.0588370130710826,0.3854763257014273,0.8419107863428414,0.2991019451487152,0.6884306647774727,0.5412627604695762,0.117544152,0.627278367,0.0
0.9718966615642832,0.3867742387414222,0.2310808633717451,0.5524506098845525,0.8749503349302763,0.6110750808706668,0.7775827619914469,0.8730525972754986,0.7227400157720322,0.198580867,0.604232775,0.123076923
0.3695140579053949,0.7964659749906627,0.7724550114037989,0.6620059454585792,0.1345097566881256,0.450883541888458,0.8042176493372588,0.3945289710553015,0.9570842681497352,0.492637875,0.313586075,0.0
0.9660662787041064,0.9607035287107798,0.4615153385411099,0.4536408410000402,0.1944986286075714,0.9017794991287286,0.8522448809799996,0.179314718294913,0.2662119088100407,0.522511425,0.539936603,0.624657534
0.89435997700487,0.2581131755664496,0.0218145658248487,0.9260661492585854,0.5349926229357206,0.9536566149926076,0.0097130053332465,0.8670859819540928,0.9113341253398566,0.121894319,0.625667087,0.24
0.8025632162091524,0.1387284184460722,0.5442151927211026,0.0280656059389592,0.526623375499423,0.2108751076181754,0.2041314019857151,0.53708334751741,0.4041149633155378,0.08004356,0.26679213,0.0
0.6468480223286875,0.975214833037674,0.2478209868158764,0.3323937384264774,0.9121286436324804,0.5027366238552515,0.6092426024448336,0.6765094946749668,0.6698897643051167,0.634915194,0.481793253,0.440816327
0.1162392960450899,0.9828404684489744,0.5557889729427666,0.4209451507835103,0.382245033046193,0.1518693775336124,0.4830683874995086,0.1814017778614089,0.9897335946449664,0.4284698,0.292758208,0.6
0.7833060979833555,0.4047960375365251,0.7967663586948135,0.7427469958458037,0.0911897786957298,0.2466496006278479,0.3244267644316122,0.2338358488366947,0.6912194258460502,0.172805881,0.327420935,0.260869565
0.7759412834786824,0.48099551111474,0.1025978500904777,0.2078257724497886,0.8791164183812221,0.1876171417758765,0.7323198921991404,0.618690268842796,0.1679892591791568,0.183260439,0.326791769,0.342857143
0.0245424496626167,0.6199612335474075,0.9992243742883704,0.2340844970809307,0.5268338533083348,0.4220564829167931,0.3152143961173137,0.6897103667718292,0.7255396857268497,0.225383127,0.192925336,0.6
0.0133580346029387,0.243514239744487,0.0630495741659186,0.4741158548070344,0.7332000207721098,0.0448136535663645,0.5320959289974542,0.0137383698255204,0.5425272572060797,0.155248299,0.035351435,0.436363636
0.9453127036938234,0.1289937806597382,0.8803194366774016,0.7588288389567938,0.8450897309060342,0.605313990168743,0.5822988091029979,0.4352282991084875,0.9681597291856104,0.141293744,0.610322539,0.052173913
0.500009320020919,0.0350528919448407,0.8587396779804901,0.4497755452186921,0.3980339927077126,0.3220541385959633,0.950973599323942,0.8733713697207423,0.613453209247831,0.112020164,0.388365274,0.531147541
0.7564540521405628,0.5171534379519698,0.2499496375721016,0.2463500026456906,0.8006136973027645,0.4332294536998342,0.1713918676244388,0.5532867570829547,0.4842422571347701,0.165847455,0.613065554,0.133333333
0.1232280423346182,0.8791666880603207,0.6324188853821915,0.3523779633101526,0.355840428662253,0.487976321442774,0.8559423394222777,0.2831944329340867,0.5150886882084832,0.555164015,0.256510489,0.0
0.0451575765266182,0.3273579571110013,0.5048467455825729,0.1074963563512366,0.4992728247934841,0.5912836000708637,0.0431903983083677,0.7001160401765474,0.3251127020764475,0.102708757,0.291943361,0.428571429
0.8478649113507881,0.4445800016066601,0.3773774826513995,0.4610222428589501,0.3231038218144423,0.9438680913035772,0.0501449798680826,0.7411855610617427,0.9315554862820334,0.194618926,0.618480895,0.257142857
0.0273585346243602,0.7934778478135956,0.6606778174764333,0.2787868858077114,0.273249500737917,0.1670916035880481,0.932251217317465,0.2988759318306867,0.14612304112652,0.470930175,0.063710357,0.082758621
0.2091401138307778,0.3873801717992364,0.1786577630684575,0.6457244560127458,0.5873068821955721,0.2610730700087552,0.1710193183498818,0.98690783733362,0.2069328720136419,0.092914595,0.086187585,0.0
0.9489297804579192,0.3762090506269623,0.5929840659701187,0.4371796740832354,0.7468667516981742,0.3920814712870086,0.5125700297067375,0.9387583060708756,0.0283474410955577,0.190319104,0.409391868,0.676056338
0.5767682421161551,0.7041618470568386,0.1621884185019159,0.2821033417110447,0.8478471255434697,0.414744223696084,0.0954724858412575,0.8245202087524179,0.256428038075615,0.202263758,0.335594089,0.282352941
0.2792464067102884,0.6474965772289257,0.2034525854998963,0.8769268071925838,0.9186158135028512,0.4068431379850434,0.027032378737987,0.9369816381139644,0.713729558087932,0.178477039,0.238930942,0.0
0.9983401892185524,0.6808160439575044,0.1285411056453029,0.3133621294909441,0.9142154028164504,0.5559883453620919,0.8338063365274797,0.1691610377222707,0.4122042387467103,0.295148813,0.559755504,0.519402985
0.7029641120315434,0.6419623934819066,0.5909539720318914,0.5514815742028066,0.0873530430988027,0.4662658742665327,0.7276447436798806,0.5257238324474987,0.4791544925776607,0.398122773,0.398080471,0.0
0.5968740619208521,0.9958615741711688,0.8402287371896572,0.5945451147489091,0.7560295922046729,0.6168739202581979,0.2467885243135334,0.1296823822689763,0.5129606580595206,0.508415194,0.513797893,0.0
0.7942211302212412,0.7767537757107733,0.0930772002693606,0.2976838941356211,0.5066777322369618,0.0852154814107549,0.4788382241466381,0.8354260371602448,0.2282301374042815,0.254224159,0.294339106,0.514285714
0.0653697249025118,0.0109455833055187,0.6689392416479086,0.4247192815937092,0.4401420660460071,0.2488944104340021,0.2534263488042255,0.4622896980269096,0.8797904636541083,0.06786596,0.117309063,0.0
0.3766104933301756,0.4515057636557319,0.4362454255260923,0.7174513951490648,0.4114518268417205,0.72469221482798,0.351992392067933,0.9958611981822656,0.3787204302017202,0.094095825,0.351603955,0.0
0.1199385684416357,0.3674977683295947,0.2925786654520831,0.1661981610975672,0.8181827536218077,0.556030468743257,0.0782534378506488,0.092212703893045,0.1444960763630799,0.062675215,0.248180449,0.24
0.9214863152834968,0.0627386287845774,0.6854021967622803,0.8511261448885614,0.864905320562818,0.8175628347995854,0.2878287829534725,0.2762017204343541,0.9241376866234744,0.078547262,0.330435762,0.0
0.7860073286355496,0.6694157009704685,0.3330570513125827,0.3344696393989655,0.532531134461083,0.8202471474463046,0.7067541894919512,0.8737831513143016,0.6561294913808925,0.273823153,0.577241801,0.0
0.1049094427082125,0.6737661743713038,0.3878524135104906,0.8189016072002451,0.5423981896698311,0.0605206525101202,0.3075272550863196,0.0105576337742441,0.0404880146181901,0.141004333,0.078782008,0.64
0.918803516806221,0.0079322799013604,0.1590170895986988,0.3872975739239706,0.9357419663826352,0.5197942207000777,0.5769567948695953,0.4054244655310103,0.2043244477315545,0.090826328,0.485477005,0.24
0.1866021389091181,0.4152600742973825,0.4132200384670724,0.1601469807518777,0.5553253581100855,0.230066097698502,0.1697067351029823,0.2899007719031057,0.2087059145894338,0.112085665,0.256199572,0.741176471
0.9634748121389498,0.8971723276726565,0.9289089433939656,0.8102758889390579,0.0541632649938307,0.0556637787861875,0.6489029874493262,0.0623054658414357,0.0362420465696645,0.388329867,0.269811887,0.617475728
0.5626686398047887,0.093795908909019,0.9297113266745488,0.1287597431135415,0.7195359451604822,0.3390123483860299,0.8363481312112827,0.5514736881817309,0.8445569860815864,0.160832008,0.414839168,0.327272727
0.2908718479771871,0.2351130707963173,0.6799074599083853,0.7553582743614934,0.2553100355871316,0.8642090658100762,0.098539621332544,0.8081670578162315,0.189953002281456,0.077738354,0.452765193,0.6
0.6070623213159845,0.5585886811356822,0.9626004636205628,0.8132958043862439,0.2912220605643557,0.8433813974986686,0.6223456303291063,0.5490043981652554,0.2405677722620792,0.265425658,0.483716496,0.393103448
0.0937030458349854,0.772097151322997,0.7150971080527356,0.6711941195350755,0.5430554056307112,0.5028678932999529,0.7352572581203725,0.9049359999257808,0.74321284766888,0.366690266,0.19701334,0.0
0.2219061762983972,0.0420861680578927,0.8313681380639023,0.2192579441603972,0.9475405627498829,0.2531231986908813,0.2505427897273784,0.016918452986265,0.9209820465690666,0.063868397,0.258024217,0.533333333
0.7788458493629101,0.5442914424039652,0.8772357390307111,0.7518306319072787,0.7402838282671704,0.8296490890578079,0.7490898180114973,0.3662905011080134,0.9008239217857794,0.288194764,0.520230523,0.443076923
0.3929603342103588,0.2341156493691081,0.1663572858097267,0.8793756378256706,0.4803509669885999,0.4910543467699113,0.4689312280649501,0.8602499810953724,0.0618377277013033,0.056035067,0.309360347,0.0
0.1580871426650401,0.1852035999553706,0.3624923729378765,0.1355184648907322,0.9686797284301596,0.1806104557809553,0.5837229286760409,0.8194179645933253,0.3476163641744072,0.177391145,0.134960616,0.575
0.7410935865185619,0.3967833923261532,0.9504648752092716,0.5990834354004001,0.3476033116532612,0.625510941263952,0.6324538869251783,0.8186447093056741,0.0907834667527862,0.199373892,0.471420444,0.464516129
0.2977861516594672,0.1476950841454384,0.9128441381206982,0.3844327853344325,0.8352092173003305,0.6712188919573288,0.7045092155195906,0.3523671949271415,0.4942975952786689,0.119010361,0.241810549,0.088888889
0.7502476509851279,0.5924509437389003,0.117645018041109,0.4501971033465375,0.2907080250995576,0.1416144678945876,0.552040475733714,0.1873218591955504,0.7159687051422815,0.322065148,0.35056531,0.313043478
0.4876157979415279,0.2953552797812351,0.5439053150009336,0.7676118477377589,0.9792590391900672,0.4735722632276608,0.3929207735268115,0.5590263812954877,0.8987409856056895,0.118478787,0.413007277,0.428571429
0.0145203803141297,0.6571828430700828,0.7401369925804214,0.8246967680695755,0.580541005938368,0.0954853833810354,0.2409183107549471,0.9017608126074412,0.1794630042622004,0.208881964,0.048425933,0.257142857
0.5713544657259771,0.1801454103935051,0.4599363946570332,0.5673037111829105,0.6422626182700549,0.8294792771768361,0.7824855287660096,0.2548263772098676,0.0088698827673582,0.100752392,0.333605696,0.211764706
0.3777645186091101,0.1797810239450613,0.148132220416873,0.3912906229384777,0.8466952974942706,0.5618985624114565,0.6379881033373994,0.9183572597319424,0.5386880761000262,0.131563315,0.389439766,0.1125
0.2596621683626207,0.3936070891977064,0.9216704957928784,0.0374633924012786,0.9072681642805208,0.5579499870050101,0.3894131232676687,0.5376582024049371,0.3861625236960078,0.107226767,0.342602979,0.225
0.8975767119260233,0.6832056880598741,0.2440776378874893,0.4167573212104968,0.4103929414475153,0.0582911047324657,0.8806622255784646,0.1822246572126408,0.8285817872876958,0.379759494,0.124587947,0.0
0.8100058780307532,0.1640749735613134,0.0858376438569437,0.0653457364696814,0.6678028653187233,0.5373131827981166,0.3293277968795126,0.6052556660607965,0.1586232258559505,0.082822041,0.378476236,0.742857143
0.1476389589122808,0.3044921396009012,0.8428336216421114,0.3139019546956516,0.7025814549809277,0.917711272310928,0.4009173603838301,0.122799631747996,0.0370742530904514,0.115975297,0.101462148,0.75
0.9833576024978636,0.8891212320207619,0.6294027193897599,0.1790261307739349,0.0573111580450433,0.1402330517674489,0.0556374061550817,0.8065836240063172,0.7775098193067584,0.285754339,0.353565827,0.342857143
0.7599315824800115,0.2987228003514282,0.7861449831716004,0.0410012755879687,0.6216212376915347,0.6790655930842694,0.8615196855479886,0.4057424900306738,0.19236599967389,0.173428624,0.441610243,0.284210526
0.1869476985569635,0.1431419503143842,0.9342201389690618,0.3607161664801261,0.7916452247845555,0.5253467042993412,0.765406368265815,0.9168057074970478,0.2883420173563534,0.104439256,0.346589283,0.115384615
0.9229850028767838,0.9255261234494656,0.5174305169907089,0.0950546532906359,0.9609184954663128,0.6935433945104051,0.8705165496945553,0.1829816351881873,0.016430138447523,0.54474503,0.42186095,0.807476636
0.0110719061892873,0.31130455364559,0.1921529739988097,0.9509814844100248,0.342667199600176,0.1471617555096799,0.6300079702430736,0.4070753938739169,0.1256308312858042,0.144656733,0.056827222,0.259459459
0.7105784271869527,0.903338322184202,0.4991713125057277,0.9287725830064832,0.3146116416374719,0.4122540116568211,0.6390448991904139,0.7683008558817747,0.2450937736696652,0.540243299,0.347292632,0.195348837
0.2429993740598514,0.075016333112724,0.4481848752496551,0.2003113720096753,0.3039784482297112,0.2241981875832626,0.453023784120705,0.0575026698030074,0.813732920095136,0.064423288,0.246873675,0.548571429
0.3581325431599514,0.723211268909135,0.0316497417850968,0.729140282719471,0.2706278918213156,0.2111610660825027,0.0867113609908056,0.6035393863223611,0.8317171462533618,0.264315157,0.149156699,0.0
0.0248160505151758,0.0907828376270261,0.90304563493212,0.1194262306885897,0.9164524782796364,0.898199358796294,0.4197861513383307,0.7576072810983245,0.7497017931625489,0.081541152,0.361683055,0.0
0.0857750693408405,0.3866925541603673,0.4099547877287018,0.52302968013337,0.9319120499532894,0.328359693597912,0.9758679259504244,0.0409357093126425,0.4387211022262307,0.174174302,0.205801403,0.165517241
0.0396853274627716,0.3177146394796343,0.961083425609802,0.8195155230339299,0.861022292197182,0.7052917232535333,0.2693243374181089,0.8085617754277737,0.7894701461214398,0.131412772,0.268574872,0.109090909
0.4276064508910072,0.1961503813774799,0.2596042051194583,0.8709985895023304,0.2410193968203032,0.8220733909582657,0.5132021301852466,0.5189950487373978,0.1232441617683789,0.112769772,0.433192895,0.228571429
0.2537076004329628,0.3428235326469682,0.6106264417692713,0.9106656545561166,0.990727589717148,0.6504194701905759,0.2179201699093225,0.7513730402827039,0.8697414153815702,0.121082511,0.379398063,0.0
0.7695348450428441,0.0418765076135309,0.6559522698952331,0.7404441185755548,0.8041252344004785,0.8237537292690283,0.8287627409173123,0.4950881988742155,0.9361301038026622,0.125718285,0.498862355,0.58125
0.6897773790108938,0.9420476898110492,0.8593725651300753,0.0884500831642357,0.4484199546775983,0.0132303916755003,0.5834778321012117,0.6992400274183714,0.637349133224713,0.66436245,0.144685926,0.646153846
0.6630142342496329,0.313446909645098,0.5700959442705207,0.4505070920839844,0.2872828706557221,0.4277327564080145,0.6133188671491104,0.4009617438665884,0.4569456202574938,0.187243917,0.46635921,0.339130435
0.3960861869332268,0.1270987285812422,0.8038937974451623,0.5761839023493504,0.6673652650479641,0.4830795291731643,0.6613949519253369,0.044973213539686,0.2745736383583292,0.101058548,0.326392095,0.4
0.664708573255249,0.4593824541614763,0.998581572086804,0.5077884175012548,0.549537990379323,0.9858640370231164,0.0081400842924089,0.5730169877443869,0.9383048850314288,0.097415444,0.522390174,0.15
0.4800956971606872,0.7955617908335979,0.4518307460192913,0.8446137327295546,0.1791665587522354,0.0768831484489545,0.5194941308602601,0.3122444695350396,0.8522121862170292,0.555401211,0.085137101,0.0
0.947251683796706,0.6677193997466602,0.1864792077796407,0.6159256773330402,0.5967468555862907,0.6473434066534008,0.6599271901948862,0.3423385676057948,0.9927332993620352,0.334227927,0.54823533,0.288888889
0.6399838051386362,0.1583725076603743,0.0369342219601754,0.9640350001763758,0.7625483801756725,0.6875692029659235,0.2191152123651404,0.4334600228348743,0.2551727770549312,0.058799696,0.340331088,0.494117647
0.1371220970026895,0.120978797495878,0.108086375821447,0.6573109643545343,0.9948813886344956,0.0073047033583137,0.1821248908531947,0.3856210321415636,0.1594518293800877,0.084469179,0.024824826,0.171428571
0.3857810905241852,0.3655445532380114,0.7914922818415174,0.2253729129912028,0.1034605317272753,0.2437420147413183,0.2862287439292031,0.3771393101663117,0.9604018821434394,0.13930501,0.171424568,0.0
0.9198764505615004,0.4305263916917695,0.4984920274471359,0.8155451279916708,0.136613170137352,0.9528236660324346,0.6134761514975345,0.5205946648763451,0.9465475452810708,0.24266961,0.398443766,0.186206897
0.5320358669586851,0.0809711688561807,0.8208733054961709,0.7110324518646526,0.277128002895655,0.1261681586091034,0.5853938247207202,0.5128446309930433,0.0688614236719311,0.114059947,0.243608157,0.775609756
0.7992568042038084,0.8812864067237304,0.8408204524535061,0.388892617940929,0.4769468367732699,0.6594161520831796,0.3686490119409895,0.2026510032448651,0.5654625126283545,0.290648775,0.61914598,0.2
0.560543422278403,0.6523954771852888,0.3501948262402226,0.0129766725500471,0.7510323853784824,0.7511254747531102,0.1177456844185697,0.1689064842203623,0.659903778927462,0.212507318,0.573072787,0.369230769
0.4871175015750818,0.2225218597950637,0.3685301340509201,0.8906982288363241,0.3555699603458903,0.4904584272179483,0.8305692144446587,0.7162901070837003,0.6722243139452587,0.202906895,0.271100979,0.0
0.0727767591435478,0.9255821882184282,0.4098428046669029,0.7792131355435439,0.1633391361219538,0.4288241873722873,0.1207196454986235,0.918656166806116,0.4962404288898294,0.226276115,0.153287319,0.0
0.3995014894641514,0.5016283607077902,0.5755404114584651,0.7286776912111402,0.604787186361751,0.0214150414569802,0.3261147772472148,0.2993610111573817,0.107704564943607,0.137965539,0.061854128,0.0
0.9358824752474016,0.9044777708173596,0.9319786923253156,0.2229117744813824,0.0009696853825446,0.2680444057754058,0.4230079467973321,0.9510650925332746,0.1894443318870702,0.374989461,0.395735603,0.2
0.9681122261797496,0.1904457176237152,0.2057576305014545,0.4315968056589387,0.5845361737837377,0.6257600000094138,0.3815713506428488,0.970655772143893,0.1831207818719861,0.09637327,0.58976985,0.0
0.1148978136333304,0.6230320706495057,0.9292000813515496,0.8259639595809418,0.8608824622548128,0.9328352945249964,0.8041651794556066,0.9951307162168116,0.3592529264420474,0.288472828,0.414086758,0.127659574
0.049433079033389,0.4757508416297981,0.47362542334194,0.1875384930648997,0.7409442470003793,0.7379808215960377,0.1795987484896736,0.7763038518000192,0.7659160071900101,0.180227731,0.349487153,0.0
0.1620226511089875,0.5970194790718069,0.6224155912951799,0.7506431049039354,0.3750143006385802,0.6098757571181646,0.7413702197625395,0.6927385195269938,0.0946492243716783,0.24411754,0.356302959,0.611111111
0.2083972526471226,0.1468884724279324,0.9037612270057016,0.6451144065709911,0.6980517280983167,0.1115887054152628,0.6273390267433566,0.1518429545474487,0.7896956970963146,0.148795503,0.09262724,0.215384615
0.5250223100304727,0.7250810571015927,0.9168789416532498,0.4390436038147353,0.1019509528998435,0.0877110723076087,0.1787712772203443,0.7830853943775543,0.8224299450901171,0.186651354,0.145744385,0.2
0.2865940111867743,0.1038825635352201,0.5078485012726289,0.9770546430248088,0.6681994463930682,0.2082709030408939,0.2337139635512259,0.7273964848020629,0.0738335359657812,0.087889285,0.1720908,0.834782609
0.1019115352709856,0.4609748299999533,0.8426355824442988,0.8308127219091321,0.1140234592970314,0.2941880248747099,0.2735089045877077,0.4274174931026314,0.2694484497699473,0.09272272,0.183503121,0.666666667
0.2470355993938339,0.4895776264011809,0.2079854688827445,0.5804474866264635,0.6457219803366537,0.4600627325777027,0.2895005504305763,0.7224872063849758,0.7996439736509152,0.165130477,0.225170751,0.3
0.651336882208078,0.6155065611225018,0.9133312982175062,0.1183757150942326,0.610426107484295,0.3954677886256867,0.0503078433928719,0.8586917781100633,0.2603570144069885,0.203174715,0.275572852,0.573913043
0.7830514439287006,0.3906728029957795,0.9424177559302188,0.5437695128261222,0.3854548559242976,0.6030934792898297,0.441823732290474,0.5158430862642989,0.0112604694692061,0.141171472,0.172067503,0.857142857
0.8119546269494812,0.8544948249913675,0.907595559929496,0.2540613093623075,0.3976441541156674,0.5215470650372981,0.5757776201868361,0.5011071192418384,0.8717091568235248,0.555425734,0.499450751,0.182608696
0.2530436852948149,0.8999791538842542,0.2262879761526098,0.5931576073578023,0.7331937621454211,0.1298263764800803,0.7662123981191352,0.3247456046214253,0.7212580458115835,0.687385961,0.094011389,0.24
0.6288596767433459,0.4551627934796858,0.5185797601413136,0.1100460127210996,0.8173104548167337,0.6137708987124727,0.6158101670661781,0.2126593808341895,0.6581876566663772,0.216147771,0.452967848,0.620689655
0.3315627745723152,0.6181161232767316,0.6894199928293214,0.0540802526335003,0.7435254421564821,0.1451362034581913,0.1138120200429468,0.5486785599891122,0.5852391574078702,0.205722896,0.215308618,0.333333333
0.2700766986372098,0.6935981726805049,0.8023118731750016,0.6962419518289245,0.1318704677321792,0.678790855148069,0.1339003593531665,0.4211119590986903,0.1524146284134087,0.214587121,0.463182765,0.75
0.1884190966153905,0.9464028707664228,0.5901609643066746,0.5960898275636961,0.6970776649226802,0.9244805311258174,0.5887405627635168,0.4602845417213629,0.6293594376157496,0.529279567,0.47019908,0.432
0.4185945856424226,0.7313020991265263,0.3763112330425884,0.8043985988776078,0.8191515720678526,0.5036853866674407,0.3865614891516645,0.2073028512767237,0.9474779720156752,0.211760527,0.455043466,0.327272727
0.4354878414887465,0.9610977621618112,0.1603997347395575,0.8079293369507056,0.4111880455807777,0.158974104978348,0.3225547475657042,0.1540129693713317,0.5699421803441586,0.290897566,0.156719051,0.0
0.7255745608747158,0.9469880071627932,0.2249325016830973,0.3513149721838725,0.8987302525941017,0.5629126280893799,0.3774037399504553,0.3447478254969243,0.5438198437001118,0.273614471,0.350943417,0.56
0.8055770845654989,0.1171481098155988,0.1752067063161627,0.1750198550373578,0.4201966523027787,0.4574004538958581,0.714436901709599,0.0550422793439107,0.7634392277794445,0.115220686,0.521707126,0.38490566
0.0886188110699085,0.2890379451487669,0.3883813580621739,0.5196225930111525,0.85324048047614,0.7406015824989551,0.6671708037339463,0.88128962167496,0.6825016616458045,0.166271429,0.320939295,0.0
0.0643893732856542,0.982647996991702,0.2302642153789766,0.2963499081567775,0.7387386378059073,0.3217806741572068,0.6815499170780646,0.2467773846535436,0.2907874439373961,0.562545474,0.221358861,0.578823529
0.3654786306982752,0.9994610510448249,0.6561042350739928,0.642169492991334,0.1710669661510242,0.0389743944285193,0.3166915349619508,0.0789111171869821,0.482001385569297,0.41004087,0.069438194,0.3
0.5628393508118039,0.2771348501745572,0.1450473905672124,0.7603218487001069,0.5159961618758307,0.768301299168432,0.5335791503880325,0.8580365394630219,0.7494782928553294,0.167140006,0.542270363,0.0
0.3924400843915053,0.001047137007718,0.1634537523213104,0.2407952985842087,0.2477855074271209,0.9583126865737293,0.0028396630860134,0.4940547018741086,0.9894545783672628,0.064664916,0.048347896,0.3
0.9843627209790002,0.0534169466424815,0.15238436590345,0.8894794063387869,0.4982438031089807,0.9488462423419968,0.1766693625018199,0.4611155424376237,0.0097864541511332,0.047797185,0.450248168,0.0
0.5883740094913935,0.3779928403434277,0.9299403734531444,0.6199163892781527,0.5073134810967003,0.8243842748042195,0.5996390004687001,0.5619011052783928,0.0528284831046853,0.175752727,0.493678936,0.441176471
0.022820690803437,0.7881007614658138,0.2046584532242892,0.8638954636183339,0.5283198588019979,0.0068094654245054,0.3095431369795917,0.3961471668160694,0.680523568791636,0.295528212,0.026306497,0.635294118
0.8173011379846005,0.0926610111422252,0.8138756784829675,0.4136975709707466,0.4088238342229382,0.2345244615532291,0.1059766913005103,0.7895930609313655,0.6607189332982217,0.081575781,0.369764861,0.24
0.3789313078841727,0.742656974884503,0.5671622696181988,0.871398523093429,0.4531817111833708,0.5264665321134113,0.3191194579039056,0.3179241172426678,0.7278830923689495,0.268446003,0.433088312,0.171428571
0.4385945641495257,0.1527864050859314,0.6285774353984991,0.7472838011215146,0.9001838370285787,0.114387160771977,0.4342139442570939,0.7723646083468281,0.3211829772279354,0.07770596,0.166184798,0.0
0.4083397524587057,0.8142389336424247,0.9359227520385238,0.0145595883104917,0.2008556821928616,0.1818693991060598,0.1183123413717889,0.5207808436710377,0.888388513092899,0.32617907,0.214171253,0.545454545
0.0600842057064002,0.9746583404778394,0.7247246468754445,0.3732026582558163,0.7559058018178652,0.6155709549119384,0.0875574983371247,0.988176655897176,0.6458560393955902,0.396522356,0.317168558,0.0
0.7015751174955298,0.6785648212107658,0.5581368817530975,0.1109955074515114,0.4904366177083956,0.2267228645459984,0.886472516346849,0.99768318813729,0.1196116894828613,0.387461186,0.333392753,0.052173913
0.9832430114105436,0.2771597351204581,0.5333781131535443,0.6672308970162355,0.0495377247217497,0.5982291166816305,0.1370289278052968,0.4007291463660678,0.9734249944462378,0.120163278,0.659317085,0.0
0.2626257245211133,0.6610786792875559,0.4877217826347213,0.7758832313230207,0.6712338271079074,0.5820898295253538,0.4200299705945435,0.6549461607872888,0.4649617049574722,0.186979266,0.268062042,0.0
0.2731618356436748,0.428033141367407,0.0997524257061038,0.3728289176856785,0.977185711463202,0.3201161596693153,0.0711498789172156,0.2081185667203483,0.9171908001844028,0.121020979,0.494181891,0.3
0.3007646849799641,0.7862270672770285,0.4281883313024391,0.7340235254304573,0.7888086839142895,0.6727065635153653,0.1982273116325914,0.2702015715106874,0.0906678320562818,0.260635734,0.465524798,0.377142857
0.3295642392234983,0.1850583639101398,0.6760523405444715,0.1030180263937429,0.767374210408383,0.9049874116491142,0.4664152680086467,0.85644971216595,0.5987024983796939,0.056904147,0.411905024,0.0
0.6563800431728631,0.923634087796788,0.105088056090543,0.4873267674438586,0.3976515789530968,0.0047180878418495,0.8660495760400428,0.0789953155405872,0.2976908158218824,0.433528483,0.070886916,0.204878049
0.2096827014276493,0.5020249397825591,0.6668915143791551,0.9859801635618826,0.6898630703010643,0.2324110146747007,0.3970754534484652,0.9774261503867356,0.1142708199390171,0.164424541,0.31289307,0.494117647
0.5889698995549155,0.8698046520506543,0.2896215766918261,0.558547809498398,0.6378973189582879,0.2696619610858703,0.8417767459736323,0.2673101314952434,0.1431643546819171,0.48524591,0.363365519,0.677227723
0.2057273793390784,0.2620211899696975,0.8393340372639271,0.8722466513813444,0.5448601626321785,0.5096762920588418,0.639541467390069,0.2104238417672945,0.5005083485984353,0.173706584,0.251228322,0.318367347
0.6491031431960751,0.5018878283718455,0.8801537859338672,0.8425040800999213,0.7723627030892238,0.1669832024407817,0.4186846021805462,0.7589129611508744,0.5903496511360783,0.222632488,0.386750369,0.0
0.7256510074034089,0.9266796984723508,0.6019966637633246,0.5572209627861604,0.3537614946645635,0.4566448341111148,0.3548354139430795,0.3642131001346004,0.1733250512222015,0.323234351,0.481466321,0.0
0.5905687098350141,0.999736964605386,0.2500453658030065,0.9469137551050812,0.8097865827540333,0.1175571806306979,0.2574063268287236,0.2737269455412811,0.1479721076009055,0.427267568,0.165960888,0.6
0.073688171507345,0.3391959393209037,0.2151458549729447,0.9857654353530668,0.7935950431082338,0.120362881610088,0.9928947354765408,0.9212039528788584,0.2617185706363217,0.154591365,0.113706444,0.617142857
0.505241857577758,0.5702433963690563,0.1992830803484311,0.7328530791020103,0.7143876769083826,0.3190037032579204,0.5958799888548942,0.2866534224114401,0.3880331929203505,0.247482588,0.334940601,0.0
0.3246982474601525,0.0139283056612579,0.3505048491816951,0.3813575191421634,0.0650495606824583,0.9129610818279236,0.4280843030256511,0.6091726688473105,0.1233793704555243,0.043281352,0.462923776,0.733333333
0.1245470266690406,0.0955102674759185,0.2902772782680313,0.0661230970477675,0.1601263495644581,0.4005623039646873,0.34096622506546,0.899613963329732,0.5058863783657644,0.068587861,0.206952137,0.092307692
0.2835231887199191,0.6172355885183922,0.2686772998938564,0.2719561506972161,0.9848751039609684,0.6673478166733794,0.1894400209946609,0.402944419124401,0.1092267403720328,0.116866897,0.479936423,0.48
0.8778129450491455,0.5263244057283285,0.2114612014544886,0.0072468134264939,0.5575477366568615,0.1396948878084792,0.3665630385371874,0.008383987672449,0.4199441425637445,0.185222455,0.213373625,0.4
0.3841735504890501,0.9684543090977796,0.5486475857615253,0.2029510312812724,0.4477895012279205,0.5845505027082389,0.0935226765571247,0.9701439575719336,0.0520348137213821,0.263769341,0.077672288,0.15
0.6562662182366588,0.9107302121926594,0.1140472224656594,0.5366198069010727,0.1159461680925001,0.4708318971116728,0.0011782900185131,0.2765167474689404,0.8868398596946334,0.366003405,0.307277514,0.189473684
0.9796339772613368,0.724296477720169,0.9466441314131891,0.4083585857904669,0.9395376814060188,0.9039216273820512,0.8813695228348009,0.1774370581077438,0.1002050997382176,0.389371182,0.469914313,0.428571429
0.4124778227310058,0.3237055384890178,0.7504844581404608,0.2610777114248757,0.1419758234963682,0.6700942041850682,0.5334555893369274,0.4962130601124199,0.8706503060853619,0.178006688,0.472547273,0.313043478
0.1282820222384552,0.6065712258079852,0.0718746215607528,0.3036599113853164,0.2833038701900151,0.1177862175719908,0.1204154009153145,0.7319197208229059,0.1848723934397205,0.108764024,0.055400045,0.0
0.5878725317604954,0.75970161417965,0.4270797578634507,0.3975083721568646,0.4384020256712496,0.9710636403248188,0.2840651047788606,0.6694373747294293,0.1060153307591317,0.205395553,0.604985144,0.514285714
0.2287184062404423,0.7872201085975951,0.2308670984392463,0.971546002530209,0.3909463142495878,0.6660070099351095,0.1295390858070787,0.2630690141759193,0.3778666970176891,0.234789289,0.405580778,0.372413793
0.1740837509479359,0.1013183251624775,0.7053595702821871,0.6894466032478346,0.6961016261305655,0.3388864532875369,0.3148583416034562,0.5913763251386,0.906779639579223,0.075382079,0.146521194,0.5
0.9071623491123004,0.4731479225547358,0.2411415954719777,0.9713329202177176,0.0750822297469486,0.7018660858848795,0.634524346513261,0.3467656021472975,0.4211232259588169,0.245564063,0.484126384,0.370909091
0.2695736226737485,0.5829454501362288,0.1107265324142623,0.0324817014369005,0.7247207098738799,0.1227093555825578,0.6550482783204674,0.2663196411366959,0.4147142418674004,0.292430351,0.188399353,0.415384615
0.6848914471166022,0.9709466509057018,0.7780394108027481,0.5385604639937246,0.6983675183623879,0.1678015895523669,0.3877358987075141,0.5610384979409858,0.1380603339132106,0.372260073,0.323465331,0.694736842
0.440389255039572,0.8860167901744164,0.5610933587282563,0.0135101441233769,0.4375294960566154,0.3498714815735305,0.3754490578638519,0.8149719014947867,0.9364920155226056,0.383483531,0.383545651,0.6
0.7125786676996857,0.5569915965348934,0.9023501431788696,0.090197549366213,0.4292434920024953,0.4609834611889415,0.9177347648210724,0.0994954367001136,0.2370650741575458,0.315727753,0.454751304,0.428571429
0.3602212082852448,0.5764564425214356,0.6338338074261475,0.1021451462979049,0.6547379590842184,0.3943661993084184,0.0530867374091498,0.7031169303557794,0.8965309352343787,0.16779212,0.279006363,0.0
0.8817296659664472,0.5118083020957708,0.6488856052914203,0.1602523250732556,0.8526800128223501,0.3453162176104671,0.4862137680122831,0.6993171037195052,0.3581092729588051,0.196986157,0.489954107,0.64
0.8843610123134613,0.9935136842210311,0.192251521198881,0.816417742647801,0.2489492900274142,0.8180225169683736,0.0423603454969252,0.0921847332800194,0.3888556955679533,0.355142753,0.403996682,0.0
0.1824052894544635,0.3992333864392702,0.8579987770721619,0.1388949669356647,0.5970456612090446,0.7979143454002636,0.3886134599182664,0.344361586680443,0.872431457172343,0.144965214,0.378667281,0.514285714
0.5071100055777097,0.7040627763643177,0.4850097970284219,0.0075002712237766,0.1589021153356199,0.7551424082772328,0.436912240155235,0.1021338293656425,0.8719236830253845,0.253050884,0.54193239,0.56
0.7674725996106552,0.2671341010361773,0.8089362854344155,0.2506372859047192,0.8207544531772457,0.96630201955935,0.9240927073185556,0.3535574456533212,0.4097272559548764,0.147893297,0.605159494,0.476712329
0.2644547684001412,0.7637850375462706,0.5245600586356427,0.5135749203373827,0.7669275916774229,0.0840603329436088,0.2327315524176233,0.574360951561967,0.845630956299642,0.297726441,0.062736605,0.0
0.167619858722069,0.8369046980665829,0.9789984202858428,0.6530181953012252,0.2805907272032422,0.0052755003230805,0.5145290166332789,0.9286547948021464,0.8460890959409378,0.591784249,0.02458043,0.476470588
0.4921849510087006,0.1728882197951144,0.484035613922319,0.2825352112114622,0.8027782526509658,0.6453681132216842,0.926260885664216,0.2623857499503779,0.7497200692722913,0.124227479,0.4185351,0.690647482
0.3136958842127274,0.3356429101258149,0.8693299790327256,0.3533860948558754,0.3836260673319768,0.8299071567897803,0.5804289029331693,0.674468810043226,0.9008001460281578,0.253508213,0.42886808,0.40754717
0.1680423169412854,0.682391240023088,0.3361209396924146,0.8789929421495974,0.9793408586491652,0.1989810054761942,0.5237831033559412,0.8040268349243405,0.7084724021442489,0.365561578,0.190592906,0.577777778
0.655650309813695,0.5146905123496928,0.6369543293382408,0.5650841882789844,0.6743292199604586,0.9298260144699532,0.3300759223422105,0.4834086396844785,0.8738908345472608,0.235171578,0.556195179,0.12
0.6173741974122152,0.8477458624914032,0.492023463527329,0.5605377864559371,0.175427462523308,0.3507947530102244,0.6702198008623004,0.0760864517100081,0.3058419001383409,0.580057773,0.400986109,0.0
0.5541477102049029,0.3403325720673812,0.0051869656255485,0.3552538233593961,0.2882291478992167,0.4228305700785009,0.0729086630958913,0.7639823308034522,0.1452936761092076,0.111178806,0.472791849,0.705882353
0.6457273792605447,0.6756567787358482,0.2926006614923653,0.7472720391725498,0.3282393179445523,0.4462040496682554,0.1357373180608155,0.0220118097017295,0.34405147725241,0.215349059,0.467621549,0.3
0.203421939164337,0.1031653535265264,0.201853071354577,0.196980605909242,0.6782022233041584,0.296015274796871,0.977326148385378,0.942009796467172,0.8567771998883491,0.106303587,0.263815432,0.48
0.5286648106839631,0.6412722087782564,0.5693933021636945,0.1275958746053476,0.8446424249148597,0.9114822284364696,0.233094774941613,0.8677873024663534,0.4616146502451946,0.173401609,0.674932577,0.0
0.4189544120505041,0.3948211348427093,0.0400640460124016,0.0725611919074953,0.3919664920428699,0.4644031210043954,0.5689090140195617,0.6415767302711852,0.3607270726873731,0.167132222,0.433849129,0.408791209
0.9971225264274914,0.8008443155533648,0.2311077636193658,0.2450457324445945,0.9120852593020518,0.8220309616060499,0.8960022646980385,0.5174099713712745,0.1370795847919126,0.337844673,0.548574678,0.163636364
0.1108217458965572,0.6885926702494714,0.233475890175116,0.181476029064153,0.741449233668396,0.9708880124564055,0.7524959181309447,0.498724192845726,0.0916044604978757,0.349003536,0.298062584,0.672
0.568282710851096,0.7191588004601706,0.4699270913639214,0.1392411645996309,0.7975766595685324,0.1764439736859128,0.3216170512303533,0.8104303556355624,0.6043716639620439,0.212279466,0.421130863,0.42
0.127552073900228,0.9125782890527288,0.685230044114876,0.3389379043479008,0.1686536429021456,0.9414686055426782,0.5905247026329314,0.3947530179429636,0.3313441358144775,0.548455476,0.362956281,0.3
0.294133320269249,0.1779150439462151,0.6384822945765616,0.5807468336761775,0.3058280853193889,0.2808665525178315,0.3003129739301411,0.772590275103695,0.6125326166907669,0.087581485,0.176810034,0.0
0.8623496560729411,0.0493169233142847,0.31072406597991,0.9772487208867484,0.4896349109370819,0.7599377101640603,0.1997060582272691,0.5892341497915805,0.9678513569581664,0.051829607,0.518026892,0.6
0.912414189883638,0.4818937958734713,0.2629182942710734,0.7807930554033413,0.2146972701183309,0.8033771878034833,0.0479889711853429,0.3227161679441599,0.4486450845949122,0.163668263,0.498161925,0.0
0.9220601195826782,0.9937194169611164,0.4014405659121691,0.2604050297621422,0.2102108832970429,0.3122459319988183,0.1747729314057777,0.5780766768524501,0.539092221207774,0.475475786,0.253560711,0.646153846
0.7426227884271901,0.3214178551774569,0.6778810983963899,0.4617504250447306,0.6736461802025083,0.2761016405850683,0.8126587266997151,0.6541368669667976,0.2657191395067314,0.178121606,0.315516183,0.03
0.9019324594081104,0.3074357880473454,0.43348041111469,0.7803267113895419,0.0389561065843701,0.0075262723591831,0.9050231459497224,0.340432592937987,0.7638078169680234,0.178379898,0.113433563,0.702702703
0.8448541562891874,0.3071727950391832,0.4052272133467448,0.1089914196588736,0.6554235192146,0.9534202437890328,0.2276341355146862,0.9236781132095476,0.2861518130616509,0.075020128,0.638353294,0.507692308
0.9405925816229334,0.7217410498952402,0.7938453659176643,0.5158882878587361,0.3233560397832741,0.4504451813337777,0.0758308209007139,0.861597815964335,0.2814932767145355,0.30399859,0.448155695,0.413793103
0.3800367911944228,0.1584758274007875,0.7247222270668715,0.2611258869840437,0.7009966765881056,0.5516789203267722,0.4311880564817834,0.1898854196213025,0.5190990842193264,0.105385213,0.378615269,0.0
0.93661362213678,0.986465592017833,0.2306133955955353,0.4343437253207385,0.2398747577783578,0.5930926195622661,0.5434894966245086,0.6249629183021177,0.4636165600193053,0.578824067,0.491358667,0.12972973
0.0436222388651084,0.1822557031519123,0.7054348750093419,0.416552264084417,0.6083747879998302,0.2801874816890148,0.7493942211788466,0.7012402613699287,0.5435663413551461,0.14081994,0.165891709,0.213333333
0.3415351290821974,0.8637766105236536,0.5587971138055025,0.9611686412363264,0.4589717006764978,0.3586578672192153,0.371522945584227,0.2231572188703651,0.7331630313380048,0.416076794,0.364182883,0.0
0.7755903368452107,0.3528283601695303,0.9529504801178192,0.1903304699760417,0.8549460807615762,0.5725146549756345,0.3743949248681263,0.955937521175539,0.9110069487506164,0.194360778,0.432867076,0.5
0.1730264422900098,0.991364278450093,0.0575938063488986,0.1244389774209294,0.800316503824617,0.9201683777599812,0.3463817907580817,0.4817434477328297,0.6153043120087394,0.477818987,0.382594137,0.0
0.8069879024767552,0.9604748511527524,0.6502312098904705,0.9347966091219424,0.9568642632374904,0.0758234711011023,0.3983407078442323,0.8502822491959084,0.2097173267671576,0.428775627,0.261693096,0.45
0.0196021412226296,0.6502515944922441,0.9059599633037544,0.7799610820214883,0.4305254136742132,0.3253108344389659,0.4852755504536867,0.2036223733872579,0.3938844179220286,0.326409096,0.061688178,0.369230769
0.9876494612703124,0.0305725374211761,0.4037252973165112,0.1343288836653953,0.30784145806399,0.7655406429584812,0.1665741758072371,0.439970421116399,0.0494373917328122,0.046362155,0.227420235,0.12
0.482291070441682,0.8001075953747349,0.5316466320155289,0.0151365004659962,0.4714455751897218,0.3117385038179193,0.4568534015352501,0.5067019947578316,0.7765809276317149,0.323730182,0.474877868,0.442105263
0.4810281896065215,0.9986388882062838,0.697111385205917,0.8258783283695847,0.2416067956186434,0.9635515759174534,0.4627594757661744,0.1099655433646482,0.1760576925669723,0.306475165,0.339361111,0.0
0.6050730789455177,0.8173268995084975,0.0824718018649819,0.0417765913349565,0.0962805037696703,0.3949503416138037,0.5826489564792405,0.998672011337712,0.4492914957150431,0.349955574,0.477451614,0.52987013
0.6647176736222655,0.8179326925190451,0.1178512740372637,0.1604968633633633,0.8465444430590888,0.5798365815721648,0.550807576886337,0.4520302460638982,0.8318851642757293,0.391076885,0.52768729,0.0
0.3202773494706001,0.7865235289449559,0.6132676602464208,0.2484677504770952,0.10082118042037,0.0717023680946956,0.8466895936338081,0.457519159377607,0.3886952111626264,0.512759846,0.12721628,0.315789474
0.2236825815739962,0.7998282731054381,0.4870548894983351,0.5293577637703417,0.9690918287757928,0.0922121492964698,0.5815947292594391,0.8243303737566012,0.6281848020893485,0.390212839,0.084509541,0.0
0.779314355127646,0.487046637322801,0.5794962683601547,0.8696119890589511,0.3319830552936105,0.4892216153276526,0.2953615731874733,0.5839421276071047,0.4946520995834047,0.193458415,0.426941052,0.32
0.7700246853397672,0.0301437308449191,0.8062141001676163,0.2609517302873982,0.0766176906336391,0.854777835606873,0.3417940683064459,0.2205420936207675,0.3732439634113853,0.089768589,0.0,0.514285714
0.1144765715971888,0.5292858836211095,0.0918685991866163,0.980706957832504,0.7545612224541624,0.3946102738821315,0.1677059980612574,0.8841808705047511,0.9149185425334528,0.177676506,0.25084362,0.342857143
0.6328314393948349,0.488442490060876,0.1589408925387384,0.3694975976125758,0.2217981131238195,0.91749384271086,0.8965312539080903,0.702926125888358,0.0707535247739877,0.190226971,0.514700663,0.488135593
0.8092361958208147,0.5159955124736725,0.0910106796984953,0.4914527372592245,0.0327068644377581,0.1144946525206269,0.084249999559712,0.4451080707446609,0.0305949016879962,0.119959151,0.256712325,0.929032258
0.9073225150886466,0.3631148862455943,0.7572967641223916,0.3526900582279403,0.2709078595500697,0.752765671692578,0.5209517112185862,0.4451221778967178,0.016482280344102,0.219075562,0.486817099,0.701886792
0.6485717428981265,0.0441741180304681,0.2584169824002411,0.1023554994641555,0.404799737326781,0.527353458656085,0.4986343187744581,0.2406556557597838,0.0273764518154382,0.05267101,0.345610518,0.423529412
0.8664440491446639,0.0318791847469771,0.0585386226559714,0.1261208374482026,0.97643753969319,0.6927391476166869,0.932562590013204,0.0888641679138358,0.4030918314781856,0.090986385,0.53022036,0.327272727
0.3603003279985892,0.5070651673482092,0.2291590061284681,0.1400365539530504,0.2000734408467768,0.7999784014660022,0.0891553380224615,0.9945183997136716,0.3082101706607741,0.115174215,0.488222246,0.0
0.6541593835379239,0.3507516072708008,0.3995231924633948,0.2940708299268094,0.4876907817148782,0.8397889217090929,0.7868261058747941,0.1693180915832324,0.9584592351229057,0.171774866,0.561647619,0.117073171
0.626810107791369,0.578434816556994,0.993750753549166,0.3637434858456499,0.2173084317169075,0.9031063207376092,0.8270275001549076,0.392981349868465,0.7787764987487369,0.329152586,0.593895155,0.588235294
0.132302234719901,0.8933583504196794,0.5984534126939104,0.5035623906402185,0.714733329452142,0.3138936776088806,0.7987367900315786,0.3417829384664839,0.2161387936919377,0.428402218,0.163346404,0.234146341
0.9864124343103152,0.2696625243282864,0.9979198881818676,0.3312855857909001,0.5712615814154207,0.8421928956966895,0.1949335916879542,0.6757149280725507,0.4065471795468521,0.11098819,0.595988496,0.564705882
0.8475700651129221,0.4086024330109982,0.9604027820207132,0.7294598680258895,0.1304168071717444,0.8667587426229186,0.6412496892699148,0.951648587513912,0.7527063045196586,0.244328188,0.601072113,0.528
0.4715263787901124,0.3718527442653346,0.5352686510534043,0.3542925369495977,0.5892089096839114,0.0888112471140722,0.0749761115859795,0.4345457233325603,0.0308416578639058,0.114958474,0.113771025,0.066666667
0.6437970816207107,0.6876895080582132,0.4570529432389686,0.7432942341451486,0.5783313344947979,0.0265889828001557,0.7276756937029194,0.6010393418906306,0.0306092663381913,0.348134482,0.031761687,0.04
0.6007334812887788,0.3320629923842935,0.5373681932089557,0.8219988155508428,0.5516668915823881,0.5290235197111697,0.1293971595605644,0.4389015514315622,0.2380204042329241,0.118565995,0.437762998,0.0
0.8495264187569382,0.5676994662600875,0.6623389252760218,0.86204491728576,0.6784233229328419,0.3747325248870408,0.34226125371664,0.6700819365901445,0.1479199127717979,0.187159603,0.116608293,0.0
0.6300116656714412,0.6821175453116965,0.3393415469184138,0.9874420972219649,0.1667611313668784,0.8478691527477097,0.5487325869803851,0.9037818849911372,0.115782395010599,0.286965449,0.511766282,0.276923077
0.6029986894981744,0.3557715912423339,0.7423650172512133,0.8768744364514208,0.8391300286265669,0.962449169874956,0.435467443191935,0.0772530278397406,0.8752016175440905,0.150839066,0.560177777,0.0
0.3053510242069216,0.0324646312869024,0.6109338009178652,0.9814782773420532,0.7861487714667375,0.7642579511544491,0.8812610313497296,0.3974654989577362,0.0851704241268099,0.09002726,0.366170851,0.085714286
0.1592713342876563,0.708925024609753,0.0202019148714467,0.6731289687396396,0.7365611206953562,0.3878560858376244,0.1620793284419108,0.8906754152573589,0.937238555866405,0.233168862,0.174060832,0.48
0.4418796643428841,0.7838603043394042,0.4755678533486928,0.7473012221859076,0.3745633015156857,0.1145750703725078,0.720285327085667,0.3555870642434486,0.7903475309584381,0.424463861,0.158098739,0.0
0.7512250144798054,0.7633681049346336,0.2798581394000303,0.519734989649366,0.9269073745373924,0.0945905640068682,0.9128822359846412,0.2647111424389141,0.6475491288123855,0.289517509,0.262269498,0.674285714
0.7990335898169396,0.928304870268486,0.0328687538366962,0.4041941083755228,0.2889155735657864,0.2803771124124431,0.319819004502972,0.6757328575678875,0.8248237262487879,0.309840836,0.643764157,0.64
0.3959565783531531,0.4625824787452374,0.9032051804084362,0.0028485533372079,0.7284781685434736,0.1635978044470698,0.3156739298819599,0.3529070663128165,0.0652644721454782,0.140176427,0.190487285,0.208695652
0.4430973889761683,0.6162854249434275,0.7287573153714035,0.8901624830677064,0.5623331846733426,0.6863693002256124,0.4684967666273624,0.201720602879366,0.4431475010144348,0.170220359,0.262310002,0.514285714
0.4909770969084324,0.1402116720355896,0.3340837832910585,0.5904084051981797,0.6289082056864368,0.297330538475194,0.0521574497302287,0.7489935287759854,0.4271140555176901,0.071123364,0.267457349,0.4
0.4023170678650142,0.0806625572124303,0.7114754290579788,0.5530923444682201,0.6778347604052796,0.1652986230208737,0.0235465102152915,0.4839304995899705,0.7185487937638757,0.056309007,0.27084617,0.6
0.9623634964669376,0.7227562458043167,0.6346744018400639,0.8052168496935316,0.5900623355430256,0.8708083112653351,0.1850128452894114,0.8920978059076097,0.7677668669585833,0.249658104,0.671023083,0.428571429
0.2868258135487184,0.2385845711747449,0.3061933007033717,0.4725421888894341,0.2060186332667101,0.2621815944777277,0.3401634649553714,0.2045645935500731,0.5500606456244086,0.118181975,0.296598333,0.528
0.1046838698009863,0.0489373709800016,0.7965976497917244,0.4218818970432567,0.4432216110994321,0.520394110702348,0.3311700787057506,0.2788263368803386,0.3706814201897271,0.074546277,0.278647635,0.0
0.017994872365155,0.1199111121158998,0.9658838227888008,0.9143984151075688,0.5672179388611964,0.2793645952227099,0.3960082076390387,0.7666086473503675,0.2092438992280165,0.079035549,0.073701553,0.0
0.3798212227721647,0.1315874499109465,0.6116261192004253,0.9218463997480868,0.0529351723219156,0.5854174915248833,0.0650079128713512,0.055186724531015,0.5402105949020756,0.076081767,0.336403508,0.0
0.1584258978076005,0.7440040765119246,0.433085834259261,0.464931496560682,0.2017620982068835,0.1157000919403624,0.3377952726817466,0.3645063013438323,0.0286177914185936,0.177259651,0.019513727,0.0
0.5187097471274326,0.7077219511435802,0.1997816286624086,0.1616706956256931,0.7439564456459664,0.3451813748137954,0.1040710218728401,0.98628508700422,0.096344686056549,0.148747688,0.215746366,0.3
0.5408346597554485,0.8067318052958052,0.5228184658526777,0.3024390518093346,0.3116577415905616,0.9100021787638964,0.3735314855316838,0.2547289291440768,0.1593861857165104,0.302535648,0.453337887,0.257142857
0.8904299687542283,0.0947514227350917,0.9849916870768296,0.8598400358755212,0.408537924263184,0.2691193848903895,0.929691096697689,0.7972606860743021,0.8247542297043368,0.128868284,0.436346172,0.24
0.4174240771762616,0.6723995914512775,0.3337961959926917,0.6438430152250058,0.2796996734590767,0.8736252891623834,0.280291211567178,0.7131101636687147,0.390433008950257,0.258517071,0.368757063,0.24
0.792496575050986,0.0248768745807304,0.3580129594593768,0.2880398773164954,0.6180785542946156,0.2127761265069372,0.8685119904257311,0.7523740904790617,0.3699898426204617,0.09472952,0.360017071,0.312328767
0.0012490378376415,0.3464599734897389,0.1078472653873984,0.1622164880762995,0.6155534657800636,0.6044781122076678,0.6422120810740091,0.7772574346686228,0.7386276295379199,0.189926798,0.244511895,0.517241379
0.4901013145641297,0.5565833669156522,0.7529722998009327,0.8589985633858362,0.5807356580033446,0.6233450145188338,0.0916683025254007,0.93526151393282,0.7501759380229736,0.156880169,0.474468876,0.0
0.6299767298475991,0.750464994118948,0.7887701203725836,0.4113114652716975,0.8395259556504631,0.9479133337696,0.5929665628065259,0.0863508269130324,0.0808012562938906,0.382030608,0.458925486,0.204255319
0.0372081332707,0.3198460773564496,0.2889173651199179,0.9854305655353032,0.8500085011202112,0.1609479590402051,0.3701957275733211,0.1909761331198725,0.9439092740557488,0.128891409,0.105141359,0.436363636
0.3030749343522987,0.8363533642620758,0.7583872262199011,0.4199932161983666,0.5733782678439869,0.730401828329463,0.48944435581013,0.9991496923911332,0.0467875832143985,0.212324654,0.247367537,0.24
0.5279846061745633,0.5217038420350266,0.0231692510297505,0.8761902109675657,0.6160694071254328,0.7557490444936568,0.827208949592045,0.7491515196326607,0.5508109960044973,0.265763344,0.46489856,0.392307692
0.7107829357888236,0.6480161121210906,0.3827865944165982,0.2560821079797034,0.1798561324007596,0.5744366660290099,0.9260090720508508,0.0550785546174353,0.8349743645263185,0.34198094,0.544810822,0.358441558
0.2302512641967251,0.0653853183041579,0.4839620308981253,0.7204489787918102,0.0025158903712965,0.6698890989541677,0.7254484434788446,0.8981119002730676,0.673136703374905,0.143921592,0.317899774,0.088888889
0.5805507503763145,0.0969102639337139,0.7667331869361687,0.7714121350360443,0.6781237671811355,0.4619391807692173,0.8464903285314521,0.6504311530507327,0.1102156144397784,0.11292408,0.354029057,0.0
0.9435246617505534,0.992711328445362,0.9842170218778596,0.4493604693067136,0.5781941176863694,0.8087247067753018,0.8702945839418096,0.856882605362223,0.971563524248858,0.782208315,0.603161074,0.349090909
0.2487916777483989,0.2318266981982921,0.0884292001411047,0.3334966020520857,0.8766226913558582,0.5674868742021416,0.2292236518265864,0.4628168583813277,0.3023267122946325,0.110083125,0.441375667,0.6
0.202010793174079,0.9972890598819296,0.7910725672736478,0.7842973492591441,0.9076074559450474,0.669684613419998,0.6549837543129771,0.8336522274955007,0.8541143319434102,0.750599377,0.433598599,0.24
0.4985255863017986,0.7320607563410716,0.2967717569801398,0.6737207581657946,0.7861525398640444,0.989565626791288,0.6463320308789459,0.0731024157070028,0.7973686901499689,0.339187296,0.429876091,0.036363636
0.3299618809539668,0.3690317322514433,0.6250763278727893,0.0470817881219308,0.2656917967010557,0.4575312652298035,0.6573953569859254,0.689792339953838,0.287060309958679,0.178016561,0.283402487,0.25
0.2876851191111053,0.5921619573386928,0.090955023028645,0.0039758222405666,0.0734776305464764,0.7805619438205386,0.7717388862834311,0.8575358224865637,0.4413774813023086,0.31204751,0.433049965,0.476190476
0.6754005602173293,0.342034167084805,0.4474492791312795,0.740432812980718,0.7656832764123234,0.5288044976853414,0.9572237950649471,0.738492632268889,0.9436356286818804,0.148476494,0.523784708,0.495
0.8464215464428331,0.5149757491526779,0.6105081953816425,0.5156796220285939,0.9309122616901592,0.2524814945765192,0.851124275015114,0.3992080299929073,0.0838221712409167,0.277127513,0.416529227,0.776470588
0.8850411631974172,0.2975881159739797,0.2202330666370492,0.7051471767622751,0.4329394339705251,0.5712752707513359,0.5094624372764053,0.439162731024302,0.8740105548650048,0.190919986,0.409853052,0.0
0.5529597574783043,0.7608889601376098,0.0581155463635789,0.7647191374434977,0.3653079472854742,0.8551444543971226,0.961395021315541,0.5673772846013797,0.9650800455897116,0.473743389,0.445589173,0.285714286
0.9414907928586274,0.0153600006726851,0.2598805037390705,0.7562603226936575,0.8592343188936836,0.4394661520152375,0.9562255043278228,0.3691485873168368,0.2098136744366698,0.079411009,0.405186485,0.105882353
0.5327684030164069,0.874682615156909,0.3262399251804497,0.3167664934567928,0.0509113171594702,0.3742926303152337,0.2001733635311547,0.184372865009249,0.9887076966634344,0.425617243,0.432766753,0.536842105
0.6993632048069018,0.6442711127186745,0.89568118188516,0.3089179655235468,0.1924272502759979,0.7237157229570874,0.3471089151934926,0.3425164205176456,0.244333074631844,0.148592032,0.359454315,0.4
0.3951662679374231,0.202280879370523,0.9740842708438066,0.1680538528272847,0.3080196434960612,0.7587081656222087,0.7628547242358988,0.2923518773448297,0.2434139728899587,0.126158597,0.434719044,0.669230769
0.4013651734523566,0.402856298349035,0.7788081457076222,0.5997055804742242,0.997718503007748,0.1390376441602451,0.2270401691715432,0.7024306942397642,0.8087929563072513,0.16665349,0.122734223,0.514285714
0.0895500506418413,0.1797936961505736,0.9542033872255872,0.1325679035753146,0.1476297588599637,0.3898673724493365,0.7491766379075795,0.9154711001262456,0.5495036509572248,0.126565256,0.203153929,0.141176471
0.7294945225493654,0.9956288409050936,0.9312089594837274,0.3360177996028854,0.8036990254009224,0.5917673136850128,0.3379467545400944,0.7699526918327388,0.8529513761059587,0.361178231,0.495937631,0.4
0.9833066524803364,0.7785843993843978,0.45147641980008,0.8460684400676695,0.7036281531942383,0.0050425826491377,0.8902602818433764,0.8640365623341533,0.5469142563836403,0.38196189,0.142336571,0.534545455
0.488170503369409,0.3159619999762001,0.7459194155241875,0.8481682838336242,0.6420823373601767,0.054661817039474,0.3573610475038992,0.2062343665614033,0.5515639501208833,0.137143742,0.096473256,0.0
0.8287790993039398,0.639091096277825,0.8474355904679457,0.0297979828237072,0.9486754969239892,0.0958577022723627,0.2142078640489262,0.0326563685246549,0.4220042167367938,0.140582996,0.210177821,0.276923077
0.2478729908488084,0.3412745766269025,0.9980272982306844,0.8942039480066204,0.9296473527152168,0.3841759154664653,0.7971815365803269,0.5563734129632191,0.0770496638843768,0.177141946,0.283944408,0.251612903
0.6887785529253021,0.5939921685171816,0.2602853587241983,0.8223558347569341,0.1544790128122637,0.2878534082738645,0.7434654051442793,0.4311562919061177,0.3031293637776512,0.247583496,0.212366242,0.038709677
0.6078898356847073,0.3157529416908778,0.1898269465316916,0.2086687305858726,0.5532875732704121,0.3467173889646899,0.3992758873131417,0.652222240474997,0.6024452697631818,0.131213474,0.464562624,0.553846154
0.8081927306336354,0.6273378736847047,0.1360876970399593,0.5225008099205587,0.3799010145355018,0.9367158922552552,0.7893023947026515,0.4166690973791949,0.5168872863944252,0.307014295,0.535160959,0.393103448
0.1453168376419236,0.5249460068677363,0.1217547547260665,0.9408371191926578,0.0704554060769689,0.2072276909625484,0.1295581383322249,0.8559018987559607,0.1271193147886216,0.159944033,0.188345555,0.3
0.4348026901902623,0.5625495072634539,0.265875465117756,0.6696602826459418,0.9833441517753893,0.2485305161082805,0.0088296914694956,0.5528693633654703,0.4160165259340442,0.15374295,0.275741823,0.218181818
0.7497041070233738,0.0945834095018253,0.6419489593125453,0.1471385949751844,0.5241592291539243,0.2855025009402513,0.2019274222759933,0.0625272724983844,0.9169046965204126,0.05184945,0.20671087,0.171428571
0.7149566983747464,0.9726590971018888,0.1090604884327808,0.8969247488508637,0.2722982140113081,0.3960839206093448,0.5037241618353491,0.6607584691444366,0.0514933368510001,0.538119631,0.372146122,0.495238095
0.979772292939541,0.5650927315029313,0.9213035991163036,0.744359876159972,0.6371667777318006,0.5686677970416237,0.4950584752713421,0.6161074203277981,0.9486762176298048,0.203343308,0.43727796,0.4
0.7846155414135676,0.8637957832733134,0.5453411780746615,0.0461877368544207,0.7487147588013069,0.8462662076355129,0.2112235326101117,0.6344170165210927,0.5622069604648509,0.371549883,0.652333172,0.4
0.2647062337591599,0.7384382222353293,0.2003840830350436,0.7408088693536923,0.0346809160419316,0.686968142829361,0.4746987049872637,0.1732518331256806,0.6263453422297385,0.150291714,0.388812841,0.133333333
0.8404945919992363,0.2422100189522892,0.121450114700045,0.5499022588330228,0.6600143972190868,0.9475374840294108,0.4388700506094931,0.1133625913136153,0.0221817863049994,0.049110318,0.422688108,0.276923077
0.4978018305693009,0.6660023511259175,0.5899110771030639,0.3422622246573198,0.7396960222836292,0.6053133269255991,0.4615504208455624,0.9349209786281962,0.7666866652024023,0.245792943,0.525885902,0.0
0.2419490758618696,0.169919832781911,0.6946877600481512,0.6839641933808945,0.6619446255657718,0.9485459691121076,0.3430776350762383,0.2964261798181502,0.0993001716401512,0.07828,0.410728006,0.133333333
0.8327989824192943,0.1358649821080568,0.9071295464799662,0.0956509208791435,0.7084542980668836,0.7529651696301658,0.8077429790174188,0.3943003673423364,0.4480881117994272,0.129319787,0.37432557,0.133333333
0.8719631273090734,0.0966075124026615,0.9516367079060648,0.9795198203119424,0.2123544910327476,0.0364880968048825,0.219185018959219,0.203292038575898,0.7089667728821539,0.073804348,0.116053966,0.0
0.3973332038798377,0.922599525348718,0.4126486279078047,0.5905797198986572,0.5762163053972751,0.0348874623037033,0.2079010228653699,0.7169161085313339,0.854887394024416,0.472592184,0.107527956,0.533333333
0.8028912196924478,0.6754537640598047,0.771115196801266,0.0385083191186681,0.3319921385566908,0.4350173049738907,0.5872208423983843,0.510154375083557,0.5699349049260508,0.437464112,0.528305389,0.317647059
0.4383236075205045,0.8513600569169748,0.0092203645458502,0.0312139662573783,0.4435841729420599,0.6589949370311792,0.0862199338463178,0.0277059872576558,0.3695818403168828,0.240549304,0.52155841,0.276923077
0.0275928995997719,0.912878952426056,0.9224433452300648,0.0136755513829674,0.4837361806520543,0.2770919873055113,0.933753209204289,0.6564996796080763,0.6598445720279396,0.633840718,0.158900154,0.51
0.7422189912739615,0.5171361570132899,0.365227312276222,0.92000462125581,0.3069016892493688,0.5678676220402576,0.9891646291272556,0.4039429474197293,0.9851991600917148,0.282961769,0.416952076,0.0
0.0905782931162468,0.2374918876078007,0.5463714594392367,0.2158758210725497,0.6725057544307145,0.984583333367877,0.4258234619447387,0.0408598170936801,0.6714756308848142,0.090763983,0.493842223,0.0
0.9349636208705387,0.0725174798337334,0.5906208165047889,0.7247696543782038,0.9711253418404492,0.862922439636036,0.8380150370686257,0.7672840634946114,0.1332137455929931,0.085182334,0.445190073,0.204255319
0.8766091051348621,0.4455891245776867,0.7421764066837913,0.9043017487922572,0.4066486001975684,0.3372992422322487,0.6330550898981673,0.0498017439003648,0.8648228839142492,0.251407653,0.388598753,0.046153846
0.671274947367049,0.7442350649776266,0.8238266898663433,0.912927994220225,0.7972491651561876,0.9540617785683234,0.0343974674201906,0.9234338325113745,0.6026498657048017,0.206598957,0.32111411,0.0
0.2763524073032529,0.2414134655898986,0.0318233145626876,0.5566234068958827,0.5287273970766706,0.8109960373507706,0.9494703501324688,0.5113844454842077,0.2283740022119122,0.1346222,0.429968841,0.366666667
0.9937193321412688,0.7571011561059993,0.595053824876786,0.3972400105874198,0.2175900671253148,0.6897815890258223,0.5384998144190503,0.2214234613411936,0.6778136221924119,0.492878512,0.514224278,0.748514851
0.4536885831685563,0.0583448675368337,0.7467243792909438,0.8593060616880495,0.1982009970115322,0.3887764588706642,0.4463035148304607,0.7699573385416861,0.17491488755882,0.039579972,0.259833642,0.066666667
0.403441047851887,0.5367180116992274,0.3130042548830584,0.1695300657115591,0.6199041656953234,0.5131916027885555,0.2537285348919715,0.1697988509144873,0.0188076722612411,0.125702004,0.253914723,0.675
0.973603992140708,0.0031119308502607,0.3325940898688437,0.3579758229398532,0.9247816619005202,0.3531018784086339,0.7469169806072354,0.4683539792671415,0.7383580102323735,0.096476315,0.503904179,0.498461538
0.4530180025641696,0.0147802429381894,0.3996759290827513,0.1676314631203582,0.7369645071931314,0.522615660424381,0.6816827230458283,0.1873351470873491,0.4964310054436016,0.104853985,0.484987969,0.06
0.0005261841218228,0.4239941667537411,0.7503698955818728,0.6580309358476935,0.2495880922291207,0.9505983985822344,0.9074168154483376,0.2951660286894724,0.138612882301888,0.232471081,0.240773241,0.366666667
0.5379086669890251,0.9518382776174844,0.912986287805118,0.5262739518922172,0.0801377979701518,0.1721646765632272,0.255243124049627,0.6345213450845041,0.3785800772906831,0.396540481,0.244632934,0.0
0.0707681710588964,0.7803130473586065,0.2591592317967714,0.0522609113794809,0.8903654030375082,0.7883879932822301,0.0935771543879212,0.3033827226140071,0.660069512379005,0.303128819,0.313556352,0.48
0.5394176520954077,0.8254685525696484,0.8697381601151882,0.4155240241087976,0.8128940640018667,0.2714061124893292,0.9924659612137618,0.5987982187764961,0.2477649084440245,0.413198044,0.393549351,0.350561798
0.6402268514040491,0.7901273162466214,0.8762082925430004,0.8695544158193836,0.7324885732502361,0.8766391900439289,0.721027763649558,0.1485124976242059,0.7601579865960055,0.496596029,0.491232423,0.289655172
0.3147388781197796,0.0820127599613053,0.1644684945588337,0.5388183206075162,0.7947069586723928,0.3986845564656596,0.1230387489823926,0.4514139808195799,0.4722631468496662,0.078134843,0.247297713,0.514285714
0.3925725287149768,0.1359866951146898,0.6771129673495542,0.0220470634492316,0.4704059963424533,0.5533569382035424,0.2158032875478717,0.5113912412972341,0.1883412348208601,0.090665188,0.495618604,0.457142857
0.2647026967306888,0.8784377556893703,0.5877985142843406,0.643450616938473,0.7776718066404614,0.9661167570888116,0.5429687394527869,0.5962948182376684,0.8890318049556821,0.50092605,0.516374403,0.3
0.4794474390655486,0.1073017910681569,0.2876575050108059,0.778471805172068,0.859220133044088,0.9020617434100828,0.1154133317427157,0.0632698730812487,0.808248173569906,0.098407681,0.448096475,0.266666667
0.6247031215171145,0.347691320256039,0.4358892351604881,0.5655596844401232,0.4530558468517749,0.0821674658521153,0.5727518482820186,0.451264786423832,0.7482360453265958,0.209745845,0.249440112,0.63
0.8552257093368577,0.9280998392221824,0.7608534991181659,0.0478648153504467,0.886052914106185,0.1871276697189846,0.5683662440761116,0.5358148635627888,0.2524140637489728,0.508682004,0.377802258,0.633802817
0.0090668595618081,0.5255945132207718,0.1890788581244571,0.8347250275064729,0.5864672716717424,0.8773218189806217,0.2311439495991047,0.8657283840478619,0.5958392792488868,0.1401652,0.283994453,0.257142857
0.8443214669304124,0.9420754690073676,0.1652213300418837,0.2371767916096484,0.0159994375479141,0.0576005004985487,0.3079107171620775,0.4012241520498004,0.4727871459750423,0.29988405,0.1935111,0.696774194
0.147621727496818,0.183627633904066,0.3138406767867985,0.9473184108002224,0.1291528727444193,0.7653916756718381,0.7091745962995075,0.3517939899310357,0.5674004221472955,0.168445615,0.376333263,0.436363636
0.4682229362011764,0.802898438216834,0.5597908128486934,0.2730088614061984,0.4619377626546748,0.8971812897510129,0.096029654548035,0.3372046465114295,0.862106794931753,0.353730622,0.537782845,0.24
0.1453637656796197,0.1905147703238586,0.8036910939366573,0.776584549482251,0.5086998018563402,0.8064153910418034,0.707073499813775,0.5465611233636258,0.8249414528972816,0.11638631,0.477527421,0.475862069
0.1938779097033035,0.5901934290749262,0.7813557225861335,0.1006029046455188,0.3302837803892429,0.9984372252795272,0.977867494987372,0.2464284096161408,0.2049050159903288,0.25214213,0.217558305,0.057142857
0.8143959414326758,0.3971819608455555,0.9749765557359596,0.9224562721916076,0.3588799448775018,0.2850379162590505,0.3836841789798034,0.1219713376331547,0.0123276697306132,0.079053192,0.387980343,0.36
0.0224566267762826,0.5248231188301948,0.5266590056330483,0.5950275038439907,0.948541733900545,0.9992138433372948,0.4319468762947664,0.7286609078612768,0.8323418342746148,0.169655534,0.32491731,0.0
0.879658645361374,0.8471002832875157,0.9391418799718324,0.5536506889192738,0.2216848628310177,0.3305721503930878,0.4091721115851392,0.1925297965178983,0.9516746653309992,0.368703581,0.397193339,0.352941176
0.339625890609834,0.8495536971657471,0.0598519691179543,0.3390598254022027,0.0495663615349273,0.3546171374162972,0.2983031813519419,0.4256233557215898,0.9398199480358428,0.313078582,0.462797788,0.355555556
0.4815317849488865,0.1681720373278497,0.4539830844055298,0.5826198824677497,0.3444429122061269,0.8274886699924695,0.5174774892796616,0.6154469458001257,0.4821576613812114,0.113537938,0.490178401,0.123529412
0.2689045955871425,0.2641086980349698,0.1889911116628816,0.4077769419413761,0.3303261925179577,0.5130699541926506,0.4076879429589671,0.304302994041103,0.6451643196581615,0.127688148,0.339867302,0.436363636
0.3698101049478149,0.6282355735537325,0.6319230469434253,0.4206620258431992,0.1684245026959743,0.022780271891264,0.6388508349627736,0.5150747193365016,0.3592435781766719,0.359530601,0.06234524,0.373333333
0.2525070067264339,0.430452861473841,0.5070468248301716,0.7464699900980672,0.3253041760773305,0.3140899737040392,0.6665500786025946,0.3005582313803755,0.3036426349525044,0.209507433,0.221374652,0.0
0.117822066845031,0.2806940713796578,0.6732948122726102,0.5567677639986724,0.899668661594999,0.4502888456809071,0.7021712372239637,0.9147455026696446,0.1467565554616567,0.125246482,0.239075917,0.33
0.3861545709621239,0.9403229583353891,0.2370271513472703,0.2720938808012978,0.175839085287709,0.2671002668345283,0.4103230781210185,0.6864141371566093,0.4323196926322743,0.314674335,0.284753362,0.685714286
0.6322985148088086,0.002118673878227,0.0391948815155016,0.0355771181215981,0.2727575801113987,0.3628093906845722,0.001978691164715,0.0825626454670256,0.7638053874002086,0.043544247,0.44855819,0.54
0.8327970385460458,0.9462204208249162,0.736838521538258,0.8220674848235142,0.3014968792933947,0.8674844121419275,0.2611446242382957,0.8095512623722163,0.9089159963676404,0.527146553,0.519090405,0.0
0.2964556927552272,0.8785018494336477,0.3094286737448423,0.1607461933632169,0.4163323334994858,0.3946314070661307,0.509699193955238,0.6450505525969519,0.8368948632788495,0.622289987,0.366236531,0.342857143
0.7189866496699289,0.9517526779564892,0.8222747446997082,0.223593529938018,0.8988716076524521,0.0547982347295646,0.1360231833009018,0.6853311862338196,0.5942127740307329,0.507474749,0.115539224,0.375
0.5762545091220184,0.8612923318416938,0.270104557324703,0.9365138297011046,0.7171730205167907,0.5691179273918886,0.2025759583034115,0.835414348979449,0.2412794747533378,0.326455277,0.5140589,0.153846154
0.1427429016600774,0.2314140826791709,0.1278861930945514,0.3708349059195448,0.8777443985590293,0.8027875340961302,0.2516182817729527,0.8646789829831946,0.7019864544156588,0.07123673,0.43298135,0.133333333
0.7013436629229655,0.1966434632042407,0.6388139040109752,0.6296989561625872,0.9910735267807744,0.9854550991460692,0.3759382927588907,0.732967412111601,0.574296158229891,0.095636068,0.360085804,0.3
0.1722331682954089,0.2795442179934062,0.5407921239088046,0.9296013663078926,0.6730903031426455,0.0379098793616219,0.0238672065409999,0.8450641570123918,0.1002100144973947,0.084486133,0.034002965,0.45
0.7154542508079486,0.8817397472078493,0.8177556704694473,0.6391814894383449,0.7276632002018882,0.0567432733443633,0.7169607521289068,0.0943773950640496,0.6769478546957054,0.506896808,0.082683499,0.0
0.2771436496695102,0.2920341664003688,0.7338434830396572,0.0884898346202616,0.7218546832540891,0.3938464013421539,0.192214671412005,0.4909035174071205,0.369716180145184,0.112293589,0.35230449,0.1
0.6260497991552604,0.166531367070244,0.2935634387352021,0.7970099389397582,0.8167829173902815,0.0604159059395086,0.9484311290115748,0.2003421907968422,0.277670203836757,0.097722318,0.078240612,0.032432432
0.7639899719987209,0.9536610830303784,0.6277854868906855,0.412622451633325,0.1644358094532937,0.1258641996657791,0.2105783809939788,0.8897929537996666,0.2780240633101176,0.513583706,0.38796456,0.505263158
0.5071041106709232,0.4275276889849757,0.1634103449226133,0.2968950447651418,0.4986239332364094,0.2158712856447546,0.3555449401441879,0.9919705139257556,0.9627904643747464,0.155871398,0.366733992,0.166666667
0.4901594300457073,0.8073912081235117,0.8895383947449581,0.0590520214340715,0.3289660793316673,0.2024510307275497,0.5563956786276653,0.702208436310963,0.4782575326853568,0.676415644,0.122072778,0.044444444
0.543779944971577,0.0695499886570926,0.6771836426564029,0.6545170476899853,0.794819200740042,0.5362790110382649,0.8158274337605872,0.1163295815689676,0.6558707794790796,0.117638454,0.433771587,0.234146341
0.9021437904334108,0.4756831085886777,0.8239063271463286,0.9089920135496096,0.2318448208827229,0.3892228048332085,0.6716878942215058,0.7756942596086445,0.804575973457012,0.332848078,0.43879045,0.146341463
0.9295982762812556,0.6840962245060008,0.2204650007739691,0.0441275204196986,0.3681942055654149,0.6984915725470013,0.3470886789504744,0.3306223496252178,0.7351317842269237,0.258200095,0.583887805,0.666666667
0.9777410577936034,0.3597666564633321,0.8622150895846034,0.9679744138282425,0.2137495311923659,0.4282624352930376,0.2881365373577681,0.3588808250622147,0.4496521928728101,0.126967588,0.666048465,0.0
0.651384362397122,0.2019121693490954,0.3119271115273734,0.3570387910875425,0.5753330919032027,0.6404088970873909,0.476562118545513,0.8562225842423254,0.3510326581706791,0.067223547,0.346346958,0.12
0.769868222871333,0.2733245582898793,0.4726179144092761,0.6507454688436916,0.8635807709413753,0.6992038610985362,0.1983365183283153,0.5232218038695593,0.5137198910243612,0.085056875,0.3579769,0.0
0.5347894917133017,0.8007290074569503,0.1124539978831029,0.3116964109610807,0.6294485243218922,0.6904007227882742,0.4665438213289717,0.845423561685553,0.8600641595885035,0.29360085,0.467932418,0.092307692
0.1819548953252023,0.437658735061472,0.6763404140659437,0.2235980337998107,0.7645137508650831,0.0465767580138147,0.057917993881782,0.3771924891514379,0.3071708509903825,0.107868119,0.092324023,0.378947368
0.2740484638813208,0.2001107544314504,0.7854130086972824,0.2453035886402785,0.454824558454547,0.2769591414680167,0.1749661326145354,0.2822358263254408,0.2050941929811074,0.099136294,0.253269183,0.573913043
0.1596088461936189,0.8113482191299904,0.7145243829158245,0.3559125022733326,0.9140257782639816,0.6187227817011652,0.3558143471107189,0.2849978144280023,0.7766141486905312,0.36981254,0.218831967,0.0
0.610811341986209,0.8767251171814193,0.8912489675495364,0.1708272171085953,0.0136730099421564,0.8547249824277561,0.3199279256500162,0.5745118252382035,0.5504324739694207,0.342997909,0.371182663,0.553846154
0.8510081531354934,0.960293446473476,0.1375604962206178,0.3904700195454388,0.278009062933946,0.9202745934210496,0.496435566365323,0.0002825592913938,0.9284835101133389,0.416367663,0.556051676,0.384
0.8211452634696664,0.9956298490537274,0.6646169979532406,0.8362403910602375,0.8222767799896118,0.562376458516244,0.410405514277362,0.3578279265087963,0.3518636106467148,0.457735259,0.5486316,0.189473684
0.1128315854123516,0.7356572696891991,0.7143684382921206,0.8406368779737481,0.0548040175482502,0.9539001080521906,0.7168315803735149,0.8742750885915754,0.7617566503308897,0.4782542,0.409620831,0.504
0.9337341099364784,0.2582962554212208,0.0004233598758778,0.1371133079561024,0.5423423557207658,0.7042884475997605,0.4814509514889797,0.299775304998411,0.4040661299831604,0.103306196,0.403485822,0.545454545
0.9444659691104224,0.5674298346278498,0.272285423853257,0.9710630071495968,0.1165900278241144,0.1959584506512175,0.4783462788613938,0.1534979935196539,0.5266955240253505,0.187858739,0.256413522,0.0
0.3339795886568419,0.5634603573356951,0.122506026602842,0.2753865752846286,0.4945441970001083,0.1197065793619797,0.2013049050407446,0.4112385089339399,0.0780873615810682,0.182909635,0.135720648,0.4
0.3899572734843382,0.7372177594012009,0.0023380500267555,0.1482221745806312,0.1151248028042446,0.7240817837640767,0.8515085290608956,0.6182428544554182,0.6821168758709146,0.329199681,0.401208454,0.082758621
0.2348251845111304,0.6897049056087032,0.6834914671930314,0.5738544241621911,0.2140748430674174,0.5819506644609715,0.3247430334595625,0.638666182602618,0.3859334623031841,0.222577842,0.475490328,0.576
0.0666482717606348,0.6874440951574619,0.6486950694687716,0.2286224011512821,0.31959794837215,0.4855825412593003,0.4930872296182237,0.0577696975561525,0.4838152056018502,0.161126139,0.321418629,0.48
0.3915898734865894,0.0722780529057988,0.6639560165363274,0.9363847156371008,0.7233122612164535,0.6046065783735045,0.1801204398537511,0.2370498474306553,0.3455668228941966,0.082777288,0.266347095,0.0
0.9963092109867996,0.5566985899606958,0.2267918063326168,0.7817025302916546,0.3096794892466327,0.0840648232246115,0.8285333953529528,0.7176822219184207,0.9172612594110304,0.282533885,0.247899721,0.561038961
0.3463058002119772,0.3235811738878955,0.1132919111527169,0.4357078822430061,0.9801850285254028,0.844777420801761,0.5801387839460652,0.2528409828987064,0.7866833263372555,0.14420516,0.423611036,0.487128713
0.3441055929887122,0.7251325637099251,0.8218045884354176,0.3824376867940304,0.8361114789890439,0.1963526533917821,0.0574744926336702,0.7939695581773184,0.0204459917386705,0.239594303,0.147135398,0.436363636
0.5868840978149051,0.0225952326875715,0.5548417269490423,0.2226559535898389,0.3074479846440148,0.5215981556777671,0.1718532494316554,0.4406086471408604,0.4725704219122238,0.044226552,0.376667113,0.66
0.6604287799546391,0.1799675393856559,0.5562026643224739,0.7540240462163004,0.377521899655493,0.0067373901001408,0.8655741354961978,0.5263281511985777,0.7477013752629321,0.128942015,0.099608737,0.561702128
0.651577379930833,0.8655932885695102,0.8572407844752221,0.5528072676993508,0.1800808619724673,0.1086809434823856,0.1049837054062344,0.4994877394572261,0.0754876098255549,0.398897952,0.2907738,0.672
0.610816635936078,0.4393859597917887,0.6245362447703464,0.3688312617672432,0.8466915306696218,0.790336009008925,0.9221558640937292,0.6374713319527205,0.4347797747551749,0.256091353,0.595425684,0.12
0.4762072177641367,0.0150777262148831,0.9692720689641744,0.6841531165849638,0.2140784948947484,0.0882520140792291,0.5758774695312858,0.4798556475597894,0.5102798592174094,0.099186121,0.142664558,0.0
0.0773365052949183,0.7785313863632745,0.9143888259073788,0.5265478836863475,0.4026097759780158,0.2189839118959573,0.6595444101204524,0.2888988683890052,0.4690296730219297,0.448285665,0.145619061,0.65106383
0.4806386569232452,0.5615467149156834,0.0755280289557126,0.0368215063911558,0.04142261311294,0.7295641343440624,0.1764095477401938,0.0740438500992622,0.3800478115294469,0.197545808,0.475771265,0.342857143
0.7413768080291973,0.6174225002421813,0.2291192860018568,0.4438517893315076,0.5405526980497767,0.5240604200193647,0.9280729110214352,0.6385263136845003,0.5647791697504411,0.250687655,0.426992414,0.51588785
0.2136336999315798,0.8510721642316341,0.6498686440603869,0.7535458725289302,0.8776693780141879,0.2435859697404085,0.017273181653916,0.5786944397011267,0.0189701500902681,0.258146571,0.08903155,0.694736842
0.897399382620496,0.2796794705961831,0.8113487414114894,0.6947921471950487,0.3227252110597601,0.7428887760052978,0.706554306214565,0.0871736560112362,0.269322498688572,0.148187351,0.531899623,0.1125
0.2474513304959911,0.5158942697339093,0.6257497326556052,0.8092543173462693,0.4426951282852819,0.3144719026650455,0.4792336661830136,0.6259448313361267,0.780222693992791,0.127697778,0.32740467,0.369230769
0.6397898189668145,0.6924320948808987,0.211009597404028,0.5153582185112856,0.9605217388270112,0.5982396416349256,0.0841312388450533,0.825916510192969,0.4265200106544897,0.203444788,0.521389804,0.28125
0.1369770403250082,0.0927879361763951,0.073548569852108,0.0175398033412831,0.3142134712576506,0.3134175335452333,0.3123470638677327,0.0812989305053166,0.7986968212047756,0.077940695,0.256718177,0.457142857
0.8991809388361597,0.1323737874758759,0.7049557645093794,0.32509538623832,0.7253915397345717,0.9240486439714928,0.147743637026345,0.2668401607915287,0.9294795387828668,0.088819374,0.657141886,0.15
0.1758241048390765,0.377825127558228,0.3448276513325693,0.3817952571864694,0.9856606535287517,0.0100582247472594,0.5812128213021723,0.0156685176862559,0.8204313467449911,0.208151584,0.028578795,0.106666667
0.6248074429798591,0.0626375875062471,0.3683512783414221,0.2654902378267622,0.6796767423458865,0.4831226378700555,0.970108424871118,0.8988790340366806,0.2560275629733796,0.117571536,0.46985558,0.526315789
0.3567368982163656,0.367272022304545,0.7706611579530172,0.2718253796756835,0.5127512160776652,0.6316323177776055,0.4802801156751428,0.3118730221900679,0.8994832637440218,0.137136372,0.428531165,0.0
0.1046916071021085,0.4100077392516003,0.5244435737832346,0.7780676953591024,0.1401885986396719,0.6243072812545242,0.4113029056324625,0.6522033870408998,0.708756899099953,0.145599327,0.324710989,0.631578947
0.7102661920717942,0.0822757080057504,0.7168811042882283,0.7134810570560411,0.1115034525560348,0.3788808427386211,0.1404756156765373,0.4574033009049374,0.9241595330874004,0.062076904,0.48473682,0.646153846
0.203103146722496,0.3651472499515158,0.2776565262913817,0.624000214358897,0.117971246521326,0.8317238537032191,0.1501324066140866,0.232953260117475,0.0764306364039566,0.090796586,0.121439423,0.15
0.4540637532364886,0.798201859795963,0.7689293654510428,0.4502299153691828,0.2624546083268778,0.4657080215015833,0.8802227274091529,0.0812153915663973,0.1956107001640997,0.346921566,0.427063772,0.234782609
0.8611296293473237,0.255160752785586,0.2995296520545286,0.7188991818526073,0.8737009902344055,0.4824993154866632,0.4471624852003191,0.8531096592279036,0.3862199197570174,0.087267398,0.419343236,0.0
0.8919845375596357,0.1004406554240837,0.5436268933739291,0.7267525793159015,0.2728361718298603,0.4719464377054899,0.4246946613415818,0.6694355392736492,0.3932908922071875,0.086811046,0.412180743,0.282352941
0.3789231175632563,0.7323756535406504,0.6784864621309079,0.7920604059222145,0.235333511308654,0.979994040788345,0.6427101161712422,0.1768716134126935,0.3811893682417216,0.495010907,0.419085089,0.375
0.1750949821304912,0.838466069654499,0.6638192356164245,0.6098862774943178,0.9119081033492124,0.2371293693371436,0.3350573827641531,0.4208433309627415,0.0035182827793939,0.401130826,0.070570976,0.36
0.238640523455868,0.1911161349208816,0.6894787457380563,0.3117228396223384,0.1465664534916416,0.2270102911661884,0.0340408878604061,0.1166153249037076,0.3006707829097025,0.061801632,0.180976183,0.171428571
0.347100109987383,0.1379981401970708,0.9715039422693312,0.8670850204086031,0.9616646084083336,0.4377952367419774,0.5664783922213215,0.3993246479265796,0.1197501917205209,0.17538426,0.30750415,0.469565217
0.2228493929386815,0.5903529925606429,0.3030716023410438,0.5328916618384232,0.5682998615398958,0.2697650326700818,0.9947551935455252,0.0132089728136147,0.8965131948279137,0.316248637,0.295146954,0.321428571
0.0040183102918445,0.0977433071176019,0.4575894945239966,0.5261216066265185,0.3007984094421126,0.2337799684613278,0.912697095866836,0.4743923290647689,0.5780319593654856,0.141608436,0.142013734,0.66
0.1025676762977355,0.5416664509498237,0.7156087577029143,0.0648960910162917,0.8405437845136022,0.332970701081889,0.3861159603686652,0.9779588384280417,0.7262992262758788,0.187197157,0.221210929,0.631578947
0.1931709524258568,0.7645393236738374,0.189381119997632,0.7752731065305154,0.8425532081212869,0.1441121413046595,0.9453648623570734,0.3417694697510253,0.6657105946227874,0.469392429,0.117297292,0.563636364
0.2251495637220625,0.964215486445076,0.999794542001062,0.7537296252225747,0.3589817344614706,0.0416074812585636,0.2759504949486603,0.2592639482285787,0.7330278642839865,0.549994399,0.055253639,0.72
0.844472519384085,0.6426315684898745,0.2392720635827705,0.5241028563875926,0.4809153085950395,0.1234023563711667,0.0151350016764788,0.6417482864078025,0.8259226115407,0.169185901,0.283922445,0.109090909
0.4992635310655823,0.0482797027319219,0.6941560251392932,0.4220502263532371,0.3507771604260489,0.611054581469283,0.6212781797656172,0.9873463035271982,0.4008938165883563,0.107996004,0.401126023,0.275
0.8206042055228544,0.8628368958444391,0.4965360086801378,0.6363584760251103,0.0084471176396772,0.8174055574768045,0.8685985362504892,0.6366108217217908,0.329411208349143,0.643871075,0.572917829,0.0
0.064509437020111,0.4977810709438458,0.6112602655932471,0.156382646360045,0.4018209888239867,0.924138041684966,0.6919352857884604,0.4453557873404566,0.5715009427939728,0.267683187,0.440646058,0.53877551
0.2392611703804281,0.7372660088628896,0.4767879171593979,0.9819948474148812,0.3236044805750171,0.0166737756707926,0.8949227961100348,0.0740362700633413,0.3228153099107149,0.380782968,0.017585743,0.0
0.8125442092155141,0.3929779589422593,0.5904542832874493,0.3763714856200615,0.0404784396486553,0.1799979654689626,0.0836473871281359,0.6762341778143521,0.7882210760825386,0.107258552,0.434547147,0.442105263
0.7711030238245936,0.1794554719227383,0.9600366339199976,0.5273607395685149,0.9543717010753386,0.4542493659906416,0.1879400131882949,0.8659611315331792,0.3352856368005024,0.076508812,0.229218298,0.6
0.8544137272415759,0.692459727433785,0.8088523747722929,0.8820596185659878,0.5233598400067484,0.8238775937220264,0.3569670759174588,0.3895087065351081,0.4577942749134008,0.295343623,0.577552924,0.0
0.2573930650480077,0.3954689464882472,0.686006490416953,0.7734430823473102,0.0698753404881528,0.1232866553057436,0.3481624411759707,0.0899716179298433,0.8210822202386747,0.129438238,0.174525305,0.32
0.7013477744647287,0.8080838507288367,0.0136173384219321,0.5395257397219761,0.4807930602599646,0.8121467417915852,0.6906638868232756,0.6168776488642008,0.5407033162424134,0.41494477,0.542515329,0.208695652
0.0751279124554481,0.0010098692980942,0.4107240080904262,0.5296237930506493,0.8938869529127088,0.62641973964849,0.0751789182186715,0.0382359719511424,0.3981000548709398,0.00533627,0.493399963,0.0
0.7391708799675702,0.4331677061858388,0.5430218445626881,0.4376772691196345,0.7045288410304219,0.4605456470838239,0.7957593913554303,0.3418710080436651,0.0726860376760468,0.16790594,0.368932783,0.046153846
0.0389763156632441,0.4768039464890948,0.7449903687704198,0.4458778947600574,0.4266329740631185,0.936523334903366,0.6687607116193175,0.9126160543965774,0.2555732389045615,0.217489837,0.22891269,0.032432432
0.7308365366058289,0.5787781320195198,0.1448064912922911,0.8728903973107919,0.2293748192758629,0.7910367360439892,0.1345405006802253,0.5062478211509241,0.9928066569753788,0.287397694,0.161208941,0.0
0.4891733820443842,0.3503703226746695,0.1340745891025135,0.8657043330309101,0.8899679364818119,0.0559771501811132,0.8955090774196222,0.8154858633206504,0.5346247577479138,0.170467828,0.090474502,0.0
0.4387851580323917,0.2644881252124254,0.103819812086496,0.7675314651834224,0.3636285864816939,0.1445034758135474,0.9165996402050056,0.6226849388881834,0.1780352205696092,0.11939302,0.179505291,0.247619048
0.8856929484079665,0.1463514893825505,0.5504793783700754,0.8480187006807848,0.0398664838246941,0.3283012375058998,0.753340739759144,0.9807638282268188,0.3452012913032877,0.113280767,0.373833431,0.15
0.593039794337682,0.8160708974386846,0.3550347584136416,0.1847913421762471,0.4381733664712652,0.053712280134922,0.5635263499021173,0.287154135637783,0.6391236753192875,0.433848977,0.19934035,0.662068966
0.7802928067323609,0.9832028351443656,0.7898010377139926,0.6815855424475973,0.1389813373648567,0.758819366718959,0.5222157598227181,0.8676857740431966,0.3881513661840737,0.593384864,0.557098822,0.195348837
0.6736850476834133,0.9223468166542704,0.6249515201978169,0.0319355851932924,0.8403970065739851,0.4391364593833228,0.9652875081051072,0.454316635788131,0.7203782337165899,0.648575569,0.296927227,0.0
0.916193643990644,0.1369966419311356,0.1042982224502149,0.9786582688550948,0.4108465730149937,0.3844115750552471,0.9820216416040614,0.6566997923219031,0.1401308545153864,0.096505821,0.447367706,0.382608696
0.6395791160254007,0.5536693271292468,0.924593303246801,0.5788249343791724,0.6564994344463374,0.2582558818536929,0.1689118835259038,0.4585257996003063,0.6640266096926597,0.204051595,0.394334533,0.18
0.1515798702713571,0.4851156256711839,0.5604179949424519,0.1521131290195813,0.3848763151100127,0.731143685261211,0.4795019377425286,0.6666832047891158,0.7896939035018312,0.19202739,0.279403288,0.24
0.2550506693038935,0.9786706413090324,0.0577871872568408,0.5269857791213227,0.4624165634321527,0.6330263461021411,0.7321442866405369,0.1274810422579885,0.2836667473179264,0.549741915,0.194241615,0.0
0.8097078500440008,0.0721532166518826,0.724802107014754,0.3601803316512595,0.1513133490478257,0.0109204580153399,0.2752322894153955,0.1796574119767355,0.7099551647487085,0.071972701,0.134215551,0.276923077
0.398824873166034,0.1165047787542493,0.6011991487413496,0.8798707678250887,0.6747529403006902,0.1446766939251637,0.452162135195904,0.2569843584992235,0.7652626542201679,0.061837751,0.21928619,0.0
0.9852242604473268,0.5959909023530718,0.1144503568738418,0.1666617438287174,0.3056446777795433,0.4098590973176813,0.2509753475935231,0.028355132463675,0.3571838755672356,0.142886118,0.508433766,0.3
0.4249620105841946,0.4039260979645492,0.9867948156077638,0.9258091361028776,0.6426234433151115,0.6608023434332604,0.4300227890577076,0.9569001533769372,0.4500396690749936,0.198866688,0.769049242,0.0
0.902342295998032,0.5293746931169285,0.5155061344424516,0.2553178921071289,0.4822610727537365,0.4265866795424541,0.8522605690666953,0.2773155070574875,0.6704449261704625,0.35256195,0.411967712,0.416326531
0.423006874634989,0.4488891220119547,0.9771484774068486,0.458995809410523,0.4938949056521974,0.2136239875529915,0.9300541937829536,0.8544514152920916,0.6136947247631076,0.265075813,0.246989111,0.234146341
0.8685313399614124,0.3499143838016364,0.8295321831486668,0.5618951212921653,0.8991374176424025,0.9029027941368448,0.8539052612898308,0.4399120349111131,0.2923886064272291,0.196516689,0.603174947,0.434482759
0.1393669204459275,0.552102490838839,0.631698142795406,0.0305468181046222,0.6292797917685309,0.1931030062438196,0.1649461157508184,0.6959147783267762,0.5911938272625764,0.229183905,0.153493616,0.35
0.9019293188466738,0.2750687945539578,0.0787288380726149,0.8610624497895341,0.2796815251283771,0.6957856472565048,0.2983795546979433,0.1273397059907524,0.0244501544154915,0.080933007,0.361359277,0.369230769
0.0964192697349468,0.7759003812769752,0.7117985911634819,0.896255386246829,0.3870048072062272,0.3153535887177892,0.1670184517352086,0.2189323107142798,0.167880169215655,0.228420391,0.224762228,0.218181818
0.7398963609380582,0.977564093021986,0.6360363687679791,0.4158793556463473,0.8088541623392673,0.4319627608336843,0.750635380467681,0.0761488364873762,0.0054743493556789,0.538677931,0.424087744,0.440506329
0.3854005721705388,0.951300379817696,0.751243208030485,0.9085850936783296,0.2228867088594657,0.6850555532136519,0.2163643123533414,0.1912075920163858,0.7334353435532068,0.457721179,0.668599043,0.0
0.9284161478537568,0.8542866108854894,0.3345508745346356,0.4673594211775026,0.1479221873478945,0.5740231277147181,0.3294286299282314,0.2890830088272356,0.3155666080519603,0.245940091,0.591036797,0.613953488
0.6514434989049888,0.2233640954900357,0.8645121755734306,0.8366704470832915,0.064999994899031,0.9919336886403358,0.3335301867711701,0.389195666512463,0.6744627399385816,0.075105085,0.704619593,0.0
0.1117741780005523,0.5047384008849299,0.1330658482216706,0.3726181762322182,0.4244965314401735,0.5231136500823135,0.6564017167415268,0.4795642373175698,0.3387640649768962,0.254878808,0.181194399,0.038709677
0.3807729883373537,0.6672676792593359,0.6428295821562897,0.8679737225200318,0.8172621828709474,0.1146556576088302,0.3785471318976685,0.5481538799328167,0.0900533974488856,0.183192219,0.164802161,0.0
0.4397850093627957,0.2120292350876838,0.1084285076173746,0.2963114145446642,0.2785379474134889,0.0804706108675965,0.9384858430518432,0.4676130066377008,0.1377202025434927,0.12208431,0.171871834,0.45
0.0284182040695827,0.4069292423669358,0.768267044231176,0.4263551673837406,0.8940998978471509,0.7146413214854821,0.9859761879376968,0.4822457661996578,0.5939599475883625,0.236310191,0.313143384,0.622222222
0.8787416204193337,0.8592805178724074,0.2882234785130624,0.5394857158390148,0.6164587987683509,0.6100369468875978,0.7600528028239708,0.724088758906766,0.8522257094404585,0.476750054,0.470920005,0.526027397
0.0725361877165422,0.371035449076972,0.9737680943819692,0.3775783289577392,0.2366434175369995,0.2568485155771705,0.5446704873292268,0.8443644313736731,0.4543770665945246,0.187452702,0.109748279,0.1
0.6065346713351544,0.6397915132920751,0.0495164738639594,0.5030512210303889,0.4995159139983349,0.541360166621117,0.5583706477307424,0.4381232947672018,0.8223229446500159,0.262168472,0.508616623,0.210526316
0.4697418534638705,0.3300211944996368,0.1823956247344269,0.7203786424614806,0.0154935269505585,0.5789314785516914,0.0994230670111028,0.1921830037531708,0.8716782657016969,0.165155753,0.427330057,0.327272727
0.2270286264489535,0.9225636514591088,0.2638311897832504,0.7273531589345658,0.1835930449125929,0.1951605860102596,0.4434339746564346,0.0600037498685509,0.6090739368048514,0.298588626,0.121702556,0.0
0.7845922091298538,0.5594848765125081,0.5424865355342131,0.9891703968554753,0.7496194753787423,0.9278349120434466,0.4471556373562355,0.4341943656100228,0.5787509661325244,0.199069091,0.274238494,0.0
0.926234947293572,0.1961736142519032,0.255211003421134,0.2840932510417661,0.5747790128279777,0.4726038011864809,0.4943471681511566,0.725547857794422,0.9122535157335744,0.103361753,0.536172077,0.709090909
0.6988251714044997,0.4957984546467938,0.4478723411294265,0.0332345534061021,0.6798398241567094,0.2153450970943569,0.4225218935921309,0.5715186002886337,0.7620967379896626,0.12907901,0.143274622,0.0
0.8704563851154448,0.7853979258161308,0.8510430710905627,0.0833219743105604,0.5453432124216375,0.5120342009437524,0.0963658069131659,0.1360208523024547,0.2156425546692364,0.339788948,0.472166442,0.18
0.202821521883753,0.2451285837879006,0.7427264564477865,0.4366944724175609,0.1801788116131938,0.8297946470649331,0.5334373960165217,0.6133369666204641,0.1094761233456709,0.139250829,0.34739527,0.390697674
0.2396545317748655,0.8340181276961899,0.0117080134080403,0.6150398485719225,0.0364943624847715,0.3585496841829151,0.238805699111036,0.6596358301919504,0.0519542987019566,0.274154412,0.184308301,0.553846154
0.733785038021236,0.0597204496845867,0.5700978199773495,0.1152002577301886,0.7363529844865038,0.9040562425475568,0.9086760921559028,0.0179252525621446,0.4473683140624823,0.108735106,0.517818599,0.494117647
0.4269412779769993,0.3479895801243261,0.0286317051030229,0.4529138691810656,0.918488025900398,0.852440857010351,0.4020152215454243,0.9845140950802992,0.7329423513338688,0.130808578,0.492140513,0.0
0.9558942084890848,0.2016548572521272,0.9525354576682667,0.8814638092523742,0.6669427514711064,0.637976414903391,0.7401479962237985,0.735542145373063,0.2806734028698123,0.16387513,0.428555196,0.333333333
0.1171204360838725,0.7418243634335,0.1537689581637181,0.7676169441088184,0.5872645193502127,0.1917327682297779,0.0903100579917262,0.6712909279002818,0.1705012167963985,0.192116591,0.101259601,0.0
0.4797163220508041,0.8435380141600904,0.2577324394215703,0.310544694518962,0.2511696747582257,0.8020991198855588,0.2491100852122872,0.879455188475915,0.5535489662463138,0.332996576,0.46929316,0.0
0.5237393672120663,0.8890425550102099,0.5258095547220796,0.6791911946893677,0.4259983921724298,0.2988148790698007,0.0373400437392386,0.6141241090766074,0.6963044833063654,0.569740323,0.467981259,0.0
0.1430390570156406,0.0553455662285139,0.065921233853574,0.3438011294255824,0.1852633764594056,0.3483401068352306,0.3151030323195761,0.2436914939665007,0.8207261969899428,0.07656173,0.286269814,0.628571429
0.8074015882293274,0.3280818623513584,0.465576385312353,0.0281025589184398,0.5850938241010344,0.8994713262414681,0.2526309165940696,0.4249692728371292,0.0799881006189029,0.090028581,0.571418138,0.696774194
0.5772750569028168,0.1091976515024342,0.3012164939228894,0.5379981100086407,0.0334470369152659,0.4649221315268048,0.6810176053653249,0.9010287772529918,0.5862212437501461,0.096092702,0.346443846,0.035294118
0.019596276636461,0.9198324754860964,0.5898274941632154,0.7910030401578912,0.9240320576862016,0.6842043069432558,0.4262744576587625,0.194059583095881,0.7455591484046489,0.33889895,0.348863651,0.0
0.6304563163538495,0.4480783169379374,0.3601577510865781,0.6761419331845393,0.3809860054550466,0.6852474041146474,0.2072127284454864,0.0829147427456489,0.4006452705881121,0.127585066,0.592118593,0.0
0.8525057910418552,0.2703302854495886,0.516293538899627,0.1853629460541167,0.5769406551976807,0.4124835412919787,0.0124622691491174,0.7764340492710792,0.7659462776582202,0.100430392,0.371683719,0.6
0.8699972294330311,0.404774950388006,0.2104127792537055,0.462142784570742,0.6181127956899654,0.0432846031299382,0.34505644203453,0.2789989534100447,0.9447933957890896,0.134657495,0.230408588,0.635294118
0.6208560404553103,0.9144314307671284,0.3194904076143641,0.6758020672455234,0.1274268390036381,0.6512749399704578,0.4416000222282902,0.0654244722974365,0.1418355439691464,0.293132009,0.290391697,0.0
0.125885143382266,0.588897531015823,0.1408650349532441,0.3075718117591748,0.4256720262452621,0.9664560051219304,0.7637217043935891,0.5181773276294941,0.8215043226794682,0.303894439,0.366334072,0.0
0.2517015295377373,0.8056133117366286,0.2501748114492854,0.8537158971667446,0.8631954723936778,0.8995827754309015,0.3571925908447021,0.9508145181138744,0.3382011071290182,0.228301166,0.395726992,0.36
0.9830940562266988,0.1069021718167791,0.3153100593566658,0.1753958193984387,0.7536278894822667,0.0172254390120649,0.810499499599434,0.978466077326291,0.9887089116951476,0.139097105,0.148225818,0.428571429
0.4092322131330108,0.0331614534476114,0.0530848828382346,0.5952219224991294,0.4455894896815562,0.8090282592425948,0.2748110018187818,0.3609606362742195,0.0941631254154377,0.055803611,0.464660745,0.0
0.3229922836397572,0.4828532168884724,0.4985251434610803,0.4602736660768521,0.2926647275704512,0.3806706846622897,0.613161577256242,0.8128697683368333,0.8950929020296574,0.246140314,0.378493359,0.309090909
0.9394409475333194,0.9006667228302757,0.8740148361969552,0.2261687612616717,0.4767599362161506,0.9515405383226192,0.7148768507427375,0.83889442501715,0.8012401411727543,0.526586386,0.521382358,0.347368421
0.333056213939306,0.0748230827445021,0.1197821949686064,0.3083785213268969,0.8582965395250598,0.2103206217580729,0.1461669018326711,0.3249188163215455,0.3332023029000263,0.055800206,0.229735144,0.505263158
0.9394535803810564,0.6222595567400646,0.6669139486865489,0.2516309055980176,0.9944183452759672,0.4619245331245332,0.9023301556678984,0.4402324911137534,0.4933141362781105,0.285412121,0.56865169,0.0
0.4467554305013379,0.6986420737666472,0.4380918813508609,0.948856185307024,0.0170350567813651,0.6143856730190241,0.224171215464299,0.4364276517992084,0.0970968462433911,0.169532162,0.480178035,0.0
0.9063157195577562,0.9564231182348778,0.4086646607424512,0.8789377142880564,0.0896192828195829,0.0910010171178328,0.1041261805512075,0.1248767713754152,0.1493182308590958,0.229859515,0.198073155,0.085714286
0.9221590844409788,0.2219577888751285,0.4330077531096808,0.3447496342834951,0.7981588340511989,0.713413593255197,0.1786145354895671,0.0343519000521879,0.5449636486783974,0.069563471,0.711728649,0.48
0.6057303797059327,0.0572883988824587,0.2960448389850014,0.6212044711616486,0.9689212573261315,0.1581236376966854,0.8999203299177088,0.1670441301738225,0.2137604744243196,0.081226456,0.278043469,0.08372093
0.7345258618827939,0.3738410680950116,0.4854613143464389,0.5103366158894579,0.9488382503259254,0.5642831037402484,0.1771052052679994,0.2015865111624692,0.0584877284547342,0.121832872,0.574878653,0.0
0.0109910479122096,0.84246267159623,0.6858096275697761,0.28688631916808,0.078371586695362,0.2181986516771781,0.9194577460098208,0.8124374838114728,0.5570927814718053,0.605168684,0.078911394,0.034285714
0.3403277697745034,0.7213273610437314,0.8744340015253028,0.5363899358576892,0.9270742473569992,0.2872762243179378,0.0496132906793659,0.0575912593855449,0.9557735177723572,0.300701634,0.286881252,0.6
0.4471704793557445,0.1148398278520471,0.1323531273500729,0.8063110227722997,0.7224222876442665,0.2982018884948053,0.2625065090642489,0.738754477060874,0.229834933322884,0.06366405,0.232617028,0.490909091
0.1500820468033031,0.8623515021916888,0.3911574643603699,0.4996227052839369,0.4846251810909866,0.2559126938975327,0.927612085412448,0.5178022394629564,0.8642535854538403,0.552516321,0.223735604,0.094736842
0.1255258969352106,0.7485175899188544,0.7226113699913351,0.7566801777897175,0.0369768779594388,0.7170917419444661,0.9387267175777888,0.5059261596678682,0.1956911175178577,0.343708633,0.347489986,0.271698113
0.6946136241156188,0.2465024452910106,0.7486597735761437,0.4518529720541545,0.5336972247858823,0.4211099802574994,0.3747620508387267,0.620513676967436,0.5197447182135225,0.103844678,0.325211316,0.075
0.3283007454882666,0.750468142490436,0.6339164856730892,0.3183968060589348,0.2880733339852249,0.0542991165106153,0.6422134296308153,0.4202302714204632,0.2849850494186435,0.322294694,0.148327684,0.576
0.1130796701522026,0.0884018454655467,0.0258795759606884,0.9451324252378536,0.6560662450441309,0.2102592421009504,0.9750383242306664,0.3193017467471031,0.5662426306329065,0.085302209,0.161102718,0.494117647
0.2173884539999356,0.9986776589106297,0.0251468120506319,0.9275362527529148,0.1284854516039819,0.3713934971506446,0.3378954004728129,0.4443919950504787,0.1104455209404557,0.408093722,0.106759196,0.0
0.3345630818445705,0.5069764212624963,0.7528984186864914,0.655444344289477,0.3932019578360993,0.7213643702035857,0.0419821818595231,0.2426782929940988,0.1135422976542882,0.140109118,0.346310278,0.0
0.9346068743662228,0.8041786385334425,0.644892781695953,0.768343449357117,0.8114120849885208,0.3981215863864553,0.7571357517735533,0.7633907716248007,0.2748411819474028,0.464409887,0.465177643,0.0
0.0746009726512629,0.0923340907824566,0.6138663794331896,0.4426647840829597,0.5336777302008419,0.1418009160517747,0.6683302258877661,0.4857296791447714,0.2030804626714678,0.099672736,0.093948563,0.233333333
0.3002248820292661,0.8193613545311669,0.6133257941709161,0.1119400883637223,0.7214815345902348,0.3690897403684938,0.0134313757069441,0.8329911120569914,0.0622538038619463,0.366332854,0.21619756,0.525
0.1196830244327882,0.6721661942896833,0.9468150484488655,0.279516746837894,0.4287535562321952,0.8697251598361355,0.2988599683153374,0.1828665279640734,0.4216361924185454,0.342131672,0.325941142,0.4
0.781147029458438,0.6141452612835246,0.4503960325070636,0.0590461764997479,0.8435216830541951,0.7055709800709347,0.6031411755972523,0.962233641619284,0.1646557556101617,0.290947073,0.387115786,0.138461538
0.0270397726833568,0.4324670129356736,0.3189470408443652,0.5919386597486745,0.512720563922524,0.5593565288200938,0.6127987229911265,0.4554011174567499,0.8841629104334187,0.232256502,0.294097692,0.382978723
0.1753882885748738,0.4033297419005143,0.2078635279287255,0.5755662780742262,0.4323038430720197,0.8267697747541886,0.2120229565126409,0.2885114147100639,0.4733228757483372,0.101685966,0.338436875,0.4
0.0851184807149822,0.1826711928717197,0.970165771152646,0.9117560664624184,0.9434963240567116,0.9703393108690478,0.2651466155732992,0.5246291314525866,0.7511839818060637,0.091873556,0.425453544,0.733333333
0.4802456233901928,0.5832907447388683,0.2906112496261603,0.9007360864655474,0.363682708211724,0.8571500856820868,0.9002598548373069,0.2894489849390129,0.7562488488955684,0.315685443,0.477683761,0.653658537
0.7750401481599287,0.9281138077231532,0.4276266505446869,0.003363931507212,0.9619424568560514,0.6373639280509692,0.8605206304676497,0.5912046634798118,0.8116949414642805,0.539860215,0.553505616,0.622222222
0.2062271208855389,0.5086827314988135,0.6305014550112901,0.4069018592083503,0.1464407964402434,0.1756693530129366,0.7746398945647588,0.791346898374219,0.2658488833523562,0.27674589,0.122680211,0.25
0.4727857132687336,0.0152553811939183,0.0521515071994799,0.325683535258834,0.7441121182669467,0.1786272490397706,0.5938031364624725,0.9388274580002148,0.4836033068165934,0.076356924,0.318251805,0.395454545
0.9863625262968886,0.931352509477136,0.5290258403086565,0.007543622451856,0.6687000678389725,0.5659613349380993,0.1050262037166845,0.4950980936086089,0.4446540812239498,0.299422699,0.525742503,0.571428571
0.7687802678245904,0.8085056251908741,0.678265956630125,0.2357102571986512,0.4256864313636928,0.2489539818097258,0.4732137559298148,0.0553672714168312,0.8543514733242125,0.296015741,0.250561489,0.45
0.484458287280564,0.9355905658009156,0.8518723757567813,0.2739069595433662,0.8812152858448312,0.4603742019662036,0.3988631501736374,0.3132105731492738,0.6592302252520343,0.398774116,0.238663614,0.327272727
0.002031283671805,0.2664383978323772,0.7885680575650312,0.094011999437229,0.122482533476269,0.6845931650574127,0.1581672129133173,0.2734047871366969,0.8201427332910692,0.094629102,0.204892546,0.646153846
0.0841523416533343,0.2770110048505276,0.1029125045518618,0.1677369360094396,0.3956445981149851,0.0550298512212743,0.7720848633346203,0.1165688465879941,0.0303182696853518,0.122777821,0.067251574,0.692307692
0.1621719175962639,0.0159806772791395,0.794128123082458,0.9835466352961538,0.0716528132547227,0.1246359284350711,0.3076587326939427,0.7409920829065406,0.4474652086411865,0.063673732,0.118920908,0.6
0.4418919879432349,0.7637037915877197,0.7640286998204405,0.4758941455032374,0.2796002466003313,0.30832523358807,0.9440309756728412,0.4561376238620508,0.7290342299238588,0.477987947,0.401914,0.419047619
0.321864594017422,0.5183005646899104,0.4990471036401676,0.8406634817130505,0.3713428177716538,0.0371723594852436,0.7594815598391199,0.157926232946055,0.2164141277793685,0.22007402,0.119644692,0.431460674
0.6764701212035199,0.0723487324066908,0.8793396946697322,0.4480463591670207,0.7094418809950713,0.5189804583575962,0.3838418144584555,0.7007613692734438,0.5292312303559097,0.064476606,0.254541712,0.646153846
0.8415747443093856,0.7110721759855915,0.4176946510563084,0.2795700738530405,0.8115206709130742,0.661955500764321,0.6413240856353868,0.0237292286593973,0.6034464023980332,0.379689665,0.469139704,0.04
0.972674619529684,0.2691245158560567,0.4744178654611154,0.5017035291067726,0.0139220210754087,0.3887998781331824,0.1494711593691028,0.7812431663786888,0.2072035685764643,0.104107942,0.438816018,0.624
0.8628489879614732,0.0894046037832648,0.6881767294514363,0.4895120790111585,0.0539399023922309,0.343498844309547,0.7295040030739507,0.283569517326972,0.1038060868243222,0.121284963,0.417039879,0.576923077
0.5514280220572327,0.7615198426019226,0.956826053038896,0.9872157310449337,0.1993298253902429,0.3334681016006958,0.4284772647722004,0.8590037367189189,0.8253382636602874,0.219619044,0.308293115,0.184615385
0.1147323897804279,0.2441146407628395,0.3715310671431872,0.3983209354934943,0.9831224978695312,0.1462353173400685,0.429224616890416,0.5954190546641366,0.1432149109944557,0.094444127,0.155577246,0.576623377
0.0645782706789329,0.973801634102035,0.4273386104618526,0.3451482115923591,0.1597930224230241,0.8223663390235858,0.3554824775573509,0.6391045482472217,0.96271687244763,0.487341972,0.273815892,0.12
0.5731500457912004,0.7447799597885342,0.176901404551138,0.7251738256149071,0.3222350022722922,0.1287959722626959,0.9906876738757344,0.6852215738597497,0.3160560400390274,0.331982987,0.267867165,0.537313433
0.0496731125635863,0.6304839294210719,0.2061892822640454,0.2528928845517636,0.0735811811420185,0.4968667661628684,0.6575319698886601,0.8155473658618263,0.0516446476794953,0.36783178,0.190387065,0.82173913
0.608301844686942,0.8660441326280613,0.8730564070136464,0.577834951088479,0.2268123003095107,0.5752931874886552,0.4069614044835379,0.1707999313025191,0.8117359352662818,0.400572115,0.342296996,0.553846154
0.7809048050324435,0.879922755674982,0.1274231063062486,0.4775404425066026,0.9040748857635464,0.2218501319542178,0.5311049644146153,0.9886660579720602,0.4607021061433869,0.57123557,0.301167767,0.325
0.9981980580121552,0.5358497615798956,0.8085663389224638,0.4625551340495406,0.8773533503432674,0.9539262281955968,0.1897316005884044,0.4324255653459148,0.0042897842189918,0.082161789,0.329749779,0.4
0.620840759357213,0.4495244267951204,0.0534107641881577,0.6232608841613716,0.0482456317029769,0.4883049949840383,0.8827448921824298,0.2565123582340185,0.7925409688774543,0.192769279,0.406263759,0.5
0.3228620036434313,0.4743282310944836,0.734593716004933,0.6827388410816617,0.9033013730544232,0.069424650173831,0.2044305114936352,0.9093439024590516,0.2309051719734408,0.133038493,0.071632003,0.771428571
0.1012655070086248,0.928536685730486,0.4965846788858893,0.8579327903910883,0.5523050001868288,0.306127226798608,0.9781630191098948,0.8393332728595283,0.8820169904190329,0.719611817,0.16549649,0.0
0.3060383133388149,0.8850237543117437,0.2493002983557766,0.1005812427818854,0.4371982185639965,0.1169139977136921,0.6026825555145506,0.7219010175489043,0.1397516305184662,0.457949762,0.154538238,0.245454545
0.4214918552012573,0.5208347803530177,0.5259157669059916,0.9926170362421576,0.8918426626165974,0.5864050748721511,0.4439116214560872,0.3960504711886785,0.9999706740769696,0.185650402,0.541142647,0.327272727
0.1180797437595495,0.9123319621395224,0.0735247046218071,0.7298471819716665,0.6733266311502195,0.957764294994172,0.8108817818258537,0.1189912565512589,0.3142577877210845,0.327508338,0.460074853,0.0
0.0289596465926587,0.5434208604477724,0.9836245583552364,0.8985016930527492,0.1100757392766664,0.0471922378585705,0.0682795038168859,0.0758898751305517,0.5431533262477862,0.160899434,0.065932822,0.6
0.4095068458396218,0.0344577179398629,0.8648056629375729,0.5867425772606513,0.628681898550977,0.1419821571177391,0.5323823501930299,0.7555597901294321,0.2877539808730678,0.099510831,0.283641704,0.661538462
0.0947972262847207,0.4299313005363816,0.3169986736471558,0.3458070819837679,0.5088484050940626,0.8261881340618271,0.4920384959583002,0.1088527521784984,0.4933991162700881,0.193786952,0.417648624,0.4
0.8784723454451627,0.1424408157566186,0.966860163875826,0.3934771567159514,0.0097657717731591,0.9659230850841548,0.6685986028830463,0.4228590782122221,0.0993338400075323,0.142211223,0.544014727,0.085714286
0.8004413270759352,0.5368105394999629,0.766324501106289,0.0414025352136137,0.3133053012776007,0.7367406019415959,0.6997667550935482,0.3508409006019428,0.1809745038102242,0.262983663,0.488190302,0.461538462
0.0355674783046131,0.2960684959694118,0.6212007010156311,0.6130720593404682,0.7654994139915778,0.2108538954309163,0.9948549416353756,0.0966454226683205,0.1679435330088088,0.113595427,0.11562543,0.068571429
0.2347251555025282,0.6012761306797643,0.5036169278588861,0.5009616166470895,0.2731651020837141,0.3593159837805203,0.7076535031796688,0.2285203120243867,0.3080769826335969,0.276670154,0.339138306,0.48
0.8097947728028696,0.4471719356351256,0.4317447475814856,0.1318194925713057,0.2093592340420601,0.9900558106454844,0.1785016787962959,0.8399065381775512,0.7349493891728666,0.116581435,0.637340849,0.466666667
0.1491241989938312,0.9430422584864148,0.8445845918275072,0.950324369958506,0.5865592991052905,0.2122826276298253,0.7823175287701015,0.0199684708310668,0.0609694010778066,0.691837783,0.172078098,0.453333333
0.0436709205216058,0.8519695029072722,0.6099288352061029,0.9168755270336664,0.6068042971209083,0.4386454461021426,0.6989863297611528,0.2762680030185644,0.0490761422072975,0.479000256,0.069764298,0.0
0.133523716808571,0.7574073862196032,0.9537082592269844,0.582743323281956,0.1271767552614141,0.1774486319678215,0.7025279418822017,0.7179227268248534,0.5022951532243808,0.437850198,0.130470744,0.31875
0.9641918102286376,0.5218418276409814,0.6024384382362866,0.4884166653447007,0.1760233108425204,0.7431210300898593,0.1681482741688016,0.7490894809300578,0.5909127216184881,0.142580489,0.501063215,0.514285714
0.6955987572038538,0.3465609249743163,0.2071977941529049,0.8280140177515463,0.9336290322496832,0.1042649420029514,0.8391980609548372,0.220902634866512,0.6457749084761003,0.169547887,0.279494021,0.48440367
0.6956317094400167,0.3191567745623358,0.3681890318405428,0.540864709128905,0.0922026151570097,0.333831312843272,0.3145615538555446,0.621255505818174,0.8813557003412616,0.142595286,0.483753386,0.733333333
0.9336765197062596,0.8727001644863507,0.0013324272989249,0.159796800911769,0.7486999338827227,0.5495269360659529,0.3758620597198637,0.7321946707799579,0.5450883513127764,0.365598087,0.414409051,0.757894737
0.8435219045992409,0.7371425621707929,0.1488595160360206,0.8813921724063855,0.8516922316599048,0.1627761407124582,0.4614820068033179,0.733046922627867,0.3347354935852206,0.218812838,0.423179318,0.266666667
0.0973217444805631,0.9427270714041556,0.8339097377161118,0.8332863493403094,0.4459359506276968,0.6898152781913917,0.2130704559268686,0.5294786586756028,0.1363757065280212,0.437660221,0.179777693,0.15
0.3881485257569734,0.3974245896133633,0.0793621334292105,0.2350117648517079,0.8849697937941869,0.2269947047545458,0.858991668917447,0.2709022519643908,0.7878063588796471,0.191887597,0.30528965,0.70212766
0.1470598507462378,0.1960172123623903,0.9754537882178624,0.0186581265154275,0.1798238019482448,0.9654588758582404,0.6547543415073256,0.4673379167008005,0.51677505399107,0.148084159,0.377475932,0.144
0.270072220627667,0.9693171986204396,0.3453263475165398,0.6291691162833251,0.5047801766856332,0.4760802655136468,0.3610693933412842,0.5506949897873794,0.6880698906545007,0.353867888,0.36031141,0.417391304
0.0837636467223168,0.958143357494707,0.1787830281263001,0.393338366755262,0.0656048839833269,0.9597612916086322,0.0564451508459545,0.6728300838944875,0.8124784649691499,0.510900793,0.342200322,0.0
0.1175073781017568,0.0398072591979463,0.4971558439231417,0.3567511234412875,0.3789248746042828,0.8818281608696271,0.9361122104535476,0.7838147140820821,0.6455117836086472,0.073071508,0.37671892,0.0
0.025208555095722,0.7331793950474137,0.0244699006276862,0.8529334983849138,0.7676234646108248,0.7214734809982883,0.4226811780108378,0.1017794141405901,0.2990456531327353,0.218140766,0.313626234,0.646153846
0.5261509219192673,0.2805887690155439,0.8479214464324013,0.3037277327954912,0.077624705091381,0.6005617956285154,0.5337557739411763,0.1221542019072987,0.7686447632672578,0.163370181,0.429642281,0.0
0.9093394921627614,0.7364393757113766,0.8701420679123958,0.9687661507089752,0.3739236881372624,0.7508130772112032,0.0620704005666377,0.3640096091496694,0.7486880354518592,0.216862332,0.705853999,0.0
0.3198636135597299,0.4446501747558349,0.1192815701968121,0.6695799608460105,0.8675543356346421,0.4700955025795623,0.7330249643893165,0.6076269168752476,0.4340107224835406,0.206911677,0.269341145,0.0
0.4004446701959055,0.2808428499899714,0.8009920495442308,0.4765717050998066,0.0516360634748359,0.8141966060928024,0.0849480516473047,0.2075207039900746,0.4961486381259936,0.068735049,0.495136438,0.48
0.0923619998513268,0.5963881089833399,0.6055098358445935,0.4112414238109284,0.6021644539999986,0.7512807189757987,0.4329885265163469,0.0934990374841876,0.9742900276539854,0.202354311,0.31407169,0.54
0.5217956321614268,0.8983456209392182,0.347920758646704,0.2097471149341736,0.541755270302076,0.3200098512320721,0.6970457314595659,0.2116770917155112,0.4184112336138439,0.611169403,0.365134542,0.2625
0.7442396954187288,0.1709860278772416,0.9251709069646132,0.6953163118153006,0.9911048855956588,0.5392756299708746,0.6228277544473801,0.4610481310035984,0.6713775007012498,0.155388364,0.496871802,0.0
0.803931989012161,0.1920864746675294,0.6363703657948807,0.8925479251788769,0.5092236005598001,0.8520781539772871,0.0614058371259265,0.3012514596351976,0.0082226066184836,0.068183401,0.557109113,0.4
0.0598000028783749,0.7637809239189365,0.384230716233403,0.9762347324119736,0.1459667681743018,0.0358384353816363,0.7908389278547325,0.3397630581763604,0.4212311137857368,0.334725688,0.045656307,0.497560976
0.8657541941016522,0.0026365269084719,0.4103779005653054,0.6618143441148336,0.6671821823359243,0.8544622359326569,0.6961546135234721,0.5163700690592408,0.0799328172803045,0.077820624,0.456454813,0.088888889
0.8753959530048646,0.5424761093121455,0.910626896358546,0.4609488503525808,0.0678886803152265,0.977377179526691,0.1764437074760295,0.973689523018106,0.0193003425195004,0.148331337,0.370678086,0.666666667
0.5663791983441839,0.1440518680141232,0.7998590154038943,0.8240377264499161,0.4611156567568736,0.0157232597058044,0.5726392285634924,0.1347900469871461,0.6177001928970729,0.122267274,0.090220117,0.347368421
0.50606610994866,0.2940801548563441,0.0796141077519356,0.8499756305548225,0.0459370497721467,0.901993476979024,0.7770163849663293,0.7826117794904424,0.6603287063378538,0.145996278,0.486327402,0.419047619
0.6952610577831771,0.1550213362111238,0.5387850099415685,0.8109381253106938,0.1275249704899825,0.6011962383698272,0.2556876677515467,0.8475122207060455,0.1573688239067642,0.046312312,0.476401203,0.133333333
0.1973451992005289,0.5953136281008469,0.9997945761219096,0.772276463264054,0.2078783588975259,0.9682157340861008,0.4420537957671897,0.8838712992248038,0.7643199859902597,0.223323675,0.444885066,0.3
0.2431790791584988,0.6865220745360143,0.9317543055103306,0.5801624245123002,0.281506452339982,0.575655787611888,0.3229396937106991,0.1353818930744994,0.3723751859399439,0.327847806,0.478795899,0.32
0.438745547987049,0.3155989955312011,0.9359199423949364,0.761705817612917,0.9342446408410128,0.1639077098390301,0.5547188568297078,0.352115158564468,0.3126626911080661,0.185436909,0.205239254,0.204878049
0.5113425288170937,0.7192889857336101,0.0854324847690221,0.4476473149857155,0.8562954544278406,0.9423942003373096,0.1489504128374911,0.9081397058852716,0.2414921256105187,0.238853482,0.636823165,0.56
0.4472402252130616,0.0342389307933682,0.319398031145739,0.3817743024084495,0.7919460694478874,0.3549390730139494,0.6613616680909402,0.95188992012029,0.5578614831294706,0.0963317,0.339569112,0.0
0.0113397991669543,0.6630480593006024,0.6486671077139328,0.4455970505429999,0.5527857876763901,0.1832850740396161,0.3900835335586623,0.0019518040517798,0.71774249599988,0.274242829,0.125961391,0.369230769
0.4133824566476273,0.9668197093454598,0.4397034844067409,0.4017827975184697,0.8676307271005377,0.3155681799103135,0.6790121722396623,0.7735325986114752,0.167018017889558,0.55204334,0.367304515,0.4625
0.8327747616578959,0.9341153412172334,0.0216412125729171,0.5822937983217629,0.402472005998554,0.9920128293585304,0.5851887018386606,0.0466942798038299,0.5093803843960242,0.582361703,0.596264975,0.166666667
0.4443636615501951,0.9726404723646924,0.2909829867593378,0.9919252378302548,0.1109152420243994,0.7517510273974131,0.5425991558900879,0.5727721294118897,0.5761053893982252,0.641561448,0.360556815,0.0
0.8508324987952938,0.506261604431024,0.9974109385521972,0.1270986472391331,0.4140924933290804,0.485123134468098,0.0713906896108734,0.4154516635314214,0.1824200912964521,0.164888258,0.593596682,0.0
0.4529729251333596,0.5088035783522186,0.7228800709633273,0.6220359680760809,0.9470183317588698,0.3968434840309456,0.0272124839835017,0.8887289236589567,0.9191967281444432,0.178950929,0.271958137,0.0
0.0076709043509943,0.9013267694733264,0.0895142086289432,0.354109452743676,0.0855244210988475,0.4620775674085965,0.2886250791547008,0.861190751064175,0.7466932127487289,0.307625861,0.15916976,0.0
0.151440147739945,0.0066537029300092,0.913518749544376,0.377299649654465,0.1536997407982051,0.4552420387508721,0.199327400136185,0.6331338651063997,0.766615569830753,0.084562427,0.312689594,0.6
0.7357792227802458,0.9444233863609056,0.5316935598878567,0.9914092227107942,0.1325120366237726,0.7605473353764169,0.2434307265805362,0.1391973938828047,0.5627487992223092,0.51988707,0.52585405,0.5
0.0226551576108526,0.0701086318911669,0.7025633972647395,0.2444424763094042,0.5826037533130575,0.5821523185986601,0.5611393056673568,0.9823805773055588,0.847622680856735,0.10749528,0.280135673,0.368181818
0.4177212116209658,0.416258640073734,0.1431396070937214,0.4631070301059894,0.2455374331091178,0.8935173327014511,0.0833380713766085,0.1717178459414847,0.9323208144085512,0.086610531,0.126872146,0.0
0.6771964431042985,0.205382787964003,0.5200263114671295,0.615348147841071,0.6128409709429333,0.6597653059023854,0.9905661899207924,0.1794230113457183,0.1131763363444338,0.157754399,0.549489555,0.156521739
0.1268511872838856,0.4728835322734093,0.2888181949526381,0.7078935579384441,0.1493565147411748,0.619869451397416,0.4914991596502056,0.0814700280419263,0.7924806616007349,0.099049198,0.398123143,0.0
0.8641644187506059,0.0999950570703742,0.5814541967292275,0.1667933962654909,0.0805001660477198,0.7657858289863132,0.0181658615973897,0.5556797777112736,0.0202815426521381,0.049561154,0.440996087,0.494117647
0.4212136239538557,0.1572645272803871,0.3217142545475616,0.0004658769597921,0.4666649125101438,0.9586106492488822,0.6290675777973628,0.5835247557562294,0.4467201021553081,0.121988438,0.499497238,0.367346939
0.5082821484773447,0.9061828366595324,0.7044656557333545,0.9288854020436996,0.0585573061941968,0.4991974761981909,0.1515781316951232,0.978991675435146,0.4879951450537465,0.430659334,0.542902334,0.0
0.399580522614147,0.8655922707622772,0.7084772870323917,0.259131973826309,0.93796606702987,0.3673985578055356,0.6984133390223298,0.1089091531507145,0.5423115470447156,0.510273601,0.466234926,0.425806452
0.674305851138682,0.1633267726550874,0.8992949614406367,0.3339134089800242,0.4724816335786418,0.288322352617168,0.8074343045906767,0.0190181221585726,0.4311495815460356,0.123669456,0.438002707,0.367058824
0.5157626824030264,0.0687954089530539,0.9049970958352024,0.6952619505162619,0.6402593293560119,0.2730603894255176,0.8508521366425335,0.6122257237428884,0.4709323273027987,0.123677359,0.368024911,0.577777778
0.262644475804885,0.1469316294369449,0.3281175223403122,0.0992208207128456,0.4188690809904746,0.1178934832387803,0.1759717624905308,0.281659447946774,0.5606193910765418,0.086359728,0.183893116,0.742857143
0.415129451516695,0.492117462976738,0.9338297939561492,0.5561814676708268,0.0428269015826919,0.3848769553450721,0.9619669018558314,0.3208570068061532,0.6641707419338047,0.353890436,0.356073264,0.610169492
0.6365424933712731,0.0859882685988286,0.2339842372243294,0.1488419668688954,0.6821652283728388,0.1224201248547993,0.7914288356087165,0.0772932974636571,0.2199419155686451,0.080869503,0.143577009,0.028571429
0.5995585945452698,0.4733888570539967,0.2729028544098453,0.7650392716495263,0.2456066886340117,0.4135609701467531,0.1171713848208818,0.7690786966892621,0.9963669167029858,0.206005913,0.424048395,0.3
0.7588680862903221,0.4021466757306126,0.3888480671821612,0.0249290825786784,0.0536419649790691,0.2509248552219369,0.4372658991231886,0.1553091697846441,0.2148282403130602,0.159735695,0.388371763,0.685714286
0.4282190020579864,0.1865862548837291,0.0814323035367761,0.3434220333739848,0.9377624663061744,0.7064313568097925,0.5297382760936407,0.9970083506551998,0.603521413975946,0.08956327,0.450520961,0.036363636
0.7276378837705636,0.7010596393012368,0.7442469319485818,0.0827134934295372,0.665977897815384,0.4508878469780587,0.432477393996726,0.3230278805401025,0.3685801428570244,0.159093826,0.573161416,0.6
0.0623453403302901,0.701300740219612,0.4842526605834015,0.2160745000733481,0.0853771948237633,0.6009611353267411,0.3092567781092358,0.2428325980535908,0.7021716083529032,0.259645572,0.264276993,0.109090909
0.1978650210095419,0.7624639168955017,0.2067982884587587,0.9855120341605076,0.0119741673316918,0.2804458455180914,0.3761079901179498,0.1141222163452978,0.4650228483566981,0.250408481,0.212373304,0.42
0.7879784236989282,0.9955270684598392,0.5238476442629428,0.7129820617664628,0.6290561265696892,0.3792347535111899,0.6929066692958359,0.158066932018435,0.8832825245650785,0.595107547,0.387090249,0.0
0.5934667811804237,0.1345298568276498,0.6416139911779167,0.5389428462969466,0.4329050591697536,0.1785038688213129,0.5135216289034681,0.4034847490908628,0.1376335849580996,0.095658096,0.173621107,0.0
0.0619907996970403,0.8889301577001386,0.4035110129518879,0.833265543650183,0.792913769644843,0.6041573666525871,0.6934746003493562,0.6330349923091159,0.8110276527614564,0.494182227,0.280424483,0.435
0.7659142781533884,0.1305225300500347,0.1410045099278626,0.548885860023609,0.8921344651199231,0.9667213020398668,0.1175232533813425,0.8708472109454395,0.9964563947542596,0.029323679,0.732425475,0.0
0.7215814542988611,0.0109397628541644,0.8991321020359705,0.4097265973960022,0.3268146804358687,0.5324416046437788,0.0209417914813679,0.9632782557470304,0.5693258219746677,0.037684543,0.55740706,0.0
0.671885509129765,0.6696197513408935,0.2655574806589857,0.5930097220535492,0.8204002948554145,0.4539582186649826,0.2686440579533545,0.498651224718867,0.1714114473011154,0.195407422,0.485528193,0.580645161
0.0130079260268334,0.1323231593491017,0.6845385253690116,0.3950883849641929,0.6338741537254416,0.685773544818858,0.767337558586048,0.0691119363969848,0.6571888150186489,0.138649146,0.252591862,0.366101695
0.0254387678158989,0.4825953960810322,0.0915467669615202,0.2411950599929442,0.8527964439777556,0.6240899837008149,0.1570072310873345,0.8161295424899296,0.3767413496124041,0.130790247,0.287567179,0.2
0.6010197243673812,0.382095931429412,0.1548122147442504,0.5982457035424178,0.2957054545001237,0.708068802260847,0.372286549044431,0.5895038599931349,0.0023987975453475,0.123928134,0.423490052,0.654545455
0.203973953512468,0.552160872597007,0.1823751475683833,0.021452592785539,0.0551129157058817,0.0241814567376555,0.7018617996499488,0.7826366181944842,0.8595028702728714,0.275558919,0.072382324,0.362264151
0.8578948017836104,0.1371953863562701,0.7610049365613909,0.3130499962839839,0.3517203961342039,0.4113083420741944,0.8136502871870398,0.6836856373573327,0.5455373640644519,0.132341285,0.490051049,0.378082192
0.874923741193243,0.4171132243707214,0.8200823111183848,0.2807269133178485,0.1466744618570505,0.1981682280540327,0.3414015926457641,0.845696868152273,0.8020892369728068,0.108530342,0.548957952,0.342857143
0.121235199328355,0.7682568484535764,0.5216663250747797,0.9791300563441188,0.4322068978658,0.4675604471451966,0.7511488020119685,0.7697783156040643,0.7874434438112264,0.476309164,0.233514196,0.263414634
0.422678174463554,0.6785926694572966,0.5484674669451481,0.5556333493214743,0.3526297122874098,0.730416618674288,0.3195237947828097,0.4274465943353245,0.2271118367398117,0.213484788,0.441582189,0.66
0.5928434598352526,0.5560270845334401,0.8054582782261324,0.9052801924640144,0.3916876222989052,0.9841925392785512,0.7332620721368261,0.350833897556801,0.8323477213843679,0.317974678,0.479883824,0.222222222
0.0456911246373247,0.3965392936341252,0.390180810606024,0.4144627887762299,0.3132189167609732,0.164238748884935,0.2660879750558441,0.452949090168107,0.8855896811687056,0.149927606,0.131366275,0.694736842
0.8508706460011314,0.6485370128096923,0.9368004487210172,0.0831897756129336,0.1695875881186078,0.2789101878874493,0.8740803197460294,0.5564870704269549,0.573535789035221,0.377424898,0.390645156,0.381818182
0.2087314406876093,0.6996405589003405,0.7695525765792404,0.9475300687606424,0.6904699044635844,0.1351805337863053,0.492872227710908,0.1337052899126924,0.943265676439924,0.271140354,0.159866467,0.0
0.7847636657864671,0.4792351012602012,0.4805772914989685,0.9676776159478416,0.0707311176732045,0.8036725935768707,0.3437009551704488,0.9063042390615296,0.5560348165172638,0.18895096,0.469990807,0.184615385
0.1584545383990552,0.1054194199064053,0.3922712957574501,0.32696824647003,0.2239195843496972,0.5045087546437935,0.5332252085048359,0.1521853505588384,0.94544667925579,0.134136258,0.304413574,0.372413793
0.2102106710598779,0.3379272195666707,0.2196841400414501,0.429228964875477,0.8101240267667821,0.3766295487027096,0.4587471623553731,0.5909993045560584,0.1655879775450015,0.095115992,0.145283886,0.0
0.4130676672103455,0.3283452352250079,0.0650533017569966,0.5044212906380823,0.4057367165485573,0.9376504426952028,0.2345342672036504,0.2878460070490604,0.5640539937189326,0.089751482,0.614545581,0.0
0.3799645098132965,0.6642908568251964,0.6395577549726817,0.3191061353576613,0.2529077705054382,0.5890929997652675,0.361582743048439,0.0797638685762921,0.3818862379761834,0.242289106,0.463447219,0.428571429
0.9316493794083888,0.0108550339706551,0.7590398930334133,0.741332106329466,0.2861185363645382,0.502125960331116,0.9287526096938028,0.3824231109820296,0.3338218511182862,0.079463887,0.459516141,0.528813559
0.1700361910408215,0.265502736889473,0.8490413258391792,0.6805973191443081,0.6735399289987485,0.2730337936639138,0.3163101065380834,0.6695286192682463,0.8662805539877825,0.133709309,0.165810906,0.0
0.2636799149450335,0.7058187938329625,0.3977275479819745,0.4843476439996758,0.8875358727891848,0.8349092603738628,0.3723370306484262,0.2630731706996595,0.1708408537431077,0.226256035,0.575123217,0.0
0.0881932717792581,0.9730136196625192,0.668811706900769,0.249518692853023,0.319496611565138,0.502802161081757,0.834078143927156,0.9144311281427976,0.7666726929684424,0.596227584,0.314225084,0.303296703
0.5442064305728913,0.6713414195296776,0.1964556554204262,0.7831701206397406,0.8104074289734257,0.7736628843302311,0.9905157215942012,0.6579247141022747,0.4889262173423541,0.315320912,0.507186315,0.4
0.6871127297152888,0.1961711779899286,0.724593329676141,0.6778291549835402,0.8055594447800714,0.0812102961582622,0.4152043800658022,0.8353905795256413,0.8503459407415443,0.049949726,0.300861814,0.184615385
0.2474003498278366,0.8377169793791007,0.432952072578801,0.2427598883374339,0.2941044430694308,0.3749936453392924,0.5408071789330783,0.6778483142267848,0.892376067692336,0.500166222,0.349791751,0.644776119
0.5822908811661983,0.8338191039276379,0.5252376970392013,0.4802185174164918,0.81306590461949,0.7998790530588256,0.1105647031467884,0.3261664367900839,0.0899595210137103,0.223729301,0.427991086,0.3
0.3842159083292815,0.3842794109417378,0.5062417511643695,0.3438111024682719,0.4131300997669204,0.9233602948649984,0.1026686733288836,0.3251144835171943,0.1499536354905071,0.063411813,0.348862038,0.0
0.4662889298391972,0.961667373508118,0.7713302954345402,0.5926071319146748,0.5214321462227701,0.9685955816224,0.3666057882738894,0.2096169648435074,0.073096623549425,0.425780468,0.313593274,0.2
0.3898969169861165,0.2286513659729936,0.0142906119575842,0.2700789480329608,0.2249254368115052,0.9642828197193568,0.1719342696781395,0.0758722237452255,0.8589444510045273,0.110086928,0.27384423,0.0
0.2939744437917014,0.0479482559375311,0.694621300476479,0.5556488704591108,0.9227863363575508,0.7175602548486737,0.5645355937023222,0.7928807781979192,0.8150566711092967,0.092136124,0.445027873,0.463636364
0.6164981828181516,0.7754516153347084,0.1656068723551113,0.2754955778396459,0.8217633913372446,0.2759764555105816,0.8784522216564071,0.1735488022134492,0.0688618660597973,0.329289375,0.340794575,0.607594937
0.6857210936927113,0.2555033127475468,0.8779038903245203,0.4402656539022634,0.6320662874317804,0.4342810226580792,0.5459059967596334,0.0438850803859829,0.9342869180166572,0.191560701,0.378534014,0.026666667
0.1394601750032177,0.1703495942401265,0.0714482118075975,0.2467213366205217,0.1118214356695525,0.6802389210640732,0.0087767482405499,0.8672249904449488,0.1044524560694162,0.053573448,0.452560805,0.352941176
0.1450812324630576,0.5664069525951545,0.860007144495813,0.9100942338125144,0.9624652306145433,0.5255803614502854,0.0733572056366319,0.3347981742757474,0.6840763504078549,0.225179485,0.296004677,0.48
0.968034214361034,0.4704467141385856,0.0274112815764623,0.5485662101109959,0.7278356798932718,0.6337500582575596,0.645089536434025,0.2084854114558948,0.6897069645313929,0.215800145,0.516297309,0.171428571
0.6114589121425755,0.8024998436369075,0.6986848483220959,0.7817118447418425,0.5487793924961291,0.6758372067228707,0.1723357059293799,0.3688091770988344,0.9144220569847488,0.326917307,0.259797849,0.0
0.5035114074191268,0.6922422388805528,0.3041652514838343,0.9016684890873452,0.7477017505214535,0.334724832088926,0.2561045494809871,0.5490637295374424,0.153533396252681,0.182300973,0.353358827,0.54
0.1640166884167101,0.4677923531536689,0.6561317822003655,0.3212974725517079,0.5431701309713675,0.522534892909831,0.990217622534354,0.1783431468941035,0.1620557296430134,0.184671425,0.311740693,0.327272727
0.8787330906523687,0.7952306017032379,0.7659140850272543,0.3327323045717473,0.4209033529916041,0.7187382209068452,0.4387206637072275,0.5657963375921126,0.1473412634267603,0.285067628,0.666343147,0.2
0.1380688690726546,0.573291018467012,0.0897800102730697,0.1253044657362673,0.4940241494543471,0.2179186053203818,0.6279313686078785,0.8815090982227151,0.0058059213902688,0.248429654,0.104562177,0.4
0.6346990984198146,0.0880832450223004,0.7946501177746775,0.1063269965516608,0.7382890798796303,0.5801610423647564,0.279378712323045,0.7915178119269382,0.9204476680321988,0.081119486,0.476562416,0.0
0.3322870022409088,0.8538833328637165,0.0657082379061324,0.1330496669878503,0.3735768835298719,0.0564886066493592,0.0030355415977145,0.3421216875682549,0.1518200352440021,0.292687641,0.142133598,0.8
0.5312589175379596,0.2974997489854326,0.8109478835995507,0.6028549939725052,0.8255429268096705,0.7587728843846404,0.2684965449940593,0.9943274863327346,0.3995919436408358,0.132603283,0.526773459,0.0
0.3849529383254721,0.8890595568246595,0.0320294271357715,0.6367874375929591,0.586974906436897,0.7507139693499766,0.9801488924964652,0.7863564531729751,0.1432313290769307,0.46891876,0.408256943,0.60952381
0.8557094081674974,0.7644518143507615,0.1751286964697738,0.0945933659623048,0.6179441948971848,0.3560596267172986,0.9295596078079508,0.2745754382562675,0.8137138757639777,0.382281642,0.428460465,0.046153846
0.3434716788229622,0.8517470151570995,0.6068704742906454,0.1330737332674836,0.488150517261611,0.0420433001938461,0.2881637192757011,0.8909169894803146,0.8131887961357892,0.347059489,0.0845938,0.64
0.684493885327752,0.6023125708449485,0.8564356816620016,0.3532713439048275,0.4656101569553034,0.7377141432989482,0.1473613281007004,0.120100789659681,0.1965096989563914,0.152194043,0.423842671,0.65
0.9294215132311882,0.8712023177363852,0.8952740374520778,0.1070530421701322,0.6082389564157695,0.5981179791147173,0.5665598253321917,0.7310223184161763,0.65563257793928,0.656643692,0.571399141,0.373770492
0.7154034753935725,0.0761269972786637,0.9319395525074388,0.3025548970440601,0.5330321074518729,0.0895868841543066,0.2040870386424096,0.574916101077828,0.216902091999074,0.054148434,0.180329646,0.0
0.3560299747374824,0.4386928083514604,0.2677921604636917,0.570309168030142,0.4241973296691458,0.0888894637459107,0.8073493580542583,0.5622685161403225,0.5879313041602604,0.228440607,0.127481556,0.0
0.9699005101696158,0.2040931665417138,0.6858095086671778,0.1205195592814919,0.4021017778652546,0.9258769013995632,0.2548135930911056,0.5019946325651007,0.7971638038834779,0.083243184,0.760448206,0.3
0.2842502460964741,0.0405854401628588,0.1617098649516496,0.9850643892413008,0.1329514185943741,0.9841826051520084,0.0818766009698437,0.4592115280793323,0.7840301482961463,0.05168631,0.480864472,0.327272727
0.3532935133045808,0.3028806790054628,0.3863648820570845,0.5288505847704581,0.848961707057964,0.9412651363103728,0.3805395947935661,0.4801506736819023,0.039560621853333,0.045163945,0.218448733,0.6
0.5979621492250703,0.9538714812863712,0.0274173288583967,0.8350169741201637,0.724685361419826,0.6250740775878953,0.8207725812416301,0.2238592390918548,0.2000616155281445,0.461176295,0.416217929,0.0
0.0861567395671165,0.2715841993636424,0.9726831099294472,0.1247051844433501,0.3015576508024427,0.456991092735957,0.8697152879063671,0.2679195517369546,0.7196448052362736,0.177576792,0.247672955,0.738461538
0.9193005809953986,0.5794801314135071,0.6513849347842124,0.3357021616289015,0.3115542598060449,0.5486135894314464,0.0510818731762134,0.7637405616640497,0.1061709678625091,0.239735357,0.295752089,0.771428571
0.510725454804756,0.3621912434047224,0.9950497366712516,0.0300507845764059,0.6107720945410232,0.9970812219369888,0.6256556181879936,0.4266330155246045,0.9023736211352736,0.180115179,0.523036477,0.0
0.4115023372384864,0.0801243317686175,0.9320085042487316,0.6716566905830381,0.911252058685389,0.9973639010618452,0.4374505747471424,0.0306122241005858,0.7624556802125445,0.084454584,0.432024084,0.0
0.185601478004004,0.3376959704727489,0.525620452072201,0.2227744705594039,0.8029382575491212,0.6687746014605137,0.7615281755693337,0.1468547981948924,0.587483773682278,0.141838918,0.414372475,0.0
0.7767865901344905,0.300420978556178,0.7321640653914754,0.7460328673584598,0.8275526084627787,0.0193561089707892,0.7985900553895238,0.1292596860692776,0.1719245936807828,0.161378934,0.093112588,0.133333333
0.7149346652998015,0.4080161685535721,0.9867272131639492,0.2724500394654695,0.5110921591731034,0.1716431346521666,0.1531546899507013,0.0811562889369471,0.8616400864987493,0.15798594,0.240325935,0.0
0.3061014459673592,0.2499653944772116,0.1607579984564446,0.7799562359531658,0.2227460480931764,0.4903331101311111,0.4458767676860816,0.5010174619296183,0.5490923212845965,0.091544949,0.239722557,0.514285714
0.2462028351290269,0.5589033998806234,0.4243088623020639,0.1263452524400077,0.3103920302098826,0.6671269986731381,0.7737029284169853,0.3705223603822632,0.3335815954363673,0.370496341,0.397857873,0.443478261
0.0894032153133034,0.2844172897189531,0.3103834681347552,0.7749762514983388,0.1810340220128176,0.4908044231366076,0.2472404067377334,0.7034145304654441,0.1497974199111695,0.101754757,0.264172132,0.564705882
0.0459620133503736,0.4739425553366725,0.8259729591884525,0.326914033484826,0.0352361643950227,0.7932962539258726,0.2041013506764754,0.9626900308268724,0.4243646258577246,0.220885792,0.108221351,0.24
0.4545162599002347,0.521006578011282,0.1487095777813367,0.8206231528407792,0.9856543215088536,0.4416419694109541,0.2880638749023475,0.4992028367344734,0.0429320865073756,0.147215072,0.453663177,0.0
0.7680752010382305,0.2239608057159325,0.0417467250558806,0.859389181814137,0.4071252979069285,0.9910932498855516,0.0081733077710434,0.1533908030352476,0.4702468240591408,0.091900962,0.616751573,0.162162162
0.8296094669191587,0.6686803531510708,0.7063291663760514,0.8155163836352071,0.543212184117076,0.980285759594204,0.9198408956193116,0.5874518550034077,0.3373638490530861,0.488097184,0.485326676,0.0
0.1246712150979376,0.9657389041119548,0.9686399472073004,0.5396125893764995,0.538171517505971,0.8008719347994455,0.6053382697360901,0.6978571100475809,0.9220440039073534,0.821480525,0.291922158,0.0
0.169782453334267,0.1628651291345464,0.817056889703963,0.594720263105521,0.8105107503683587,0.4049836047180555,0.1466075548089843,0.3179526484013092,0.4310913505592427,0.11070024,0.19413878,0.0
0.4181278027690607,0.9456311342690434,0.6363367773343418,0.7238991745258436,0.3254602112627278,0.6717531010386937,0.7379828349580854,0.2076179964947804,0.131684299877007,0.444520297,0.370209193,0.0
0.5576814406268807,0.6278083246398706,0.6064106429104347,0.3027620126345391,0.9863088547275616,0.9941321500380724,0.0911331752855499,0.375674480261257,0.0244644803127696,0.135805975,0.491266304,0.24
0.7563809744846265,0.7857485468632154,0.8397957794682414,0.605295133337808,0.3041333648538824,0.885148816050052,0.6786121511586526,0.1773696665602629,0.0448782325966773,0.401442032,0.54510399,0.291891892
0.071572474205122,0.8964818480511797,0.3397170269013796,0.1831938581884598,0.0013261523937502,0.171348895399876,0.4153955888741215,0.6296381598731325,0.1943823022163614,0.287464759,0.196353056,0.564705882
0.2583717893055399,0.8738711589402809,0.1545778977549412,0.7703377671725622,0.4890711909597368,0.0687780349355302,0.24070329210142,0.9022252192649644,0.7301428309472361,0.317032827,0.017325011,0.0
0.4802241297370085,0.5510889481023042,0.2320870305331872,0.2215362421567923,0.6864369826750191,0.7794426817912635,0.2686179608425701,0.2962302186530472,0.9933595348599792,0.146705144,0.494707622,0.24
0.4886272211464324,0.5694862555136116,0.4756440839844464,0.546062314016769,0.938782953324005,0.1251155680820161,0.3310244599015191,0.1226700848675368,0.9397337393021618,0.280923933,0.152796415,0.423529412
0.2790177219863483,0.5851332060618967,0.4287852527420129,0.2765062350262286,0.4125830830194469,0.4904865468448622,0.0500497053091198,0.9482594917103052,0.5669460438152636,0.188121013,0.391473911,0.705882353
0.6290644695623545,0.9479682946463236,0.7299154061934758,0.6892854964175502,0.8489932209332263,0.5086440753103678,0.3190448475284323,0.8555378735386956,0.5309166876842252,0.426092204,0.294195605,0.266666667
0.6821814665940197,0.7417029389320813,0.2116215282175928,0.8459213696689848,0.26429172324121,0.6984223003381635,0.0535270303995284,0.4416070520866832,0.6753906119860074,0.291908697,0.505204934,0.428571429
0.5241018325417559,0.0465090768567536,0.1204495613767319,0.9255810725184402,0.1912133750311284,0.4357171610246214,0.4744806221160333,0.7415362900288106,0.3084793218708122,0.04886303,0.443855679,0.514285714
0.9808754155586894,0.9185898045829592,0.4453178542639247,0.7355555888967887,0.2390554632144865,0.3203835675789871,0.8167746279738154,0.22096367887524,0.5785563547910336,0.5435764,0.412887672,0.634482759
0.4074363252583055,0.385690880461775,0.4958871193851754,0.9996743825348622,0.1994854215200934,0.0775590790428252,0.4471124676503197,0.8858138244453219,0.6117215159183597,0.131011212,0.095694241,0.342857143
0.5640431063356844,0.3241222956064504,0.9120586511262742,0.5747030259251511,0.9618143083274944,0.4931944286984023,0.946822481267082,0.2953969238537925,0.4176507518136754,0.168059653,0.401529825,0.163636364
0.4828518638798862,0.1396120377121421,0.1357897968796263,0.7026036467394483,0.9130448751052798,0.2823009469448765,0.3259934182699137,0.5394825678823593,0.2964290793971742,0.079375835,0.404520275,0.568421053
0.5483587934303521,0.7648890688128915,0.624718807924753,0.4838628853274701,0.595072873317865,0.8615697298287538,0.0645233067245025,0.098837616924707,0.649148428550575,0.198471041,0.311076291,0.0
0.9748972090775976,0.9024136417749464,0.1994933014319216,0.8620060752840556,0.1978451643691811,0.9697052277944356,0.5557587518039084,0.5062445877886702,0.918726647434377,0.694150342,0.521832589,0.589473684
0.5036309734957436,0.790048221561503,0.6880106495037707,0.5831008207678914,0.4802253303849588,0.3771935100738772,0.483662998525657,0.2189923050021859,0.2031804484704499,0.285493119,0.254496722,0.635294118
0.4543539699415977,0.4547660791746573,0.6521470744121474,0.9530962278342732,0.2333099537385541,0.7343886501257618,0.1656759714640199,0.5972765424595778,0.4243546846220309,0.162143697,0.399994805,0.369230769
0.756980330700533,0.0426357876270419,0.3589416841346184,0.5305343849745444,0.156655318321563,0.5625738458814079,0.2715505722614167,0.970662146042317,0.1501992298995431,0.039872464,0.366865712,0.0
0.996299471678617,0.7436044853795041,0.2166491383716486,0.2436753637389973,0.779456260377615,0.5870453656839011,0.6383616819359648,0.4640131781805993,0.8394071796977619,0.35580219,0.595373203,0.0
0.1343046425713095,0.5258998848613755,0.3364556507105048,0.7688986705905929,0.8927673938494335,0.5445494279092771,0.3995772616000992,0.3080189695867587,0.9963728140280724,0.200498554,0.163967438,0.56
0.8746504067053668,0.2331890086203001,0.2805572440697574,0.9478635886249448,0.0341490005947562,0.3939181970922619,0.9189478714530648,0.622941284237679,0.5977839929943628,0.105126998,0.432206342,0.0
0.8012613640054678,0.0436312219735427,0.3833331336784896,0.0932149051002534,0.2530409879013134,0.3829576086074426,0.523725281047236,0.6542819663704745,0.8277320033521265,0.079424191,0.513219238,0.32
0.2542028657046128,0.5016499093448873,0.6436953288943945,0.4674537583033767,0.7150854100215546,0.4825561851120784,0.2500703905007231,0.5589727771451515,0.4453451335647334,0.104363598,0.412174446,0.0
0.3559184067792755,0.0278648706821261,0.0564119739160999,0.5142198165606814,0.7322495337612149,0.1422843942864228,0.5871294197893859,0.0144841887110609,0.6995234114485277,0.073560524,0.24727573,0.395454545
0.0270393553494486,0.6895965401123805,0.8316313445407708,0.373893895204505,0.2874623433962113,0.0014538583528733,0.317126215343524,0.2316357556618259,0.9806955925538,0.252677551,0.020064289,0.755555556
0.7612121034930218,0.8823921492761377,0.6143337323318544,0.1028445955481417,0.8275181236092191,0.9755315162814748,0.4636436438909286,0.6960377362084349,0.1149220288645014,0.234146665,0.515338009,0.8
0.0229280462336973,0.0855805862500528,0.1507747759644816,0.6025790700837043,0.9276959756415482,0.1406227336475621,0.9979306590337864,0.3511858197245625,0.7643377871063094,0.117606666,0.112347044,0.640909091
0.518680543786145,0.8665660248922323,0.9173271271991388,0.5303493898981003,0.6795314767952491,0.604675128425389,0.5888736411348091,0.6085056916504297,0.1857330635555464,0.641191997,0.42270913,0.470588235
0.0308323036997297,0.9839069163464976,0.6944592290848632,0.128088755346066,0.3592051577323304,0.7104437794413376,0.9067744627151346,0.0927382050582832,0.4929998020149214,0.684139994,0.366168075,0.607792208
0.4085156916688539,0.3420026937930974,0.9302580309926202,0.2378603886019378,0.8453163331910666,0.3017199886427412,0.9461190688532956,0.1395841763676208,0.31029965781568,0.138087941,0.366887553,0.309090909
0.6492650814037235,0.1153275194799785,0.0620902286170396,0.6786203274621744,0.8387016502504965,0.7099458706433789,0.8314770160433078,0.4950714451164497,0.7076836561647877,0.117601923,0.518594536,0.345
0.1703577240235735,0.8890887431477547,0.3171409655210331,0.2690264138252073,0.8190064737557392,0.3618938025168455,0.4418256210853066,0.1131409595893464,0.5954271012349938,0.286004766,0.212523416,0.2
0.1446138819966788,0.3958510129601548,0.0973770075210069,0.0662337252489454,0.497154431366452,0.087679815452674,0.5564126819326045,0.7044095474080161,0.0066831818618025,0.137493039,0.070543967,0.476470588
0.2798029571461395,0.2009070490728361,0.8636035417406213,0.7845391852177872,0.6600117029213616,0.8212631673275818,0.6785261841611022,0.6479108779139824,0.4435120283047759,0.11465223,0.543106193,0.104347826
0.9074954810983722,0.6836375208417962,0.1841921229287433,0.4744725459264262,0.9549594383810536,0.1782931569669387,0.367988300052959,0.3440629739834209,0.5351451325576859,0.189929942,0.230920221,0.545454545
0.2148313952275223,0.7003764377162337,0.0934870439393789,0.9632432794091054,0.2981153873017801,0.8236558031867661,0.5239459342063775,0.4040474876296848,0.9905989095700146,0.284354943,0.327531351,0.0
0.1733062030085167,0.3245574657721098,0.3116078451100985,0.6579186348763686,0.9291085280643656,0.0325049688615325,0.5260196325603533,0.6053235531866733,0.148682442822405,0.184453713,0.055234255,0.51147541
0.244698854721157,0.8328553464656873,0.9727084881533776,0.4859562830988294,0.9740130074594872,0.6623082635071895,0.8261629117763386,0.2262502886232189,0.375881632168127,0.458389108,0.368501384,0.364285714
0.3760840284451459,0.2637078674138418,0.6603635091941289,0.2535267295246894,0.5444347527385494,0.6276917872584901,0.4114180699272023,0.2964591225084458,0.2317160965075432,0.080607528,0.485037628,0.082758621
0.9686524458917828,0.8732517740538501,0.5908996903679294,0.163959823724811,0.0766172906958309,0.9643295190548696,0.939978929626189,0.1220522380596333,0.5400988822196039,0.480166536,0.544200775,0.393442623
0.7201917905797447,0.4092394362702355,0.7819086298197594,0.8428476197668017,0.9870982880031915,0.35323042196868,0.4459530375959613,0.3591575037049536,0.8234977567649885,0.182932021,0.418621076,0.0
0.3039253724229229,0.4971860107339071,0.9908654459019282,0.8296186487669144,0.1470091889964229,0.2805667733414561,0.9851209541352426,0.4864303687566711,0.4438637849179893,0.286664693,0.354382322,0.45
0.6159513876669431,0.081362463868448,0.4468457611943053,0.4287147093669159,0.351634938481928,0.6973018492233037,0.2065134946940582,0.8819858952143305,0.9754366013466622,0.095421668,0.500722916,0.0
0.9816026404962958,0.4087743616893264,0.0153070740116028,0.1760972136011351,0.8187355217384141,0.2659987648856781,0.2728119827003479,0.2577555677825808,0.3773311631407691,0.132964331,0.51707098,0.0
0.3854401376400154,0.9860188355149464,0.5677347005060142,0.4701104709365441,0.7936384158925096,0.0529215005400435,0.9071478345888108,0.2763060420814512,0.3095196829330082,0.586756216,0.132043419,0.679245283
0.2610626921433739,0.5691205065676265,0.925070733941288,0.9673368239329204,0.3276508751183181,0.6600934807579774,0.5294406073950538,0.2857562334019499,0.454762738276083,0.345480871,0.352989426,0.336
0.8907109444920212,0.8505701516874427,0.2269271456198971,0.9824043704234507,0.7298083280875768,0.0130580590257119,0.6527622655953065,0.4959298584831555,0.8354392398916136,0.483763964,0.140923907,0.46
0.5314483285100005,0.8189398492932669,0.6590506634491732,0.9204710407711616,0.2422004800371502,0.7667882145949937,0.9284451186290894,0.1528903714073065,0.3690301747059408,0.372898601,0.485891412,0.271698113
0.3131609384520147,0.9256056000938196,0.8465603934199205,0.6117430398183081,0.4106625785012027,0.0514762466452998,0.8250610121734948,0.5765870182469095,0.1524402569403988,0.623316271,0.135410631,0.48
0.471664979023523,0.6391555200002876,0.8346743213647321,0.1427219973054455,0.9061034221532144,0.5191994051163206,0.6519734446190768,0.9807985825201057,0.2885773999093025,0.332368151,0.387267812,0.33442623
0.5345002710409115,0.9558213925205497,0.7766151642650637,0.4708622667105566,0.7053508058456113,0.2820416335226616,0.5559744061365334,0.7989695642326663,0.0165749627528237,0.563893375,0.282847695,0.588679245
0.7146628523634809,0.6594648709458587,0.1551755609644847,0.5989840621024626,0.2534834320605881,0.313924666936614,0.868423823847678,0.9537260647554237,0.0187093408047597,0.33266637,0.207044178,0.0
0.9167004079330746,0.8954369090800774,0.5311348830463017,0.4858361939358769,0.4834989456259182,0.0855482482266836,0.8150377391479505,0.980500264098627,0.5684936115851935,0.665677923,0.306373369,0.685714286
0.4855096950930371,0.1691551085934544,0.5080260647121947,0.1719404750581699,0.0785187611227402,0.7224125586023317,0.113119650060196,0.8587855183843209,0.3690648624158699,0.086826638,0.406118601,0.0
0.7043175085762247,0.8517707040005845,0.6472398014540323,0.1339856327734859,0.3645679032045998,0.2525335554098711,0.9281467269221276,0.1374598028644186,0.8219894580954172,0.536869366,0.42537029,0.56
0.0962726633144085,0.0533883549563798,0.4551037426330337,0.8981953245247706,0.1178843378364181,0.8599572608420311,0.5544043939392936,0.5094714165590838,0.5687374936259645,0.081321054,0.367290186,0.230769231
0.6100106732751864,0.6286482851692574,0.3495691833262342,0.2538397911849586,0.1584951518206294,0.1033702615881435,0.6406737345571731,0.6203118469236942,0.5037314234433417,0.312964288,0.273596657,0.698901099
0.0410400832241084,0.888873926817117,0.9565344943598254,0.4406635127572178,0.8455448030849952,0.7166337581675002,0.3818234743267298,0.9861670159583612,0.8275036614890594,0.352721042,0.381606036,0.757894737
0.5193645065725885,0.9253853678746726,0.826698018326213,0.3550884531883999,0.3111530613658769,0.7071156624690215,0.1207624399304847,0.7531439184087415,0.1177124662661691,0.409191495,0.310936617,0.0
0.7232018009945707,0.1873185686296383,0.2442876348091318,0.0244058961321628,0.9644569654608982,0.84376896138147,0.228621884224875,0.1082600075187486,0.8825163907925413,0.098150946,0.546091778,0.376470588
0.7459952614598091,0.4329996537323991,0.4736886023352771,0.406616816615314,0.8046219266138769,0.8702342624753293,0.597761797587843,0.5604716340079939,0.8565041182735944,0.166277396,0.564642873,0.436363636
0.6866520815232934,0.2496045679127936,0.675287974313469,0.9367718828851104,0.6448899515697245,0.2590420579272245,0.6344881785836624,0.6518754969392005,0.0488356338529977,0.148843791,0.39289683,0.1875
0.6743442200016582,0.192051196248572,0.1741427895886785,0.9971602268055122,0.700707633928252,0.5012521861855038,0.7782560194778997,0.7240609826839577,0.354102076555981,0.138961574,0.328645796,0.162162162
0.9561692283277105,0.8396582698507603,0.9709910490670558,0.4175271814815187,0.2480709346072446,0.4419145073565452,0.7808695172708423,0.8537939765196636,0.4034210495486695,0.535348601,0.471833176,0.105882353
0.9434835023062994,0.478227702607416,0.6657340477465868,0.4974968401082661,0.0776200580489452,0.7248820170263447,0.1965753274069102,0.2769388986483568,0.5357944327814574,0.162158391,0.559849891,0.0
0.2361533358008823,0.9082209433448708,0.7736419055912047,0.3951278058898231,0.5060893841976758,0.5830464121851155,0.7903916734302696,0.5953495959348359,0.0644604260116209,0.591232982,0.330004118,0.683076923
0.6812092982554789,0.6722136104773618,0.3510587360741926,0.8616228175912325,0.7432056630702181,0.4978700942622501,0.5320731974500894,0.3495974135860514,0.1113895848288938,0.326710202,0.40499313,0.068571429
0.1254186432704988,0.2912075409604016,0.1654447817028943,0.207550226297535,0.0286719565372781,0.8747721359085995,0.4127676322808272,0.476298342512104,0.774614362365281,0.123100889,0.374435418,0.733333333
0.3963999453072717,0.7556903471191471,0.1274054709165424,0.4406650370620715,0.2338029260226568,0.6756658068220369,0.7884995686315309,0.1929312619793375,0.5439839685385508,0.387591177,0.365984805,0.08
0.2430629300609229,0.4643038752221243,0.1876250618792201,0.0784366422598751,0.4016885785402397,0.6771879730351074,0.9481050561023538,0.3622370198109436,0.8998018250144096,0.236650902,0.359972053,0.537313433
0.3537894494450376,0.0890147258892606,0.6133700239828137,0.3780700354157472,0.8208438647298438,0.3697159515453392,0.5990546027731946,0.2107313116448389,0.3875176004545301,0.101767602,0.343975755,0.53592233
0.2701095899419944,0.2263009830208351,0.8852554481905556,0.3326913907739282,0.1832499404124118,0.3902522055731867,0.947533161216332,0.6601703359515543,0.0631442680758759,0.150317284,0.368119612,0.670967742
0.2040641034048843,0.1111530146702726,0.9325387813116888,0.0211395725954542,0.4046689519342263,0.5341199749717809,0.1363794414607479,0.9067119196100932,0.9123169409461588,0.056269836,0.438339464,0.6
0.4645337844264092,0.5657591041799146,0.0706555024132568,0.4890516343260151,0.2118183103513772,0.6648332316304428,0.3795463147220651,0.6489458025944542,0.8386785212784729,0.177625569,0.240699129,0.6
0.5710665762194533,0.441204776447651,0.977361124135018,0.6671859297868601,0.5014286009495713,0.6141357956439925,0.0359320474353476,0.980063391420036,0.4043284415113464,0.199052246,0.501119159,0.369230769
0.6626893943810401,0.8386619100515578,0.7468049841766173,0.8839402270941226,0.7903466110696615,0.15494025967933,0.0435607720020235,0.255937736473771,0.3771648199235865,0.275066088,0.257088182,0.0
0.5217469017503689,0.3904850717713312,0.6790798747638668,0.916549666912868,0.9725776203839815,0.0261024920024907,0.0905443503694516,0.3965446487587918,0.8892853339474235,0.130617469,0.08186877,0.0
0.3536238544192943,0.7596603940928,0.1182130468178115,0.8939789530663887,0.94774789411329,0.1429057521708256,0.5478080063079233,0.1903946642437158,0.9661094681276862,0.420552376,0.20735503,0.081818182
0.2179740681902313,0.9179073970700454,0.9435898259343172,0.3093463114705651,0.1927573738549757,0.9454519492368908,0.323305387012027,0.8125407271532789,0.2966877864904419,0.404401765,0.449385726,0.48
0.324487907355324,0.6199253809361788,0.3609919605527235,0.347617303323933,0.9658599859881069,0.4057097836412808,0.492756136453838,0.1750931010999351,0.2761548384003106,0.196716704,0.336900469,0.312
0.4725753185217685,0.7214589950981661,0.3720901782451559,0.4874381255108084,0.3664054986370355,0.839352190797694,0.904389136154342,0.4653531351779154,0.7934268700100902,0.480958671,0.471751996,0.08
0.3045277993837235,0.2839538899479532,0.7608704102389856,0.1792154650216687,0.5353501296292791,0.7430380134205221,0.0819159247896247,0.3408288600458361,0.1905145235234757,0.092449769,0.244966376,0.48
0.3561440847011335,0.8547234699531012,0.0517733650803071,0.5280586201347438,0.7776838253558148,0.1494069439067529,0.729788710165561,0.9800101490078535,0.4171946502613474,0.433213493,0.267371844,0.6
0.7824928053907653,0.889205864129035,0.4640099608601716,0.1904574204378489,0.2531948350618381,0.427368714444021,0.2327210788202135,0.1546183149903761,0.8676941264297976,0.306675978,0.328727565,0.0
0.5202113632713005,0.939177392967268,0.9239141823549488,0.0699177724056442,0.1496498414272317,0.2477940462201922,0.4986168705137431,0.674687258716812,0.6250547329941523,0.473166006,0.336536142,0.12
0.0627716977049912,0.4490816266430443,0.3540893062969851,0.1622496402319935,0.573299984154393,0.6787360558651436,0.907416231775782,0.8760653847054649,0.1412262266869932,0.172921533,0.222338348,0.114285714
0.3361129454445156,0.0816321225685926,0.5459093425739919,0.8353040373829486,0.3700549231689451,0.5674721898908427,0.973124724033594,0.3589890406592378,0.1250944124394549,0.083989588,0.440050999,0.53592233
0.4672201763599151,0.1309621771238382,0.2725131941913491,0.8402490503932065,0.5111675635456198,0.944466017835016,0.5398643484127095,0.1611336164534075,0.5235311486270267,0.104825502,0.556135542,0.456338028
0.9922242199099288,0.0377499566014404,0.916667631358551,0.8452159425176606,0.3190544748065603,0.9146470740988952,0.2839821297658654,0.820885277420847,0.131733733235708,0.058877564,0.619283911,0.342857143
0.1524974949314003,0.7456994198264201,0.6874312442800171,0.8346380706329146,0.9703888721193228,0.1055627340408691,0.6001721173859549,0.0319570168812763,0.622375166327797,0.425823454,0.063923206,0.0
0.321803833371732,0.1031601203568672,0.667734633601283,0.2605874144212348,0.6278067207681683,0.7539371141042164,0.4870830450474113,0.1498720321410415,0.8518551693193901,0.081280456,0.406107464,0.0
0.8789227513347367,0.8656283280886913,0.1149151685303456,0.8432980023660678,0.2329357095877854,0.125940883977173,0.7706878504305428,0.740455130266435,0.4804225097007005,0.384051311,0.344254224,0.502564103
0.5059418528251295,0.5782386725623866,0.8977053505768574,0.2466168099618357,0.8664611928131852,0.8174181624773922,0.0501934070949995,0.6025726299916533,0.2010410588525597,0.14798691,0.54559811,0.0
0.0996310428685671,0.2487015376963854,0.829396833277178,0.1549502837516907,0.7679743804241332,0.0685582951313604,0.3828813009524415,0.2574741761080521,0.9663099263978904,0.112534083,0.073442415,0.7125
0.558293833873369,0.5812251804421501,0.0561237981554499,0.457231230486363,0.0284467017777625,0.4486308536410699,0.2427760296747969,0.2975939912266205,0.4906640851157611,0.169881233,0.455063716,0.365217391
0.3865490304363816,0.8076179628866351,0.7888779822636829,0.5375732493927667,0.2159447947070004,0.4886486597989918,0.940679378272304,0.7819860265685554,0.2929845529950385,0.487357596,0.323689955,0.484210526
0.0189427644115848,0.6424804897457443,0.5811665120344379,0.9361783934029,0.5553308364044307,0.4958788843713506,0.1252265217034209,0.4581128954204043,0.5872231683749148,0.131569627,0.14815569,0.0
0.3318641794757149,0.1867404439060066,0.7422761874177523,0.2462243580267548,0.01588424558452,0.972896639969322,0.643919839453523,0.9470434212634103,0.6564403592390136,0.162803156,0.424862344,0.082758621
0.3533329648909254,0.4237390770300003,0.2232009953994103,0.9851005330742184,0.3030759485364264,0.7087569388157453,0.5392226703473604,0.1693958877520134,0.2688992273546454,0.162664626,0.405292347,0.272727273
0.6371828153731628,0.5185243441727598,0.2145123898883629,0.0175403817807182,0.6638991764639438,0.2691778367363794,0.6961872982829808,0.97219130083182,0.7109913629657841,0.305780604,0.363613004,0.376470588
0.148645281019024,0.3037981075315319,0.0388959340447914,0.5928393245986034,0.8368356256627157,0.1761954428875822,0.6554098883668196,0.8140686937534557,0.5734136890303003,0.160233796,0.140336378,0.366101695
0.2229660613219344,0.330771264429464,0.4038940966413444,0.3881927803534268,0.5729606789664778,0.3850935277791844,0.5377683115585953,0.8543137264408536,0.7657051440332114,0.239273687,0.380926742,0.634285714
0.4898373625491037,0.8190134766714968,0.3338441020474535,0.824744691350386,0.2093959761423142,0.1623121644997466,0.2573820764707857,0.4748038681662866,0.1666136935308804,0.26905914,0.201492363,0.6
0.0074215404554721,0.9369575655061824,0.9609061722136738,0.7001206880110794,0.1720494979402361,0.5007386267209677,0.608358668510363,0.4941589071296529,0.7943435373637,0.57274945,0.184728225,0.085714286
0.1165541535498566,0.6339089640016694,0.5595138516921269,0.8091066543307873,0.5367047931097925,0.0271181789892531,0.2540276077675737,0.5567116529399276,0.98606009777394,0.177613563,0.051369466,0.171428571
0.178727259028633,0.5335749615725154,0.4963201717924508,0.5403264497394106,0.8884937671120369,0.9590124344179976,0.6988369831081316,0.0318296700653393,0.9870699655259104,0.309551392,0.379932484,0.227027027
0.1378269536284402,0.6637348894903012,0.765057474989622,0.5689128470355147,0.2399873292204475,0.2191228380598133,0.7474112608473167,0.7876193148906442,0.1279257644487852,0.395247248,0.124167656,0.08
0.4648428939007175,0.5446746663804398,0.2367062704001994,0.7099256472798412,0.359678812200532,0.2254972048827018,0.9407970796449824,0.312675778709483,0.7221727826899071,0.280478716,0.349208824,0.33442623
0.7532361440382558,0.6489755072531713,0.5901535561280651,0.120082998298967,0.7691863273204839,0.8158933677229118,0.07545444482249,0.5012036919389028,0.2078746915302388,0.187998512,0.375194138,0.45
0.3644516610165412,0.544931139433433,0.0583330985905581,0.7644060942726839,0.7393173022575792,0.9739185694702842,0.6798379404802701,0.9914446530295714,0.8781177967721777,0.282107843,0.588887426,0.24
0.4221777756583496,0.5699267040895009,0.177742610511408,0.6169854942450282,0.8510394563377399,0.4953210745651665,0.0494114611449657,0.7944362827033387,0.9807935750005136,0.190380695,0.500859298,0.0
0.4928186305157879,0.7528473292819139,0.3327565799877262,0.6533309020518764,0.4581812160540095,0.9295109018517572,0.751085680124491,0.900243048115526,0.4882866230209705,0.399073785,0.541495698,0.208695652
0.1757180778439521,0.3949417657234024,0.4144845814116942,0.663785438243427,0.9202552393751636,0.0506746516263638,0.6405579000149099,0.7322814612702697,0.7003638286495404,0.226878901,0.069755587,0.507692308
0.9356451736059016,0.8477950452813742,0.9833736619945208,0.5884703150171736,0.2591451821714042,0.6078963506500047,0.957542710234549,0.6516206217612331,0.2064615482505405,0.528766023,0.51491112,0.0
0.6131664569168009,0.807282769507578,0.0468030205401859,0.3531063050186988,0.9883795621490642,0.5371144292797279,0.9402825706957344,0.5487280251807877,0.0180404428778502,0.25269204,0.441782863,0.540659341
0.7467338922535829,0.3372017471405538,0.7182141652129831,0.7340722464715114,0.1013055604395722,0.4538075665504797,0.0427690442498536,0.562400744070425,0.8391762911453605,0.133014279,0.356122486,0.133333333
0.640735277906834,0.6777215379600581,0.0255775757774874,0.7918060614737539,0.8980919221302712,0.1902076245892493,0.3921365065704871,0.9427990013693636,0.793058809936411,0.173566416,0.464893477,0.528
0.3109156207980693,0.3440372742129884,0.8888532960306424,0.0546958271594254,0.4093853366233408,0.1847322690027109,0.5441231062645655,0.2820869226142553,0.8719796410162673,0.212281704,0.277546852,0.774193548
0.1579515579459343,0.92806647808548,0.4775067508464499,0.2798697072421496,0.9404150685712692,0.2122053953565622,0.4256598869351373,0.8350774173902826,0.4200728254402296,0.215934625,0.172144332,0.0
0.137949836239572,0.7875218844064509,0.6725777334681252,0.3850808209407126,0.0275446441527885,0.3598862915493022,0.9575016470769137,0.8996601317181834,0.4013329412891055,0.429142072,0.318350982,0.471428571
0.6725419128495805,0.786927874904676,0.8445486949347176,0.6398836982297534,0.3649098914203902,0.8040375088807546,0.396715572557638,0.8690026588960942,0.6807680488710276,0.305559282,0.272614956,0.0
0.0190355727082167,0.9451657482905028,0.9838331577051628,0.4153352624209991,0.7690751521605677,0.0754233436858546,0.4207495174353967,0.596120533387435,0.8714476312673435,0.389032859,0.03705031,0.685714286
0.7927149234899636,0.7151360708846823,0.0966048793171179,0.4488227598620837,0.5475840589984391,0.2691994045062239,0.0267646453894656,0.1844245991299008,0.6458843529575049,0.35764505,0.439753579,0.666666667
0.9272953626083468,0.1263560929016968,0.1487861060970619,0.5729361414200138,0.8533764902192906,0.7622408567439549,0.2549158465983545,0.5451357406255419,0.0933889255364945,0.04509263,0.755420185,0.0
0.1686581280167022,0.0706782913366974,0.7728079297061082,0.1700992029178896,0.8473935995676982,0.3789684976227081,0.5549574277063987,0.6810899358812422,0.4727622319101423,0.106088847,0.27647794,0.327272727
0.5897588564994283,0.5875469998958,0.3012488368105993,0.3471181999110453,0.7878603726130086,0.8481440171946101,0.2298915578710463,0.0951641380144457,0.5944050406865843,0.213353386,0.548694861,0.0
0.7499993900760836,0.4551386567664707,0.6770341220938269,0.7851987383533596,0.8420550352729127,0.5465690199489889,0.2255418183042821,0.5500948829353683,0.1834150163375651,0.156809935,0.534540945,0.654545455
0.4578242941939601,0.0049383417840764,0.8930628863570338,0.3654365472369567,0.5513140253475112,0.1974425657465659,0.6447863746809117,0.1032964609419745,0.9979961715714384,0.108694398,0.388334309,0.564705882
0.5652853123762845,0.745733005205532,0.2990702662185354,0.27618813770923,0.4015462901299977,0.868885980185222,0.3238998305701863,0.9666087704571806,0.6883742660497315,0.264479992,0.526970806,0.252631579
0.3293737570992452,0.518957872136161,0.987025708258622,0.4628285925704853,0.183114874890619,0.3364523242656356,0.1336614232822078,0.3580328525509039,0.6068678927024996,0.248425219,0.33366971,0.469565217
0.1405602311224553,0.3259413914077058,0.8479297077046719,0.4985602002619873,0.8326003271506807,0.4235533765167547,0.4521686789375806,0.2529419634475909,0.8768657240746057,0.149228867,0.251649141,0.342857143
0.3756086672383603,0.6550225453141774,0.8309041325562305,0.7303432920520767,0.8288418792338685,0.0938127403911794,0.9202018185352856,0.1727092013046688,0.7903475623859201,0.326054328,0.242664873,0.530973451
0.2047885978584513,0.0063232544126965,0.960013622392418,0.7116959128140181,0.5489925096789715,0.8632658930626101,0.7863692138886638,0.1903226296235393,0.8032544797736294,0.105041037,0.533691135,0.294339623
0.0059290893804082,0.2530296526378344,0.8527846913678616,0.5737159984733526,0.3340009094564213,0.1079311941723311,0.9701693877512796,0.1362675597885144,0.8553384484460176,0.148989495,0.089586601,0.551351351
0.052045434086354,0.5681704357257588,0.3760620511365306,0.4246939110314265,0.924419993073003,0.2739409220028234,0.7685231088265014,0.0864890092295898,0.2418476797650978,0.288782511,0.129930891,0.096
0.1888242664481708,0.5600372100955406,0.0063384415665918,0.9990613681800208,0.6813244240498402,0.7011799147472151,0.4313646158676867,0.5704975811487925,0.5566669733165909,0.189885753,0.177608739,0.12
0.9041737566859136,0.4462913521595022,0.1620456302133704,0.5116946449367892,0.6182795975436868,0.9073169244934536,0.3825538655851938,0.9609518019336252,0.6603811436438997,0.111503797,0.509148958,0.685714286
0.4552208276427774,0.7763326863669531,0.0378128666994368,0.4331288594909024,0.9297703918944236,0.267180675354174,0.7602107174024694,0.9032652838316056,0.3250725598308921,0.441974782,0.281509838,0.4
0.2496044237866984,0.3413899040898313,0.4581649348436217,0.46692381946248,0.0494654465626037,0.0220276708511718,0.1112976311940822,0.6486936276421924,0.1394905744455331,0.088690092,0.042310699,0.6
0.9161445472559188,0.1165387096638527,0.2658489323308872,0.0798815521846504,0.5980426271782555,0.5511834631535534,0.093833128551607,0.4869778163625905,0.4064309762040066,0.059137809,0.50173583,0.1
0.6386703948231415,0.3253638177417405,0.6493535204910396,0.1860121961370645,0.2075275952174063,0.693194450161865,0.1853405196771488,0.460214356428798,0.1931844067678675,0.131043201,0.354608272,0.133333333
0.204073110379958,0.7223473361210466,0.4650949614060353,0.3755589899791082,0.0621626253206796,0.523620889605038,0.0327479800650127,0.1302447332808846,0.9894576872079722,0.266322776,0.33970377,0.276923077
0.1819477630209993,0.0614311259184853,0.7699081154421571,0.6426099234821967,0.0157132098717772,0.1687370672897739,0.2995611120724046,0.4071755614596528,0.8079085320548735,0.075272542,0.108987248,0.144
0.1206146817892356,0.382988996157057,0.6769904652785038,0.343811750998908,0.598793840589066,0.5917332899464415,0.5897520136856595,0.9308769570041284,0.8681620754756366,0.232014793,0.362144051,0.55890411
0.9579912524408878,0.097945545002711,0.9678614264598392,0.4735530086851159,0.3636479475250622,0.920715181015239,0.9546358918551424,0.8495890215245524,0.3172534573395117,0.112352983,0.539905715,0.503225806
0.6932901468718222,0.1392322907440559,0.3111620860843404,0.0920466370060579,0.7512217927723267,0.6725694185744701,0.2666703436741346,0.627133183405265,0.5899844030749937,0.091894141,0.475881903,0.6
0.8463493054915309,0.5442237974732128,0.9254673056570488,0.815371376735496,0.9425721568749376,0.209266826359275,0.8872028441568396,0.3162343550212809,0.6929056742038844,0.407952872,0.399550902,0.520754717
0.4524810349574779,0.067194698440454,0.3459875857537244,0.9731272896993496,0.0406112971169649,0.5153460730570969,0.9828471544732246,0.0706347972279207,0.6370498358802837,0.126361029,0.41897128,0.428571429
0.5171080824296918,0.8531884876501802,0.6037188457312969,0.298909066808545,0.991825899704144,0.5743095238816931,0.4790136030204438,0.5046809019398246,0.8643768148193411,0.296490734,0.522868412,0.466666667
0.1765265692535289,0.5137809152868059,0.7550721169553255,0.6664833892095751,0.9456481473030132,0.0225142762630514,0.282876013121449,0.2115997250021779,0.1157310357969613,0.056744709,0.095721516,0.72
0.4147279720336272,0.9859446018302448,0.4289305187765047,0.0422375519301204,0.9744761568965918,0.6632658301793907,0.4669935976679186,0.53391311112715,0.8941653330724469,0.45156663,0.4722501,0.0
0.1484386387851592,0.7008290518915701,0.3933079857661055,0.6785283596371272,0.1088860599932589,0.0281341014013093,0.8782306804293337,0.877034237910731,0.5509566669948597,0.455293722,0.029674286,0.15
0.9307016143207046,0.4470308845530811,0.5028809630127322,0.4738171635856982,0.5733470649580141,0.0919623191493264,0.7649114863306815,0.0180523177713601,0.2580248313096157,0.227140963,0.261047008,0.45
0.4407232900358402,0.6776677410848978,0.440732900561146,0.2245307833151093,0.0021894599074497,0.9041770722252126,0.6536490916436793,0.9841353002168022,0.949023171906462,0.478064826,0.592419533,0.260869565
0.3989758637432177,0.1728264488102379,0.150283366555132,0.8917044513463266,0.5445144063218185,0.6525270715969338,0.3406240445805276,0.7039549540566892,0.930424744511238,0.100453009,0.27889062,0.0
0.1271205273905954,0.3286102899431048,0.4787490775642041,0.4267779299266153,0.0934446618201795,0.506607768376136,0.2883725327563877,0.0352403642103257,0.886223756637021,0.093283874,0.117768286,0.0
0.0216747855544899,0.4601808823418777,0.6242626664070091,0.6006808553323065,0.3801890152935484,0.0945550938328037,0.2535854823273465,0.6984684568489717,0.1455700921940087,0.169788997,0.066204977,0.78
0.2452077766299079,0.9745592548979092,0.1986857032288351,0.288663789442274,0.041999279111653,0.2817918485233709,0.5076085802249638,0.4633221930582285,0.4560216463530662,0.726498561,0.298190084,0.651428571
0.1182376466607815,0.0241382456830469,0.5032152184185692,0.1932543047275617,0.7006463455496013,0.7412636216965557,0.3687378777678272,0.277170857305559,0.9429050292881478,0.05275048,0.446795304,0.48
0.2385978363313803,0.2139265202361612,0.7139445561978237,0.7729102415890897,0.7862936544774008,0.6127571352682416,0.0393923926200461,0.3305966483187232,0.6992553980544727,0.095098754,0.296052308,0.4
0.6099095208945373,0.4937765345333778,0.7565420746109144,0.2302411223017761,0.2975539247060318,0.1361980092894881,0.001203344521108,0.9894444977211088,0.892530607765579,0.18857279,0.261821186,0.252631579
0.8806826948027439,0.1596321303609563,0.4579519418713863,0.8022128189517357,0.4687047892037026,0.6450987029926576,0.6704532811989614,0.4830974848534765,0.8118089594981067,0.136493234,0.489331573,0.1875
0.8704059812189603,0.0384727166727546,0.6431294157386753,0.2520926923467886,0.603746739420648,0.8761111939790451,0.963772632722004,0.3583408553790776,0.8440799231451979,0.107539946,0.551436045,0.24
0.9688151869607818,0.0044539178457594,0.0948809166026021,0.2696268961095698,0.0665682953705076,0.0834163724905098,0.1556249661029802,0.4060684644538225,0.8643433508125159,0.067957664,0.231566084,0.1
0.906293627358382,0.8119022808232546,0.900631157637505,0.7465596162441548,0.8887770662219336,0.2172174842178396,0.6413663276552345,0.8722156272041641,0.3340863552016859,0.465212253,0.370441307,0.417391304
0.4113507345090612,0.15213875648256,0.3571518293873561,0.3018071346204914,0.4568547043100327,0.4219050451506968,0.6286576267170985,0.1727091371514852,0.9670507376097626,0.137707527,0.311210388,0.0
0.1630049608495682,0.1178338208783442,0.2438452373833524,0.2506736426695286,0.286508319427559,0.7137216319518588,0.1138779675392858,0.3880703564325861,0.497972372621777,0.069800604,0.124198083,0.0
0.6252368561673732,0.6891866092054026,0.6849307527675785,0.7960097885577948,0.9433673515165252,0.4996618452659324,0.1509378886567266,0.4036948568372848,0.4488950592143894,0.135157924,0.450428084,0.0
0.3803035916536758,0.8936232352926421,0.8519162982258721,0.9226513806376644,0.0860341573115378,0.2694456727933929,0.1806515710073459,0.3236206420504687,0.4030581197067313,0.409658273,0.295327333,0.681818182
0.3025011612880088,0.6355429259178836,0.3278489770480425,0.4610461565134051,0.6204872342542105,0.4507496474957134,0.8602375591892598,0.4041108566101369,0.1503491755105837,0.310763414,0.375403921,0.573913043
0.8321542015490673,0.043504334123004,0.5030198816031548,0.3549228965056452,0.6238788625465207,0.8567207932352112,0.884094009202278,0.3530144521049235,0.9720898350311096,0.114716699,0.61334839,0.0
0.2067289267983177,0.8587910947036003,0.2720839375809962,0.0192612493926571,0.3774060845174636,0.8293492995158526,0.0490363985521806,0.319874177284294,0.0710816858762736,0.2490613,0.377429439,0.642857143
0.3921897556163652,0.8822447502647565,0.8449087354276038,0.0094939307364902,0.7563321866591026,0.9942670185262384,0.4265609695271372,0.8774786335576384,0.4586239835256358,0.319586229,0.50015397,0.514285714
0.7013999107304884,0.5982305810413873,0.4493083883466315,0.3558088533201624,0.5600748021451523,0.6149066963113934,0.0935207372941945,0.5472560831153261,0.1031624894220692,0.154426178,0.432268476,0.66
0.2397844857307047,0.9558085358707245,0.9471727138899704,0.9257540562771884,0.8967988948318729,0.7602768647697633,0.3084010206102433,0.5203155988369197,0.2893823391743486,0.175439428,0.088486723,0.0
0.9193592909774072,0.3078764451852271,0.0050832343556445,0.3888061040488972,0.7812801931123885,0.6388419016926888,0.0667815541578797,0.1840324090299401,0.4583353236064321,0.065005402,0.354716308,0.0
0.9829916350227632,0.7083275080039203,0.4378241617529697,0.162022451852867,0.5238658712835255,0.4402014827598219,0.6179415695679845,0.2947931696620461,0.2312220471298222,0.278203104,0.558313254,0.457142857
0.7928344966812672,0.4089936459776682,0.6871167194540588,0.3645362897579124,0.1139054048761852,0.854085507339763,0.852432389623906,0.9611233149141952,0.2852512348720413,0.174871106,0.508892656,0.192
0.2951187201427324,0.8352143947986664,0.5677663011932663,0.5748521641846471,0.930839591780118,0.3428846238409181,0.5105125918119563,0.5254062156335333,0.2391368448695502,0.431218629,0.217538602,0.263414634
0.3871723213173832,0.1843643252568908,0.2193128517899494,0.6717610900284126,0.4916586234227882,0.8307734533455048,0.1172956715526245,0.8177578473000267,0.511540257303727,0.099159212,0.686847399,0.0
0.7162799984709636,0.4746880105755585,0.9603848658551316,0.279176810990017,0.7670103704997153,0.514171816816331,0.7413912839999038,0.371046309628593,0.7614665865935135,0.292357835,0.528729418,0.528
0.7206250097959338,0.576833139229776,0.4383708836060499,0.5223983664767803,0.0693392455812139,0.0975714461329391,0.1373094147856729,0.3238148057287614,0.5577276662983869,0.125598244,0.196946453,0.0
0.9539709467742916,0.2600795424981927,0.9059275612853658,0.7372152408004193,0.7168043144132953,0.7832651148136689,0.6907091801396299,0.0628397366375607,0.0619450041481988,0.155913993,0.492114788,0.08
0.0680998427942249,0.8761376738086815,0.578044799533402,0.6998942356982146,0.0602650966654396,0.5439794161366168,0.3209405796649563,0.59643467585165,0.0472726560276937,0.364064574,0.143606043,0.1
0.7132888081398597,0.9246134769713296,0.4894460940483224,0.163876919616466,0.5771009986119195,0.7986778961600978,0.8850947378123892,0.1389916424549148,0.1281544318428359,0.577588778,0.528215452,0.6
0.5254449798844004,0.8878804077398071,0.7321833742520474,0.8864521540377077,0.3810863056857859,0.0481368932811304,0.2230031344739099,0.7599017985762401,0.0509087123765746,0.279491461,0.160918643,0.454054054
0.1921008691898635,0.9737629744727678,0.0633903111535556,0.3140683693477996,0.5089842581852064,0.982730639893564,0.1701667198249337,0.2552281843349528,0.6887353869745088,0.431971154,0.383584451,0.666666667
0.7930808682008894,0.0566258602946008,0.7786120343866277,0.9859696986634386,0.491358905508613,0.6247998416814645,0.1393247385064723,0.23829555041513,0.8549347284884908,0.080693688,0.462004773,0.18
0.5389999787529177,0.723746271822017,0.4058275341670041,0.821290114229928,0.8698844527459588,0.8225263705540601,0.7825872322132096,0.4037893859135653,0.2690994211480236,0.256633491,0.648995407,0.057142857
0.071801006181657,0.0407791242300997,0.6925009553032225,0.4812572070421678,0.8113224154768647,0.0936887967078083,0.3495924283263182,0.8860574571437293,0.0827397775662861,0.060388619,0.033091828,0.757894737
0.1055798099771352,0.5512762226513165,0.5436332209175779,0.1170355893882824,0.0304195518399967,0.7309007239791045,0.955376062796834,0.0222833807522435,0.1551711302614142,0.212366017,0.402413754,0.446280992
0.9335413397458512,0.58130591108481,0.7524622931805037,0.0365452262835374,0.8623404302253772,0.4132944067128542,0.1257097156747612,0.2624682130422653,0.8517637892252258,0.247758378,0.537037223,0.461538462
0.1112914866522902,0.8386650132075946,0.6908315877555561,0.0861828859052873,0.0004782918155842,0.3432315990685235,0.2869471369472886,0.5519714125633418,0.7317151212503405,0.310919985,0.329220741,0.666666667
0.7408097365879989,0.4528711378280478,0.3818749276525479,0.2815270146324249,0.6624265067886138,0.1090490215243141,0.3889103130233821,0.1334483379312148,0.2075324732090977,0.129961159,0.325407267,0.692307692
0.0546135200208595,0.0534583126430069,0.7830204993172488,0.5203739745881537,0.2962341811662766,0.625515709290104,0.8627679374235975,0.5124106646220243,0.2306729182792862,0.098232595,0.269334032,0.266666667
0.8319706681977375,0.3435654965116298,0.2064552394188067,0.3766239719385598,0.1598370523633573,0.1688627216205439,0.2488493510733966,0.5403019729939433,0.8490138146823205,0.139188336,0.30332545,0.631578947
0.8795369122355877,0.3949136267041081,0.628237105537098,0.5205203086506858,0.2807268559739765,0.4315775460835883,0.9844925792652136,0.1349516350178015,0.100487893857212,0.21896958,0.464144286,0.416326531
0.9406183855560084,0.5210722080387694,0.6087571626332252,0.7991571582627434,0.6316342382044776,0.7623902498562537,0.3765600620360866,0.645825966645702,0.9716551596823076,0.202788347,0.548427836,0.36
0.2707662586856543,0.5096478268413457,0.4935287886514927,0.3408013235096661,0.6444712264945278,0.1656072316535844,0.6954717846385671,0.6640770894009159,0.0491842589064283,0.169908615,0.176608128,0.679518072
0.8295935382673651,0.6738299481922212,0.8872504903977582,0.7623512816942908,0.1813722429808419,0.1705999472081393,0.6100976494820982,0.2084558836976729,0.9972936586508632,0.436875456,0.314505371,0.495238095
0.121261322251935,0.4796892373931696,0.7527177279287073,0.5761014953813939,0.1732630914782899,0.0223272719842743,0.2881493791643863,0.8264109125545172,0.2794013134544592,0.106983403,0.051635928,0.206896552
0.893347325657895,0.9062275370244188,0.8882532753662084,0.2901505295505787,0.7201288354809404,0.5795674345630213,0.6608601055445685,0.0102220820610189,0.2695854272285749,0.664105701,0.533818617,0.227027027
0.8845988162540577,0.1933988387162993,0.3040538755847145,0.1087948458449535,0.9131807754194712,0.2299504539377319,0.0968931998505558,0.6568849177999381,0.8978317963682818,0.082504779,0.30992029,0.0
0.0808844689706155,0.9594592750703238,0.0911677026201395,0.5435622023221999,0.5609632943425343,0.9147899715596838,0.2778703244233792,0.1939580596591436,0.8731995160667483,0.247287629,0.507159144,0.646153846
0.7002044590419735,0.2591915593296183,0.4634568036581463,0.2507267010885035,0.0002727538949159,0.9181217926616112,0.2829068210921603,0.2261902416871397,0.6816263885507408,0.118943771,0.491340073,0.66
0.1745514996884338,0.2626852355455918,0.7841655953109627,0.7692239463269477,0.7990825054591012,0.1763597086504278,0.2768519809879916,0.2470825005213573,0.8184938157562235,0.12352265,0.159886992,0.48
0.7000796776917096,0.9108436420003784,0.2451328209040354,0.8036213833729278,0.6884026925322585,0.314979255619621,0.3963308564350192,0.8470990427592643,0.2230179793716,0.337082035,0.402322351,0.44
0.9874034542937924,0.0362052740160001,0.6895018131222309,0.7620717662317162,0.8871083340425555,0.9563008247232626,0.1034767117349041,0.0558897161732608,0.5371670404901003,0.06968746,0.751732613,0.0
0.5969590956986309,0.3900278125497136,0.6435173156996863,0.1116627357438958,0.4322581054793988,0.4091523866793127,0.2073220790761799,0.8776996408310688,0.7201623263414239,0.170417426,0.546445652,0.64
0.9454586447350553,0.1158092733209666,0.1368155832061922,0.7124174367639027,0.5418646004514122,0.6212182685573524,0.9304862538254608,0.495206157809085,0.7765888668988755,0.145271165,0.520886399,0.116129032
0.851481072799871,0.4811529825303143,0.8319293599409472,0.9579715238027944,0.8067291543247542,0.8147988906357913,0.4606197439649394,0.1136497770917652,0.8171253055594984,0.186623452,0.645296826,0.141176471
0.9604124260003234,0.6186398771532305,0.7785756717922812,0.7960034156433179,0.293166098416034,0.3210721554651313,0.121387827181114,0.51697740531078,0.1664898973335961,0.140917266,0.409865938,0.218181818
0.1988885767622428,0.0997937383462361,0.83242003712394,0.7492426348827312,0.769596109653446,0.4559623790036418,0.8737592834155733,0.965893848446859,0.9861307957332132,0.128206917,0.251368526,0.0
0.5029448899387501,0.7942084409701532,0.0342849961239484,0.1922217168264537,0.930211415711077,0.420937775098435,0.8926372812049675,0.9504273477016644,0.7310636063487256,0.516365737,0.407185429,0.227027027
0.6380336102529613,0.0221606075138425,0.3997623413790927,0.1913709378643014,0.9615324900378192,0.8079887691853127,0.6948588090339488,0.3632739495466262,0.7250426648380223,0.115606064,0.526244809,0.096
0.3854089729279698,0.3171062633830243,0.784880787773328,0.7857013309504112,0.0797634142609856,0.7372161868328011,0.6257801746607377,0.7015453462836155,0.8130933285650002,0.190821431,0.483321854,0.097297297
0.2731958971928491,0.8508398287326691,0.0549212186686801,0.7319419457675178,0.6658957521695457,0.5357975313448398,0.9061962821283228,0.2031033933198931,0.895836414170214,0.532445589,0.374902873,0.0
0.4008120235972182,0.6225056925844656,0.0966533758719543,0.201572434244793,0.8707018859254662,0.3497782750057141,0.7370641645700233,0.1153667700569197,0.2166627904208637,0.216414473,0.295252062,0.16119403
0.0542436916088013,0.7888845269531204,0.2101421460160802,0.5010752096474695,0.8854097965804788,0.1797719087730841,0.8682427206493037,0.742322283290327,0.580240312031596,0.394385245,0.127903244,0.4
0.7969858910726861,0.7091496850164946,0.2211916798261767,0.7353162864885756,0.763070394486122,0.400299635016204,0.9646102852800826,0.279576731241178,0.5938177878167632,0.530193043,0.447204682,0.347368421
0.3872507503152018,0.5954901811862119,0.0699225309506773,0.6830518785100724,0.9507111551143544,0.7438509897278955,0.6055724095567595,0.7783818646657531,0.1889262062096127,0.226056073,0.368192544,0.094736842
0.6845919848482027,0.5177987195369157,0.335391813935345,0.0326916287050794,0.4209932829052034,0.7325075638187087,0.397740606566874,0.584182950363173,0.4544883604783966,0.201888527,0.37767693,0.763636364
0.0961223062036188,0.7934463812662685,0.4559994327266169,0.0032715232616354,0.2654276374947939,0.2147416747365197,0.9997337691645632,0.8367013866591076,0.6621696903026479,0.426649645,0.166549705,0.393442623
0.1175139417174935,0.492675868498188,0.6194271436093738,0.7875378335392493,0.2393581518663491,0.594162405636266,0.98000503967277,0.140345843632917,0.5324922546667266,0.248885909,0.257670801,0.038709677
0.958685959624679,0.8822278718388445,0.1686125807439873,0.2739148652737497,0.3279069591378546,0.8653508544612795,0.6652667888053264,0.9967958609475844,0.5175507821905462,0.484465341,0.602886061,0.113207547
0.0474050601904362,0.0810804331567563,0.2876891298501336,0.6713714755344479,0.8127776847386033,0.5717384048651946,0.9399300646577574,0.6055907458962323,0.18408383011438,0.100800893,0.221325013,0.096
0.9787066568572168,0.3776971641400607,0.7648391829466262,0.0900511931180503,0.308291149537153,0.0149264414726724,0.1130789126304676,0.8532523880364595,0.4313112559027309,0.118847913,0.084541918,0.24
0.8999410861850276,0.801968251286691,0.9108847425391072,0.8331617320584083,0.616126803907656,0.086886594396055,0.276534507687368,0.754706934827855,0.5062098477869833,0.282625076,0.263258984,0.342857143
0.2674641088220862,0.7687167557887118,0.6736274413683682,0.9868073086380532,0.7697097056372306,0.1816525844257961,0.7470000341256555,0.6021201216342874,0.5334778353659835,0.439965379,0.203889698,0.203076923
0.3676386223249946,0.1584811675652583,0.9750838922271812,0.0797748865677447,0.6092377188168148,0.8363851311102856,0.2238727049005131,0.6926076475295848,0.2418211494443741,0.078478207,0.3948694,0.336
0.1068583635849073,0.9190313153891831,0.0099634692142536,0.7099960355160472,0.9402924167999848,0.4940722440032405,0.2655118669716928,0.0583564769994597,0.7368090520072724,0.269344319,0.211152715,0.0
0.0418396832786949,0.4551281137423338,0.7263040723148974,0.7290535075187712,0.986625400967028,0.5595083831149121,0.8981963714507866,0.4907384404606503,0.26718625406183,0.237959966,0.256123524,0.571428571
0.8210410625972373,0.2972985474455714,0.7500822752141557,0.3648731523195622,0.7347980533777084,0.0454334493893106,0.1069761137494298,0.8798180647816759,0.4282903074441715,0.112641977,0.127601257,0.15
0.7952182329598049,0.0988468429186093,0.7901837599172531,0.8827487941651124,0.5835761901879081,0.772280305291768,0.6967839201864948,0.9667270558294432,0.4552291229539509,0.110813288,0.564180311,0.144
0.9388744054189118,0.7962289874108781,0.0009175581889967,0.0694813109559479,0.5212005862627167,0.448407248626588,0.8657671392673599,0.1057876694357209,0.2373204209888609,0.338701472,0.544714476,0.428571429
0.8383839704176954,0.671400938370786,0.0008651260372625,0.6923323355128023,0.2444878730470988,0.2587308993567332,0.2546670265982754,0.4576113183761718,0.5772676655545139,0.21936408,0.447409463,0.1
0.9652251187485686,0.974846739965062,0.6668075027421777,0.4722892542742207,0.2545227862446987,0.2844141379233179,0.0665246438626585,0.0699302879640985,0.7133690542548757,0.56616912,0.578042325,0.675
0.0255570141919284,0.0116111800255515,0.9672470402764712,0.5728442475400409,0.7895654371014847,0.000580326183499,0.6238639968409146,0.0607896577434837,0.3185742187301348,0.091046252,0.010014079,0.085714286
0.3135803470638569,0.5106760610628589,0.3041404179464583,0.4986640069501287,0.5542523781011206,0.0990238938667921,0.6646899094593248,0.2125557281857095,0.8952420205011649,0.199641074,0.079441634,0.0
0.3896438566755722,0.4285218580128715,0.3092858974957646,0.2992903816717068,0.7508027997385922,0.6888659413357784,0.956592615666328,0.6165475003542109,0.3758553595778723,0.235673502,0.331031974,0.211764706
0.6674075715095649,0.1139547447075636,0.8722924793879744,0.2618648304509819,0.693147827204138,0.3918624905328385,0.7546724686458421,0.4673363202073417,0.0736946928492114,0.102944172,0.482742048,0.579310345
0.2456105888547838,0.6782098804125649,0.6800289329312434,0.2187677489838208,0.6462979498325259,0.8507240128236073,0.2380968702196911,0.7013253140732567,0.4633831864975568,0.273197236,0.689725712,0.133333333
0.2861112058727811,0.8878556356125333,0.8549311517881892,0.8134952168511297,0.3571425007706094,0.961801814419176,0.5445443642830433,0.0358654699081034,0.5506058448309533,0.594818277,0.478614879,0.434482759
0.6196817634744105,0.9549166635642944,0.5649625145879336,0.2433284772724933,0.4328384726510272,0.6617773926569358,0.357597229803853,0.7247208379630923,0.275284879327711,0.160785025,0.36857908,0.0
0.1123346462856981,0.2400690121578504,0.9812813986638592,0.570853429765329,0.8599651934887501,0.0839680254317329,0.922411866882925,0.1205986557784721,0.4457126623269335,0.195991517,0.054268467,0.285714286
0.5703362978854694,0.5530621798599162,0.6793015538902171,0.2202188210093951,0.262064710355212,0.7026205980349448,0.0215528656821103,0.3942326939482812,0.5887696296011915,0.203448794,0.336424102,0.257142857
0.796263869197483,0.7070670310795119,0.7181732716197915,0.1818046118509114,0.217797049563762,0.6053674542464261,0.9583728083553016,0.2572956182593714,0.1487773896115501,0.35953235,0.544002564,0.0
0.1423751196337155,0.3978897006231985,0.8301884050293811,0.370041781273416,0.2187727815091119,0.1640745211032446,0.1845161567052013,0.0538956007403583,0.6927897823526775,0.141259878,0.159127123,0.67826087
0.5154506869813291,0.7923947443627175,0.3522844952201966,0.8538175029188444,0.2093589643119067,0.2157034341771044,0.1309755363037841,0.6309414788341385,0.1966270093998602,0.257897251,0.312019569,0.0
0.4655206675205752,0.8175766369999913,0.941770821632666,0.896224355340091,0.051614678292822,0.7187915080102918,0.6065586988805857,0.1981000716017809,0.9798364929050788,0.487528822,0.458395058,0.092307692
0.0229043166362933,0.6866605123405024,0.5336102875719858,0.0477550393942134,0.3451494954551345,0.2195484923319851,0.2926914746504285,0.1237005519914837,0.2245654287185219,0.262878028,0.078801608,0.12
0.024408813583411,0.9379457625230178,0.7236308885722708,0.4253987048574358,0.934095930335888,0.8139442940407993,0.097431047298264,0.7472354826111686,0.6221404193776664,0.368608376,0.322349428,0.3
0.6473414535230118,0.199135661910935,0.0946086468128544,0.3533829140179106,0.9397969661332468,0.3993176336472381,0.4113910215554743,0.9296916826378978,0.1910119811630868,0.079845449,0.471838526,0.116129032
0.9528899788156492,0.0357482581340804,0.5255489964850173,0.4728617942279389,0.223364091565502,0.8604331886302335,0.6683198610320152,0.2547623452029958,0.1640775557292904,0.076115344,0.542628463,0.492631579
0.4550828831599245,0.1031206687201576,0.2544470096041271,0.2709120634591256,0.639130053910433,0.2646186918272569,0.5517802359524727,0.0657060612984767,0.4745486969604169,0.116318191,0.299488616,0.228571429
0.6305626760460383,0.540176823227232,0.4810973694952003,0.9353424282678708,0.7170312095298114,0.2893230578498754,0.4633612304621757,0.5223763728763343,0.0429270833648336,0.173927585,0.32632427,0.642857143
0.9799069819861312,0.8285406467051002,0.8950292169028982,0.1044398237907174,0.6193701361508498,0.3965201797234062,0.352294598228375,0.4876276227373762,0.7106261123048996,0.237338711,0.434621128,0.171428571
0.0659484725922809,0.5516155721891549,0.5626456130790254,0.4091957755333965,0.5272507796361711,0.7093906936164844,0.3908686233982898,0.9077980958929224,0.0244012163282589,0.176158211,0.160181629,0.0
0.8853516841798921,0.9347443827449636,0.5341459236932944,0.5882007991880825,0.0191227076836953,0.1303876847005283,0.0505671786219195,0.5115361027158755,0.24216451092155,0.397104425,0.236691687,0.266666667
0.240705706950709,0.0408086096899948,0.189848336248639,0.7770678074213969,0.0962387358578573,0.0900007939992065,0.8558480416172545,0.971225669289981,0.253508478387322,0.09929937,0.070144034,0.046153846
0.9290708764786612,0.8480831600658675,0.924980057436004,0.7823788082643921,0.7727357380403896,0.451535010609954,0.6160689112447074,0.3021410143878947,0.4275424192981455,0.670019029,0.433063829,0.52
0.6595759679776938,0.7357001550464825,0.0607259944844289,0.3023615869198305,0.8176750523931227,0.4603901249615795,0.3440953435915425,0.1768238950144097,0.09247623341372,0.183336466,0.299391802,0.3
0.1352969151533911,0.6117322792625449,0.4589517444512706,0.7802777859655857,0.9856897153595724,0.7323640768182075,0.0694339766427765,0.0782995908163194,0.7930784119292775,0.207246679,0.28639254,0.0
0.8495441576263003,0.3250646208253197,0.5603165523559538,0.9863349394692172,0.8322074904302497,0.2548520271476662,0.102574161863824,0.977591457740328,0.6563346325469268,0.109749443,0.315315195,0.24
0.382446829179508,0.0489346304284115,0.1172364784147159,0.1358598677859693,0.9472911930639242,0.1065872544288497,0.5074288851814414,0.1250881310306005,0.2949311884501585,0.1008728,0.244949189,0.406451613
0.2066098348949754,0.157736725339313,0.1282661444730378,0.1372787129400153,0.9543230994586775,0.1988054715844979,0.7256359351669217,0.5068517124439906,0.2864413497441086,0.108336721,0.228353629,0.617142857
0.7935048759680932,0.9060858352511056,0.1146361811856535,0.9487589258354934,0.1669302897989915,0.9733000557464396,0.5618360020448309,0.984440952495094,0.5282251571642759,0.616802415,0.531832917,0.128571429
0.1602301460614951,0.0056306163100939,0.8414431590259188,0.7809451428622267,0.2866217002687664,0.6257304844190218,0.05511322446173,0.1097804902624314,0.7062161677662085,0.056737142,0.298265075,0.2
0.340333673872337,0.1077521989968526,0.830458273726318,0.659063699409055,0.1312096856007363,0.5111714345144013,0.7554003033466729,0.2298663905665569,0.0343012710736344,0.07941933,0.347073231,0.023529412
0.2453671780265127,0.0756906800300553,0.6158622112159101,0.994186365167294,0.3824108066884293,0.8738884699827549,0.0949765587329359,0.4007820286843747,0.6389876166843876,0.089189505,0.495515093,0.8
0.7362908814134824,0.8677669909715591,0.8657346753709004,0.1740446651020077,0.8306557064604624,0.3357353993616955,0.5491799011412744,0.7383882806832952,0.9868172665652004,0.723287924,0.455953132,0.694736842
0.4409717318052978,0.9155826573940108,0.9971219165100692,0.0966805999853758,0.5711845689921289,0.6394725842517962,0.6307746207762036,0.0105574126110292,0.8537042981214128,0.631666319,0.560273775,0.316666667
0.7304411828009634,0.0772988024770768,0.820711320093764,0.902564183027176,0.32187521215915,0.3956057047552903,0.4342558838249203,0.3931846344268512,0.572459743695488,0.083618129,0.261477328,0.0
0.1652837140309995,0.34674884002158,0.5561294320371182,0.4168907076115261,0.1004150910728604,0.2715194779327051,0.5082933724336398,0.5975556538612086,0.528336871827412,0.19485126,0.206207208,0.447457627
0.6847118721876402,0.4783245539870047,0.6487715307103386,0.4020241292245059,0.6587215266946095,0.9489178440878256,0.7932643566100032,0.8926468347222697,0.9082417238498216,0.287047607,0.579436007,0.105882353
0.1333706967212897,0.4125535560213496,0.8700930281577078,0.9892103444990832,0.4752504997267495,0.0046264234799413,0.3920471752316066,0.5871149017721805,0.1534572647113209,0.136110884,0.022822654,0.0
0.1706477080609841,0.9098643479947816,0.5205129722435234,0.1612796931929625,0.0887320168135843,0.018991838965473,0.5913252641925105,0.5331631003074732,0.784173358124327,0.610991601,0.036650136,0.146341463
0.7306818867734487,0.2847800028941656,0.8772466005454207,0.0166389111821047,0.5489582462982818,0.716019948883772,0.1417222707405141,0.2002741899737432,0.2761482281747133,0.109090865,0.449622887,0.423529412
0.2047504014485143,0.9126885667803954,0.058510736956316,0.9205492217395804,0.4413836073504932,0.6315785440399972,0.1056612748927016,0.2984533526186896,0.3998404727978107,0.37353207,0.329831185,0.289655172
0.2651779213478563,0.0184486423823534,0.1935383828397539,0.7318888187220054,0.965904596595734,0.9448612195507752,0.9893940050773667,0.8881735030829259,0.4375163796986439,0.070543632,0.441239643,0.025
0.7001329142647776,0.1839117468480186,0.6866057095061202,0.0538015821338649,0.5358538268630263,0.5336293667041644,0.5551374220898483,0.673791698037495,0.4631517633444043,0.135548486,0.420278234,0.31875
0.826938781208086,0.1990974152051214,0.6945938718133543,0.7161619312149374,0.9576361064805152,0.6724431333795275,0.7446420655640366,0.2266610818031774,0.4588290211909193,0.141880482,0.446597117,0.285714286
0.4863902283031946,0.3788252359821782,0.4296658822836795,0.4301567681029491,0.6620318785327992,0.0772942494362098,0.6363705272244186,0.9610757982603798,0.714689423253933,0.189402517,0.197809833,0.377142857
0.476067590001329,0.2957779058275391,0.4355523924119561,0.2271772130116029,0.531039821566126,0.6762418224586526,0.7053817520379304,0.8156190947974744,0.279174687076359,0.144139835,0.311374073,0.033333333
0.8402547059148361,0.8053860102109073,0.1478486638781354,0.7043023123411533,0.510081897552164,0.8400781149958911,0.3968089767159386,0.4558220129075612,0.1027221111805903,0.246245262,0.550674523,0.0
0.71734591143697,0.2425466041639123,0.4954565063258741,0.9735001873276145,0.651305863817381,0.6779993635335313,0.1029300843136713,0.2607387711284326,0.4356732111777053,0.084395528,0.540668393,0.48
0.483019777536276,0.5548743895442048,0.5471156846625089,0.9919798256383718,0.3221011920736875,0.7317389270209047,0.6022022116479921,0.4182013418175557,0.5958226972547666,0.263084365,0.367116505,0.0
0.9167184212097156,0.4079106225018265,0.3883733136568578,0.7919829172424404,0.9944010040465197,0.6471758967211391,0.0381330136988541,0.5949443905193005,0.0560220993476928,0.113441166,0.686691645,0.45
0.5296961927913898,0.5450441955637527,0.8921546373172321,0.9930822802453778,0.6507983381950925,0.182600899747329,0.1209075947940049,0.1047850011320927,0.0025622782767198,0.164003774,0.185774452,0.436363636
0.793105980692204,0.4825697009836508,0.1711044033609314,0.4589603509802437,0.0523206959152459,0.0129840282689254,0.5214440758572552,0.7153340710630725,0.18765814855009,0.195507483,0.070250129,0.087804878
0.9120633312835604,0.8188627814782949,0.9068074978293572,0.2426782579582337,0.576972217882695,0.8994487573211564,0.5642944625867206,0.1982160872307051,0.0438139391688042,0.471408507,0.46782558,0.818181818
0.2402298947465322,0.4830879496399273,0.5903046031300381,0.0401574704793369,0.1917234570327076,0.597145544293659,0.8728806107386132,0.0945404103943766,0.1911731724837879,0.205788965,0.355665466,0.025531915
0.9194451438645364,0.8074899382031306,0.5937634865443798,0.2865882610017063,0.1545113344887961,0.4749712362853435,0.8699537410751405,0.816040637191777,0.6894298519364123,0.435041855,0.657515137,0.447761194
0.2607216744869602,0.2697215400518569,0.5958170827974517,0.5606370274934709,0.0830588860668081,0.2106210287076887,0.2074102160435255,0.1282610603104668,0.1995773310254438,0.104826147,0.250375751,0.6
0.5524061377477769,0.6526999487519625,0.3170256109856267,0.288030481802631,0.528207413297869,0.3456431489796174,0.8789483059479962,0.6885821708884364,0.692822966543048,0.257486271,0.333998464,0.096774194
0.1923412944748219,0.3131146994448632,0.2649514946559123,0.199924013043818,0.8382101128344803,0.1212815742494165,0.7815097138299052,0.6385066026734294,0.482796853962502,0.141236228,0.182845753,0.44
0.7252152288021266,0.5497703852907634,0.0465718663653228,0.5287099182845472,0.8282786512581193,0.9341725723025802,0.300938264299507,0.4263499743004556,0.9554538020234602,0.10131909,0.546749488,0.0
0.1213208240406248,0.6477273369844476,0.1844390019553716,0.5689816409698789,0.6112100883858599,0.8358329683932911,0.9935398625285284,0.4971484595461455,0.0909644924612391,0.279738892,0.437432174,0.572727273
0.2066161871162419,0.4349836043199989,0.1223471769674894,0.9625774811792368,0.2853932395523966,0.2710127490585552,0.8775707042745935,0.7086357843664631,0.0152145108101444,0.206218476,0.216037252,0.753488372
0.0490179462959653,0.2818300425431289,0.0872029240833565,0.134218159897385,0.7533047286661448,0.1700000341917267,0.7066939610031316,0.9060691073961762,0.5166386876987932,0.180635695,0.150935315,0.674157303
0.931618220272994,0.0273643793864207,0.4194047875374127,0.6541050681419049,0.3417024671344605,0.6902082623648049,0.1650059794890965,0.8962171227422682,0.7682466697167217,0.048808418,0.436936908,0.0
0.2552108916029316,0.1209563691003773,0.8004282165722136,0.2698860342086854,0.8181013236323645,0.6027430201581763,0.719127493813174,0.2805951180516525,0.5584782109350928,0.098860064,0.303838629,0.562162162
0.7340327486560014,0.7427266936646993,0.3416406950748194,0.9540394468767572,0.1838126241727662,0.0996781387357136,0.0886641364503907,0.7051131312509863,0.339316455756137,0.308050822,0.281174841,0.08
0.060667417619401,0.144269381393906,0.1646619884035629,0.484016173944042,0.1989610513662693,0.416099908678219,0.4772377014328822,0.0881949487448165,0.7591406945087705,0.065289329,0.100261758,0.0
0.1503491142632402,0.974038377281097,0.4484863050055309,0.6538285518984917,0.7764153505315243,0.0420277907943298,0.7309630941866917,0.4143959243918484,0.5957346097609844,0.513400756,0.045134976,0.113513514
0.2177834048994017,0.9557585125593202,0.4930251934281117,0.5617069239190653,0.5379798064511732,0.9115624247143664,0.0232630535314993,0.9483830733512264,0.5178110507892297,0.501582576,0.4131135,0.36
0.1530202471427693,0.7254859330687303,0.4650926733006438,0.5047701751232242,0.7574998902112184,0.3496727159857875,0.2651580805409721,0.663129940201431,0.8422158351118264,0.21907974,0.292435979,0.675
0.9214281230846532,0.5656955204777551,0.9792262564833166,0.7615811813617672,0.2560702490354127,0.2548570889426249,0.5026265910610035,0.6209277642823101,0.5188355625814272,0.268723053,0.45088631,0.61978022
0.5217528793958933,0.8488850061669613,0.1061078673001731,0.9820112559635348,0.9937271241774328,0.8826201818840831,0.4064896021704538,0.9273262804168462,0.211502947828528,0.300728205,0.429661063,0.0
0.2957234809699398,0.3103245384420133,0.3882312681641565,0.6777848091580214,0.0130585002846835,0.3356620633389531,0.6584693909120339,0.836297398676935,0.6489094523124512,0.133808813,0.412980695,0.0
0.8720545162705677,0.1302721442557858,0.6016609030917114,0.2926568824521235,0.8359042203460552,0.2910795831964476,0.1092715429238795,0.0458814515326806,0.8662130984637856,0.085793538,0.58473612,0.0
0.9629842173005037,0.8606481738227314,0.4864517116747272,0.7520608360746037,0.5849417907511917,0.1628654050046907,0.1494065217691598,0.2490648502123613,0.6350240028149897,0.28903247,0.188920823,0.0
0.5222284444531543,0.8120231163269734,0.5338950709376649,0.9832838183624442,0.5384488892772056,0.2267301252872032,0.7412552464212252,0.6164488446778188,0.867896608019837,0.511496067,0.422525702,0.406779661
0.7397042215574693,0.1814409335449445,0.3339786937545711,0.9035079766215705,0.7160870212819637,0.6530134320126232,0.4278667055214055,0.6106855141925354,0.6444356813208288,0.061171636,0.621273154,0.0
0.1791769597126928,0.085707274886923,0.7261889908974757,0.2596845965138608,0.7062339547047988,0.7511881083531744,0.7738936384678116,0.8127390963095446,0.5793686271228404,0.14271359,0.449717748,0.579310345
0.7146439033369715,0.5166669326036716,0.6658446883762403,0.1774562260377636,0.8849081060535577,0.1494344339239213,0.8113345023926044,0.7430547675611177,0.6432406961452594,0.348376687,0.21484417,0.205714286
0.975665506845401,0.4885014635870889,0.8793751760026118,0.0246494358239406,0.0997293655668779,0.869330054186922,0.7327565958079343,0.7031249267766202,0.6177686410423765,0.25538738,0.573016314,0.327272727
0.7026806688803781,0.3917479589197606,0.0581284793019416,0.4227791493154772,0.9287677245738788,0.4846406470942684,0.8192830139132563,0.003313698316156,0.377782292341688,0.132944333,0.545359178,0.092307692
0.9042527105933944,0.4876835779248019,0.3117784145017608,0.0836037056453122,0.5526516432333962,0.2794406119653267,0.1397779328321489,0.8061577091087178,0.6779582711025811,0.159840136,0.529972994,0.36
0.3808837153551471,0.2947165662350886,0.4313487879933425,0.1315545762325025,0.9960446925871131,0.1077869779880458,0.5468786312249259,0.4332828244826185,0.4291653225694375,0.159327189,0.14791664,0.12
0.5951463444656413,0.5093921506851364,0.3851963334693933,0.4907502973546717,0.3626853064805124,0.9456769223366706,0.4189285300348533,0.6242069871033796,0.8044706540147093,0.150246883,0.475494218,0.36
0.3469383192555294,0.9910143833734364,0.5259610429707655,0.5977966223013135,0.0896939049589465,0.8643511253520277,0.7393365546253998,0.3447102372247348,0.4635233618371329,0.714223793,0.592764419,0.192
0.5845477193474945,0.0631517325052136,0.9076184980015568,0.8392577229121262,0.674707031072585,0.4441478231032333,0.2912471522067199,0.171407317935939,0.4626966623329942,0.084589832,0.519352279,0.56
0.2475891242930694,0.6990304896951457,0.6860801969806277,0.1875094259376835,0.3108130620920962,0.1377601990464622,0.8208374011172005,0.1111455314577495,0.6290008722675827,0.414263957,0.123828193,0.208695652
0.2802941930427685,0.0847449266556836,0.7604889309149203,0.4986003592751086,0.5202104245333523,0.1364238414685082,0.45614860948857,0.8599232126029226,0.7364923240931249,0.095450514,0.227582203,0.428571429
0.0853661689353169,0.6519161615677243,0.1789004062689972,0.6684110576295264,0.9228681372812416,0.9811991308634946,0.7040478822273033,0.6214357737911089,0.5869267944369144,0.331126285,0.353422759,0.0
0.4107599831200642,0.6777380310617476,0.8164001687173043,0.0147439251096436,0.9205580309521,0.4837772135540065,0.886233445984414,0.7987776392218262,0.31281513935051,0.344906651,0.401590805,0.575206612
0.5095043936054015,0.1863915294008377,0.1053118353455258,0.9444776129370704,0.3344562464344824,0.0978602324252326,0.603564884590473,0.095589000478181,0.5557009377739944,0.138435626,0.104771254,0.0
0.4780264525131119,0.4119481100024519,0.959135799383814,0.7133901341462239,0.8273775520932861,0.6313083709650563,0.2293099130461915,0.8773189736063467,0.4903781863902406,0.106927053,0.449363065,0.36
0.2908737560764474,0.7320471637583719,0.2923691824797561,0.0119488288348886,0.622228206433932,0.9140543781087218,0.3445793166462575,0.7603587974765019,0.8732391639726491,0.170278269,0.636679541,0.685714286
0.4616107614455675,0.2549039555446689,0.6774173820803912,0.7922012338349274,0.6894704037598016,0.9628361434441788,0.8739893151819771,0.7137360459193425,0.3454428455345014,0.128542745,0.535572944,0.517647059
0.1719055831596784,0.6280393674176967,0.9811414366061088,0.0404818464177101,0.6605504609762505,0.2187837678566093,0.1946240152774175,0.416461659608238,0.0737564508278447,0.187722577,0.150741247,0.369230769
0.5528935150547283,0.4370547010608733,0.5043680236419679,0.257603632998341,0.3638400431294437,0.3867576351260884,0.1367483389561592,0.8812111715674159,0.0660706238704679,0.160240845,0.364562799,0.635294118
0.5662542447867157,0.0995584670305943,0.1868497363971599,0.7391462311314297,0.6561555053673566,0.0492712857713304,0.7780351505244297,0.591170538160837,0.3747266778910471,0.116892337,0.166781041,0.652173913
0.0275170902143303,0.928048728242422,0.1764376469295788,0.6522346466048224,0.0981575041288216,0.7933224089591566,0.2710478791940123,0.6365237290348728,0.2838151884875222,0.312567772,0.307943854,0.0
0.5978218073443078,0.3580780765765443,0.1765646188341809,0.4024934935325861,0.4196646466975696,0.7799118928952516,0.9522926520175996,0.8770676644683549,0.01047425250324,0.202944677,0.460433835,0.133333333
0.4815360932793586,0.4437213730480523,0.293536032477466,0.3030220321976674,0.3083135067182838,0.0163412716598491,0.1916635902527801,0.8721542947225456,0.0671444352234992,0.143068424,0.056133125,0.0
0.4084250850246324,0.2415758699836879,0.3134378032366066,0.6439301066912131,0.6782977024422839,0.0281988252616917,0.8039505110732466,0.5577662775761707,0.7040224391573198,0.1057569,0.036968043,0.0
0.0614855728539042,0.3377863289268968,0.0853645133694674,0.2260589298430768,0.1113318701768474,0.4598213917710377,0.4319021086931235,0.0240944771420565,0.9840829968657524,0.14512882,0.269578572,0.15483871
0.586415618080816,0.1968001873274965,0.1162370144945292,0.6932128296541858,0.4026459804179518,0.1408116900057081,0.2080534018196991,0.7497629483371269,0.1449777847398999,0.092348184,0.372461869,0.857142857
0.3255897407906225,0.9576087630779144,0.8789789548900938,0.8092803885825095,0.9912613839752384,0.2256058785937847,0.1271399692751836,0.0925714008235981,0.2817598768312161,0.381378553,0.228119261,0.2
0.7844306941992322,0.4959832065563097,0.0550095179684969,0.8049069961792057,0.7959927291484825,0.0243299668635685,0.0852371172222015,0.6184117860418579,0.5652638856628053,0.157423841,0.124315636,0.257142857
0.1353828375750855,0.2477340874593718,0.9108373540160104,0.1059186233676126,0.0087750048696604,0.6162671872149775,0.1675369768076615,0.6048556154072369,0.549815715733652,0.100114014,0.318404466,0.156521739
0.1389183797950605,0.951956891421139,0.9541909851068724,0.6323185038592378,0.5735342884131409,0.8343756011870043,0.089134383499901,0.9651657025388982,0.5637110086553465,0.569467793,0.373774322,0.24
0.183522180454062,0.6704065023944258,0.1360583852101857,0.2772871590589909,0.8712957025186665,0.2491636655436631,0.8172092094549345,0.5762039510681992,0.5432809845845263,0.402819907,0.26204969,0.626865672
0.2761581140692219,0.9873370024767812,0.5601827435991249,0.4011809024109283,0.0532899161217454,0.6921326285021722,0.8433357598210425,0.3215440689558108,0.2779766969880884,0.736833716,0.365039842,0.3
0.7866644365851903,0.895037819373779,0.5706896667369864,0.5457198262248307,0.794950951438677,0.0342189846607842,0.0676732062384244,0.3050839783426906,0.9478926382019424,0.404346473,0.134855265,0.755555556
0.8737764549063846,0.1523682164713909,0.4485471853469209,0.3535665308564766,0.2883413519219436,0.4808839062714357,0.004796653831534,0.938698466142442,0.8166798768798224,0.05877395,0.454438401,0.133333333
0.3547144353377451,0.060392440652809,0.2470960627080426,0.3463790217616913,0.6732374303693621,0.7054468002528319,0.3004886753863283,0.5573003779448289,0.9102914523564816,0.049369198,0.271774878,0.3
0.0563630673369058,0.4367113090693887,0.7693915059834684,0.1204899893764587,0.7015150689777535,0.2141684937642874,0.637438678881768,0.698911844855155,0.3435013352604538,0.180094528,0.120118832,0.4125
0.81662905879836,0.8780442840013033,0.908805559346114,0.7792881444502091,0.5212172684763593,0.9927019461968908,0.086602772092562,0.5094114542803783,0.9542442104613932,0.437916633,0.685179824,0.0
0.2295848230471943,0.5287313053665155,0.9319908428483784,0.94842310704529,0.9997861482752364,0.0993498319941702,0.970124433166256,0.2701331673794271,0.8639555522501984,0.316906822,0.110233799,0.339130435
0.0862810315636093,0.9905425347885805,0.8579954886790311,0.3911455091793082,0.2306119978247914,0.6347513116656178,0.3081463238739674,0.1864526502565161,0.85425655605846,0.480976182,0.221665093,0.525
0.4527797491070997,0.9908192365915002,0.2845201812127512,0.5990290749236201,0.3802203944149399,0.1518136842344439,0.6328310164330821,0.1861574373844701,0.8457180009894628,0.726983568,0.305403614,0.607792208
0.8055667870893165,0.6203561602596843,0.9169991991129346,0.9629913585338268,0.6425633515575454,0.5716013623566107,0.5947220645120496,0.1164215170510541,0.908935892762384,0.442027389,0.274852905,0.0
0.9439795969989864,0.1904744012828089,0.7467412942055642,0.8345193370631894,0.1926980281978909,0.6369270431041643,0.799295478613501,0.9935251927867098,0.4232807029647206,0.151439646,0.46102024,0.0
0.12185735851524,0.9782088810847273,0.3641743076987955,0.0681286733785445,0.682397788765017,0.7221475750500074,0.3865809768734287,0.0502838197116862,0.6768464726228487,0.331131535,0.384963544,0.24
0.7856031017966175,0.5604025088572893,0.1584173783865984,0.0848674079242932,0.2967910057320541,0.0512027755221494,0.3159931612828408,0.7717444190733983,0.7278936000538573,0.176100022,0.18570107,0.518181818
0.2370022593816099,0.803479629848834,0.6035824246434852,0.583418712158514,0.172983419461487,0.909735345558138,0.0633217389383689,0.0134000896935404,0.4819283512454752,0.175759152,0.640627002,0.0
0.2190870939325465,0.3656057705427203,0.7685134399526813,0.1210799683224036,0.1953495445817606,0.3404956012602496,0.3678340151956477,0.5140759505768224,0.9960059752476356,0.133135488,0.404798561,0.533333333
0.0598576476401798,0.7368617615853192,0.7033460175652549,0.2697554523370099,0.6801135043521724,0.975896719626514,0.712500452070249,0.1973152605334012,0.3749776520606244,0.445703297,0.394569083,0.576
0.8489899477704406,0.0101442425736412,0.7182718941799398,0.325002245577244,0.1147733894731729,0.5423287900730633,0.3140975494831444,0.9525939120598672,0.292580701632575,0.044447541,0.384515169,0.6
0.2005413584511813,0.0428262935266728,0.796540504652,0.6939669846070967,0.0213353172829398,0.0759623884061835,0.3643891038662951,0.0279809096854126,0.6193934390005039,0.059012497,0.128155635,0.24
0.4395950311479402,0.8136001688134379,0.8552619358586008,0.4812302840943756,0.2531831664448947,0.6204616470357576,0.456978106350463,0.2053762367955192,0.3913771776764948,0.271416206,0.479057478,0.635294118
0.5838978635347042,0.62149748821437,0.2009259074445337,0.3155820525379803,0.0591561217148904,0.4172869338692146,0.0514487955901353,0.0659282652540987,0.2958318132689786,0.194159223,0.426728284,0.514285714
0.252751042054083,0.7322356639651598,0.8094952855547795,0.9071769280757004,0.1740984383627126,0.878839394804416,0.9791151899062102,0.6228761775889613,0.4000011957811763,0.382629969,0.432315861,0.413793103
0.3760038120037229,0.1945543578588393,0.7540834258136051,0.5872022407869458,0.2112510494990108,0.0755948465692348,0.0615849349250086,0.7606357528077435,0.250090773168057,0.070901288,0.127076054,0.24
0.8825933838005696,0.2171074676907537,0.3431057912449033,0.4315690608434035,0.965299763465322,0.781808030601264,0.6263939210253074,0.4767777615404023,0.9271561587511952,0.13933353,0.576232108,0.090566038
0.0869133471005536,0.8251685489558299,0.1783315617519723,0.4366458316322636,0.6579765575695871,0.6194677915649495,0.1975617458282761,0.157658941646374,0.284037163188078,0.247858399,0.292204329,0.2
0.4920844327255622,0.2541334095331677,0.6593564396659825,0.3433791167577796,0.6610882404679753,0.3655589492951376,0.4506025976380352,0.6799935133748516,0.2007120159832348,0.080649877,0.494409619,0.257142857
0.0926461427422081,0.4187386146630965,0.3392939644206777,0.0952507894341613,0.6950995982946283,0.8702468502991046,0.3861683206227269,0.9577064551531956,0.391385823938188,0.117345791,0.254465754,0.0
0.3430745495389685,0.7530229815531604,0.2544607220771433,0.4238664707071788,0.4703786352106032,0.8410872856947971,0.9029072817564776,0.3024700581551413,0.6469578948505101,0.519247293,0.421847048,0.416326531
0.2162994033619736,0.7055871566605614,0.7496566518088308,0.5198871748640927,0.0910093154272112,0.0761763145982865,0.6507352294634023,0.5527868102514977,0.843307044073825,0.467473458,0.146816621,0.516923077
0.9488971575089544,0.7165547117940991,0.7633429179314394,0.7054660281541242,0.1019799367863338,0.5752399689279379,0.2798214697909489,0.6719197493350136,0.0776374650107719,0.319340586,0.510655385,0.6
0.5904851226173758,0.8575976866444025,0.1486156455810431,0.5860216576754228,0.7037381497520092,0.5986194493502879,0.0498290014401944,0.5010810759961397,0.906537564343159,0.310649459,0.485506243,0.276923077
0.5267476501207804,0.1872701993326033,0.6105594311634716,0.2192952217062597,0.3189550996831934,0.5677269978954003,0.9281774440067349,0.1857238931670024,0.4072045150216317,0.127263708,0.466913372,0.075
0.023285105161341,0.8499421780704398,0.5890516448989245,0.3978059821984983,0.7597432110382983,0.2778861174814178,0.5723965885528024,0.9432604232805414,0.3779934258362671,0.651295087,0.137045975,0.506666667
0.4385477296338623,0.5484220204878408,0.9496703887446784,0.397558315948923,0.537326528762403,0.3432364671514273,0.7836179807869031,0.8113029836088528,0.487248158896205,0.281219401,0.337662347,0.275
0.01356168320933,0.3449688688909075,0.4861367640102133,0.7270979731577354,0.0903139576285463,0.1719857244412713,0.8662733748391908,0.2346183751680918,0.6903334376833654,0.15204634,0.126183733,0.508695652
0.9370162550006544,0.772529816050996,0.7570529054987605,0.7958079177776394,0.9088855330191806,0.597991787415167,0.5886763778436398,0.160290873492098,0.4251842437037072,0.438573253,0.415544406,0.0
0.9966736756483208,0.5364354718108835,0.2704552022102648,0.2627176312228433,0.3161247573556791,0.8957298950013055,0.6694366833646871,0.45827333964699,0.766022648878836,0.353369585,0.562404719,0.495652174
0.6956635007013005,0.2388218223641703,0.1363210835419913,0.1744485376977356,0.739081739447608,0.515805140077945,0.407113608948108,0.7074966667691089,0.3715258035247223,0.073927551,0.655248836,0.0
0.8607088216873434,0.3076742732125056,0.243800812489172,0.3682535787635965,0.8773348168731677,0.6140209629272845,0.4722847342350836,0.9719041591160444,0.367790278661029,0.06652122,0.614980312,0.72
0.7522045935675652,0.8793004903637132,0.3738290634001386,0.8872450113306828,0.2465733052092128,0.6268466807659129,0.521532769966283,0.190803465600102,0.9762650146207208,0.709525184,0.440412153,0.205714286
0.3425218996621022,0.7356558272856979,0.1724085648266519,0.7836637599075824,0.8608196764172946,0.07408760747536,0.0514673884176104,0.1792868433596411,0.0745644283077533,0.206098976,0.186394963,0.461538462
0.7215670751180663,0.9457691926255676,0.4802211078822136,0.1418202973415232,0.9156081255642572,0.9861925089911544,0.0951524720513504,0.8503885257525512,0.2964740430821652,0.258693399,0.18553401,0.0
0.4387839278534805,0.3645915326824173,0.3929782864079365,0.4673913030859462,0.7474078346233073,0.4601908037081361,0.9498868773829294,0.3338571781565749,0.1338235034409993,0.174891443,0.330136,0.052173913
0.2694137859877138,0.93453577153808,0.2153999383146182,0.5087009690153014,0.7123510130979468,0.0999638983453274,0.7925940579709224,0.092641411844106,0.91252061559493,0.711335746,0.145544451,0.438461538
0.2514850203215683,0.6074775040663407,0.1733762753735082,0.6053996947161379,0.2393362010327095,0.9579262519797426,0.8552900133871378,0.0133674498134204,0.0788663131423242,0.249298299,0.478344673,0.436363636
0.3665260854137743,0.312391510773418,0.4961902738097596,0.6663710216677394,0.328574360425065,0.361562553553382,0.6473850354565476,0.5789756775433812,0.0919120066181484,0.162310627,0.231008506,0.204878049
0.135268376836689,0.2299323812307572,0.2817907655585329,0.2374719992113764,0.9887370076287808,0.6305579015635432,0.0661466290626182,0.0901938666154384,0.2622246920206874,0.067889351,0.309156264,0.654545455
0.2515916572027813,0.0548229263141982,0.890834827902573,0.1467090826923907,0.0115132046111384,0.8053365201424074,0.4508996298484202,0.3341224044178025,0.6032239523969187,0.080135397,0.507804034,0.705882353
0.2328526805222717,0.2186771708073464,0.6018485389903725,0.9817507952091256,0.1499744582330975,0.7185687269587406,0.7165937960080011,0.6737914169028428,0.9864440959498874,0.154217219,0.379460511,0.469565217
0.7961413895507822,0.4426671927563581,0.0085639638877018,0.2262451558364784,0.7054950987188923,0.6213817838809401,0.742441048405247,0.5896851345044903,0.5225681576518194,0.238688218,0.553895895,0.428571429
0.8174984127077833,0.3521244588775912,0.4169632061870941,0.7370400777134839,0.4692296026220754,0.6902033459731975,0.4583153667411589,0.3870078394593376,0.3853557354852275,0.072727857,0.479246556,0.0
0.8410508598842633,0.8335884950313843,0.3193642732904527,0.7050533085217706,0.9352442212580264,0.8362835342736993,0.2081795978375192,0.8293306381662626,0.9101143524595606,0.349641219,0.446209677,0.646153846
0.6062882534449394,0.2994875272332298,0.5921842735557024,0.7024894449624204,0.931554750893904,0.7431281972659132,0.3246854863764158,0.5657750383438916,0.0254420469145426,0.093815679,0.260477243,0.133333333
0.4801835365400997,0.8754085867083174,0.8326174074100229,0.8521627316087554,0.21783327175851,0.6920185651624882,0.6910562924785565,0.8959069119502072,0.8341998376796929,0.700635205,0.528606804,0.58125
0.8293308619471633,0.9838962666767108,0.6909804928585288,0.2890096489824161,0.7283837880801316,0.2631357085060397,0.4896142627339059,0.4599467830685658,0.0640131020609271,0.478664104,0.378906343,0.573913043
0.4613527603287979,0.5307782704716394,0.4703430223934067,0.2891258994729911,0.3216168261019854,0.6860105065661167,0.5429947406413407,0.2950804545796561,0.0262359929911449,0.2338209,0.456613089,0.458823529
0.5043887395922093,0.1619839333822043,0.0768969887290849,0.3955069458175393,0.6634459147910994,0.329101157065554,0.8173802102810968,0.2817058740035463,0.8746361361041545,0.133235875,0.32712343,0.311111111
0.0005500435958184,0.9164175398897038,0.6026758239329865,0.5246994045553169,0.106246607033249,0.8012722465688115,0.6389680345506974,0.7621817371338605,0.2802446672667279,0.579738373,0.205278821,0.1
0.1077220519639419,0.1575240551377229,0.6624109519206669,0.281820397193578,0.2464968361670404,0.3102267699521334,0.2716903251733814,0.9041965314372382,0.7346444952723868,0.081863877,0.128055451,0.1
0.5418966289955258,0.3160834138598375,0.8566358630512612,0.2973150851795648,0.4303312306114644,0.2624297900013456,0.3482583006325501,0.2477195320400684,0.0953924274453552,0.141399698,0.195529934,0.327272727
0.8444863904948056,0.9819561630630598,0.6443478397430634,0.519750350931106,0.3081856464259653,0.4801072176800582,0.4090211336303102,0.4784101709205786,0.280477176178723,0.464729058,0.456525194,0.133333333
0.0864585315591397,0.0940403380340227,0.370527100198706,0.8884300004253806,0.1813904878439463,0.7804244887756514,0.3394428776359927,0.057863134627729,0.6027849688214825,0.081390943,0.41565451,0.0
0.4176152391806346,0.4346656030917714,0.4449433484730251,0.2570080770794772,0.92899704330249,0.3529550617893129,0.1768145339350225,0.2773626932103371,0.3378933453495569,0.137691729,0.324815854,0.0
0.0896916957925627,0.0311917495521079,0.9114054205828708,0.0475803079014824,0.1361226254674947,0.3341896601662403,0.3147730549377693,0.3964788779942866,0.3685335806881054,0.059905613,0.192406201,0.730434783
0.7536717185080446,0.4144550291423771,0.93275401868284,0.5234682658140055,0.9148916268241808,0.311581677431736,0.5042565334814225,0.5308464774859886,0.9132551737196098,0.212082443,0.385119072,0.280519481
0.9440612882842464,0.1319382120291792,0.8552706644374627,0.958465708019792,0.7220104615369135,0.9345485666733422,0.917564361678508,0.8391005635677861,0.3659814604999489,0.124994212,0.552326209,0.27
0.6606669818250173,0.123084427015483,0.0166812673318842,0.934350955918349,0.8052890346943622,0.2607614934648832,0.3334499339669946,0.7978415975111842,0.8104607677974442,0.06645082,0.462643812,0.184615385
0.0500753795988069,0.1405710480778452,0.9606476393054764,0.3266103592339335,0.4813515568485352,0.7619342363799421,0.1683722832012927,0.3413944780953646,0.5306543398146303,0.088070213,0.312458598,0.6
0.7523224054321159,0.1742056735909114,0.3059939029271882,0.0317853125748761,0.5967166591761528,0.6087580300126755,0.5533175381205658,0.5138241604810446,0.9587558800844616,0.122477881,0.509327837,0.166666667
0.8800991952928681,0.4440700356380418,0.656184077383639,0.4281420500327458,0.563700993590325,0.7449370620656186,0.4637667465191323,0.9453492602012876,0.4275753824586162,0.131618909,0.526101724,0.457142857
0.2274222153903743,0.384617386771691,0.3892577541702858,0.7645968730894059,0.3721898558238334,0.8808277034860851,0.9277660163706818,0.6634572784967808,0.3584411315149554,0.138689451,0.354496992,0.0
0.410678905042133,0.8184498693246228,0.9009546738217016,0.5028301988251578,0.1870969804381815,0.9296883096289876,0.7336713900347661,0.8755548269584265,0.5260711436360338,0.579895985,0.547764251,0.077419355
0.9073939679749318,0.252272846141422,0.4330444313875538,0.7061193085787262,0.805342894446877,0.7904405645074227,0.805759891820952,0.4580441939677312,0.6805095551565701,0.148438696,0.668047129,0.092307692
0.9703001788385852,0.9584206287830808,0.7298958761607198,0.2777116720447568,0.1657135336345243,0.1068571824080466,0.0406027768909541,0.2022843883189728,0.9278920516830544,0.42051671,0.303864652,0.0
0.4424017585753333,0.587112160712349,0.6129844041955786,0.65815097846963,0.7365595350138588,0.7930046708812577,0.87752333113857,0.1714924804326124,0.2534092918000686,0.229941057,0.551856474,0.428571429
0.5739732553251615,0.8755221270741559,0.4368058551300282,0.8598341096016673,0.7916514929789839,0.3615046026571628,0.1590375044143103,0.6925051832367576,0.8402466067634722,0.365446998,0.407831621,0.666666667
0.1603135643976219,0.2819739263803352,0.0917163889577876,0.2229085059176769,0.7990125890912314,0.9868004548833876,0.6490678901949263,0.0551863870245193,0.1812568809466369,0.106400127,0.312919214,0.0
0.0594311245155466,0.2362286737854694,0.8434534115693068,0.0670301902899548,0.2906023296236202,0.2154537598847755,0.6496941286850357,0.2001817025596036,0.6253793844219776,0.146465472,0.10490336,0.342857143
0.9212287411680464,0.3375647467626382,0.3302689113291681,0.3714630505882729,0.8055717879568518,0.4860042155626107,0.985887280825722,0.1977245107666647,0.6345614316875879,0.1725889,0.535810869,0.498461538
0.2328077258366453,0.7667921788899813,0.6814521535222549,0.1152859324726813,0.9854100663076024,0.0499101318569166,0.6567470323680088,0.774752123536587,0.4945596933405328,0.406763492,0.047135138,0.0
0.3841574634900262,0.8974242358970738,0.0501076856074075,0.975706509206902,0.3012652230868425,0.545635321967522,0.254456333590206,0.2019905961055917,0.6497857339703252,0.252850592,0.378393996,0.0
0.0191363536207764,0.8814474536103099,0.5730984563902739,0.8698471957676157,0.6590249467589618,0.8062091510373287,0.5332366906731906,0.0496797495017028,0.153824397532045,0.465876109,0.264494586,0.4875
0.2978359602500984,0.4512884022802585,0.7250671347207645,0.1722466013800386,0.3409582758287374,0.8449560159417366,0.093505601593772,0.8401191450853038,0.4006560825288178,0.126878581,0.461432971,0.3
0.7261393659149956,0.9547611824551012,0.930375430960346,0.2584463862752921,0.5182389075057623,0.7340573290295406,0.476208913292933,0.5385304135491013,0.967925886111224,0.388471028,0.504427556,0.436363636
0.0238839479368419,0.9337405303695322,0.2024397225607481,0.6776920284967147,0.2915503219839493,0.2711689418027405,0.2140311288922324,0.8587316344575716,0.2472226813296426,0.208565186,0.051596025,0.0
0.1652346355680848,0.1896235515636102,0.417427874970867,0.1747243143918362,0.6122471936663104,0.3940784536475711,0.5202492673533188,0.617468742370172,0.2146574910163694,0.11846398,0.247014491,0.48
0.0262581630056978,0.4289890373332482,0.46790240141434,0.8257562403943721,0.440417871145817,0.3086363953613206,0.9904421010502602,0.8989447814774326,0.7425604592053999,0.207856518,0.132291522,0.115384615
0.1396103548929493,0.9541039397454568,0.9679954926337956,0.4072839577704131,0.199761297293851,0.6931845145102801,0.2239978866171711,0.3360994251793026,0.9923549854787892,0.579438683,0.32672032,0.2
0.160057210302088,0.5526486976711508,0.4275754279698437,0.2353971154964409,0.6595425065207742,0.0728196285764395,0.6694979983614322,0.1684041679678364,0.6731868782447223,0.286545336,0.088638135,0.407142857
0.5598432761066277,0.5057385102935034,0.3435707897817091,0.1658158157735317,0.8641710054128875,0.977041318434518,0.8137085507574825,0.0345018213562797,0.6035503046350178,0.248725603,0.542600381,0.127659574
0.0284655775199516,0.934230297586222,0.6266944668199941,0.1207549477013476,0.2760954437578573,0.1988032947209276,0.1699668664776027,0.2602443328457743,0.3596276960131613,0.377394344,0.058759997,0.171428571
0.1796434532867944,0.6803188077484337,0.7633515666751822,0.2032378574997552,0.6737513563710475,0.2343418968904805,0.2129004140122259,0.205800397301909,0.3054046268717902,0.185043062,0.270373017,0.692307692
0.4059408718843987,0.6107426487770892,0.8439198761534571,0.6614624497755732,0.812286004742788,0.186457971025427,0.8944670605881868,0.1441433671736095,0.2155912967981352,0.30370925,0.16648429,0.027906977
0.1882840813996265,0.8403921534717546,0.6782913786348972,0.1431876463323809,0.1798912114824705,0.137746410699605,0.067510125986088,0.4818557948033697,0.3563859116719503,0.263968198,0.099678716,0.2
0.8885563025202671,0.7887649058955654,0.1526923262103202,0.1446911153140284,0.5840156871471981,0.680601354080839,0.4709143640715326,0.645083834049889,0.5759081439741283,0.247319363,0.555331547,0.057142857
0.990931886186042,0.1488364449791357,0.979461872177532,0.3405512027431446,0.8748206922402504,0.0100583834960711,0.7869486947210992,0.2581648522851214,0.7405352089692084,0.124568465,0.137954444,0.707913669
0.6316877261128242,0.913460942792934,0.4485695366259645,0.4246798743003608,0.3247113692165615,0.0191718599227794,0.3113962771891532,0.5086681465079493,0.2960691749046219,0.269507281,0.095352017,0.533333333
0.4355211396382471,0.3206283481674116,0.7895460583794747,0.8204194533687595,0.8501109359954325,0.827177087848483,0.047467492454948,0.5723769837563801,0.9983583344790736,0.105101398,0.123361446,0.0
0.3112815154882462,0.2953498492772194,0.8205106425151512,0.893587038864963,0.6244463445661054,0.4542046715788463,0.2161937537880095,0.7520936224351507,0.9859599235358484,0.126571649,0.382066594,0.211764706
0.8353116458464719,0.6897408343263756,0.6741347314706697,0.5429461113342751,0.1859399578965687,0.6343107605271857,0.2178500850250125,0.3401901627855567,0.7260341968472486,0.289309057,0.468760575,0.0
0.4698383552445273,0.1234030356700726,0.8085176501353729,0.2094100552019298,0.2893625413817244,0.5771400309195179,0.2606969896013479,0.3890299550648933,0.1443731227985841,0.067241049,0.0,0.0
0.7679543891468681,0.9804164441239536,0.2813888869305222,0.3827571688788783,0.1318349067833237,0.9253893280872432,0.0887763879892419,0.4315700624467361,0.858266890209452,0.485122727,0.425874727,0.133333333
0.935865929757141,0.750640600109712,0.3436014223243537,0.9338763997978454,0.3676918434481055,0.1356504861111988,0.9627470461349968,0.7323969221289697,0.3634063433038546,0.395027087,0.344827621,0.56
0.2108900526618251,0.102900094308318,0.9478457848004858,0.0753979446660308,0.625868105173401,0.6020585526069048,0.6590884251253176,0.7706058638589769,0.9840323241393488,0.151543044,0.285274642,0.0
0.7846455955275273,0.7774652416845811,0.2723170055336966,0.1910846596422616,0.6509206951839487,0.368834931744661,0.80998051254271,0.5731881799866532,0.7949808144911816,0.405538604,0.441154598,0.459259259
0.9197896297325748,0.6331507023355375,0.9753773312275408,0.4800274524786007,0.1712525843557425,0.5373036660031872,0.126088226971317,0.6540320299602551,0.4616793119952876,0.222459784,0.639366358,0.0
0.0970293347983136,0.3192587559472584,0.0819948316261622,0.4446125374912463,0.1305360925680646,0.8413878528839261,0.4259665555760914,0.9559304167084748,0.8232470430006941,0.09774016,0.405522485,0.177777778
0.1351535924960326,0.1164588958842155,0.3626009548729334,0.3424577177099388,0.6183373624097274,0.1354127682096625,0.1222932220408041,0.6773187934822826,0.4485056073969053,0.083187716,0.073395117,0.282352941
0.8704702094259593,0.4312790548542076,0.663326623889965,0.3920012383480801,0.7572917628222904,0.9013583309680896,0.5930752202991773,0.6165492722116104,0.5222728512140086,0.191817466,0.651489892,0.0
0.3024688818379093,0.4533797274905594,0.3043017903393258,0.8849169756509421,0.502485082868874,0.6771579412328367,0.3142126712976831,0.0693785237800381,0.3760732320053354,0.152447084,0.540155728,0.0
0.4225706818438984,0.2582591379335307,0.4541382268354864,0.8206557482232133,0.8939132754185256,0.018446239363096,0.6733626994202023,0.0514030975628267,0.126079980594305,0.116457293,0.089867511,0.562962963
0.7612985488364041,0.2044239879363397,0.866675959605498,0.511386731616282,0.3087994521250132,0.8919979319975082,0.5060353824565684,0.5540689277470612,0.3000878735253199,0.211641575,0.63146074,0.171428571
0.0221053311457402,0.5607216848048354,0.198183051882957,0.4781557999525047,0.9486857962660402,0.5252022206564213,0.8188452158534046,0.5976953011701429,0.2353464415532615,0.258583127,0.243521236,0.72
0.4198504570011173,0.4620614965555009,0.4014180304941765,0.6994178744655153,0.3329901157287747,0.1360646329490414,0.5396504198740992,0.2921744344597415,0.0223746688938384,0.18960799,0.156460802,0.6
0.9000532346189999,0.7449686404936476,0.7004143861910584,0.3831447130153907,0.3543970876192266,0.2016507649967565,0.8344856922146356,0.5079953531278923,0.6582631674944456,0.532707801,0.2526505,0.218181818
0.6698201882728726,0.4776933374332919,0.6889243609721728,0.4291791744786987,0.8674857245470343,0.4871858718448246,0.7688889309113034,0.4472094368793168,0.7188285988736516,0.208322288,0.541156573,0.32
0.955410773406522,0.1460702976508489,0.0341010257754534,0.9796011557078148,0.2482429456259776,0.956927917400256,0.821926559810951,0.4139969444348481,0.2048552157790807,0.120900538,0.603449635,0.0
0.8626129501071353,0.0566914014237046,0.7044493909303213,0.3226855249029283,0.9240461000306948,0.3736456253304132,0.1240803729051309,0.2989116476816361,0.3868187485356688,0.064739756,0.318583456,0.0
0.8944021786165831,0.7489681927266694,0.4747510409545741,0.0018721491679026,0.6962210516351824,0.0798872690773755,0.4014436845926029,0.0573942615102368,0.5474780132602132,0.217747991,0.194599708,0.342857143
0.8719477242388624,0.8562303360297869,0.5160457317605036,0.134207639460301,0.7445371483455456,0.6788090859959439,0.032389459355345,0.0942659312214988,0.4720039860765358,0.266472305,0.493680651,0.525
0.224349864708899,0.900680852138919,0.2694785163916322,0.4393143769861551,0.7836480384834721,0.8841420065768829,0.6916982207912571,0.4495469140149599,0.7595861779341774,0.503724347,0.520282127,0.364044944
0.893909329254012,0.0479449781115673,0.4157686556849053,0.7172898799412752,0.8240663436259424,0.7806394405244822,0.3342685587072448,0.626287637310962,0.5334950123197809,0.083474093,0.409422481,0.0
0.4681106081987006,0.4431266443744424,0.5371649539325954,0.9306210401616946,0.7957824672978305,0.6634921644209297,0.8641417248664119,0.967177063739625,0.6678566732836813,0.18216609,0.451468584,0.235294118
0.532307534522351,0.490139826300739,0.5744379542390585,0.9313290463945796,0.8173699369773658,0.5767961948697153,0.3367326196375897,0.0058628238412485,0.3384767209182824,0.096552124,0.366778413,0.257142857
0.5494606264171976,0.9288870934019576,0.769229518023168,0.0726571105946928,0.4997201620585881,0.5763945824688047,0.9439535016002022,0.6331057551889553,0.3044891317893625,0.569886265,0.3469753,0.0
0.3087142012089174,0.3734070096756628,0.1555281289240273,0.8526357611159082,0.536994779414182,0.8916687657205364,0.8983227161302456,0.1686235329043552,0.359050301740527,0.150875206,0.527284942,0.38
0.6391317162539324,0.4904539731603444,0.8928625317190088,0.0464929553116183,0.9834862303879344,0.4240601583933271,0.4914225501391436,0.336826010724188,0.5507084863289613,0.192498578,0.350384452,0.18
0.1581411808214173,0.3195192618067481,0.6097646218610412,0.5616261654898832,0.1136283191131592,0.5075393763985255,0.889310988187884,0.4707401831930665,0.3265379166530456,0.184247458,0.275292598,0.125
0.6496775142085005,0.7730401818026665,0.9393610488143306,0.5166536718280664,0.3020651201564329,0.843370283190131,0.3445795823796006,0.6114648578114652,0.6746073227364555,0.262565684,0.672402873,0.252631579
0.0824884997364413,0.4210363739557643,0.0414229295005287,0.0582468066739669,0.6291053116832912,0.3607704547817564,0.8937094137497111,0.3154888619166522,0.3057552449804921,0.177924429,0.163312863,0.0
0.0128451336265404,0.6247382166897255,0.8475307166271521,0.3265546108501072,0.2890444085559993,0.9769133586740032,0.3116687678364639,0.5922512608839514,0.8955394737316146,0.22340679,0.110131907,0.2
0.237625634608505,0.5691436042342471,0.5741407621505447,0.7008034606195434,0.4523124686523011,0.2350844876553484,0.2340545062755615,0.5540733304945542,0.5354231267916452,0.169736558,0.292545513,0.72
0.3715967731697381,0.4241064994142405,0.172416105536361,0.4489064669919874,0.9976533113342902,0.7899276933338696,0.4020963095074423,0.0492427822677156,0.8309676171452662,0.12141798,0.567201549,0.553846154
0.5244202580330204,0.1167428548033862,0.930952055738297,0.3017498611474836,0.3704462069437566,0.6143359382597641,0.3118964775810953,0.9311799847821848,0.2857950626728537,0.088561714,0.425169199,0.675
0.554071024522079,0.1721741035551105,0.4836701161838224,0.4654359854746372,0.7461322120306796,0.0063365678446175,0.56775256229664,0.6976394976520367,0.204757285951472,0.124772015,0.029930088,0.0
0.7919606973523591,0.1450827777251631,0.5803017902723618,0.5334459359972707,0.2194972159089195,0.2565330926262784,0.920475780892317,0.0295891719976906,0.0829123511491497,0.102484511,0.347165551,0.248275862
0.3821580279688867,0.3123747976754183,0.0635816773412378,0.6151468681718832,0.1187908151992591,0.2080836542035514,0.1185930411293154,0.5888249205443092,0.7456259436380064,0.124527491,0.226801191,0.466666667
0.4601730402871233,0.8719258232420322,0.5534672419254697,0.9653948208364947,0.2665509214666189,0.8221559967534287,0.3226989229149218,0.3096829796628431,0.0838539859069764,0.29920688,0.120311774,0.0
0.0091900843486874,0.5214289931635486,0.8964292788824216,0.360440086584159,0.7596900219327231,0.8884955628443976,0.8643694797817673,0.4837365506942876,0.939103974411365,0.299583053,0.213009194,0.0
0.7875759043044386,0.2381356483089337,0.358472379635513,0.7871752351623539,0.013636638923109,0.669160067116787,0.8317230646615682,0.2220200489616091,0.0120277236948348,0.12614886,0.350854315,0.577777778
0.4652444347001682,0.3826787955839704,0.365867613738045,0.4194749265106203,0.3755319365919015,0.3027075312643194,0.2527929273721816,0.0136511861164768,0.3888733163998651,0.128776797,0.386138785,0.4
0.4586734635691671,0.2936230327989555,0.9968970114215328,0.5390054192220086,0.3996690123601352,0.8794466382646703,0.8483703114010939,0.2433107972483021,0.5738580332798405,0.169055739,0.491679086,0.0
0.423388620827573,0.9684546210545724,0.2586044633731622,0.9153580956808952,0.3809730817686144,0.0653889282027465,0.1281619563251519,0.4545101041706229,0.4548778082956016,0.36873207,0.073434617,0.626086957
0.7822209187195676,0.8269146324731226,0.5929499691750975,0.8598406209566156,0.3774399777226558,0.497017794416448,0.1344127743765566,0.7252327790350731,0.2084632695035995,0.311702438,0.413281274,0.288
0.2733051084815984,0.0291936232712894,0.8164073709836742,0.3772746993638739,0.6974019462667173,0.3120916319570327,0.7450156036336427,0.3889870187584298,0.803500626510382,0.100401182,0.237255098,0.16
0.0773782771830475,0.1437386002433373,0.1131883038278247,0.8924525728241567,0.5061088530385691,0.7120812929808439,0.2160320195119285,0.5463262138014432,0.2711770403122003,0.061086817,0.344571884,0.0
0.8696792033647129,0.8050882987047328,0.495352579762724,0.3214241545649757,0.6843229381742859,0.7293499731466624,0.1861127064987973,0.2192141372661817,0.3500832732167149,0.289824129,0.561696531,0.24
0.1180773049752674,0.2582773044836856,0.054098909484359,0.5357890028795238,0.976612597837334,0.3790326405976477,0.32919537648402,0.3600897904506089,0.3885932705750965,0.080109896,0.203241167,0.171428571
0.7150335625224762,0.193835622283376,0.1180829702012303,0.4373486212083052,0.1502810956458146,0.8787281612998159,0.6199201511523326,0.7789237148693178,0.6072855489497003,0.122074705,0.525741464,0.164705882
0.2516385021124411,0.7946747455834642,0.2702422538944855,0.9691683562009826,0.4619549443116031,0.8272929262285236,0.3271303656418494,0.9930718150785206,0.1731494256632028,0.212316387,0.275569997,0.0
0.469127457374527,0.4361787339094322,0.0648518606607978,0.6129503253040417,0.0061080632230859,0.3928664669235516,0.3614039037499569,0.2770261355113749,0.8478621159815231,0.122330721,0.469764085,0.0
0.5101266464342478,0.0471531142415478,0.908276075314133,0.8830320656062257,0.2101702876321046,0.4477599567115282,0.0896513898233031,0.0833503093710279,0.0634443430148392,0.054507429,0.364223025,0.15
0.7786639791710919,0.0256936727283126,0.925892665045128,0.0297585497706907,0.1557495806627126,0.29648863087561,0.8843049186923249,0.4825973425648787,0.2853605551538991,0.095192956,0.340712463,0.3
0.9176271892454302,0.4038674807083379,0.7615474220725976,0.3778745750515548,0.1554584254806151,0.781313321418717,0.4188034962130172,0.8455812147435485,0.1173084960351799,0.085267271,0.531044193,0.75
0.7126623973354329,0.7616608574290007,0.007470178375641,0.1558428376468055,0.1917274124559639,0.6840633269660822,0.2956677310311454,0.4689781424508948,0.3351519267976606,0.23908892,0.413870423,0.378947368
0.4458720874644015,0.2575046033072903,0.0428491010263365,0.9119188532106052,0.2260932269103445,0.376383915183864,0.3807430010153467,0.0579740487089166,0.708725622213904,0.077190719,0.404446554,0.085714286
0.897656277748347,0.9942525771158544,0.16700694797902,0.6761087368415821,0.82878217525561,0.4752087243470267,0.2761812898752362,0.0816770730205126,0.1131859951539402,0.393354388,0.345730188,0.0
0.9877257967420904,0.7202460867187004,0.2570322983946087,0.9734121756595588,0.4609883665003771,0.3309196526376403,0.6648331155152793,0.8718833130899706,0.5062856120975684,0.428199599,0.45464495,0.0
0.3260582491385926,0.1732255631166341,0.4958941894227594,0.0524864348960453,0.6746497275107737,0.5755788694450673,0.97212135337936,0.1137490471106381,0.0729012488907292,0.123398897,0.317023588,0.688235294
0.0056937759222656,0.289194087815746,0.2351658403182445,0.9318286366101308,0.2462357795654205,0.7371150234775101,0.2961303094719804,0.5609513160226041,0.3523323979368826,0.138713306,0.32698833,0.218181818
0.9219148766255698,0.9915269455157918,0.4795626287364634,0.9407706938401365,0.380878645774202,0.6257168493499765,0.8845933583598612,0.2673351149621681,0.3523756828294084,0.713116651,0.470402453,0.432
0.9074725738291964,0.6055715132681216,0.3288482578701336,0.7826861383562399,0.8657166619748664,0.913736948483287,0.6139195061979976,0.3638128696110152,0.0509436951744994,0.26836111,0.273682101,0.133333333
0.5993697120744943,0.6029537415991968,0.7176254598751743,0.8194004675040399,0.6325788972859429,0.3148135666895233,0.5624247648429586,0.915035948559824,0.2203673457949548,0.274524065,0.268957181,0.255
0.6688765255314173,0.2354239411144507,0.9075316928303718,0.8522391506333388,0.861630311444677,0.9934954003445666,0.0495298220930133,0.1314275812779786,0.8858249241638881,0.103997341,0.619343494,0.0
0.9608818733518888,0.9571414306891516,0.9919153587532856,0.3746666802758661,0.8327480457202416,0.6821493865957007,0.689313091183836,0.7141696180696243,0.1606275713925595,0.620805855,0.553421184,0.671186441
0.6745971461506797,0.5419713946818983,0.0142867403446343,0.9616072307141754,0.9630178199987242,0.3764658724238982,0.4353656668878243,0.2534696595660345,0.9990976734993384,0.184079075,0.469324981,0.0
0.490820784888337,0.357854863884551,0.3507883661093893,0.6948160202907557,0.1189636285358902,0.5570693767792066,0.98455716548659,0.0976431010997544,0.0159166604251339,0.15031591,0.457737012,0.505263158
0.5978809224034265,0.4228992641550312,0.1468113447960503,0.3528143518554848,0.6806711620918914,0.1636561119166207,0.0214928118709754,0.508976526280242,0.9540347637960602,0.16815424,0.345209615,0.675
0.3940102815200088,0.7051788564742355,0.2521767419561826,0.8164606861256891,0.3797558723842605,0.760490031950641,0.1515353547923612,0.0229432466630631,0.5328617075366964,0.232841452,0.408044148,0.0
0.0180445139047334,0.1625488391823006,0.4391877447449622,0.7724424170251379,0.9363192770811783,0.887802648703907,0.1530456145318532,0.7382819848859111,0.298125115405118,0.072783718,0.196025694,0.694736842
0.8626333396872528,0.5786061281305305,0.725953994456248,0.0978499793770689,0.3110120528425053,0.6257067398017231,0.526506648594431,0.078022632329414,0.2918824766297723,0.285496069,0.46827693,0.175609756
0.1351736460334773,0.6157031143847118,0.6580651361683598,0.1275139766610616,0.0130640545405399,0.3658048331236312,0.9301960344006608,0.2542562294587274,0.37436563373868,0.323747234,0.328731064,0.723809524
0.7729045541537322,0.5729363698310204,0.0622503226583588,0.9712638138246968,0.8860292395193797,0.0601437054534256,0.8757041024019777,0.0200493880625628,0.3803325172197647,0.19755874,0.232329678,0.291891892
0.1287776847594143,0.6909524795341354,0.51042654756284,0.3206221727530123,0.3213964848056152,0.0258286124801556,0.6170971454019518,0.1521763389463408,0.4538435384787148,0.263913137,0.054798702,0.363636364
0.3780658913559146,0.7821577035301448,0.9489900270137812,0.5360582337673512,0.0328642460470824,0.911151604759108,0.1971312883934608,0.9621010036799764,0.8853898566513693,0.317456895,0.699308171,0.0
0.6469052821505697,0.7370576247996352,0.5801947314631724,0.0387120250950928,0.3682188417141039,0.5496458156012041,0.0641539636200823,0.3613615304730291,0.7569591091558182,0.193347468,0.611884388,0.0
0.9713551612352912,0.321117935173322,0.6072369532041737,0.7343107155963867,0.594762701294196,0.4183477333728287,0.0914410309623148,0.4224690287889006,0.0352076009877949,0.095080388,0.052878941,0.7
0.8140595500020839,0.5845085584642189,0.6222350847433198,0.7938417859925154,0.9589904143580844,0.8195493284663457,0.4244250835247684,0.087057334283318,0.7483089514395834,0.197672107,0.631292655,0.24
0.2983854103730079,0.9819706881710476,0.3266160961522497,0.3747430847985116,0.3735978780607851,0.6425995534066585,0.568032758634658,0.0320821492760285,0.0471442427595717,0.433620151,0.424998541,0.476923077
0.8179269276488917,0.3427766570650872,0.2047282813180772,0.9638439204697932,0.6856829114019677,0.9373267359218164,0.9513287563930748,0.5419537139082582,0.0469000744915293,0.160666725,0.478672428,0.2
0.803340642244867,0.1696699544252116,0.5739343233227069,0.8861342416177367,0.4206616004030734,0.1460565785166322,0.1511571329464124,0.3341295693317105,0.0935743665026049,0.092779716,0.320523523,0.0
0.5133602739624114,0.7138934400059197,0.6619749894504473,0.1118617347860286,0.1064443943273282,0.6341086765675222,0.7973752823718073,0.0844561194118345,0.4977899204625494,0.347663262,0.483004858,0.192857143
0.2154685058166063,0.3328740521203452,0.8507538787807855,0.9038998082532976,0.0878499207726507,0.8071670626775376,0.0624384305858808,0.088594698445187,0.2820516746895932,0.135609412,0.246181637,0.0
0.4309538201835667,0.170907138760353,0.9241257069722938,0.7959049884162328,0.721287432340039,0.5870787595282021,0.206059603502818,0.2441118605416956,0.6654134921006342,0.09003321,0.530933314,0.0
0.6344413733973386,0.6583819533478799,0.5693745383107172,0.0664908147606885,0.3038865378146588,0.8423147920654334,0.8269401071428567,0.9457859228509576,0.097897538029675,0.258683985,0.542538093,0.505263158
0.6257722244514456,0.0081017516104018,0.9409933824299826,0.5576754518098714,0.3801595618406915,0.4998687884809237,0.1816977178335208,0.2010845100357405,0.7862404263322297,0.073802634,0.557480754,0.733333333
0.7037242292595517,0.3373162840075512,0.200281443270798,0.2001502852025886,0.4388748088257977,0.977381601058967,0.327127842937342,0.238286628748976,0.5232874969345617,0.123857093,0.693970706,0.0
0.4953211282096402,0.1919258941216008,0.0892947350477035,0.7035062030864238,0.4368726806370534,0.4959792507245348,0.997387822286984,0.5342860660847866,0.6517985933457296,0.132736865,0.38224736,0.072727273
0.6019414129764901,0.9111355868064148,0.7609610268426621,0.0174274108652595,0.973508491410841,0.5118980935525789,0.6415389303392457,0.9427511871136623,0.6297175377496802,0.618928573,0.479197501,0.030769231
0.9604558855586264,0.6836955481577153,0.0244217300684767,0.3373087905024462,0.649257810207873,0.4035163075007787,0.7066824477065429,0.1220347827253252,0.6233917390363483,0.402815649,0.445706914,0.244897959
0.0874301892635015,0.0457291939179927,0.6406195713632644,0.6421993111448641,0.9985586810027028,0.8890606031029283,0.7332271249630672,0.565582775789066,0.7052923758724395,0.097637502,0.341750502,0.09
0.4170133464891307,0.3541330652906936,0.2966633846420169,0.9091872971350672,0.018459168208362,0.1659331522444417,0.4270549403560341,0.6414977373484929,0.7247036267666023,0.097637601,0.302867413,0.757894737
0.5383032830911254,0.1655140340922687,0.2172480270942037,0.6431602113552758,0.4298619418457526,0.5722178135539103,0.6463267105148857,0.0204542124253108,0.3384324403388004,0.089743978,0.473917364,0.078688525
0.1678002792282468,0.1542468218886797,0.9772369254284016,0.6133066977262667,0.7668017315602316,0.7730209147092195,0.8779629484050376,0.6664246155280165,0.6128589308504662,0.128166304,0.346626848,0.288
0.0965661904964741,0.4728522687171617,0.711782100230806,0.9823921548918108,0.3569664773507566,0.4471053242605892,0.7986497570628586,0.1793042711250061,0.5852790937210101,0.256058162,0.335447805,0.434482759
0.0197652627375978,0.3945809688779246,0.7418902183092951,0.3114351753144433,0.5591883045821969,0.7680315921212953,0.2786038869990974,0.5363162025846996,0.8788838499439756,0.1151086,0.375881943,0.32
0.8171831433960097,0.1963242089197421,0.3519976806318478,0.6616050001050174,0.268779690260329,0.1401977245342262,0.2960479816483358,0.6350305508366606,0.4290586713766992,0.064231454,0.396105896,0.4
0.6580890798133874,0.44057884522377,0.4763784654381647,0.5201347895109328,0.5133271042132991,0.3924565464254348,0.9117210940911624,0.3078165232764553,0.7966830420906718,0.299224603,0.34196435,0.048
0.6849885522494821,0.8916062544958312,0.6753656306199223,0.6423964278664176,0.6220317972987943,0.7295565119985901,0.6149672711033339,0.8017856716886462,0.8290190828066678,0.53765051,0.471460598,0.166153846
0.1749833457664927,0.6407899152452311,0.9645986785508044,0.1315220192579331,0.1734889416357828,0.0895252647407933,0.3047523496273682,0.051142886906931,0.0436528683719176,0.23784681,0.095683097,0.42
0.5139113610741702,0.6739462797356938,0.9265674027915386,0.3798622711538867,0.1899442802734829,0.8785026509529745,0.1064293666552279,0.3502223221188497,0.4578222379800057,0.177950947,0.757437046,0.0
0.4689920751021205,0.5840006216447912,0.7147457481061522,0.0603994655451731,0.7685418157679733,0.9554548907721774,0.1338148868066735,0.6240050295308714,0.7975904823383495,0.248936931,0.528618101,0.505263158
0.2485998655655293,0.8090888111943024,0.7793911222900488,0.0468335811059569,0.7520555844140204,0.7642963103878614,0.1693609114875679,0.0955627376663729,0.3304531528342,0.214324194,0.472769537,0.709090909
0.1887558549892033,0.6752029541900768,0.102703628070763,0.574807291163347,0.2898553194084222,0.6859191536365866,0.9492389153304142,0.9405049247975404,0.0467282510211146,0.308888432,0.35201066,0.548148148
0.0106197267814993,0.8664272667897229,0.4551575608957918,0.2728300044832794,0.6033866528404399,0.5336959988315765,0.3243662096452675,0.6194715079476806,0.2811726206508274,0.328261302,0.2364695,0.4
0.3839344204726493,0.4578376767211022,0.1575521079435026,0.2553119287352681,0.0536507190477839,0.3889432526701942,0.8418545722604751,0.3793464112828134,0.9908084167645158,0.219445568,0.321283546,0.47027027
0.7879707996996623,0.9780210065806068,0.7592083589657467,0.0331223220670297,0.4858368161364378,0.5709498887703551,0.7002813362053811,0.0323772742723997,0.1296725898845935,0.576928194,0.527846219,0.45
0.157737020057634,0.7684189386559932,0.6862994291976429,0.5267077610532571,0.3887860497881714,0.0763687295349414,0.738459336855203,0.7854357696269422,0.6673977174389594,0.491298752,0.067934287,0.08
0.6608778060013402,0.3603556400358325,0.3185776266094462,0.1265464308052429,0.8218687001200126,0.0024316549734302,0.9868237184558812,0.0794279966323788,0.2294178246575496,0.157174502,0.058126812,0.372972973
0.3300758755617938,0.9734469530192148,0.6027022161899036,0.3597961341953568,0.7289709691167109,0.7920653937000646,0.6091811113452258,0.7377232248131305,0.0927258832765398,0.522830269,0.41681477,0.24
0.7157469014010315,0.894660775503626,0.9113908543657172,0.221222320629787,0.2575857214556597,0.3426054678765556,0.4314319522149832,0.7194603306191655,0.5392250492230238,0.412956436,0.576877333,0.757894737
0.122432629848458,0.3493532226146281,0.549973458516436,0.1176669278988847,0.5433765703670981,0.8823600283737468,0.9823984565552456,0.3365176580299592,0.9192521979961926,0.239462927,0.376807759,0.644776119
0.1921344806948042,0.387449343098074,0.040733140343079,0.8781368512781196,0.6065184663874302,0.6134889645484755,0.0853539591291181,0.5238251348898739,0.2232443067407427,0.106275959,0.245415859,0.0
0.4155181511029437,0.1920788328571827,0.6594974731164318,0.6522819923269341,0.7338372654142012,0.8694750171325757,0.5769255208381902,0.8659838807980946,0.8645514016161205,0.182646127,0.527731345,0.0
0.4266033317874246,0.9495149182964568,0.62136828063357,0.6574997040480088,0.5704196519345034,0.1354815374945888,0.4646490561557057,0.7867133183768081,0.6020596366065429,0.415840672,0.141559391,0.0
0.7619337693048143,0.0045907335090364,0.9174268636795926,0.6137088937232311,0.0350925625850448,0.4973740172487669,0.9822461913406024,0.7401138692074699,0.3037665629405538,0.0817792,0.453662721,0.48
0.4333173905859938,0.2264473536973595,0.7133309226176138,0.5214172946588186,0.0874469481266119,0.1720551572886571,0.7317054935815093,0.2990585212276261,0.7410522792089586,0.175855994,0.255208273,0.636144578
0.5917599796865612,0.7788430756914364,0.0463756919263549,0.7063069744000565,0.2055539311477207,0.0121194385466185,0.3964883838984615,0.5645908966780492,0.9655912292775688,0.245966997,0.063778842,0.553846154
0.8792710448167677,0.6324689905494069,0.6811151532014508,0.6001114997230874,0.276365607227293,0.9469253075644232,0.6263184776535796,0.1053582045694427,0.6625177754229347,0.338093239,0.5311807,0.044444444
0.3939339863211774,0.093500044609728,0.4051541592961742,0.4018976447791347,0.6512872126269235,0.8134805860742562,0.1739832418621365,0.9975427776222808,0.6049252658885473,0.066298095,0.48543923,0.2
0.4268173025164938,0.757275251392323,0.7770060927339668,0.4479030351757956,0.7304187339249597,0.6355476574819069,0.6078241879174725,0.3510635967219542,0.0323452283182855,0.280315467,0.391767763,0.146341463
0.1587965537653897,0.3508157847403821,0.1468804828602703,0.2982215605746842,0.6230872559041114,0.6477039637207266,0.4442049103055526,0.8027217381990612,0.188497558017978,0.094472248,0.164195789,0.48
0.4881660020376243,0.9696081678364442,0.3324207864346392,0.5843939365343211,0.6615059785701655,0.1316861645657449,0.907305571129701,0.6633101019975026,0.1059430848721474,0.498203263,0.207758491,0.621428571
0.7562127659066663,0.2234453407012167,0.5959118002943723,0.5845836220183355,0.343060876813669,0.3583519176986206,0.0420501160634139,0.7430162130583822,0.4176660660575885,0.113073751,0.496520646,0.584615385
0.6218793719710994,0.6162256571712174,0.7890011663483039,0.2612464031859859,0.1830376317934258,0.8473281463405267,0.5753973279597925,0.6928325354661587,0.2564343740317875,0.323004553,0.556180005,0.656603774
0.2421300744899248,0.5366089035401701,0.3427502962784023,0.7668448455870649,0.1236652496960384,0.6328514471513509,0.6954316399613703,0.3764142840502325,0.7293734746270626,0.24448132,0.374270411,0.156521739
0.1123624964019681,0.0828245396024294,0.9231159639221644,0.7978835762615992,0.9161371746916648,0.2363567556051132,0.0661557895709902,0.0140930332508897,0.7270682537122204,0.080571355,0.148069548,0.0
0.1911330139361231,0.2443607763103975,0.4824237601453092,0.1499929721348116,0.4244336822880673,0.0207157450571573,0.8595404498120274,0.05503185739011,0.616804984500463,0.164527108,0.071823939,0.658536585
0.4911140789225932,0.5174302460567478,0.099323359413543,0.3700375067214634,0.2824934029660835,0.2712630566212781,0.6655317715534564,0.0785666594013214,0.0680424118675117,0.203045254,0.290182878,0.271698113
0.1559127758162822,0.7672822970766391,0.1766182248602716,0.7724734672681366,0.2009409931645306,0.5732918561670126,0.7634901586547235,0.8896968880229017,0.3725984692030608,0.462959658,0.298808782,0.0
0.3647198416065221,0.1980780044710568,0.5277889585522522,0.9194923463097424,0.8262197293584498,0.4751855458350301,0.510376996332544,0.3301274054053161,0.5574284159254406,0.153095548,0.485302462,0.292682927
0.0300776863824893,0.0617036877139571,0.6868840921396593,0.8085100376238658,0.3312166254855547,0.6969693226463543,0.4225499305462437,0.9434621700925224,0.9202573135386212,0.073200692,0.216337821,0.0
0.1876995437277325,0.3804336017027251,0.6663444602284949,0.2382244732148006,0.3777392651556269,0.1521558064175597,0.8815103915143685,0.8438779272738183,0.0086324190185537,0.132868729,0.099660503,0.109090909
0.7586871263533792,0.4899213863884368,0.6988081778061098,0.7372155082357872,0.2640656415731057,0.0683868421664264,0.9802898608708256,0.7544058963677956,0.3456645804200184,0.190498234,0.254030503,0.461538462
0.1589676791995373,0.407909522477684,0.3995367387518963,0.6426847689465258,0.6423740773868384,0.3436107867637343,0.0935539660235499,0.2086204769796602,0.6642780020911465,0.115639948,0.257038789,0.528
0.5049803687381458,0.8036226547876669,0.1794630126620008,0.2987676768588279,0.8513601512103688,0.807474952319075,0.6879086083309385,0.1908225924875607,0.3161647527117448,0.381216417,0.507707429,0.107142857
0.193643885943036,0.3013850386432212,0.8470183908322586,0.7484719619441402,0.352991115262356,0.5960517862372924,0.8546093189154502,0.5610513336146213,0.0733747072994441,0.153641822,0.27417801,0.189473684
0.1510063882188606,0.4795816430617893,0.830463225705063,0.8871258708008977,0.0959335134435714,0.0589651027531069,0.941951532965721,0.0927043121972621,0.9138435785168596,0.255012642,0.036308928,0.0
0.2476445520559164,0.8793237888907409,0.0835308787037839,0.5420320177965047,0.8086035853719156,0.8052383346905013,0.0342036797483158,0.5391604260408386,0.4045357472438181,0.31243005,0.429224372,0.0
0.3890950591518084,0.830316104098835,0.4851958738681871,0.7011417286634376,0.3900846275187843,0.1081808651546325,0.455709961935416,0.5204020747571437,0.2059666491347364,0.302682521,0.094606934,0.0
0.035781718355309,0.4097525484742992,0.3142359375412733,0.7963447853184292,0.2143018366323812,0.5473696810289945,0.1840331087943437,0.1269829999536967,0.0071274102509206,0.121916891,0.193922536,0.266666667
0.345463938657598,0.1733915696926301,0.8623049899989437,0.247967502465721,0.9346800380064344,0.9497718103173486,0.3294922105286098,0.4670737750676009,0.0662068314240994,0.099081159,0.348671176,0.52173913
0.3949994634291354,0.3483538419823131,0.6209792417283976,0.5198572790097501,0.177208356855703,0.628830856293402,0.6254743240661225,0.7751476131731418,0.8022064298343596,0.169384448,0.453046951,0.290909091
0.1852981353530158,0.2037965887846771,0.0006670252634489,0.235284021889834,0.9112785661382056,0.5854132754097534,0.9592701036487448,0.5823926995705598,0.6890558420217988,0.109211839,0.463936401,0.291891892
0.4269728462179381,0.9176321230359128,0.4000005008033608,0.3678584568117395,0.2117654233249098,0.6494253657988294,0.5227534624774752,0.8413693498177275,0.4107738699187537,0.698367277,0.503609778,0.443478261
0.2854014022114681,0.3390276214635112,0.8508376627268593,0.8895481276556991,0.3184817809737177,0.5602088349404617,0.6800641655217022,0.2244951614603056,0.72205604265313,0.180312239,0.343318587,0.092307692
0.6134538155327737,0.5912850350467971,0.5281424876299244,0.3644074161950936,0.1557553465757372,0.3945536373262981,0.2021753531797199,0.888195179945152,0.2464467154831356,0.193497533,0.413670148,0.085714286
0.1088839588790758,0.654781850807999,0.5946387124669322,0.598693806623096,0.1774039233370227,0.1277156523279312,0.2022830817069114,0.4213467539390703,0.0663130557941531,0.179961125,0.109965406,0.445714286
0.4661126760270125,0.5427376589570915,0.0165708962141061,0.1742765300798955,0.892138408227155,0.9841245398172208,0.8761298515293932,0.4027457909029162,0.9153017437098506,0.362785897,0.504772603,0.660869565
0.9396137876062406,0.9811583245483247,0.0928794165053842,0.400460652369446,0.5244937254827902,0.9796687567949393,0.0964096332497888,0.2080175421132475,0.9263141947292328,0.309651833,0.48607874,0.0
0.5347410539099515,0.3399576735942524,0.179619636367474,0.8105626197086712,0.2353392027914037,0.3263727789967033,0.6922548488431334,0.508689848571211,0.5593597081594025,0.238827918,0.437295652,0.65
0.2281814239154681,0.0179839971747819,0.3519926670072104,0.4337984386388875,0.620401051942272,0.2948038956997255,0.821760346624641,0.031297201086311,0.8151032792453522,0.097768733,0.271243347,0.336842105
0.4559212198712783,0.7394917187494348,0.0146059966619608,0.0374568471304179,0.8933030848010186,0.2785025509982843,0.5946520988797193,0.3050477864407567,0.2410412276491302,0.363800681,0.317524422,0.32195122
0.4702877378901197,0.6489682196514263,0.3865782205160434,0.4552208924271963,0.4633634630626948,0.8509227690192122,0.8670106232196849,0.3870320898150035,0.9219056326095698,0.27410387,0.477749733,0.126315789
0.0840177883895612,0.6116597362164008,0.8939509567961939,0.6565813022755447,0.6568723976706056,0.1877217121073262,0.958549076283113,0.6390998132081477,0.2880035899628134,0.320858397,0.136418183,0.463157895
0.4116900681938393,0.5642720996986158,0.5440201582562916,0.060786555743467,0.8326129323022021,0.9842958478437814,0.7063275368588255,0.010455535125693,0.1529137739990578,0.25720875,0.452393683,0.572093023
0.1879649278637482,0.9304345154983558,0.4823333050147246,0.7255163543462957,0.240678586788998,0.7354383713945426,0.9642870921117812,0.4957716498479767,0.614206522968243,0.587766108,0.293265481,0.0
0.466513320735462,0.3865790205627378,0.8495878161351178,0.7467981651072086,0.0477629416418698,0.3423553836368492,0.5709197550898583,0.8387900605233963,0.8516630506451148,0.210464134,0.263025309,0.0
0.3119851774953061,0.4735169368291546,0.4309566318131581,0.9764430254167262,0.9768357220672118,0.5579301889401146,0.5336422591126999,0.2838008351856722,0.5018399277130077,0.284433791,0.363480457,0.211764706
0.3325716419293917,0.6342796636210936,0.9857917752310732,0.2187328902595031,0.2572766989713743,0.5256826048310401,0.5699852177690212,0.5501292937958893,0.0404015400532822,0.33741598,0.374254905,0.607594937
0.6960298751093515,0.1895584893191875,0.4051148219803078,0.0400126516072156,0.9391126720369184,0.2158015062790412,0.3581724507323655,0.4098161354464227,0.9887130851771776,0.107418656,0.41133178,0.488888889
0.0408924408223568,0.3549151332922599,0.8356942551962963,0.6599346307390113,0.4966452960934424,0.7035841121560384,0.6657419203536445,0.9523529858278892,0.8185204864395453,0.229659028,0.364739555,0.372413793
0.443816037342432,0.878465729938725,0.8259712741344087,0.2962904242231312,0.7090597654360157,0.2871420721760914,0.8186817680515772,0.0584477242161359,0.8100888681528554,0.733502969,0.37977577,0.372413793
0.5559690095656765,0.9389863773990595,0.991443418428534,0.0236334499764976,0.9762873171500476,0.9739649095732528,0.1031653566427247,0.2214568701223412,0.6681928752530716,0.438678657,0.607039296,0.0
0.511841217729274,0.7463817742229399,0.093092984419921,0.4751966515671652,0.209726698236799,0.9831241855195432,0.1410777202761108,0.6275436238083213,0.742670071209707,0.248789839,0.522863873,0.171428571
0.2403751056312015,0.7761108598238956,0.7089415426398066,0.6486509206189696,0.2009462532596869,0.7640865720293598,0.6636503759888965,0.3606130909677651,0.5399872943017962,0.474317874,0.437685619,0.105882353
0.3536791629883092,0.2677382945120469,0.5036668305008872,0.7643963042528635,0.0359202168749215,0.0142165753568225,0.678728458598418,0.0808617830400355,0.4396239312319099,0.151714883,0.079079245,0.511764706
0.0169010328106957,0.1482915611205512,0.5660187643465211,0.919884283751485,0.8477718947502797,0.4591213000215641,0.7119595477090662,0.7042161202827188,0.9530691147864954,0.138996663,0.182721561,0.212903226
0.0346948930419729,0.5216265484401865,0.6615700144818554,0.043043207148723,0.5488837169624147,0.1926504874152117,0.2695442651875731,0.9887918034780409,0.6547187045002896,0.175784488,0.140693925,0.171428571
0.2714639916573427,0.922776758181923,0.8905184322682347,0.95904653002671,0.0460640852452449,0.0230805320213359,0.4334833587932191,0.6071398289688968,0.0116801275496413,0.318173683,0.025421068,0.0
0.9483902353867936,0.4954275000796987,0.4612034520106305,0.6475334004577046,0.8527116951876534,0.0232782064314664,0.6155204366422807,0.8185910686278142,0.5082213358849766,0.258836842,0.149484891,0.47027027
0.4424616054130609,0.423590036715989,0.7778905741200228,0.3759346758676591,0.1941908362743416,0.0939724852912682,0.2702899811242969,0.8626740617588392,0.3024829546404164,0.112733429,0.20317978,0.537931034
0.4251612194057361,0.5231732104261105,0.6187510447234064,0.9944083490527568,0.8887525014377764,0.2698042855281924,0.307658750864543,0.7352613381339618,0.0942548496483546,0.13718873,0.374749213,0.703448276
0.7443654317072302,0.8483093326526545,0.3274471655464478,0.7560548003802292,0.956272647109196,0.0827516515734783,0.8149691035147246,0.4752225027033459,0.3080346177274065,0.523312912,0.295179997,0.590163934
0.2892027701036279,0.3174437295086157,0.3293619181759096,0.4915692421002011,0.4336430393360776,0.5390461000797372,0.9831908560487956,0.7341418603792815,0.7834415077252513,0.197799409,0.389172997,0.178723404
0.0386171662483528,0.4349922841816054,0.662762175859996,0.1541534263770777,0.4463011050909584,0.0901500379954483,0.8449515772203772,0.945818035396656,0.8515265448506693,0.252375176,0.063771293,0.384
0.8116190376105191,0.9607730283173846,0.9025444705262314,0.1055534295937167,0.4855490597116009,0.0784216021311972,0.4903023828026681,0.5826496608481958,0.2529829576601795,0.357356235,0.382077307,0.705882353
0.5188973434947027,0.8763332639806678,0.4886982999276659,0.2156047936674817,0.9800318339357148,0.1443381856034569,0.927233739397485,0.2919108654511834,0.0681949853097467,0.580630417,0.203505395,0.457142857
0.7361814772928462,0.4121536487853454,0.9859353542609018,0.3278886377078792,0.7732179557525891,0.6945276306155862,0.2415141327343914,0.8332349150020785,0.0124174309695319,0.104505966,0.719387929,0.24
0.6441901453230734,0.9234155807422634,0.3624411201608013,0.2304777043571527,0.3283229048504048,0.2727890967358273,0.2995559751253601,0.9735352123714022,0.1778644941835679,0.266680402,0.297955991,0.64
0.8036990665242633,0.1548724429014419,0.1231113245814192,0.5416939652852443,0.6355387176132739,0.3869923905042053,0.9516814207424664,0.5712247239355165,0.1559219643301904,0.10236502,0.448181329,0.0
0.7564634890567723,0.1743473074308122,0.3059634401972421,0.7471850036752271,0.1910765546786935,0.542194413951479,0.9783184598420874,0.9106906869123106,0.578868365659524,0.108079526,0.473532921,0.3
0.6927303341150108,0.2523595386165957,0.0480445172624446,0.0432978362109369,0.2675255122998496,0.3461797679874419,0.1056991016468777,0.0075639636054753,0.9464421582869909,0.130341673,0.275575404,0.705882353
0.2074369097840958,0.0681945627911818,0.9667020239012214,0.6346301422587305,0.4832172238551384,0.2514413570163694,0.5575968816223529,0.6046256740380613,0.9342431706184742,0.104322647,0.19095878,0.0
0.9897579160700088,0.1778352661531551,0.2774268575060686,0.817962842558967,0.4002149091253635,0.057369180871066,0.9210883203155712,0.3154549311634934,0.6428304991547586,0.12617407,0.207675863,0.544186047
0.5116480181214512,0.2032414307768306,0.0508734289172536,0.7543353768272713,0.2360869643582073,0.6611291745939668,0.0817666421160422,0.2938878797209505,0.5139249959968322,0.072390147,0.47595935,0.56
0.706532471708384,0.2668966130388313,0.9842324923210422,0.4075608273271826,0.5692190925870416,0.7005013570594472,0.2211073201396087,0.5062578452139084,0.7653024164248441,0.081965832,0.613750733,0.369230769
0.2183741344642337,0.7098951988399732,0.4929672132010456,0.6138062533808526,0.5029972664448543,0.7885510051578735,0.0856425376021209,0.0044415688122005,0.6741138644041628,0.27837111,0.33109123,0.0
0.9828143415782964,0.1234424992992774,0.5687572765832638,0.7453772091469644,0.2637079505447596,0.1611732651911287,0.4164954343842582,0.5263986122385264,0.2082377207767956,0.094867226,0.157695007,0.15
0.6748992182671955,0.281238744152429,0.5834540392132164,0.3961587055722437,0.2217724386258389,0.8193799037333355,0.2947016721253301,0.0360889627946174,0.2291717353643959,0.147924267,0.454808599,0.0
0.4345336737215665,0.4090217200313151,0.7165356307284534,0.3400435909610176,0.3272999004364707,0.284482680389208,0.0095571866026122,0.4892500286061272,0.3718646504437546,0.135636393,0.345308141,0.4
0.6609359318277381,0.3091685106274066,0.9316117188680796,0.7466405841594025,0.6100140841281744,0.1455459466615898,0.7713845817671448,0.7994429240797757,0.6558606187154757,0.203618288,0.345804102,0.662068966
0.8804444605372048,0.9896896542077896,0.0406682582025216,0.0847027583644469,0.5058738253911963,0.7821396475228223,0.5056493471147648,0.0615016478284574,0.5374964149428962,0.527752682,0.5683117,0.141176471
0.8324737932075672,0.5055393101248781,0.023713670811899,0.075807230433497,0.8903319325049703,0.4942570509806031,0.0491164932773363,0.204900167189621,0.5683656423575937,0.205397441,0.369980692,0.15
0.6668695320412131,0.2462223483382382,0.5871524659937594,0.1905128641131451,0.5160068436187034,0.6882049180819901,0.5992472286117685,0.8554812456488686,0.926838745780566,0.191827529,0.512158095,0.0
0.6290001557463923,0.7869186948524619,0.3103849699131782,0.8036692658301883,0.9599816568357352,0.2526818455718,0.5966446172514384,0.3694821779290704,0.4135017341590057,0.436491496,0.350754172,0.12
0.3494720003981215,0.7071346651253043,0.2202972571138858,0.0881901773962582,0.2231774897830135,0.9081858424964672,0.2410205481633459,0.4869765766250331,0.3177421037708144,0.30262462,0.357944354,0.24
0.7731065200632975,0.5882965139392858,0.1606924278935265,0.6910466780185767,0.2664690335039217,0.7638650055963617,0.4119780538599759,0.0942481643562613,0.2555080276434373,0.267786351,0.615260585,0.0
0.8645857876456923,0.78906981555502,0.6015070039048209,0.4258847610194656,0.6093458835035512,0.6728089977865037,0.0804110277482839,0.8351725946151697,0.4660445872205043,0.325909515,0.630877844,0.0
0.3640882098363511,0.3099091312277537,0.5179024649174483,0.1794200654074306,0.5023179960107095,0.679736450951637,0.057821572363203,0.4951208808569934,0.1997735052519678,0.145322376,0.327419433,0.36
0.4035152946438312,0.6512176681977261,0.0164688230899238,0.8840139332009538,0.9054745855707366,0.1320821364051273,0.6722646665028782,0.5108468441248438,0.6339366207686078,0.298267035,0.170617499,0.027272727
0.6385506973990529,0.6947793730785546,0.4984536209261954,0.4228075634307016,0.0611027444673754,0.5641122002669537,0.8413390421887366,0.4005030775228982,0.230355734152898,0.400304515,0.261002516,0.085714286
0.8494656937375838,0.2264826036537982,0.2751506530568017,0.7096653836299551,0.9703784259295514,0.2799056161893748,0.1415461193517836,0.6793638828935317,0.8004019740581297,0.086991163,0.374061074,0.0
0.8621822493086775,0.2388292073491179,0.4554985209135186,0.5782657225289622,0.9439790347578866,0.4965247717238955,0.0641064050679972,0.3010714117750215,0.9369870370239148,0.111022254,0.524481801,0.4
0.5711582591120757,0.6551227571420484,0.3520092478492129,0.4535337834896973,0.5190781093823478,0.4196529042866994,0.2234398129747766,0.9312339191368836,0.2356491570702141,0.132709161,0.396653686,0.3
0.2389685509552253,0.5091891393276817,0.6724451486085736,0.5763990726888604,0.4074122356926531,0.1504206916157683,0.8885352803607456,0.1197903529999525,0.9305960489215104,0.309884546,0.212620392,0.610526316
0.5917563222619248,0.6586079534033559,0.7983551554419743,0.8734484180402594,0.2043243400966662,0.7809134781255554,0.4482452756557505,0.9244477351092472,0.4133000185364944,0.131120511,0.438065478,0.15
0.274195325474962,0.3306956419837145,0.8574093227799504,0.9355131432894662,0.5318421916223887,0.0370406621421544,0.1832304285971002,0.6107378837376845,0.3448742790261803,0.081018812,0.091393686,0.711111111
0.0089683121849735,0.9150945029759876,0.7279894352972832,0.3462306946869912,0.2996807018575215,0.7826322443971723,0.00280714889504,0.4417427527475451,0.0533501662851885,0.416520221,0.201950791,0.45
0.6758689704623562,0.8272058425597271,0.3227320490624198,0.682523373745173,0.9124825622104904,0.9390995923041562,0.1988165903712235,0.908883488999261,0.0182947508814176,0.185847483,0.426054176,0.4
0.3023355330108097,0.8731546636631468,0.5815066058125244,0.1080885874545797,0.8837660518777111,0.4072229969678232,0.61969528060758,0.4593227217025949,0.5923987950443222,0.582905007,0.373692352,0.616666667
0.8823143793454479,0.7000191985324616,0.8698751443426599,0.2290568974404669,0.7986969338183592,0.0998558912965993,0.9020231611030404,0.804994086734351,0.044523484327239,0.380440221,0.159677606,0.225
0.3076476372562868,0.5293848664317435,0.1852321742481557,0.5308213478976961,0.3868628523179616,0.7376537197272981,0.462736449363036,0.2455710702809214,0.905070127661144,0.206161528,0.192731813,0.3
0.8844609678408526,0.8183185500928086,0.1188096161349641,0.1303110272216291,0.6945588930898532,0.5355031780240846,0.7049667371964924,0.0134129272251342,0.2375815373641754,0.489456664,0.546360005,0.438461538
0.024502233209367,0.8383204844237435,0.0702937789125004,0.7437592264941072,0.78626985550411,0.4116775371908927,0.0184063067116021,0.8572276843772891,0.6075305593377897,0.150765474,0.162074941,0.171428571
0.3822493662576973,0.7336767192125406,0.3433382365883315,0.0758165681566981,0.7549306135646049,0.0433115283393156,0.8831359149676908,0.5267751690066659,0.3374162284201549,0.347792826,0.144625128,0.62970297
0.4322214892792372,0.551448116246013,0.0585143202170149,0.8327512130667196,0.4449871503472812,0.5662217734682141,0.2183169665097176,0.4811832906941824,0.0050956125369786,0.27787679,0.0,0.0
0.7592903599498612,0.7159354582717948,0.6236653106649416,0.5625754944756772,0.5653533590861634,0.7964662365909877,0.2867602945805535,0.0390905481020984,0.8011305151858628,0.258088742,0.506474963,0.0
0.6371254194552309,0.3973005950695887,0.3508575205107334,0.3625410284996184,0.1982070503546719,0.3791987710268831,0.380408976302257,0.1018108820676192,0.0623540825540708,0.09649372,0.463164501,0.68
0.0201292988559388,0.3924854610560323,0.2524976389887873,0.0105282296822103,0.8212235483119041,0.1799336611574418,0.671208801107419,0.0403995057940091,0.8419210371592188,0.176586189,0.164829542,0.586046512
0.3943091905302015,0.2212102984377106,0.2543576977137964,0.0795953282853055,0.8868980658846671,0.7907119649539527,0.5157304188225735,0.9700605677347228,0.5885241412145961,0.144089021,0.523367899,0.6
0.4797436158427984,0.2717112955485491,0.0439604998145481,0.2375096609545719,0.5038762578022099,0.4211204774210974,0.8829749002878552,0.8214721676021253,0.0448576668901931,0.134407814,0.354989279,0.465306122
0.7990328097876209,0.1180638283095606,0.9150567138623266,0.8141172023673018,0.9243001978665634,0.1375932272176135,0.0630175181447546,0.6437253213138123,0.8617290639214883,0.120946892,0.189694741,0.0
0.9091135108920044,0.837796337978759,0.8109874846967882,0.1516707985162038,0.6031716254957733,0.4345471468870673,0.2684151086267295,0.4619090585140155,0.1401557980321499,0.086293707,0.395581065,0.0
0.1172279807538742,0.112739855022912,0.3353167865255363,0.3015430306633508,0.5397140544524534,0.7617024430825025,0.944265765720789,0.3011393914728328,0.9994353090511098,0.144864109,0.274776712,0.3
0.820168804557975,0.9457511283190372,0.6991902368335,0.9999817674941178,0.360318245191615,0.4220445616544639,0.511118586266006,0.4758418210962576,0.5459322915429189,0.58998412,0.369423602,0.0
0.1739204857273056,0.4978964329450833,0.2646742404657485,0.6983375272922394,0.5511919129657834,0.1423912091255778,0.6685988469461221,0.5976417019308804,0.0806538810933528,0.185484256,0.173929296,0.643636364
0.1746239166529565,0.6116685109249318,0.121375922777182,0.6560626024197816,0.4192712074160293,0.4482195135495898,0.8981597093363018,0.8833120164811037,0.0634675948076979,0.275609617,0.12016277,0.0
0.7878198903631712,0.9986233237372912,0.9014305612780584,0.3873811032749716,0.6349501283089546,0.5086801645957142,0.9059408175586766,0.2254092776414744,0.6624046514217621,0.661195867,0.36840446,0.0
0.1344039427033591,0.4311096303595011,0.4577145634562329,0.038337527849292,0.8304576589583125,0.1813431757826089,0.769339040900453,0.8257339932858891,0.7770649333446131,0.185503433,0.243120323,0.516
0.8533165360917673,0.8875465115537141,0.2226586904345533,0.1927443796953893,0.6003314839330285,0.017391561795489,0.1470181538924126,0.680298085196391,0.9150243950770894,0.393480593,0.168701744,0.211764706
0.933378614813856,0.5462021615547422,0.190456456123605,0.0086745173132974,0.4413452220706093,0.9217709127994148,0.4923464161476442,0.6983330614980787,0.028510862575972,0.163015266,0.282240022,0.8
0.8266183896142372,0.0283114959609687,0.0121090673958292,0.8315213028546874,0.0712100463789503,0.0733466834105441,0.9429958346928315,0.9194515192100942,0.9022000081088756,0.09724508,0.213775446,0.07826087
0.8448488331598958,0.7033142242585804,0.226558189131857,0.1650335057059679,0.2593012087941886,0.8952166061601984,0.7152263580889585,0.9747369215540708,0.0216067848228612,0.35413765,0.420485551,0.826666667
0.2037081969239441,0.2830949881157327,0.5360100662733076,0.3234807755998381,0.0447858238283557,0.2368982166649587,0.0583229823708605,0.7954082021784353,0.9113386418020608,0.129003155,0.16532425,0.0
0.029757750065403,0.675680773775375,0.3334387737830755,0.4938031825829335,0.4810699858659297,0.1798618147539206,0.9263642702984644,0.3044683821011914,0.4797656866833888,0.284820987,0.06517035,0.345454545
0.5461048314818553,0.385652510053718,0.3313834420972297,0.5546298980237429,0.5117684194992146,0.4005714800672798,0.1708896925039608,0.505634065867583,0.2724602999836029,0.090082262,0.359723902,0.730434783
0.7842933846021514,0.1315296843044436,0.2645509044327245,0.5924839737313772,0.3330579813009411,0.2178293407817435,0.3500711936063002,0.865756060486677,0.8880683708348467,0.060599736,0.362658457,0.545454545
0.9651042604979854,0.7342270839985853,0.6333729022203946,0.5427680280211942,0.1688363291466326,0.9537081255251596,0.9724229635719946,0.8725166864958648,0.1475468443375385,0.371380159,0.531119016,0.521052632
0.3159580273151977,0.0443490287990183,0.0258253491016324,0.4208573141309973,0.065934487524925,0.3374446241071882,0.9781750023210526,0.9707065577674824,0.7442488961973348,0.085573474,0.395104606,0.562162162
0.439016678461848,0.5405611822621847,0.9130581963219788,0.9052114222466096,0.5612840056577313,0.0156127158570825,0.1380999770104987,0.9396123690682886,0.1321897520755357,0.149799578,0.145801849,0.617142857
0.1671226433302644,0.7101509989817347,0.1499415547672304,0.6622636928230831,0.0197603997032825,0.9240276963074656,0.3447780683860111,0.5701829026570782,0.4939906314731452,0.294091223,0.33352187,0.4
0.6530451002811072,0.3568401630778506,0.6599119962028055,0.473401972108266,0.6953080334762479,0.9488411470907128,0.57474468516261,0.0199246394820661,0.0795161108516789,0.166733488,0.559508602,0.417391304
0.073792096575799,0.9265844469819464,0.1784184238161054,0.7157516081363563,0.1575052867384671,0.8903507169950361,0.349420598380614,0.0023285512516036,0.7089630009497536,0.244801797,0.30459646,0.0
0.9963303209148888,0.2168940768493247,0.890234248373386,0.6092329126415381,0.5607208095977562,0.7622791793684085,0.7308121857599027,0.8445221592769137,0.9217062610449784,0.153379841,0.504753116,0.153191489
0.1665388150055069,0.901085862430942,0.5588086033300262,0.6347747493131799,0.100574826245806,0.2612754624645517,0.1428610686252799,0.6162915864704901,0.5707467710488372,0.377397288,0.23546547,0.64
0.8429349429049607,0.904889610895943,0.6538479784190279,0.5334237676945027,0.19053218269222,0.4979036286235168,0.1765168190147915,0.1275069421608116,0.4594396939259937,0.327396753,0.593099697,0.282352941
0.1766949200304024,0.9705426267689676,0.9939343474041592,0.9128374076322496,0.8366307150244886,0.1171248802343004,0.8281686239862942,0.6013909803434382,0.3239784726186083,0.720632891,0.125047285,0.4
0.7741368329105686,0.5255312392895609,0.3376761890964936,0.2860622037585122,0.5339785704303059,0.7924488658871255,0.0824809259034813,0.4033748446649473,0.5755977269054124,0.183071674,0.462460324,0.56
0.0773143465734829,0.4225029971268021,0.34494756501532,0.1976688877011158,0.8066770736773969,0.7575506968931822,0.6955457082622064,0.1589919177734021,0.1549844911548094,0.224692931,0.311447618,0.472131148
0.7676533633520735,0.8453345434129863,0.0600972043366675,0.2745022092607113,0.8096506813329074,0.4152038180242317,0.9819782593414428,0.466638114507214,0.0176170759387803,0.320535213,0.474387,0.638297872
0.2778108869636103,0.9322209181488949,0.8573503619836622,0.3017367036230668,0.475068435998039,0.2657157582583802,0.475395046583402,0.3407211412459023,0.0915631941078378,0.408731525,0.287720764,0.631578947
0.0681080323067745,0.2548199797930996,0.0164239691831217,0.2494077687287141,0.2146380258589869,0.3685618891996693,0.913791114850286,0.2084355356098485,0.4645691569828318,0.135100195,0.238658673,0.713207547
0.1170258392223319,0.2139791828988984,0.1224761333083033,0.7860286432685262,0.4435853635934713,0.1810677516548388,0.437888710027623,0.4069792191959598,0.2069412326475296,0.06113051,0.161173333,0.533333333
0.6539180251129404,0.2026036792982292,0.8781645333682535,0.7157582048040279,0.9561690888474452,0.5089349296484929,0.6539726542942269,0.0229797342561663,0.2079306511249739,0.146419946,0.439706217,0.259459459
0.4406643692781977,0.3518851321630377,0.6201203387725402,0.7813146948067939,0.3049320917904679,0.0599677936742139,0.8437365102456824,0.4902270035442446,0.2118103587263888,0.218224644,0.163395067,0.430188679
0.2177198908549026,0.1364136394725811,0.2771455409317828,0.4937086998694339,0.2704371180724966,0.8144380388042058,0.7905564725429837,0.4395379548715411,0.4501764136872892,0.102562541,0.336381144,0.433333333
0.1373681682999434,0.8618390482020367,0.3611420783932391,0.5602335714912265,0.3023350207011371,0.1378849507883662,0.3358654116405165,0.6598056219974278,0.781858600722639,0.470298281,0.16224357,0.705882353
0.1191536379283073,0.2409997062731167,0.2358200176499426,0.2119456295939437,0.9059947069636182,0.1060997938987962,0.080812187941064,0.873502555230804,0.3177318073013346,0.062557013,0.111486918,0.285714286
0.9748503412357,0.6282544135484843,0.1922074211482469,0.7138322042100431,0.6882978040585851,0.6776058566672543,0.8326082356394147,0.4199932391796979,0.643907946508804,0.275474537,0.534226909,0.0
0.1608834477815971,0.2974572317647247,0.7390329432179895,0.0060217340266309,0.4653654369905202,0.2799686717280487,0.3635141860394987,0.6359606452939672,0.5038139663753399,0.123008246,0.157692034,0.15
0.7830396626440412,0.6361592339113189,0.116185374091596,0.4247335256035834,0.5911397467086024,0.6589573215982005,0.2351844492954503,0.8166412547837927,0.0053883775630566,0.0,1.0,0.0
0.6522561381256414,0.3928242279945559,0.7624724491858553,0.7976077756067137,0.1777894983058466,0.5713211695903531,0.6008113876445402,0.4963342060853581,0.5487909912814488,0.222036356,0.374728478,0.0
0.186309931194182,0.2763377556245528,0.450298640736422,0.664285602048002,0.1204868739212577,0.0683202594997425,0.3874219723344919,0.7097952299110794,0.9252113227305964,0.128393588,0.065592885,0.184615385
0.0507478611943434,0.4819550683988319,0.6765102347568679,0.6674448987277279,0.2423661133231197,0.9084534203861452,0.3905794687641941,0.8519145289201773,0.7242178490953476,0.224380064,0.099810662,0.0
0.1287045550288944,0.1121090537464161,0.1721959698553226,0.677067357111106,0.6547302630991941,0.7291872804039242,0.5707254084704877,0.8637573655657026,0.7808573484004369,0.141682437,0.207383125,0.0
0.6193613997152282,0.8231382864750775,0.6492416329251888,0.3252483536108183,0.7107618051965948,0.2836069901849436,0.0640314215382696,0.454548692018729,0.1462384998968618,0.29754903,0.385948729,0.675
0.2674914900490863,0.9734763857035488,0.7789267890152624,0.0360640319783351,0.4761514116412203,0.5577520740328182,0.759165408867331,0.9072355394662678,0.7090197719929999,0.638122781,0.435792322,0.325
0.2742252489607414,0.6304767974065963,0.0433685677357256,0.9609485319756188,0.963740986512675,0.0221227131300043,0.3243248050214589,0.7557841840231164,0.9415262864196488,0.187804278,0.069700213,0.675
0.5283876702586087,0.6422778447984153,0.2149662678989169,0.2690103337821299,0.496571004888205,0.7731945427374252,0.8761743128451664,0.360924540403486,0.4326327340138246,0.287627379,0.386736738,0.1125
0.2714972967255669,0.8107795792416902,0.0320249040507552,0.661186704565443,0.8306027687625718,0.6730779208108031,0.6872621416117101,0.2298517147047168,0.2773160786692854,0.377682714,0.36817807,0.144
0.8946321740184824,0.023444623067575,0.7962820320338916,0.8730962798518764,0.2248571855514995,0.3695705483199689,0.7824323931735223,0.7731590736533704,0.8187341933919402,0.101663312,0.342495656,0.058536585
0.2659514117963424,0.8881099491743063,0.0689487038242514,0.5276354021508253,0.7267457046665655,0.4302829276116925,0.1691510363075504,0.1991569958197021,0.5491006462511003,0.257776058,0.318824669,0.327272727
0.775392410186919,0.7027277201599201,0.6548314451818964,0.6477430287164371,0.494848976158222,0.927743245010204,0.3646315721362901,0.3964589451679113,0.1121928828452848,0.256199828,0.55844556,0.3
0.3693323251999301,0.5065073135774765,0.8754675308916285,0.935670208984248,0.501066197917993,0.7417746307461011,0.322961607269761,0.6892842208187291,0.913239036617378,0.123657309,0.553537811,0.0
0.0214854882285101,0.2519103089764657,0.9374843322192477,0.8040760093846598,0.781959229806808,0.7013226996460313,0.9076994032345368,0.5663273445345133,0.7080417583283701,0.161839328,0.270450128,0.136363636
0.6775491927784374,0.0042092816927943,0.8629615642642784,0.7452937970539685,0.768276650871997,0.6916544689239871,0.3803938518036064,0.155997967535192,0.0498258141159824,0.061068274,0.385007214,0.3
0.1059850018811888,0.976205947561302,0.3199305986545855,0.8099234876512861,0.6491367215475606,0.1398850704661673,0.5648318366398324,0.301730162964278,0.4350762650709666,0.647597904,0.128189254,0.696296296
0.5768797959865102,0.9965648670910426,0.7936314179305637,0.3249082792331595,0.2898961343636478,0.0287240052092091,0.2993321420914943,0.0942544229970525,0.8117853918132436,0.600880485,0.110692242,0.0
0.3694904958770814,0.7112165800171023,0.0698999531188467,0.5764347871619027,0.5269360760216741,0.1273710869707108,0.7300908933530117,0.3153816153252426,0.1683299250926899,0.27935956,0.120766965,0.184615385
0.8212513542093947,0.1676205887805988,0.996263091756422,0.4686269470397466,0.4521453136221518,0.1890761835649202,0.932592397472248,0.6530222381479861,0.2052345879418385,0.117423391,0.394096144,0.523636364
0.5723111181238624,0.1454403120856212,0.2398318981842651,0.7426355757954071,0.3848857792997532,0.188463101354642,0.7866132449946118,0.615023867383455,0.8566937295178273,0.166498303,0.283950176,0.382978723
0.2282242585250196,0.8554077169367134,0.3038915056100033,0.9682037371958354,0.6373479351950946,0.1965189831140037,0.0170930801291562,0.5744079450089845,0.7235268020557146,0.42451704,0.15484871,0.189473684
0.431670755406403,0.7323437303080718,0.4351381964657551,0.6022968105630838,0.0627305789788048,0.4026338316462621,0.0945598810756421,0.2100751133043098,0.628347925648799,0.141292457,0.445309465,0.218181818
0.9329314060390522,0.5053659580117821,0.2677910034502695,0.061473832106085,0.7742107115683907,0.6870248867997526,0.0701203328966189,0.7178729771741468,0.8880633186658339,0.190972053,0.540755242,0.0
0.5848493195593149,0.9761819686173758,0.191596724907247,0.709278053301953,0.009480601079795,0.5933885038273881,0.8918604473778006,0.3748040041302151,0.466818201627217,0.6291594,0.484116669,0.195918367
0.2693139850414457,0.2587501545009251,0.2129555429517489,0.5320874288846781,0.3952051803218089,0.4168542841370032,0.3707335699401737,0.6805256484585848,0.0742625662474142,0.074910301,0.291413359,0.36
0.7199749598536404,0.2825449966401768,0.7411253686796647,0.476439667343292,0.5223592886424038,0.9044044811982206,0.0423046143115283,0.3352911837121248,0.7051476264268289,0.102542607,0.656137541,0.342857143
0.9017248025144744,0.5812845083267623,0.514818486941181,0.9992726481610922,0.0924140393260861,0.2448583294263309,0.2808816056507733,0.4867958897545428,0.1655440346237289,0.191444996,0.420278646,0.133333333
0.1888998787182707,0.2298217220810691,0.6322351747227821,0.0766665713320519,0.0653308756438868,0.7997237870331352,0.270646742244838,0.3179944555842547,0.8196952771702792,0.138923009,0.358287559,0.3
0.1502649487862236,0.1579172360191081,0.5719366136304062,0.7870857583380182,0.822793103478607,0.5146003693496961,0.3305403009144849,0.1886802937819608,0.6208945947382932,0.096696594,0.315189315,0.171428571
0.356230511570177,0.1421661978332794,0.8024590252506345,0.2059252558911233,0.3650371869493495,0.6200253683435881,0.9905819545712032,0.5207597777708407,0.0713455405167018,0.111381025,0.418379925,0.593258427
0.5950839894813199,0.0303073295138894,0.254587936680178,0.0698496105912895,0.558381573765896,0.1888584945695971,0.1594062249637844,0.0210247335346953,0.7325680179374985,0.035755573,0.192927592,0.15
0.3908166034763083,0.6754512351871466,0.014511889292831,0.8075944858906705,0.7924327139801819,0.1829330841970949,0.2761305833463829,0.5369804296149427,0.3057778419199176,0.180754208,0.207256271,0.0
0.0891142560192093,0.4708757369303507,0.2987620488410194,0.7074046408305171,0.9388078512374096,0.1755543269417808,0.5050663122090704,0.6402631733097592,0.9538044591058616,0.279817582,0.153115997,0.139534884
0.7764215497389207,0.9776220802615732,0.9637444982346332,0.5148624907766491,0.4217289820096083,0.9076785795555468,0.449313511533581,0.1919792426240124,0.8657710987881452,0.514752893,0.45163286,0.514285714
0.8961851708881196,0.4397317415954321,0.7349624788877474,0.6863612732688704,0.7854453868092931,0.1509882045242963,0.6531224120750441,0.0406544056614244,0.3616242296568142,0.199934012,0.290978061,0.156521739
0.3958063266253626,0.4140877088084356,0.2970583054407173,0.5588473088871293,0.5977016035391755,0.798717772703142,0.017619471504694,0.7223634132419328,0.585470431626043,0.087798924,0.51310489,0.64
0.164423720275763,0.4293476724891918,0.2882862274635815,0.6921684717196155,0.395993837767319,0.6878431206891811,0.2437481999843576,0.977847321896444,0.8026199656088042,0.179489985,0.33190655,0.0
0.1961141596289376,0.1010636491912071,0.3482698750151514,0.4146398596665916,0.2396246968754358,0.7406458822964573,0.3714441717883499,0.932286088765784,0.1267119691722404,0.053064578,0.482535221,0.133333333
0.9964666039769888,0.4832484905363188,0.0204071919850645,0.136525510380804,0.3692534087195052,0.5984637697489985,0.0458845947382856,0.8875305503025462,0.1685991564494012,0.125982825,0.575161862,0.616216216
0.6704083911487002,0.7120272290580126,0.047750844356277,0.7290868958029842,0.1370136999176501,0.5101758361929731,0.1048029380630226,0.6473150106696152,0.3634824247911986,0.263563223,0.395988703,0.0
0.7053276293900947,0.4730072046104144,0.8195826737840386,0.7027653412737099,0.0513854920707651,0.0745945387795403,0.3460288729898737,0.9929161499730002,0.3408464334850383,0.175587566,0.263928833,0.6
0.0077504630917264,0.7994468810634375,0.5852545736718833,0.1865031712375441,0.6583723776614866,0.91499999625823,0.1289474751551457,0.1408072141930325,0.5023496745824354,0.310283986,0.329003819,0.576
0.8289584175834659,0.8221046239772422,0.9591414554129086,0.4105930366613496,0.1456245306438539,0.0021267189911987,0.9937341383176512,0.5176508277496901,0.3965655075803256,0.52857602,0.077722571,0.537931034
0.0164701579470414,0.1273691429793485,0.0096597175176175,0.2808668043067807,0.1782274802670079,0.990799191150904,0.8192280533973783,0.9181228102547516,0.0833712462093312,0.074803325,0.29294738,0.092307692
0.1663224723805898,0.5956247830262276,0.02072647055373,0.9314741851341116,0.0052742485617184,0.0836784690045608,0.3409365084247419,0.5695690297167665,0.907999192179906,0.218202693,0.057609594,0.15
0.6939073726545023,0.4496904901168683,0.1874082939397027,0.148886148901976,0.6261683408886408,0.9277996819103436,0.5459750640016535,0.556265296185527,0.7039128268093687,0.200053791,0.550338692,0.190909091
0.5049233472701725,0.5106275539005296,0.3274383643104818,0.5408236737065959,0.045061576980539,0.5224511028179303,0.8441955895461429,0.4875395468986262,0.0302001552127744,0.219658807,0.307834131,0.75505618
0.4728734588039219,0.7411989610024592,0.7257277067278698,0.6084549344875312,0.4953034832014235,0.2900442268429697,0.5190039600858711,0.8933501569976384,0.6209982458580946,0.44420964,0.369654567,0.348387097
0.5154231716066071,0.706781342136876,0.0865586859329005,0.9445419402393004,0.3586283529942463,0.5055343733552695,0.0482196394739729,0.0513911585538557,0.3983973124733188,0.122487558,0.407572254,0.0
0.1570020909411975,0.6370258197308947,0.4672878127730948,0.6351885043886449,0.564312302233194,0.4157469801717944,0.322087938127763,0.3358756196910872,0.5459522999362268,0.238941508,0.237041246,0.0
0.8195764264940296,0.4843559552752774,0.4212745743366024,0.7693978330493991,0.3486883788992775,0.9820116021679184,0.8685167661020454,0.3309970693854241,0.2905214415883332,0.217460097,0.710498483,0.0
0.9791285982452188,0.9883558789913708,0.8911897425490566,0.0105543139748416,0.93625509728868,0.6299006057653793,0.1533618848613837,0.9675690501042046,0.7064339608035618,0.440903899,0.517906707,0.3
0.7967175668042541,0.1393038459231717,0.770542428486349,0.6060043978948537,0.7872421363831025,0.4035760774207739,0.9868843665899116,0.0448754058588097,0.9327740952939756,0.122202704,0.445444248,0.109090909
0.2914323839877116,0.3871181956713281,0.3757660764799819,0.4256425453603424,0.2852018337294261,0.1171039634856302,0.9378850159810708,0.7017888834445841,0.4949508405784267,0.151648815,0.195545458,0.468
0.3057366041890194,0.508686658290243,0.1409418918180962,0.5198194915264567,0.2944036929466942,0.2946889203445221,0.4345110974091526,0.9634606384503852,0.8075483785612007,0.173720764,0.133781525,0.0
0.787607686021666,0.0104021322845706,0.2888865634977214,0.6314293147655524,0.172658635894623,0.1869961912247667,0.9084539731365756,0.3662329102164114,0.73064626496906,0.07492211,0.321229981,0.304225352
0.3318838352277046,0.161299730221481,0.6811275226070571,0.13974246475944,0.1277316410301601,0.7536789160691845,0.6790435185414031,0.45576579181515,0.6829011673649281,0.102944743,0.482206964,0.321126761
0.3638962850335168,0.7065598021496328,0.5751037180406519,0.8378428672953322,0.2825091954332102,0.3232113049541962,0.5313626932420451,0.2757353311900816,0.7670200891176165,0.387872794,0.262111558,0.613953488
0.2238400909807475,0.7929175753750182,0.5767580814155862,0.3079775195886706,0.7792050547124193,0.330606273185612,0.1258493341480822,0.06397644284813,0.7921310482847392,0.205969388,0.343803112,0.266666667
0.3071202203779642,0.9141360555711526,0.8007629935541675,0.5592934531131115,0.3153554544333007,0.4722582007224866,0.1021268752267126,0.5083786335982124,0.3031119928795301,0.362932547,0.454005111,0.457142857
0.0113848719822797,0.0567738275029635,0.6811937888464883,0.3140093027406061,0.9835131733872614,0.4797819869438022,0.3051137754636194,0.5081310046916611,0.0460842371784017,0.078937688,0.118631422,0.48
0.3223420156116744,0.0402526945504043,0.7099437340571962,0.8520490594372214,0.6775869506075315,0.2826567838823566,0.5211015506151652,0.0644364095514985,0.9673362865948982,0.11280916,0.30691397,0.3
0.5171411179409131,0.0372047462876331,0.5103742021524054,0.282204886285429,0.3254991982300529,0.5736197793169381,0.1974502773954437,0.4924550872326042,0.4420077954905752,0.040347325,0.572602211,0.6
0.878153310127764,0.5363899900944568,0.4972666481067693,0.4121345339975257,0.8772553233661253,0.4458678880383909,0.1306673270285736,0.814025617370879,0.3759914472640026,0.195481446,0.408509089,0.0
0.0623124014351949,0.6416034025969543,0.191317688882441,0.405515226183208,0.4867414550835423,0.91417545686784,0.9804743422081432,0.0762065535675525,0.2027601839939792,0.226699128,0.349031194,0.2
0.5249475376282383,0.7970076141237931,0.5857263952941534,0.8087645795060949,0.4963603309572632,0.9657894238501614,0.4716035484208237,0.7848145355346651,0.0246517595932496,0.217933403,0.531344851,0.432
0.4858711851008288,0.1767517618773182,0.9528531267971526,0.6137288805786842,0.0207284504963478,0.9225004423813122,0.0627435440259627,0.0514704448070172,0.5408848332161518,0.093193188,0.676612481,0.24
0.991915057401028,0.682909933796883,0.4591795119755378,0.5681336669321007,0.1153212596502955,0.918836942120503,0.4995869207365443,0.6712929129296802,0.0111308786214198,0.178175218,0.161306126,0.646153846
0.4525713607559313,0.6997729226835082,0.3569562582866885,0.0900318273921949,0.2137001665446068,0.7523463931390862,0.3708381501203532,0.7943733439456903,0.0742846092958356,0.195241178,0.480509554,0.408510638
0.1777678206390947,0.7433722958133583,0.4990543607816895,0.6923798205196628,0.9624327829776564,0.5729144916595238,0.786955276638168,0.1354813335043454,0.2399940406148774,0.493932445,0.328182545,0.306382979
0.9917624183091156,0.716840095353658,0.5882868666745653,0.677976553845578,0.7537688269591395,0.8780614284558398,0.8975152752861053,0.518402616736454,0.9823534362602596,0.448386902,0.52264393,0.222222222
0.4006166486284122,0.8354968854568465,0.23424501187105,0.7411797318722295,0.0984260530570939,0.0715511388670635,0.5065489654038785,0.7768904549530082,0.4118474743080209,0.339130113,0.15298877,0.566292135
0.370146351968398,0.0811067868465412,0.381039062171975,0.996070452042544,0.20268104397568,0.7731124982999303,0.4614974416164574,0.562453939405476,0.4835057096210881,0.066063546,0.33436684,0.0
0.3847383651661064,0.5646275182521309,0.7939961900492635,0.8243005286807371,0.6084097390765465,0.0274726488134933,0.1005295778567272,0.8514097354480007,0.1742210670908477,0.17720995,0.07151727,0.042857143
0.1736589298997204,0.7008670517108517,0.2949194959177833,0.9482789618583604,0.7031279943458973,0.6390410724664408,0.5113237760924544,0.5509892124654717,0.8329905678624359,0.329028471,0.367690447,0.06
0.4988718193774136,0.8761224124743919,0.5659858093287995,0.9977422320278968,0.984147058766533,0.984325060730971,0.5331595510057632,0.551447035844617,0.9024267310875584,0.744865272,0.487325175,0.220408163
0.2782277927890374,0.7447167219928689,0.1831526122668586,0.947284084745184,0.5504813412919705,0.4220406952542107,0.9924733436054894,0.8441458890423649,0.1316165247103967,0.295611039,0.383193737,0.348
0.4771314887000906,0.9044848011135452,0.510835128155151,0.4886915582201171,0.7643773135037709,0.827742379767684,0.0963866153147838,0.8450748495273678,0.0202104563348465,0.21128738,0.0,0.0
0.2290842362964398,0.1291645648002751,0.2343933577870419,0.1562344415036015,0.4717783290414828,0.8523843547741357,0.7018700957365268,0.9669149244364542,0.6410814483648404,0.134966597,0.273436906,0.0
0.1751995287080434,0.1963647804247058,0.677429039253401,0.4750013439240019,0.171408597162112,0.4307946470766579,0.8111641884100438,0.569279754766618,0.9194444849292368,0.181796,0.268509581,0.484210526
0.3697434916586758,0.3750266162703884,0.3220791821106693,0.5943557414664693,0.7331506072977911,0.430883664051395,0.3981972845136478,0.5744691454149233,0.4133464896274992,0.112553126,0.3802681,0.64
0.4344552669559687,0.5833256901970862,0.9923633620726152,0.5557329481350756,0.2226681406715072,0.6283089003059351,0.4824468964801387,0.6373013413878519,0.264173442115945,0.207632708,0.44762036,0.553846154
0.0129989790370008,0.7665030625444726,0.4306723542965301,0.536404841286643,0.080093043854175,0.7887860772088915,0.3384900425168223,0.6963298126483383,0.1224117596006142,0.257657983,0.161288336,0.133333333
0.0505100261983572,0.4684186528258653,0.6964039503619203,0.3664773432293804,0.481690011085786,0.4770651449770214,0.7883193003763631,0.2508329458338222,0.1772103640039597,0.219985659,0.289799912,0.367346939
0.8706624393490052,0.7461252333810257,0.2289783276725177,0.472920064126521,0.4029704791019609,0.1438045510845723,0.0961659344587865,0.4561777469439972,0.7457273974034798,0.231518868,0.383604158,0.266666667
0.7216083291119602,0.7353875423141554,0.3209993589970257,0.4935118451306983,0.0381976737930984,0.964013880371306,0.5755149640801411,0.7268388721111653,0.361659478027756,0.311033462,0.490729643,0.216
0.2999910620362075,0.5318546175069702,0.023673169082366,0.4054955892792125,0.953375846361084,0.7854482798321795,0.3434561363294978,0.9108780087689918,0.5475268905069098,0.101338514,0.317744868,0.16
0.7885926883004879,0.8550640218143641,0.023048810376246,0.8538398115779205,0.9186399199895078,0.3934319960763441,0.0098879576545366,0.2042858582501221,0.8841090929369099,0.267405555,0.447732265,0.658064516
0.5178827091288286,0.2148038222656433,0.5254304960543766,0.6311068939885354,0.8684976115673865,0.0345341019087307,0.8413794267907115,0.639566163544367,0.9760830734335824,0.167787526,0.124221287,0.6
0.9610157410246049,0.0738971905979311,0.5484918289374868,0.8694610776868138,0.444612401883881,0.202889998480819,0.1473178147268432,0.7849601148458325,0.361354190888454,0.091963305,0.395850757,0.685714286
0.5207198113167103,0.0857240232884746,0.0952745801127923,0.5269639715286197,0.0099376197233184,0.2704131392009826,0.2465090490303003,0.776431965529101,0.1243906915630768,0.082112421,0.351659516,0.7
0.7095465676624626,0.137630765468424,0.4282056486568807,0.9551506522190958,0.8080330299032996,0.3504263119302412,0.87187047604493,0.7455568126010452,0.1581034265861548,0.132843155,0.366548516,0.42
0.6771609641394498,0.6694371164112248,0.7673343099259226,0.1841099362638747,0.4951644753745218,0.6678580219674941,0.1511457326960642,0.1245041157870886,0.9915755668120468,0.247756183,0.586459986,0.461538462
0.9740574924035442,0.1934203243231831,0.4412462270209758,0.7784133053032861,0.6800014584802191,0.355944242855854,0.8433552147134127,0.2927327807747264,0.9689565092661004,0.130956774,0.44169994,0.35
0.156956249417321,0.8779881863267344,0.4895119504784785,0.4529571085381048,0.8414099731633665,0.3331880292828293,0.5279761935034445,0.6733905545688885,0.983179123409306,0.540148579,0.292587185,0.523404255
0.3810936953677949,0.2533274138991943,0.1432849741032243,0.8499499743017439,0.9322881789878672,0.7274563422581732,0.9628405789972329,0.3232167918004934,0.8341513960559965,0.169853331,0.356976883,0.0
0.0423023299181681,0.5633244159242324,0.8324858271159948,0.331052381212039,0.836282231148869,0.3475888833433429,0.1465425539445484,0.9791400635763888,0.7526075834505019,0.207307397,0.163066792,0.12
0.2244756160822636,0.7522790957611687,0.7134508204353562,0.6918338829713219,0.3567739417750711,0.6243278451254722,0.7008160812180362,0.0351205510712085,0.868511212594846,0.46417549,0.43536987,0.4
0.3354346931212992,0.7807368523738147,0.5643382145795145,0.062749219301363,0.5678206023939377,0.4091916270566935,0.4544341470885894,0.8596938942701509,0.7523616606058714,0.367691625,0.388168893,0.581818182
0.5284133478028944,0.2731350075473701,0.0714168685145645,0.6219827956216212,0.0104507408675522,0.8755919525460546,0.1835530886211773,0.0259336306072499,0.5475265234192751,0.115994469,0.538311982,0.15
0.3983875288280404,0.3085907079401796,0.9432082591998164,0.923025093332067,0.6456667462351904,0.5144634287168203,0.8892923647076951,0.1050713479680007,0.7864973405784959,0.201808415,0.283598952,0.0
0.1546472605800918,0.15995048785324,0.5652703551892228,0.0748968690270879,0.5136305886192772,0.7029097663827549,0.9314152446378998,0.9998608004814892,0.8572330784655586,0.161959713,0.296521736,0.24
0.4733635826726311,0.8276955321418155,0.4797001060626145,0.9403575494173886,0.3885889398115366,0.5947004339663328,0.9142407243427432,0.434645780191512,0.4202505924576802,0.471989228,0.382057854,0.0
0.4360361347668008,0.7690501958026892,0.1260150144855057,0.2091133446171286,0.5919252765896774,0.4226284820464326,0.1657008447276909,0.3493634397438759,0.2188784723270334,0.30539944,0.328189646,0.355555556
0.9483780389723666,0.9646711203218712,0.3817194003942363,0.7743330733902429,0.8763489441754806,0.5463741616732503,0.8173431825761579,0.8803461424032283,0.9879813534746432,0.753654581,0.668516454,0.0
0.7361520075007483,0.1292740141285784,0.0422859168105865,0.1803135547523713,0.5273421274469331,0.6018998634776737,0.0471653837697295,0.5341273089255082,0.8760016565926585,0.041317431,0.490504407,0.0
0.3022013114193888,0.6166969183892246,0.3561223200955461,0.521398236526259,0.1288891507372273,0.0315443196117731,0.6392163278574035,0.9978436640987578,0.1955572190032892,0.342103993,0.07081956,0.675
0.7733565357376316,0.7719102046701789,0.1989349763368092,0.1430686747052156,0.7727528065102517,0.7931411841405542,0.0846016120113762,0.3913669966651035,0.9512276373784532,0.229441818,0.514441505,0.525
0.4032146080905352,0.3836783248014873,0.282045040872882,0.0082949182018394,0.7375799882480988,0.0853675241024681,0.4913562607484053,0.4307527660192656,0.2422365127009912,0.124768353,0.144836091,0.48
0.0541115491442714,0.9807363103105484,0.4492583796699785,0.653023811334821,0.2144410327365622,0.1135026454680115,0.9335762595193924,0.2116711363583334,0.3413584217324344,0.530588688,0.074283024,0.458823529
0.1860943707137836,0.1911755625985222,0.6108392121502922,0.8167020558254476,0.600943966004152,0.7171293175316492,0.4424409467038105,0.1816731374581942,0.4474295746913946,0.073219547,0.44979435,0.3
0.8458054584108138,0.6604181670585823,0.1026813589908525,0.7004587490306846,0.5415427908385717,0.4311748167064535,0.9319311787457424,0.0289805787867999,0.4853814865849534,0.363081423,0.507506078,0.382978723
0.3590597925504744,0.3784458039055235,0.1948016299073379,0.7382266200997131,0.69726860546027,0.291377816630901,0.7972447093031004,0.9808062017185036,0.8340127984873461,0.215997623,0.361995965,0.425806452
0.9431364969239348,0.1162173232407859,0.0594830011459301,0.3401722700524022,0.2574336578704733,0.0428970004231373,0.7895377121034086,0.3515255433062901,0.7155421165470683,0.10350009,0.265500648,0.469565217
0.0322937603014762,0.5670496056816167,0.3659084048032645,0.6866560843033667,0.871434217047622,0.6511661248577073,0.3651005159160935,0.944044899293937,0.5658024070401592,0.230354546,0.264976945,0.4
0.3069128265379542,0.2037560370203079,0.4749408099531078,0.1128631590478497,0.4931706363479108,0.246080461895329,0.0044831172024505,0.8259536338115525,0.2973134691448973,0.094009325,0.164795439,0.0
0.4563612526516571,0.4891400297184678,0.1871026793471852,0.8674529594811586,0.2428468293639976,0.5665390085272021,0.6573071697881369,0.9692267912846676,0.7011741882259963,0.245841968,0.34655464,0.0
0.862989702347548,0.2696200764555914,0.1775740473652181,0.578785665698352,0.8096870916140311,0.3824232690721668,0.906343748593991,0.2414956767079573,0.4550395267546525,0.165757605,0.382071474,0.0
0.1853749852856183,0.8279440473461707,0.3402097209885675,0.4340880495411969,0.0385137530171091,0.5488538426007038,0.3544313512590754,0.3274402943100968,0.7870552939171072,0.288171208,0.308997706,0.260869565
0.4895194244291125,0.9057615943506596,0.4709278152168613,0.7800634194567365,0.9685324604216852,0.4346682270421742,0.0103676059255714,0.2231603488964211,0.0496458575196625,0.392888013,0.240684116,0.0
0.4597799193396085,0.3375770840634178,0.1187416510187071,0.6310856063281939,0.7537025833053541,0.9654872539516988,0.87963858496927,0.4646606120332394,0.0802061150282325,0.159382065,0.436005915,0.516923077
0.0264267707082787,0.9073760783973908,0.9523587837936952,0.0502377201931998,0.2068280334363907,0.6745246012457365,0.3077586014035951,0.0867149209860191,0.0066378395631341,0.297286551,0.132284105,0.755555556
0.1951058153833145,0.7534132964959103,0.1712933943672376,0.8169710403363067,0.7552563273357343,0.7370968580175293,0.0830136104340125,0.4028773049116304,0.5246609311285167,0.277433232,0.24993592,0.0
0.977067064782518,0.0007739490599026,0.0735688322801193,0.813797195318104,0.3268720714897724,0.8149301280667984,0.4987526414833081,0.0576891339363125,0.0283447982063423,0.033193511,0.208324869,0.3
0.1536076208308568,0.3560981055200736,0.4562506838997034,0.4949203198133929,0.1304645618703426,0.6152355102827594,0.1646672923754543,0.2157715656748655,0.9356835605843083,0.131856505,0.324985301,0.497560976
0.1687741318915901,0.1179531690008407,0.4470623476740362,0.7368287436682147,0.1925687415276887,0.337145623848373,0.9555084694894984,0.2897810180865573,0.1818767001344082,0.094857811,0.261398032,0.508474576
0.8233317325666304,0.4145914600371537,0.4627705356208775,0.2877816907558821,0.8803126683418542,0.4610256101527353,0.7876615847095058,0.9184839813539244,0.3709951652806412,0.191482275,0.440174232,0.0
0.645100383758756,0.531500062042176,0.8370979934329751,0.8379080787961263,0.5839480341175822,0.3759613087074822,0.0736643157060004,0.4439707231949729,0.8945698487857545,0.175803511,0.379638845,0.0
0.016972482316751,0.934023651571324,0.074089557609991,0.484468501680412,0.1875022263799037,0.1653492332327639,0.0112656025198912,0.8845352516598893,0.0948250398912182,0.336575612,0.086987105,0.581818182
0.5568206897338752,0.4117329166834607,0.5289916868648004,0.2576092155306708,0.8538559600033537,0.0337591978311675,0.9084605806373324,0.5925991187833954,0.2902438445654853,0.181997445,0.131031446,0.687378641
0.2343956987164297,0.119677235217157,0.202783350095953,0.8615410079975131,0.2557649959141461,0.8028643926295719,0.8965067321021779,0.6432579819774362,0.8342057847068687,0.145899577,0.440348909,0.088888889
0.959096960031094,0.7872880961332466,0.1867942862104044,0.293731530360608,0.8269581591873038,0.4795652743805398,0.5126331822752124,0.2259281073610938,0.1841206573921149,0.39495839,0.51474159,0.0
0.5028510877627718,0.5698686840442339,0.7879079230531282,0.5411197932261749,0.9398115807293292,0.8919518955692355,0.3906613635432171,0.5299874326536783,0.9607014460513535,0.166457699,0.38427307,0.42
0.3338487834119007,0.1936513778605942,0.0047631543134427,0.2512043179974641,0.8940150414191782,0.2263865153271993,0.7984633173907583,0.7017366467781543,0.5727981341581997,0.15258391,0.182581811,0.28
0.3063669618999393,0.0492005584254313,0.8213624146705024,0.3525250059356689,0.905340750145665,0.6584784966868404,0.5925700071486784,0.4105930918977984,0.704380483557284,0.09088643,0.40729813,0.022222222
0.8565527607930924,0.9434218849346,0.957131011596056,0.0246357220016883,0.735586226633077,0.3992047178879594,0.9039532353854952,0.7205221563586633,0.345499193342129,0.643143907,0.524893819,0.511111111
0.4543990313158959,0.4381466149606504,0.8980165345872747,0.579967292921602,0.3124343253961692,0.6572839682797196,0.9971647323000123,0.9120694210044956,0.3443389938049417,0.248343442,0.466181421,0.269387755
0.0819575728305044,0.1207991186002321,0.91831618705801,0.954856004952742,0.8488755329650435,0.6663621601437253,0.0717666374069946,0.2327777152229051,0.487282934205733,0.081650348,0.406132792,0.0
0.6431934790790164,0.666469655468126,0.3322232565666047,0.5447453306512341,0.4732799491122208,0.6858761674802798,0.7093922585462701,0.7385463155542277,0.8076106102814006,0.402862075,0.559648413,0.424615385
0.8963245851994532,0.2537250655887112,0.5220269161991533,0.2950358071546518,0.8580509638018111,0.0065000186524935,0.2270329750264573,0.9257494947431508,0.4767429724360609,0.096913123,0.083670066,0.085714286
0.0172662378943381,0.3549560136310729,0.304743207670292,0.334069319814043,0.690388958065359,0.8532991611297599,0.3284103893895521,0.92996665706591,0.1281052248239942,0.073075795,0.195039897,0.825
0.1689725234831397,0.2936452219436973,0.2606620507495384,0.8307255811798882,0.128002996644469,0.6572746643990486,0.0622559241106701,0.5864948304048265,0.9020065254874066,0.123013587,0.344787534,0.0
0.8514252459148693,0.3698585347705042,0.6935078435551753,0.445985538141073,0.3615982673928783,0.4488774622012281,0.3057245578439308,0.5626543404149864,0.8997607790729151,0.149362508,0.515270219,0.64
0.6881673076545074,0.214848402053936,0.1085903336221593,0.489655595974894,0.6719508877268083,0.0595617909608175,0.8201824667960805,0.3679521971055574,0.7333597756623123,0.1235904,0.198995227,0.629032258
0.9990904656206424,0.6619888457038217,0.6777506351403673,0.7948738567926135,0.4943141957735497,0.9959556638840188,0.5083573203100042,0.7859911543119411,0.0940190471218769,0.283455264,0.506238535,0.218181818
0.5076112963099487,0.3387873709872581,0.6562995650316623,0.9327684455295616,0.2608964684439018,0.1154617171691481,0.0464598599310702,0.7961290828013573,0.2161391100224762,0.115863444,0.13630619,0.109090909
0.8328085562861349,0.9072826293244236,0.3128699572309622,0.1834664426699332,0.659622516627717,0.5495513606897264,0.174494468685972,0.9421595488314648,0.2781407295348289,0.26664523,0.559494311,0.36
0.31518689966386,0.3153486663408096,0.2327254189019837,0.3986660023093747,0.7023928690276766,0.8850199168815142,0.7067553177686207,0.9149591716235936,0.1715102690469028,0.171235852,0.478904997,0.538461538
0.932272699005684,0.2962476094101089,0.2909333837642339,0.0965080331324756,0.9803038738471148,0.2004093197307425,0.9689533002242467,0.0279437460025999,0.3437469156514035,0.166264192,0.276707692,0.105882353
0.3019786888254302,0.3752691167304692,0.3205967389067122,0.979781876691331,0.6611298567611418,0.2671457823312682,0.4845506423699857,0.9081729614064292,0.7506726940934034,0.121793238,0.395735463,0.642857143
0.8187788395815344,0.7666351235324239,0.57501975859301,0.0190746985782046,0.1083916333450853,0.8899904341530356,0.0038150579471221,0.4433190565373408,0.1195830624321648,0.257987251,0.537306255,0.313043478
0.2946942081663923,0.9941964018434316,0.1567344990457904,0.461685915502081,0.7204774364182283,0.9068541897294784,0.4394098320925107,0.5516676376678707,0.763617208311017,0.384705853,0.277453582,0.0
0.579268291980958,0.4886216674047581,0.4508350316951064,0.5938101512560159,0.744795137208264,0.6639050335954412,0.7355968299986333,0.082545382709924,0.8435604227524628,0.226387303,0.460670762,0.082758621
0.9955373506582188,0.3367279854357905,0.875886650943003,0.9859642225036266,0.921369730635815,0.2493579276395412,0.0149230362122185,0.2167017030805326,0.8967203161464384,0.111473749,0.453822461,0.6
0.3750845605362362,0.6295834928941667,0.6260345667392354,0.7741071550771874,0.90356032979126,0.8099545174256818,0.5748599244423905,0.1900494340560298,0.4474838561412667,0.295190489,0.500324968,0.0
0.7298745163521505,0.9980764262529688,0.1878742858770953,0.1832751015531171,0.7851439899535203,0.144751639851882,0.0112540573756542,0.7136354619117371,0.0254236083775578,0.287257186,0.161055401,0.730434783
0.4568969971849287,0.9838745601578252,0.5236648941011701,0.677001065591306,0.3796308527059909,0.5851405479968843,0.0561079407936494,0.5733965236926134,0.3782616897241303,0.439936926,0.548021622,0.635294118
0.9447342901133317,0.4370076671517358,0.3420806713199256,0.501777184611104,0.9886081795480572,0.3888646607403097,0.6027724628795893,0.1105159223912251,0.1831032796966619,0.200446607,0.467871878,0.269387755
0.864890802463187,0.319546722223514,0.2798963019303448,0.1075367628790869,0.9529683440374208,0.2761225196884412,0.0293317347686842,0.3643497638283711,0.2328543344862013,0.109222016,0.420734547,0.3
0.045401134961612,0.7721077968071007,0.8201954013717033,0.9914933198734276,0.1567279658841454,0.229390656931429,0.7788152815329176,0.4897234886411648,0.4964197304815161,0.384431364,0.07563976,0.0
0.4143861929018477,0.701638119126568,0.5095019575695735,0.6587287798878994,0.431728629575772,0.3599071906668675,0.2300993266044816,0.4151670430999808,0.169692916667649,0.253871061,0.388873682,0.54
0.4060307512449259,0.8396002749943176,0.6559194920762063,0.4432665609852756,0.9930059678534436,0.0734129574065565,0.2513681435391142,0.0070128173751589,0.1662610602604491,0.383706112,0.167773113,0.063157895
0.3656644477269497,0.2174664490646852,0.8994975424108511,0.3809869379436962,0.3009425764886985,0.0848900427275445,0.5477339971415082,0.5088644134938783,0.1855777782728112,0.165388349,0.236581755,0.665060241
0.878037770450733,0.8718078555515444,0.3856422285959247,0.9199629740316806,0.6095777221195395,0.6015718059522265,0.1303204632824594,0.9311167435324588,0.880351589386692,0.425895543,0.468898997,0.685714286
0.5976961877385908,0.6767903238485241,0.7735906471428825,0.7654435083059395,0.6197096244229209,0.2107375697263797,0.6723392338638313,0.6916908875509887,0.0159092810889588,0.286441239,0.227334152,0.285714286
0.1249010936688941,0.3919250853249691,0.9799218854417008,0.8219391151171171,0.8077763333130081,0.8646330471587441,0.5771402086422548,0.895529343267942,0.1745662294764133,0.158064865,0.346382927,0.117073171
0.0263491581111294,0.7854659960572994,0.6955395749436654,0.1041534749883857,0.624804448019144,0.381746246245102,0.2957381243802769,0.8210831991384038,0.4801902754213848,0.210254574,0.079270552,0.36
0.4304930844211135,0.7980961366235377,0.2377191845412553,0.4962360085241284,0.6279411275162303,0.3765346254266953,0.1874517258168317,0.5212813429491999,0.2333342721752936,0.312382211,0.282153704,0.282352941
0.1279392102013378,0.4431554475647844,0.4483806595927317,0.4959613358322329,0.2460977680538394,0.0947118485451362,0.3823113513084888,0.4505092361014533,0.2474647636614989,0.064257138,0.065675336,0.45
0.9049996770743904,0.0564643736046963,0.392161090991148,0.3750246336741905,0.9526686511907017,0.1006157971124236,0.2075266427339456,0.8199317230570341,0.4254669027693145,0.065902709,0.270175145,0.311111111
0.258463512121021,0.4494415041808139,0.8428249954945949,0.5399561258490782,0.2374594978240038,0.8324306075998781,0.8345256876947375,0.999984052405869,0.306436186960842,0.175626634,0.459272291,0.275
0.5664660152214013,0.8730909152423493,0.1442271867347294,0.9332367809552176,0.915029943851494,0.3505960425319457,0.6832884644428697,0.5822827497393859,0.7055686112866851,0.434063085,0.334457501,0.0
0.4373336103239528,0.8684713544213797,0.0143509847396064,0.6159634689389475,0.1443876232210582,0.7998658532061362,0.5165686252326885,0.2440224147661833,0.7161253388442591,0.509698608,0.429032257,0.0
0.1171646542799014,0.9420423463996376,0.362723990599493,0.238479668976447,0.5741877276175107,0.9469352213686412,0.5814283813631278,0.5933635592752995,0.5037815943580835,0.51564041,0.378545153,0.247058824
0.3811619003420374,0.0776721760759066,0.325363097474286,0.1682619615996078,0.5027970740979654,0.1542565933720027,0.7884970551970496,0.3434061086415956,0.543170189482258,0.109145764,0.225507978,0.680412371
0.7225720948692714,0.4146354472839786,0.5654137168052763,0.2016905543489187,0.4091865193844662,0.2978299949833297,0.17188458036397,0.6313056895907843,9.527513544860255e-05,0.133720669,0.319965661,0.415384615
0.6275836430179805,0.104082813396342,0.0990239853298911,0.1118838277626991,0.6201435581371211,0.9998114608647012,0.2923096593585851,0.0032678410366384,0.3251639259369137,0.075544423,0.550697021,0.276923077
0.3953178513772618,0.5418590044226731,0.3959774183412989,0.2301128479887441,0.3155580091858631,0.6040887333200446,0.2855699607653481,0.1539992983126651,0.4982011679871279,0.132336177,0.35028761,0.0
0.4544806309994436,0.8729291826379234,0.4701685085921114,0.7424636310648448,0.5472713266792161,0.121394921567856,0.4161704782782116,0.8603164805462957,0.976458991784322,0.427409898,0.178295051,0.0
0.7444297730792087,0.8903039097879707,0.4858623504115443,0.6183441294927325,0.7647579872765422,0.6348683249212321,0.8204747262497938,0.7180841295253244,0.9864065947854816,0.554071206,0.470882806,0.237209302
0.7198206593390551,0.5567475602464963,0.8819029298634599,0.0531901574681078,0.2767953669944015,0.150505586225885,0.1509968469413848,0.2553595728664921,0.6311756374517444,0.143726278,0.212071249,0.0
0.8032772046028179,0.3168682983256002,0.8056915604509923,0.0247990458039025,0.0553728830411515,0.2788093674928427,0.0416668655579812,0.7318030069371014,0.3510062754721516,0.091941232,0.505602272,0.428571429
0.8585909067714932,0.4642173335604856,0.4428782639829385,0.9358830757070288,0.9766561494109582,0.1487802352572452,0.6935530805692531,0.5865721315776506,0.6912050688296275,0.185700583,0.293011528,0.251851852
0.154140256387564,0.2384863797945028,0.1516933056127575,0.7120650104575286,0.5569377863829713,0.9547554300985674,0.7669484504931788,0.3871200790607246,0.3051386438607746,0.11415222,0.452617249,0.0
0.958066520240486,0.2037980627094341,0.7963668820947019,0.3391570059030953,0.8941300947355447,0.8824190668016317,0.654063001839378,0.890394470914811,0.4670323554094796,0.144446295,0.591337227,0.489473684
0.034652227276387,0.5589800616116092,0.5878199009408708,0.9048322866700234,0.360861446977077,0.3603606632239229,0.3530087748750615,0.2635811068575694,0.0946542509108243,0.123397812,0.028636883,0.36
0.2220861023575837,0.071662028537779,0.2496960907989651,0.9050478781415788,0.9529092638440227,0.1311568179957363,0.3485293237596655,0.9584545386047688,0.8238956021941343,0.088220166,0.111443122,0.442105263
0.4963101772602144,0.9113271975943,0.7069164369998432,0.558912267579613,0.3785686803213277,0.8061699944964482,0.6759362418664804,0.0469619844887687,0.5649915884193106,0.480536176,0.416115292,0.0
0.0743569161519497,0.7496820754381099,0.1892688806529983,0.7982884408185333,0.8916608279552168,0.6942214163478015,0.8040456801449812,0.5265088631667995,0.9987155030469252,0.483172572,0.288679129,0.16
0.8081197636512204,0.606133269564004,0.8408294862642259,0.4361323261929731,0.8689150046053908,0.928171392337638,0.1931538068608278,0.7104966144084928,0.0893363484366535,0.203409407,0.466553806,0.733333333
0.7904510510023569,0.7078679052446464,0.7154401059250713,0.9029834691820808,0.1745102735723327,0.5551314168492854,0.4585752947956406,0.4416933080442998,0.946646460397889,0.261340634,0.567336846,0.171428571
0.2371134034680774,0.9926444412579088,0.2041093218013583,0.9330291743671036,0.3948779809327338,0.049389918972289,0.1982437033681756,0.9006038346908738,0.6554417320042817,0.318965756,0.122547667,0.5
0.007527900102917,0.1661056525871317,0.2126581577245704,0.2144174047703085,0.8095372993740537,0.0430997626979599,0.4630772572571693,0.0394180080798604,0.3196604664864867,0.096041942,0.018738514,0.36
0.9878701829401904,0.1964830192973301,0.7087989891046154,0.2197407203943434,0.4128175424264083,0.105675897631605,0.7559377880506961,0.6693597382615901,0.1407678574606222,0.127498064,0.351091734,0.740740741
0.3194495090438529,0.7818540777856773,0.3416035012404298,0.0835368533225161,0.3018661881038813,0.2872082095154775,0.9873244050420092,0.9306804555123156,0.0731109265334007,0.461053936,0.175890875,0.138461538
0.360327147967785,0.4700151412857071,0.212903278115129,0.4322889920003735,0.4646574974736293,0.5634885260421567,0.6746455364663461,0.6092266318954936,0.7341382174040764,0.212729847,0.514113435,0.351219512
0.225681027134169,0.9305162175071712,0.5731811228166745,0.0632795203897609,0.398988382993711,0.8697401049976092,0.5039641151616998,0.1374120779650586,0.3221816329110076,0.459139504,0.368625295,0.0
0.0404024162675451,0.6816903537653844,0.4826966183040394,0.8381843395072459,0.0752093313772308,0.2540612031877841,0.8635922248105775,0.3504935638013914,0.7732290252993336,0.354401945,0.07369474,0.0
0.03066579589745,0.2233636134133296,0.5659535287605375,0.6561384855136282,0.2455346130373188,0.5863117850656078,0.6005919682207363,0.1891358491508257,0.6160715380364864,0.167162178,0.219792007,0.342857143
0.7367064238659222,0.8329702472396895,0.1833699500130816,0.5467062632200671,0.2432748445076392,0.4315201413487878,0.843845144787908,0.9597835452710778,0.8536254339971163,0.438919047,0.501697776,0.552
0.1866814192101913,0.5953153968860745,0.9121474759965472,0.5286727979586088,0.2836029446967331,0.1854973510760845,0.5590842786051391,0.7116816852606986,0.8138805378770421,0.410695839,0.211929048,0.55862069
0.973108872045539,0.7766793263558402,0.4644599976929243,0.909316097920179,0.9493115994027602,0.7959094323718433,0.2027639833490343,0.4588159581090059,0.0972758816687194,0.269282758,0.318582349,0.428571429
0.1861413746961663,0.0874635700145118,0.7556939392997725,0.3443600889592647,0.0238317449938234,0.348832850901337,0.4239681265479914,0.2284960900617582,0.3568698978598494,0.065224295,0.242099429,0.65
0.5241855436265268,0.6971262385589071,0.244675156321895,0.751000992090357,0.5855546309210905,0.7778361689358266,0.3949174817141118,0.6074650665694774,0.4766434491377345,0.177789855,0.327902006,0.0
0.4902410197212413,0.5712579500340039,0.3527875389007922,0.5096511089232337,0.1333745343478007,0.4632919431570441,0.7314595493380923,0.9738384634719004,0.6960632557548313,0.304891509,0.486532799,0.286956522
0.813008394284202,0.1164200265147888,0.5326027938058906,0.9458786697794528,0.3918580046863916,0.0600492301136771,0.1340430465130082,0.8527465222622974,0.8039323499733034,0.08434152,0.224596629,0.066666667
0.3210088758809787,0.8977778801311743,0.1423945137283244,0.9588364086034632,0.9826910570228548,0.9434173590419088,0.7295134752371852,0.8687294944403898,0.0776317783272672,0.346474064,0.461982331,0.0
0.4441810261803414,0.4952609217202515,0.9144339026002314,0.9740965918077468,0.9153625436030584,0.9599881338387244,0.4090570730485626,0.1052907101141132,0.8769429605036203,0.215204646,0.459110986,0.375
0.6424451087342953,0.7719153008871223,0.7681419714838937,0.8235147341381049,0.7126743522749632,0.1586381953325858,0.617617295000122,0.9353593405810964,0.3823341316317469,0.361538458,0.287571311,0.114285714
0.0511467931207555,0.0440009556766983,0.9513542873475136,0.0753826894636285,0.0970103535725839,0.1552101882387988,0.8245618753964669,0.3696168951929918,0.0633611682493743,0.09970562,0.064964443,0.457142857
0.4109580906332269,0.2609993481883179,0.0002484895829042,0.1421075538051889,0.6711267495456236,0.3558877556430373,0.6219557257113956,0.5608279748216359,0.0695013816638661,0.13719482,0.368375688,0.711111111
0.5622413799493333,0.8176502205180818,0.2510744099043867,0.6202790198383646,0.4983592898707235,0.1655048802069071,0.2844094535093319,0.2236031396542396,0.6111475711361845,0.332633511,0.225185236,0.666666667
0.5031937992492372,0.7678597297114779,0.0054946423984721,0.4763495790375007,0.0938106828621718,0.553292421856103,0.5170461950890898,0.5111487857208087,0.5974116403481954,0.323784407,0.407252195,0.066666667
0.4175858379592327,0.0450466885378728,0.8762267277153216,0.2361150135850409,0.0778724039964161,0.7008940495616016,0.6597362063904086,0.1721522131466142,0.1489864383389508,0.071824558,0.455721194,0.094736842
0.9066123098359616,0.196056843496137,0.2424236835657509,0.0110103727003347,0.8778845990486703,0.3476509063245976,0.2525043250070804,0.3577454181334537,0.5982557627615275,0.063731816,0.365519345,0.0
0.0560567413183175,0.8316873875848336,0.4611745073479548,0.641269373736331,0.4660359659456742,0.4973049972476409,0.7159966809711397,0.4541126921204556,0.6080456044779503,0.499086291,0.300854782,0.381818182
0.6900014718222632,0.3009953698516401,0.3418149071179798,0.145526300987409,0.5257721230744548,0.2414001510154237,0.1743153791264884,0.3563687776309487,0.3053124347495732,0.108199936,0.289112461,0.52
0.0203615347156206,0.4548905998016372,0.3397217956914757,0.4777655405800277,0.2143207637016467,0.8248422884444052,0.752858733944895,0.1106761731241748,0.4836147328778967,0.247552204,0.226281345,0.0
0.0478110092260113,0.4097963543906284,0.1837841174696157,0.673091853166716,0.4506052659676443,0.6062299409323078,0.8190293173321722,0.8610001667117071,0.5876699587622014,0.235903321,0.268439844,0.27
0.5942572164471688,0.3272861766874142,0.5960215847485013,0.9326601754809688,0.3128718163862161,0.8641375694454463,0.2198638506737329,0.6291046257848756,0.0282396445209671,0.037211887,0.467860193,0.0
0.9768192552061352,0.1523221543375117,0.1964059500539248,0.7645793264644022,0.3856613590787406,0.089884429873565,0.6663877443461047,0.0479590124363109,0.3998331422139236,0.13387359,0.223923059,0.133333333
0.7317748742827012,0.6276726861909733,0.6226948740199111,0.4223812422391529,0.96448913125132,0.2155976434513878,0.8875253573297186,0.4999391403503105,0.4845983400349379,0.398471373,0.277626132,0.0
0.6033541264548246,0.6286760449852457,0.717213801009711,0.8303399822687112,0.5962860284055923,0.2386071588782726,0.976298557982639,0.8973377014819599,0.8195772281275885,0.401082604,0.404323483,0.225
0.7222512646570353,0.347606371724136,0.9865858194376912,0.5463204992380079,0.6884406114901631,0.2842017777126533,0.1913675523318559,0.0434936727548462,0.9834819695214652,0.124479791,0.451413381,0.315789474
0.3008378957881957,0.4631384178064895,0.4971716614703328,0.7043214510584433,0.2729215276727084,0.2388665124174198,0.9466315322507132,0.58047417036888,0.4825092494168852,0.211926608,0.355976919,0.552808989
0.474076034066317,0.0310295911442451,0.247463377825826,0.9382294725506736,0.7956052269196772,0.958582978167081,0.6340730717871172,0.5995599549084554,0.9436288754656674,0.092333239,0.520692186,0.0
0.2030244162095837,0.0084668559441748,0.5451430033919259,0.4374536507245701,0.8040822360643148,0.4864325446607964,0.9627586368296484,0.6044274277096464,0.8040034258833972,0.073522682,0.326296704,0.130434783
0.0292487341348197,0.1713813562591887,0.4918199990654388,0.3320911745170685,0.5548854223422807,0.4040765046214642,0.8544743580358521,0.396258369262415,0.839658660902184,0.124411196,0.100122284,0.0
0.7604720895122519,0.7533563112673528,0.44566305854556,0.7639576573478707,0.5194921857865898,0.5150743813361601,0.5852202603006081,0.6026895898901016,0.7712471809350676,0.460581035,0.484394087,0.192
0.5288690507716272,0.0428810526867118,0.2318797397913268,0.9415744125273456,0.3302646498680356,0.7815801864912547,0.522858343745106,0.5897578328425759,0.063055985811402,0.100222684,0.483529308,0.586046512
0.3434190590465147,0.8510377296297176,0.0148974861205439,0.251712760755189,0.5863098526922872,0.5081662671438952,0.1775471045090754,0.0565555585111292,0.0449651673077095,0.167706227,0.222116414,0.461538462
0.4307752642241216,0.6053522874400947,0.6791729712249439,0.5893963589356614,0.5001385344467393,0.5142792281270593,0.1417643678328478,0.9994318174111224,0.0314219537488829,0.198827447,0.309508541,0.768
0.7079043356390784,0.4406008556940547,0.2499625904329241,0.9619084551062697,0.98196455679259,0.9230396750068928,0.5724253703690719,0.0698711525503015,0.425449981122277,0.168966438,0.54787552,0.229213483
0.1952657109937755,0.6929354280017417,0.3023687877565355,0.4039352690339851,0.3849198199502635,0.0066676346555892,0.9011508985323669,0.780664161528818,0.0400622964399186,0.278107773,0.013406091,0.0
0.0160321893737439,0.5754037010510853,0.544257827267055,0.3055673853333321,0.5692924077703766,0.8267177211670356,0.0550572467389937,0.6700025944026283,0.2956139149311632,0.095560471,0.325945857,0.738461538
0.7054304669221091,0.7124635611826544,0.5655185297427581,0.6206690689559126,0.1620475517069612,0.3538935426445024,0.2669961365636213,0.6022498456737065,0.0351079167270595,0.236058543,0.398270304,0.45
0.0217190990917903,0.9681529136471736,0.5400233554963974,0.2999065526717407,0.1207218176833809,0.0565740987470473,0.2188087834240143,0.8629048283322728,0.9582189876999572,0.387088335,0.042593146,0.4
0.4369071418704758,0.2182335334590311,0.2347529385220326,0.5806428533819157,0.6001532606364689,0.503283010829572,0.7270356851155735,0.8487756489656094,0.8878929822694436,0.118698314,0.494479194,0.271428571
0.5073449684352902,0.6594239800186121,0.6915746268983783,0.9476369003395264,0.2667409612820438,0.9942792609990304,0.9863861635140252,0.6702344909570774,0.0171021421142403,0.299160981,0.405452672,0.32
0.6374254547776674,0.9189568739524078,0.9784522200345808,0.7215541871213094,0.5092483867066354,0.6749001227491576,0.9065220592934048,0.6043173899564938,0.5773271259992565,0.592720381,0.455677735,0.138461538
0.9494923868854844,0.0892963332182182,0.0339524327666688,0.9518439421442412,0.5061057911737155,0.7557568058895205,0.2151472845956253,0.8467695975694814,0.2014744958727836,0.07437228,0.265957466,0.0
0.2880620350093051,0.127983169274809,0.3231139985734875,0.6670399208836583,0.4876377203352091,0.6726338733434988,0.5695477993136956,0.850145137969675,0.7494572597954345,0.099467098,0.490968659,0.422222222
0.7049998900919292,0.4157909797391022,0.1862233731308255,0.1286051956429459,0.2218603753659209,0.0709572889207279,0.2010857101829046,0.0282239927567078,0.9524004022582464,0.128005293,0.258513993,0.757894737
0.7575613782200571,0.4917799011637679,0.5558780317270682,0.5602728232448353,0.4908310424324755,0.2250761631169179,0.4185574272097344,0.1232734570677058,0.2376665897911584,0.123910042,0.36504691,0.45
0.3259881986634499,0.495832678884469,0.5383442914681373,0.2966299142922487,0.3729910933764692,0.1605235943900077,0.3970736361134531,0.6992446293474501,0.7499192524875018,0.19183593,0.272307921,0.571428571
0.764122340657114,0.7360001582585998,0.4704227467614503,0.0173425489641203,0.5290403004115306,0.9608453440431056,0.9211256334231416,0.8227446109584138,0.1059286359306668,0.378787744,0.52842227,0.558139535
0.3870177944904974,0.7208590565968755,0.9485890451673624,0.4788142542391431,0.9993871966173532,0.5650934769635684,0.2821463556311799,0.0323304251439455,0.0188056012403733,0.234148452,0.253156973,0.15
0.4292343017899516,0.1334408893414801,0.0396143349433457,0.1661087432321779,0.6450939738171568,0.9134628426937744,0.8406464301472425,0.3659776897679436,0.8710737182819284,0.144985158,0.437520383,0.557142857
0.0058163754925283,0.5207690946351545,0.8509690181387137,0.9161744413874344,0.010049732332375,0.8606662555917776,0.175785529707084,0.2381756019577968,0.2456148014021912,0.160742377,0.258794582,0.32
0.5512200301110907,0.929557326765162,0.5299928815559982,0.2364576618435785,0.2362774504170709,0.3414031809356521,0.0405651938502783,0.6450199856657735,0.9546630161233408,0.405983881,0.421816555,0.0
0.7621793822803262,0.0669101950270905,0.5669184636146185,0.5712156926674334,0.1121553140048613,0.4425609445357598,0.0483757841664675,0.3661312514919832,0.177442017351979,0.077923864,0.551360666,0.705882353
0.0017919759886575,0.7814485153703897,0.064915695922496,0.5912733244444184,0.4935509406358547,0.6784075168708046,0.565262928028569,0.9566648878345652,0.2225699433148743,0.402738116,0.201696923,0.2
0.6004696656393453,0.6098837283087184,0.5359891438612018,0.0730192452560221,0.7264267016723508,0.9021758080770598,0.6031218760490006,0.3025390020317,0.7804067452580217,0.312374868,0.526162106,0.0
0.8509120000189923,0.7751612881642446,0.8934999779987426,0.386803965671519,0.9613719632257232,0.76698694218332,0.6164748698848598,0.7017476640453191,0.2502197735139332,0.472968201,0.474983006,0.109090909
0.3913243393567512,0.6126402761323978,0.324806103977854,0.5261100496054091,0.154345442640828,0.8417902275353049,0.5064677471873401,0.2682373623932786,0.2693990664473575,0.287103911,0.51171877,0.5
0.794934858987044,0.2639120398010403,0.7542736736673006,0.5395360950927546,0.7219487884410288,0.418826535287864,0.751206138620985,0.4765028131347658,0.5069314036007516,0.142623187,0.390950956,0.417391304
0.5184528608228731,0.245170142319309,0.9851300657985708,0.0538306361105798,0.7132690850529294,0.7211468339176448,0.3482670610275399,0.3804961337910746,0.2424158406341439,0.098598986,0.375921031,0.0
0.5316187331382886,0.4926847420554857,0.5129688698388589,0.8949221506751371,0.105478765937312,0.6995628981457617,0.794298557076169,0.6406649975906534,0.3539410352114788,0.274758122,0.538360422,0.6375
0.6125704906785432,0.4119131959369341,0.540069039177908,0.2249400319085999,0.3787828727392678,0.5833546084234169,0.9363575590301566,0.1679435495752501,0.2720376597846595,0.162973833,0.523208505,0.496551724
0.6975066456503836,0.8377119948686658,0.2959403576978907,0.8285769438322951,0.181238013631179,0.1991235245678709,0.4881804756764305,0.9489302800782958,0.110483340120384,0.294314039,0.2319428,0.6
0.7531453265070973,0.7944103973181378,0.8164563508875217,0.364862438700449,0.8303258195403309,0.6919572557215359,0.5090356934260435,0.1363788055851376,0.4650691235769286,0.453275317,0.503630791,0.19047619
0.8199232244798388,0.5986501718167354,0.9522326189090816,0.1882028296489997,0.0258049552872867,0.3301154057760289,0.5962400175220169,0.8169661765495188,0.7648144218745373,0.361547052,0.482049232,0.549152542
0.2098183403966689,0.4514104400342745,0.1965586788796787,0.668746429782902,0.5121507573759014,0.6469364426378704,0.6515948863250814,0.7955481183159171,0.3445460050725585,0.211229408,0.328764078,0.246153846
0.1337955356979382,0.8028830240348999,0.7190442142918559,0.6131278769842805,0.5856555828055021,0.8598667583724865,0.6854784454908525,0.0306700529501364,0.7734492236349186,0.418626712,0.374623963,0.15
0.4313824152208905,0.8838948326492404,0.7381329334705498,0.5544615375484341,0.7078538412977242,0.4069121088422585,0.4025156226282418,0.7228200594682095,0.5770326087451843,0.513791637,0.33343351,0.0
0.7199868947372032,0.1449485650238281,0.4390082770815321,0.0575693888634516,0.1426651423350881,0.5457589900318878,0.3825472524975988,0.4704420336026128,0.3173305426749296,0.078891531,0.434981921,0.171428571
0.5099811776114994,0.0897450721943026,0.5147436586926329,0.133209247806895,0.3632092714020933,0.9529719776126372,0.6495487488084699,0.7520511275730455,0.2449351378613606,0.086138943,0.600208012,0.044444444
0.9112578272707308,5.109953795545685e-05,0.5596197431016304,0.3659556786228539,0.4792217847586857,0.7920014054789055,0.6228851196852029,0.1997978904151599,0.650690161937539,0.090125478,0.521825874,0.0
0.0803135428888632,0.3024523887366265,0.5673277735720835,0.1980808092509016,0.072478739337269,0.6066724668969516,0.45460695576668,0.7655906005569469,0.7359066748481017,0.121130994,0.184815897,0.171428571
0.8510119746098231,0.8262833594328091,0.7411744441443441,0.9346998151259358,0.047936026053123,0.226703052708497,0.6171868773299731,0.0804547605796291,0.2583631438324857,0.372961165,0.305513898,0.0
0.3933851843073094,0.2265261565706674,0.3020834126411972,0.225336425160922,0.6967991108252964,0.122858061826674,0.6798160228782713,0.8488545453027919,0.4003995191335182,0.116844812,0.249688956,0.6
0.8764963969985367,0.7525984403791077,0.7032786935458121,0.489834848592706,0.1637578924515973,0.6426333707499577,0.7089873921576892,0.5850698256837832,0.3914217380851604,0.363205298,0.536563592,0.113207547
0.067518614523081,0.0652940936245148,0.3280225886453614,0.662691819941807,0.4314597940308584,0.7427681646043272,0.5614556284877357,0.0796514010112223,0.394164748065771,0.118720468,0.257994508,0.315789474
0.2563744660453615,0.0764903987642029,0.8346944578457677,0.8925459395467916,0.6304328114871149,0.4932717394895854,0.8469822369763812,0.5231939325157872,0.3538613355957349,0.107935317,0.365350868,0.432786885
0.794645638781821,0.3543180951302869,0.071329675433502,0.7967662015188659,0.6215763946777756,0.1470099437429576,0.4558947429288182,0.1859960210880749,0.3715259036549327,0.13069237,0.256702248,0.733333333
0.7091214901829989,0.7981246905524589,0.3727513658248768,0.98457472520065,0.0808908914107815,0.678130747305148,0.9082445269467808,0.3958638676440276,0.848605393092211,0.39791669,0.376841039,0.087804878
0.9779697295149764,0.7728092155727873,0.3126335898620468,0.4058521707031218,0.1718188685343551,0.0649724978559026,0.3211142558374142,0.3379255868968298,0.6427534708671654,0.227557032,0.244844329,0.4
0.2184004504782036,0.648417613538728,0.9436939204204444,0.4466770697646269,0.8071003909158777,0.0504741160741573,0.4201022218711687,0.3770551707164032,0.0819796746837632,0.240172805,0.035021675,0.505263158
0.0766077248287865,0.4623168554625084,0.8180806210415269,0.8232155346535843,0.2066105062580736,0.2505165826356734,0.2194665404165305,0.7459398450699292,0.6687513807826251,0.184979643,0.367789951,0.64
0.1643458620744543,0.8665663026962042,0.2295404878601831,0.6880886426172023,0.237220105693331,0.1503123720514704,0.6608845231374955,0.7015309487998359,0.2439644217760067,0.563415086,0.06878565,0.044444444
0.9123776162441558,0.2912280979910953,0.8649718910422388,0.909605083203303,0.8910537079598517,0.4463056392343374,0.2761394711599786,0.4879473521737858,0.8494494807427562,0.099989953,0.53351879,0.1
0.710779519864033,0.940954133268666,0.6686569049433333,0.500469541642911,0.613693141347044,0.2100116810479829,0.7320999209062985,0.3155338870380482,0.7441444332619503,0.79321955,0.240356228,0.0
0.4987882988231754,0.166218822880293,0.0701330291080696,0.4797253643858271,0.503448076930415,0.1528545068918375,0.1835971883326699,0.529375106757305,0.3139047530448414,0.061549847,0.116492858,0.0
0.0435815376580537,0.261173363791861,0.7744031847438132,0.3779145198239758,0.1839575615097574,0.5666070476061826,0.6576996883407465,0.218054509861631,0.0915316209568443,0.155469349,0.251516245,0.549152542
0.0965047176509158,0.6140310240341428,0.8222961094656115,0.8881582463112557,0.7482969815178694,0.8587468838999063,0.2764784503321443,0.6795064775413983,0.2246744738246373,0.234388909,0.433266559,0.32
0.2906497323364306,0.3220673687702794,0.0828499474293903,0.088100901703425,0.731373528160983,0.1781896836566504,0.1198312243504264,0.6783308061298279,0.3272779103075813,0.111434902,0.188764371,0.514285714
0.7846057432550299,0.2667718463152339,0.2696464389163766,0.6983849422290357,0.600933145641798,0.7605300382459168,0.2318774055153316,0.1614541813357506,0.6012951284628942,0.100117407,0.518122638,0.428571429
0.4140328961393895,0.3817867035933567,0.650741700202024,0.2848727422230596,0.6382388563379944,0.6357171884445425,0.1814234000983958,0.960428102681808,0.3339869816326563,0.094381688,0.459079421,0.075
0.0534527716527797,0.5969452721290844,0.2195122950711573,0.6021406191870641,0.9363205768942564,0.3870272461587899,0.3459878166479911,0.4545149895554717,0.4284377053917835,0.145470941,0.208118655,0.42
0.0669310582372461,0.9778657512590996,0.6601345957433769,0.7492077004380469,0.9452590109424698,0.416795259829287,0.7702185807468259,0.981993197488698,0.779731384414583,0.810977228,0.156263422,0.034285714
0.7926823020672983,0.1655168847577548,0.5666987347947516,0.7405013008274536,0.948318979927069,0.9575183642355372,0.3270777099481512,0.0110957596130122,0.4535092189010984,0.093080085,0.434969395,0.378947368
0.5520516208307525,0.8980983693826001,0.0409937754919504,0.8030560620732536,0.965117499315897,0.5037682717672379,0.8567422692604487,0.2013644961588657,0.7881989508685094,0.465479271,0.460268145,0.0
0.9297299450163188,0.3864631398783881,0.460167647826757,0.909615113100727,0.949318811287636,0.2984690691557704,0.912103378937269,0.6719833712099017,0.0026948601113566,0.194902039,0.217476282,0.75483871
0.3326791385558219,0.764400399800229,0.3479043734509318,0.8104395485059406,0.2914236032248766,0.5497248465983311,0.2377267256637607,0.4354517806290239,0.175321095052284,0.261637411,0.128993457,0.3
0.6158642080108703,0.0536181345493838,0.7975145226234294,0.9802505220156184,0.7243182515881258,0.4145466483796692,0.3570881712872135,0.303100848565887,0.5547032088635955,0.070270663,0.307773486,0.378947368
0.3784109857251923,0.6763431452988653,0.6445733898122691,0.1475673378309686,0.6829793295201468,0.0457232888965811,0.3922928884687319,0.4250001835490996,0.7805043829005837,0.32225559,0.10643087,0.313043478
0.2122690993632374,0.1678750508454031,0.2745026176115869,0.2857133126216142,0.911650478494595,0.9047106963541972,0.8359040601611979,0.0730903415087241,0.628030157299273,0.124671335,0.456556186,0.236065574
0.8255878781816384,0.3053301336963756,0.1707250876403655,0.6733446007110901,0.0170973933024281,0.980588785054034,0.8249063855889505,0.4047397679437471,0.97501366117566,0.196111064,0.70876344,0.044444444
0.9095080328104306,0.8655557887853669,0.870064177912398,0.2108432977859644,0.4751013836858286,0.9653964630600168,0.2343392648267988,0.2581885939081599,0.5288552963766672,0.455881906,0.816687414,0.24
0.5634311670537827,0.7624487586706793,0.3467829045870193,0.7494930770331454,0.8946778125302159,0.1072109836210533,0.5452443688023294,0.7692430855206112,0.6811228276844055,0.405181789,0.14328698,0.05
0.7179227124639425,0.0807337567865936,0.9042281156826062,0.0113544273834268,0.989727493875995,0.5386762997163781,0.7960691099915723,0.0134162010019369,0.7627182932070715,0.122212988,0.531855396,0.342857143
0.0985902858402025,0.3394448333650559,0.6503790931400552,0.3892157208923924,0.1989926859357849,0.2843437424685543,0.8820943534909181,0.9520904658635604,0.0799637438180502,0.180280807,0.176195362,0.305882353
0.75346366977523,0.7117380952313768,0.7339224950183212,0.9218546518161752,0.9797164149070644,0.3060715518673244,0.6002485497330688,0.457369339244124,0.7380565460365207,0.424597082,0.434120954,0.557142857
0.9070429344386256,0.7538966572231148,0.4481991661332538,0.9919158260900324,0.1324620837177863,0.6700806719424907,0.9968303107175728,0.382017906527348,0.7911877943477651,0.561423668,0.43908664,0.156521739
0.9631833704280696,0.8376283924453333,0.6942083001892615,0.9545142635642492,0.3924186735093308,0.5951164728753419,0.6415245575165128,0.6065907454543993,0.9156495298839382,0.559716818,0.481320808,0.0
0.9834101432159617,0.6554638510505142,0.0371088826151545,0.5708302196728163,0.1302736615004073,0.3375379915119351,0.8406751572510182,0.4401727206026394,0.9690556601038636,0.322527073,0.395647005,0.216
0.0460717227854199,0.6216655013616259,0.2190065804137511,0.3063793367960982,0.3119746210547707,0.6626705667781555,0.1600835967465338,0.1791167946663295,0.6767218532414875,0.175603638,0.356682284,0.352941176
0.5403805236912403,0.3239659794427901,0.3470047907302807,0.94785196088201,0.330233019167415,0.7085325577020001,0.998992816240497,0.4253330997056048,0.7637277466285911,0.179591904,0.477574721,0.026666667
0.753749102418729,0.3511428498898447,0.2397456168766819,0.4159413172920986,0.043828585711527,0.1728235241114467,0.5488039965895283,0.2218983551830622,0.0046817237198488,0.16868186,0.213879659,0.346153846
0.3112148154302763,0.1664536518488952,0.2185963346417693,0.5083347859341228,0.2115097747066293,0.8243116436257872,0.0875525884951803,0.5792708946055909,0.7722325801825731,0.076497445,0.440915803,0.0
0.8045326490541655,0.1833565583057789,0.9741855342069496,0.6535356533642651,0.3691647581921387,0.2336364575318233,0.5809158124636401,0.7243092596771075,0.5327989497202724,0.129948158,0.347994625,0.266666667
0.0307035148916793,0.7285818528918826,0.2558363833958837,0.9647654657269152,0.2275483691150407,0.1723653909295198,0.8348684395672212,0.6753405878729153,0.0678033517972365,0.281709933,0.082752891,0.371428571
0.975492019367097,0.6955149667976566,0.6515825690866639,0.192417798450319,0.9283638971145588,0.4961726790656406,0.7350273401496068,0.2575505021068021,0.6784021147370722,0.36685717,0.537456187,0.035294118
0.9937501506699368,0.2397692996597051,0.9341705723088296,0.8100746391420214,0.3064321365072815,0.1730946778012256,0.9159965505119904,0.3951284940384968,0.1666237416623709,0.117671277,0.375169703,0.456
0.6072246454431802,0.376486530977178,0.1589551210021367,0.9987649056988404,0.8102717433237397,0.0749829596639036,0.1946991685064774,0.8300060421442337,0.8478120939764066,0.118846905,0.252086402,0.3
0.9366833750075056,0.1777385841724159,0.1136086153561874,0.5628339274548338,0.0201971219486394,0.1621318739505377,0.6637602755843616,0.6196301646356405,0.5770877760949988,0.114129369,0.317714455,0.0
0.685659763302981,0.7766802476249866,0.4233570948843046,0.5371411894163538,0.1190382904033717,0.6081126637029025,0.8005386022492487,0.0226353310403889,0.2174368230946982,0.39368338,0.482886324,0.244897959
0.8690769876621842,0.4397998188346642,0.1793203618864316,0.2568507713306496,0.8219906022035947,0.9431808941894708,0.9207989821494398,0.0881811459012855,0.3167444331419162,0.178686232,0.586352036,0.340540541
0.0651116879883522,0.2875885009447825,0.0500528787304952,0.9079499312940704,0.8078744570162221,0.3314750303157753,0.4662491352920523,0.8781560417438125,0.8132148721143776,0.109688506,0.192356822,0.0
0.3116930593078253,0.8568589178297485,0.3845555311790981,0.2731571393320614,0.6322139247344345,0.7464280761734973,0.8537127358157125,0.7207173492908495,0.1750247375197765,0.433170688,0.438346693,0.3375
0.9848597533576552,0.2214741649845809,0.0657086008461921,0.3215848659432652,0.1225452851231913,0.5098679449405863,0.0548248879974128,0.9579838244251698,0.1614208088350401,0.078586403,0.413606075,0.507692308
0.279356078368361,0.9652807580205156,0.949199478196902,0.4124044924049507,0.8103942963240429,0.3186995011942027,0.2685743234771601,0.5481980898557728,0.9593480983498835,0.542471907,0.226657183,0.6
0.0232366044671431,0.7017859546544936,0.1177297047948771,0.3448625379458832,0.9393921233941888,0.7913318030407618,0.0507832420695087,0.7142466333265821,0.6223160794767805,0.265236886,0.366995531,0.189473684
0.8475916238075707,0.0288435176507716,0.2189026438504061,0.3583918807509778,0.5278973845641236,0.98196741760298,0.4182494658930323,0.1299819266506541,0.9089539804468862,0.074296999,0.548291853,0.218181818
0.0915905116226444,0.5965233597850842,0.6728820278146155,0.9580099659910256,0.6870487139047579,0.3351346280507458,0.4229141314929178,0.8759550378486848,0.4581340952518422,0.153954636,0.066738652,0.15
0.1745222011144053,0.0598394252150168,0.8369461170685535,0.2462864328130193,0.0335999579234288,0.1329301667586825,0.715293389516537,0.941516455365546,0.8678126980647223,0.103949979,0.142722702,0.286956522
0.56427571380764,0.4097264449989972,0.1170647488387652,0.39287130465572,0.8266429435267048,0.781180539879411,0.7180354098388105,0.1509200749537916,0.8115643060362951,0.225309326,0.564630729,0.033333333
0.4192143738842203,0.8987401191063035,0.9035058526522732,0.5822319245342351,0.7503195939837669,0.1172331364193214,0.9072008839910224,0.7501666019863227,0.5949972004141949,0.625456812,0.154895687,0.175
0.7254537467553045,0.2424581579812569,0.9167177556844616,0.3013186268118948,0.935160891061386,0.4165189959511084,0.7275702779484905,0.5214892129392859,0.1443553127863889,0.113118666,0.473507307,0.102857143
0.298971982346104,0.7177073349244519,0.780063422003837,0.5624746141560389,0.0920791905421857,0.8225475915179666,0.1922697857341022,0.0456416574866989,0.1452994676442669,0.290310855,0.378947143,0.4
0.6309195303534734,0.6921036429450391,0.2595998371072499,0.7356261050645466,0.5411257014469801,0.4022717992011124,0.7534061015911553,0.94540893164269,0.7644495628683544,0.359984843,0.504473543,0.452173913
0.4350547877879918,0.8534184561101192,0.1954796004642376,0.5792329036303555,0.2000370796022373,0.5645668995759936,0.990068843525606,0.039032148861574,0.8299322890082159,0.522284235,0.410908911,0.024
0.9575717885704396,0.6949528286766449,0.3324485679440014,0.6765357488643269,0.1902130735319843,0.1500353533914665,0.8045220395142386,0.0511985396854602,0.3288986174009638,0.263567037,0.437126223,0.506896552
0.3727576512662677,0.5729752339573051,0.3379873700733057,0.6354124115058906,0.2552781810641462,0.6945499251990769,0.7186403621005943,0.6588875955447399,0.5824925217718748,0.310633303,0.37788683,0.347368421
0.5991105456191385,0.6622924216539984,0.6790768674767179,0.7673583291955033,0.1260695240411715,0.3699069536632458,0.1748490144142878,0.6470661246338818,0.7335973041034173,0.252891753,0.426129822,0.082758621
0.0839167659513111,0.909281970823605,0.3126601858539137,0.0240985404274871,0.8171609338332204,0.6186655869767688,0.1492899707818217,0.8204043124176026,0.147646667450264,0.322038174,0.325178032,0.581818182
0.8642899279989956,0.8174259619088081,0.3583325213101391,0.2921102916492633,0.8997317008607144,0.8359262208642889,0.1605080075944407,0.2142610409535077,0.3711365134894668,0.188483832,0.596742314,0.2
0.09699325516359,0.967782430652194,0.8730295072676263,0.3671471810436004,0.8418850637577066,0.2094578489083207,0.7104136013574017,0.4903986570060857,0.3258775790453776,0.503079202,0.094650778,0.046153846
0.6300126488816535,0.9536487108558066,0.4786147774324599,0.6893346133551869,0.0801364213009789,0.5914919559314733,0.1692615583267556,0.4590297352179896,0.9362914086395524,0.419483442,0.0,0.0
0.882407701101032,0.4240268513698332,0.8071620638201137,0.6201398869153381,0.5349151514452367,0.0365653544040412,0.0545242197461497,0.0529206120466511,0.2746255369488936,0.117502597,0.071690238,0.0
0.6035481884905193,0.0384785182132353,0.7908665819534175,0.2266056153020612,0.92734561539241,0.3271595183595641,0.5396729906027172,0.760375628514634,0.7815584401640573,0.121102553,0.435180221,0.610526316
0.4790948709328929,0.553562666888756,0.7146187344088837,0.7271657199258053,0.4627671487234993,0.6949437895727094,0.9455983814466,0.6938670007666182,0.3104762459220183,0.275804366,0.563876526,0.423529412
0.8064046650530458,0.1331761823563841,0.6999187817480217,0.7805767493258229,0.5276242869925943,0.0499615975830364,0.739421641098689,0.8413736521258728,0.2032567696597723,0.12645073,0.089510446,0.247058824
0.9765847683259508,0.2010657606154569,0.816564729406534,0.7312769311205678,0.7884866694389225,0.805356388135156,0.537105111849289,0.6199068287634362,0.328261199014665,0.121768382,0.540769785,0.192
0.1878010427385164,0.8479621122207011,0.6742823725570296,0.6494970981355004,0.4185576759293381,0.4733115586386764,0.6273155245655581,0.9698029185451736,0.0491317231140853,0.423521571,0.279664544,0.555555556
0.3611004255323529,0.8731628533375941,0.9418008704552414,0.2421447984034688,0.3584432236092317,0.8490777309346944,0.4914457507634358,0.8124007732005251,0.4535542338773642,0.414889963,0.328267527,0.0
0.2693418294273275,0.8663933862129358,0.2827516599241267,0.6195913654632991,0.1059034025492319,0.8337923252611583,0.2914718303960157,0.5223965505117651,0.3110538929609654,0.340018706,0.387905583,0.571428571
0.8339049617926014,0.600704065840333,0.4533878972500859,0.2679141517944001,0.2203287315964576,0.8712777645793905,0.0039656712134884,0.8853988764184675,0.0609326297701341,0.176927434,0.61471789,0.42
0.7111080621874518,0.1252690591797622,0.4219370526696184,0.7444988396323328,0.7210539385900854,0.8958514262559681,0.1099188395552205,0.5065135049142354,0.8309124274631562,0.112495916,0.418416574,0.635294118
0.6498826201056394,0.2113582150062857,0.432530348955531,0.8083521396555137,0.6637700772084744,0.3264531081246782,0.4474987923931662,0.8279049587475537,0.8058044095090197,0.076952197,0.276840723,0.0
0.7888456423166982,0.1630271512625257,0.1338543747343482,0.9907619742652706,0.3817350378191479,0.4534540744575682,0.303675111807322,0.7823189061157447,0.2337791227277648,0.069459847,0.413225588,0.3
0.0709022455127278,0.632484146078721,0.6233164097410204,0.0604783161422024,0.7893493400264839,0.3105307908951762,0.5400718334349999,0.151066675336393,0.4705475318536464,0.308067694,0.211187504,0.586046512
0.8637061289625464,0.9220195618048764,0.7139097162676851,0.1002295766661671,0.8069220189996358,0.7237151973938057,0.0119587533266861,0.8264631771809081,0.332950039263483,0.305925793,0.595605267,0.171428571
0.7995133271573943,0.752011217555962,0.5955299853147188,0.6413238740956221,0.4012801018181098,0.6077194432810609,0.0675139224610678,0.1562322129375665,0.4023194490764648,0.38814807,0.509682117,0.0
0.9283878052382396,0.8739976837082469,0.3137723654940439,0.2636646585301707,0.0701214226716362,0.6800531889151642,0.6830704490805826,0.9740531159334732,0.4951947399894602,0.558200208,0.562981298,0.2625
0.8926066921682887,0.8928785904755842,0.597984887187238,0.046384462004168,0.7713194185897033,0.5597287216607675,0.550828550352925,0.8697109483782585,0.470512453808381,0.560603063,0.398298909,0.109090909
0.4452018064075501,0.350191068366279,0.3677188633023713,0.5971722067999243,0.3300077380091941,0.6140566976947786,0.1479967407008449,0.5400499535389194,0.3270903186379913,0.097174182,0.497945719,0.0
0.9491852495325764,0.5292877972932085,0.9768511459804944,0.3154301412485988,0.3838269782379699,0.3494441175573267,0.636339067354664,0.8363812654842856,0.9715967863962414,0.345278997,0.498728335,0.591304348
0.9152164631433696,0.672676181327067,0.0524189172574556,0.2787077185342246,0.6192333282124134,0.0301671924487142,0.8049736942684307,0.179694606730951,0.50817598665832,0.343438539,0.180204188,0.489795918
0.8529305860693295,0.924318478488817,0.8936426750592285,0.4115448230292595,0.2308290045028225,0.1767225103926389,0.7833195150839126,0.6316215597749953,0.4632069824694986,0.704473427,0.308645948,0.306382979
0.5580694226083476,0.7036838277655197,0.902757873729759,0.7014017426062245,0.9353086400299374,0.6102969160652478,0.4567105289054142,0.8787339864566612,0.4084135197377403,0.282579849,0.365002242,0.218181818
0.4332136198164654,0.5466428294282353,0.9444677026024156,0.0072016659629282,0.7528477416983432,0.7096959227342573,0.9390061222908768,0.2305889551644296,0.5942470098616531,0.291607415,0.487451086,0.496
0.049657273091399,0.514042971865377,0.1248870232917426,0.278022803368306,0.1102933288023907,0.8902331850675421,0.6363097683742206,0.2532026186396634,0.4503553339261542,0.211379102,0.366268517,0.592207792
0.7155083906330545,0.349208893773647,0.6874252935162127,0.6830244295664533,0.8443967454992835,0.0041340736511369,0.0184776307609065,0.5165466076458584,0.9135454372352788,0.1399434,0.067498517,0.333333333
0.3725491262913606,0.0720053169418518,0.7457281319160396,0.4265206378884708,0.1682271251357354,0.2656512730162126,0.4496061973448263,0.6833705545412435,0.1478581849847873,0.077891922,0.275436727,0.528
0.429459566427085,0.8819729956945485,0.7816185136923505,0.8462863762281064,0.7799505465805036,0.6452838367357048,0.3616835592478531,0.3383101213903793,0.7856553502644263,0.405595341,0.36440862,0.0
0.7798800320668848,0.1922948405096133,0.8894918837281138,0.9813130135872812,0.4390763809284916,0.0404655317695642,0.9884720576134128,0.0602150814475981,0.9909344304304096,0.137239659,0.11099578,0.067924528
0.9204835397669208,0.3096894649136624,0.7166859465701624,0.673945510023549,0.8030450913560743,0.573830602020242,0.9838252708807008,0.880397000922535,0.8315899674383289,0.166612938,0.54388399,0.111627907
0.0001159273855957,0.095563959546602,0.7807195749200913,0.7587478861367439,0.1630042214545571,0.0740813417301428,0.6105308268924583,0.0905981228760297,0.0290497935784488,0.1239774,0.02143149,0.342857143
0.4523448543111372,0.1472930708179721,0.5903777690495704,0.667774118731708,0.1535905672246083,0.7922390658597033,0.6145069905098783,0.2310390297385188,0.3231083603944956,0.118007334,0.426353268,0.192857143
0.5596331281271547,0.8170035680049224,0.4409453987070412,0.5460584382146965,0.9015558183689204,0.2015621506153552,0.8180659506202514,0.9024283007139208,0.5703152737034878,0.500091397,0.415523705,0.649411765
0.1011777069356271,0.5659054579064027,0.9378553433703288,0.7179982549575619,0.8045670358003906,0.1667329081238644,0.595304820021519,0.0911354901852261,0.9311247571986636,0.401704747,0.138032381,0.1125
0.0791852286900639,0.5437171452508839,0.0752451896647897,0.9743067893673376,0.910070212800273,0.6959515644439168,0.7701270467867842,0.5472651580504837,0.6947109944830218,0.237320348,0.362086353,0.444444444
0.1448480144984005,0.3030248209460097,0.332280208755277,0.7940624491250008,0.1919275754854337,0.0203263478974161,0.7631268046211234,0.1031054505912212,0.0920381855371532,0.158725254,0.03259898,0.354545455
0.0423859360777244,0.7129665676539395,0.848493057918927,0.9635990545977642,0.0584932823385673,0.5644533045813526,0.3174401644742437,0.6216504019731587,0.439614286294688,0.282357968,0.233211922,0.05
0.5763864828701788,0.588530650650083,0.416865223605906,0.0315928300916609,0.1774556783396685,0.4331371337602205,0.7418131593715601,0.045870703312857,0.4626872194498616,0.237319594,0.449669448,0.501492537
0.9129505467243644,0.8526177602331957,0.733240040950165,0.9372822612207202,0.7121308719022531,0.3962570600459405,0.8434352313573054,0.2811298723710087,0.5614522071471293,0.698901082,0.275504857,0.137142857
0.2050017572266366,0.9547929860738276,0.6185066533922099,0.4661145072214619,0.3314285611281586,0.3292142888009347,0.5176769457807603,0.9911177913645812,0.8075944923679316,0.592186946,0.220067772,0.030769231
0.7870906611719566,0.6138937709320975,0.8890547935449652,0.6608234285975175,0.021406948705724,0.2526084613755182,0.5865830263653246,0.2766073072584444,0.3655577785811885,0.352884785,0.38772349,0.0
0.2882279626310357,0.6361542581326672,0.6258108191886441,0.4934025757466145,0.8277550223921526,0.5876373124232894,0.7161474948068232,0.6676373329072137,0.4714991379835207,0.317388108,0.295935915,0.052173913
0.6970727455096345,0.1852707590311184,0.2715902358842817,0.5964391833092727,0.2254785714454615,0.9501888411833604,0.1018520445539237,0.872832304575615,0.1676063645987625,0.096390022,0.627210149,0.6
0.4182828193332395,0.0908872983046018,0.3428155981805373,0.4353335582255281,0.9566342115666496,0.5447886627710574,0.9110187687206668,0.5229390072273548,0.6704196288942504,0.108180085,0.403578095,0.13125
0.9511277572336034,0.4936344997448512,0.5403452167311809,0.0831396387043535,0.1487225704807628,0.1005067254232791,0.0998915455153297,0.9062569049916368,0.2156487847926342,0.179740319,0.238546301,0.818181818
0.6037718291797443,0.6637367135551421,0.3944055497807597,0.7324689626981464,0.5651345026831537,0.2356554173326629,0.9240111153498486,0.5092732289687697,0.6563325301206354,0.342712782,0.246973762,0.0
0.3024088635756645,0.9883012506191968,0.9549284008068128,0.3099099102327796,0.6881346126501756,0.1431153919370503,0.5835424263673753,0.9688654194962764,0.2190980329083387,0.566718269,0.181264671,0.276923077
0.1221210012048791,0.4121464561963303,0.8128035750545849,0.0742304313958821,0.4414112001327138,0.0984906664675197,0.2904372423182074,0.74783527749983,0.7396318215115399,0.161530841,0.121946518,0.635294118
0.1872487957343402,0.9557086613938194,0.6288534587330467,0.1492731694968745,0.1396014029882766,0.082790962383959,0.1108725825280746,0.4922836016847441,0.2334709403173418,0.268065953,0.21925752,0.635294118
0.0548268886055182,0.2833554987793766,0.3317191576263544,0.6498760321485088,0.294796425368617,0.6847530752500798,0.6495697999319129,0.3390129332390491,0.2873120529327788,0.13483991,0.227832105,0.058536585
0.4231654658116026,0.3094602096724483,0.4004624292088602,0.5097339017730321,0.9825755361347326,0.351500840826257,0.7785190227247213,0.9540731849551491,0.5911275733014162,0.16724645,0.417890766,0.534939759
0.2416600673505685,0.0329079704896683,0.6952311389768294,0.4884609513553205,0.5843281750113689,0.4610164600028585,0.4086858984073804,0.8766969300349962,0.2281223689679264,0.046986254,0.243243806,0.67826087
0.1104696430910899,0.1723502528955676,0.1824182508424945,0.8177570550359529,0.2512841260444052,0.7682450374363239,0.5985642700001814,0.3874806013547164,0.0850343347938422,0.138036097,0.187837417,0.104347826
0.0287712357469778,0.359634307952578,0.0035120783000153,0.9483126488954904,0.2684930712786997,0.357877180637255,0.5596487714337173,0.3748707282941844,0.8672791387603012,0.182254421,0.175923244,0.171428571
0.9339186568872746,0.5276297778422722,0.91421420809564,0.7354691393851708,0.3355179384851812,0.0740839470988347,0.4531698906406989,0.5155720410750387,0.0897387696190135,0.200573202,0.215980204,0.685714286
0.7167462568430623,0.781338768232211,0.456177505493699,0.9294852800617528,0.6679310103498378,0.5255676073084823,0.0464133850816871,0.3348121079722552,0.8471256062865001,0.264310688,0.450592568,0.4
0.6682735360784833,0.1806689635464645,0.2950059780195557,0.2112559500508097,0.1712799489485864,0.1484211848369101,0.9360978714249244,0.4995944520501874,0.5353361186022467,0.117583598,0.169848585,0.0
0.7923794870470678,0.3847095388670397,0.2207939766901816,0.1764357130368276,0.5161718824493393,0.0104523728231105,0.3239293015910566,0.4101761723831362,0.4318343793467762,0.107601143,0.122585734,0.507692308
0.756141401349654,0.8229837078277544,0.7932628883347257,0.1736285839431658,0.8159222557288913,0.1708950910549483,0.1765192765483276,0.9848639424716062,0.0669445359344971,0.27396457,0.294950874,0.514285714
0.986949719092276,0.8932800456583373,0.5385871048054683,0.1124162248598674,0.7970427534875342,0.241933691649009,0.536745709610472,0.6818706278121603,0.8367631820624218,0.643357819,0.374967215,0.263414634
0.1510419986787696,0.928677590267524,0.4338043494277073,0.0916060006766747,0.0297511254951624,0.5634676269004164,0.6664879342348249,0.596429871863096,0.3907062878433267,0.503463808,0.362115179,0.457142857
0.8876746154499409,0.6059675662446187,0.5930827234856885,0.9378624596535056,0.1333427391466913,0.5741387643587766,0.8602998174185514,0.0271903210460131,0.5506054021635566,0.305357984,0.496872595,0.095238095
0.092290615185015,0.24357114178066,0.4588747314489148,0.4595372477925811,0.9383884207733774,0.7234409839298329,0.705706088488328,0.679319490885863,0.1830344521308334,0.139331608,0.298072959,0.12
0.7725454183226024,0.9283159755648452,0.3435638601650324,0.842474079687442,0.0761824775996228,0.3235527300814356,0.9952370827034696,0.430164075477072,0.9174741811641326,0.556610292,0.396615875,0.285714286
0.3823118443756369,0.8262008407063954,0.8112315511969034,0.3433956997066579,0.9235940518163674,0.3267024607002109,0.6817588989805295,0.4948228785894936,0.3278834623171702,0.446218766,0.344865435,0.146341463
0.0405449814272693,0.3090468572677276,0.295702561135799,0.9866808671017612,0.3493888546739275,0.2030519605236478,0.7594349722965763,0.5698249411710419,0.4032824621138849,0.110261218,0.128065843,0.274285714
0.2109021987512641,0.473213009513567,0.9927715699686372,0.8119157682946605,0.0022745433176875,0.3462173568680776,0.7948992230092876,0.0618998079832104,0.7904328635070536,0.331851004,0.311559177,0.2
0.053347894486277,0.7625441674100242,0.710385782653607,0.4824644518179251,0.3459793619806496,0.6194051687549413,0.0367559704442748,0.9797225974822444,0.4602425517043921,0.295169707,0.308325718,0.421621622
0.5087091151558317,0.4991178085082336,0.9449122104071884,0.7871385179869889,0.6920179382529016,0.8117964731358617,0.52051186552949,0.1404148803679752,0.8741556348390693,0.235941295,0.525184111,0.10212766
0.957209181034954,0.1159180740589013,0.8621777227314874,0.0760777057783438,0.0637578755634313,0.8063479991169825,0.4672179114569957,0.2168099691467112,0.1557093814279133,0.049457335,0.45465166,0.75
0.8055127276453592,0.3888574269964432,0.8044281043009657,0.2173822590364117,0.381249024379392,0.3063379476340849,0.3489234013754949,0.2371048730047187,0.3037355140437479,0.117496861,0.490611691,0.675
0.4496783698539983,0.6277366928249298,0.4505904470422029,0.5600996388698223,0.1652765584924143,0.0711702644666221,0.1316915543147572,0.6789764230873379,0.374774215399735,0.135847646,0.095540524,0.0
0.8754714590841532,0.8913517519453666,0.7139256258937301,0.7856715980249048,0.9090026630687216,0.2553123325648077,0.4608326428483904,0.7619730640424273,0.676419929279616,0.292631444,0.2952712,0.0
0.078941780428777,0.3242514631444297,0.4161290203437233,0.7309792118908142,0.527498650475007,0.587788746161503,0.4140775261991344,0.9102236935140572,0.2885285357893336,0.085769065,0.120182518,0.0
0.4205253875281181,0.3557458803001864,0.8720328013184423,0.893707500130773,0.0925193357085115,0.5309864613503861,0.6757615531622599,0.7094578566128067,0.0216362552187817,0.154567597,0.32039137,0.381818182
0.7971492760827106,0.9686903015373062,0.1415859306235454,0.3446434677287432,0.295423365335298,0.3118218558617978,0.3283364465280367,0.157860136254945,0.0377590957118028,0.352782447,0.219058811,0.171428571
0.424187099891429,0.8957911557239009,0.4493476842418109,0.3807037205696955,0.074884567247329,0.8921197943645363,0.1774800997592381,0.4192728821385704,0.236025281371924,0.290473292,0.570864836,0.225
0.1092574861286301,0.6467215034544274,0.3363545914872805,0.6678842983622865,0.5742502515421531,0.9262868071153612,0.3207344652393298,0.0501446560698181,0.971481112990321,0.205339227,0.381527215,0.085714286
0.7857587774346044,0.2043114304363157,0.6193429000456068,0.0815944552867881,0.2806460355722207,0.2396345179177511,0.2948676002919977,0.6210082305473876,0.6627312691979416,0.09189642,0.450602691,0.48
0.1877859530646002,0.7951138622039806,0.3875185889620047,0.1171028471711647,0.5403708127345382,0.4978845902641449,0.0061526823315574,0.9066233951544832,0.1977817158752528,0.282307048,0.280477257,0.4
0.6120176642875901,0.9932340340950926,0.5763635266300168,0.6939109165185611,0.3097054353831906,0.512896371737287,0.331380801377069,0.9648869039628272,0.7119715801280787,0.56456129,0.534260909,0.133333333
0.3497786967718983,0.325882082564551,0.0666296923219812,0.0792238142548525,0.3810171395803615,0.8799720746259773,0.4563991054511483,0.951881090026376,0.7616751132747981,0.149860648,0.542504957,0.24
0.6877529123691123,0.2840884224217594,0.0742605468512167,0.2785466593983426,0.771777200111911,0.8053579861550849,0.9523121661110288,0.157047092606671,0.3400431314134359,0.139905719,0.472128834,0.514285714
0.8429893279007963,0.5905286595516359,0.4387233870577076,0.7025005811088567,0.4384577499142679,0.372436736575191,0.3617205252396285,0.3421572794957213,0.3999889453361871,0.190880344,0.278506617,0.0
0.7640770821372105,0.76870620654818,0.6336787272913245,0.3631221017923751,0.2704822862061313,0.1281186664592868,0.4134039603617867,0.8132789811993744,0.6597574325983725,0.324916549,0.131780904,0.0
0.4503154272613685,0.9231388876690148,0.2527934222615279,0.4679031044137783,0.2757275154032493,0.1546440362028527,0.15179851981708,0.0006735266035894,0.4284243166383452,0.359381784,0.22183802,0.821052632
0.3523049535636121,0.7097459267882399,0.229273446977044,0.6349226231929775,0.0185053528646017,0.6686200684097607,0.8208898197265987,0.2359043962619892,0.3036611978740607,0.389470989,0.388760194,0.0
0.9854255033950826,0.366294001148977,0.2016324054930841,0.0507733632751484,0.7374004756442774,0.3568067978921813,0.2034685467471987,0.4955890971950635,0.977611510738617,0.137303652,0.55434996,0.0
0.0930587489070065,0.2816172833665068,0.2349374893849305,0.4022554173939808,0.7676211804072549,0.9053450013933346,0.3100646865610427,0.8811178067277388,0.2569193662444027,0.065442077,0.536434013,0.327272727
0.5559542822092357,0.2248020139945328,0.9218667413735092,0.6394620274724832,0.97907316703139,0.4294938541126551,0.4232188876912707,0.0186583346820951,0.919516830114278,0.120907186,0.446727561,0.573913043
0.8996239216088261,0.4623951931190627,0.0252587606929864,0.8594448149336199,0.0838632439577975,0.1985916233525068,0.2142775891352745,0.1397796627796625,0.6372870279189166,0.115907881,0.24244473,0.0
0.0666932784729366,0.4023929964328632,0.8142542183123673,0.5515317511792147,0.4960888695896619,0.1787198055016496,0.1140532639477733,0.9736338249965214,0.5169447550800503,0.130959619,0.170088215,0.757894737
0.0009012273061105,0.214253044741928,0.7173348807322134,0.3148393631723767,0.0317042835760993,0.0387827833622271,0.6451997616212233,0.7486265399602368,0.5229582134633068,0.15522812,0.021075629,0.162711864
0.4960683757763698,0.4874046883544144,0.0649145747039601,0.6512381935268828,0.6604146045185082,0.527237545178414,0.9363382254284036,0.8624374909779736,0.9006698051088567,0.341747765,0.281762869,0.088888889
0.6569479760845034,0.5835370408769498,0.7601294739303804,0.9859326055296488,0.2590837757073476,0.6863117150672339,0.9175928131848792,0.0013212647123004,0.1797514951446654,0.285828784,0.400326762,0.260869565
0.8813742384374789,0.3379749258511543,0.7468993747906763,0.9980150982131392,0.7429473711865305,0.3212666072469737,0.7263926840194369,0.57461434740817,0.7935705748369015,0.19253522,0.295853518,0.0
0.8584566022919944,0.2759937759162117,0.251630500667283,0.8789463254658427,0.330973096414193,0.8997825769346649,0.9331209493717086,0.0708502699112765,0.2707994875472334,0.140146982,0.602977528,0.070588235
0.1708645477594792,0.3966882651842863,0.4836320355562444,0.0848812994545576,0.3061618384177951,0.527023362397701,0.4259076896312332,0.5300941445704968,0.8553412351768961,0.149927164,0.261671033,0.6
0.3698549856119212,0.958025750524002,0.3041098093259851,0.2082414943844611,0.0753722469637724,0.0626126289885097,0.4959580649242819,0.182633395314233,0.3503508173987468,0.361665459,0.122804837,0.444444444
0.6479851687347529,0.5249776397468329,0.0902512845986553,0.4272356365810331,0.617928817388607,0.1935042585731448,0.0842322113644834,0.3272001906468363,0.5053723148510483,0.151140037,0.272885708,0.0
0.0581691804062932,0.589571937333849,0.4797125187740851,0.7934372194406205,0.1361275431753446,0.0901654682379859,0.983196802254844,0.907053889361032,0.1068893571800473,0.259558126,0.045703961,0.107142857
0.4070294245507577,0.4428489549386379,0.9851323750887954,0.2448147296809044,0.0102095857686883,0.5779189154138865,0.8458559869869235,0.9952406369637078,0.6675571751819197,0.226371791,0.424387892,0.303797468
0.4505862248914329,0.0111069455977818,0.5609521066703173,0.9925058576553464,0.2968598055148294,0.940319691061895,0.026492992409927,0.7701261476463995,0.4558681771170099,0.037368934,0.640390058,0.0
0.6742983014840126,0.6177702579691917,0.6720501420821838,0.5025481251121211,0.2170849561784391,0.4486162151291732,0.8090482018408045,0.582460903372724,0.8215156558586486,0.31320422,0.513418753,0.534782609
0.7352761957994457,0.4379973013077046,0.5200647459581237,0.660164225758455,0.173914471527146,0.4168249850851107,0.9908775783470544,0.3073846594565294,0.8467692042024362,0.263415578,0.458294351,0.469565217
0.5669245434255152,0.0998835731914239,0.2221934536290736,0.6936020566930138,0.7391191639946953,0.0804496444644722,0.3163043879181665,0.6403534456081438,0.5135503029085466,0.060734105,0.089829152,0.0
0.5285191783644801,0.2009827331026027,0.4262786248488992,0.3268693193152094,0.4753086125778927,0.1601000127826297,0.138159307445124,0.3176761337795705,0.1948981653846484,0.085844033,0.231258088,0.48
0.4019669321870225,0.1959402663424061,0.8123972973036963,0.3761308868832986,0.0199700546043147,0.1109880573885006,0.4276699512993801,0.1616144201488348,0.1621032556147859,0.07802374,0.164473743,0.15
0.5525176871373659,0.3212903364696332,0.883621383353719,0.6578160640105546,0.2402598446704298,0.1285648764057152,0.8235370789573435,0.2579002787616123,0.9843423881696164,0.220952449,0.247562764,0.0
0.08127478947127,0.853450131676234,0.4161545820058312,0.8247782114649748,0.016754009218893,0.5378278620915841,0.270343715611824,0.7250504221755998,0.1935769114054497,0.349689152,0.325795729,0.309677419
0.3449215541134578,0.8672374682184455,0.9149800493809584,0.4012639748698826,0.8743543176219695,0.2035003761904609,0.2448530177259188,0.3381432197042648,0.7140727648207421,0.581343613,0.354484915,0.84
0.8496666710404559,0.159125376049612,0.7910196801017577,0.3647384532658005,0.020711011348718,0.6161431855325984,0.6229296960669343,0.848496985338077,0.80206266942194,0.116497995,0.533772301,0.0
0.5725812236108195,0.7862221276132008,0.6789582225998994,0.1684681193667697,0.4902843749660505,0.6842117636653796,0.1717457419745569,0.0604765782147678,0.4163006591364721,0.263652575,0.396206362,0.0
0.7390557390900319,0.3069488314028896,0.4354234308888731,0.7631729539686687,0.9756962680846728,0.4653169556352362,0.6933433237893155,0.2819886051837323,0.6037301097735649,0.180910515,0.423554965,0.0
0.3485416621360249,0.8594006690887925,0.6004360674033643,0.494032742920481,0.9006546261257175,0.4602000654755034,0.0105259914884662,0.1655986289633476,0.8875236659971812,0.322622044,0.313021445,0.733333333
0.6083875090015196,0.3418177690820395,0.3126044731103046,0.6083713911033348,0.2710467542689588,0.119318070760115,0.3451448491730068,0.7760820019983518,0.6086328616758244,0.125818726,0.117876453,0.4
0.0888505669789897,0.9402744860701742,0.0247782602551566,0.675420212001637,0.8476953174432782,0.3427999294875452,0.1631316184379303,0.5862330665397708,0.5530075589378044,0.339089102,0.215216723,0.66
0.9764027930688648,0.8025744422721623,0.4311400582359375,0.8984678148930101,0.3348128696206164,0.0738058617057091,0.4904623004898638,0.3372353873234913,0.5569852212918102,0.164868648,0.238191996,0.12
0.6388431628518703,0.3087897159474057,0.7890197558031922,0.7960144160855108,0.8579390645458651,0.2943686940362394,0.6506318247960321,0.1722917047253279,0.3672899941527137,0.188970844,0.213167513,0.0
0.0877904420194889,0.3555510834020999,0.6520815783267597,0.8755892285064507,0.0817036706814531,0.8230121872259079,0.7544741965791691,0.0604720090865884,0.3276366424836541,0.196277091,0.256948377,0.0
0.922621018615843,0.1652679325316836,0.7901823326980498,0.4110523435199474,0.2929804833173777,0.4647509787608437,0.9139816190585554,0.1093612600128797,0.7413168900381143,0.162323402,0.485371862,0.571428571
0.1204842405466728,0.6464919857161551,0.4802149138474897,0.9140761326895256,0.941773458928568,0.779434462489761,0.2916363861578482,0.914684711676479,0.766367708919801,0.241606281,0.255477026,0.64
0.700172192860698,0.211212077875282,0.4000736827201226,0.061862222259751,0.0591216990578132,0.8209696498034832,0.2182491848850489,0.1609276189732816,0.9977144543342554,0.088205303,0.459550538,0.138461538
0.8265469126317183,0.4944428650656765,0.3113413092577172,0.7017836979811496,0.5222234491302891,0.97677263850691,0.5904354954174866,0.862206738014662,0.1596777114015537,0.199365181,0.474294404,0.254545455
0.9012732833529212,0.5871182949709784,0.531046485833265,0.8079572439967005,0.9552514875341004,0.612866213496089,0.7704047946168363,0.6548459292889081,0.2261437790231243,0.31958759,0.530287972,0.470588235
0.293773621744966,0.890190336736487,0.289921344048492,0.6587627351224802,0.9549555470189162,0.5066809590483684,0.2884415465812159,0.503560147176201,0.6612214838630498,0.326303519,0.358256112,0.457142857
0.9670631955137357,0.705796361172374,0.8079107762994073,0.7696494961776655,0.0504258554380825,0.4566859706579225,0.5342565122899632,0.0780071571577802,0.7698877360999673,0.330673548,0.483850958,0.283146067
0.5064449256392161,0.7536042332966658,0.7978573657305696,0.0071129220854484,0.2540119591827484,0.0199942337201481,0.247928728742187,0.3215029904089956,0.2527301400489448,0.293002508,0.042177854,0.0
0.1477283837696364,0.3846149019407862,0.6923405759807642,0.133458281749457,0.3875573387221341,0.4953961467400871,0.4766243539358105,0.4266133725211339,0.4086780856702271,0.130002246,0.385803708,0.4
0.4949052863526987,0.1895475725346596,0.0337571363705264,0.4142568998068303,0.6516692569568885,0.8837323228329836,0.6125051352061062,0.825900650963808,0.5284134428606414,0.157536979,0.44024514,0.054545455
0.6430908362911899,0.5507788955865337,0.4826233312039206,0.4197059052631273,0.4504428414834196,0.8161858999255105,0.2048566713528075,0.8396845589374988,0.3635084386908065,0.160318815,0.68282085,0.0
0.3218326623047722,0.5760193508013797,0.2885153279271759,0.258398966629203,0.3553618727129481,0.9465612050888744,0.9508691076687888,0.1379898049457143,0.7458508976391156,0.292356319,0.654794321,0.0
0.6034221984319591,0.4346054539955618,0.249011413417993,0.204871654197285,0.1529025198424022,0.6042767054118442,0.5417252049335384,0.8517163759194449,0.2504840974190419,0.216279646,0.554387748,0.405882353
0.0628213025683166,0.4026020331003784,0.7044605816371327,0.2869177205287255,0.7675201430092857,0.6951337572214872,0.0196930970960302,0.4769182061760284,0.7337455369811411,0.106861315,0.324314869,0.56
0.7708135890799588,0.3723902527048329,0.31249104529572,0.0171492538615488,0.3542418882459808,0.1656345073441827,0.2844744187869957,0.3916766834911681,0.6513601206097285,0.123107873,0.352643154,0.685714286
0.7430264440251286,0.1952157213427878,0.8242767465366168,0.2815396359587144,0.4913752060605187,0.1528252049381259,0.3935971189614162,0.5381098669302656,0.7605040250183273,0.10524321,0.455764221,0.533333333
0.904698061931654,0.4939911449628055,0.6842700476636308,0.71833981454807,0.2683030875946222,0.5642422929013459,0.6092510688407485,0.9368720513245598,0.5713527146730146,0.232204823,0.511092906,0.225
0.4384453333989616,0.4220636463121208,0.9937553946970964,0.3645933740914615,0.5136574481583934,0.8128229161405176,0.5655241739540835,0.8488387903391401,0.0613377555656386,0.187261282,0.482739498,0.082758621
0.8600467579957807,0.8336166412577621,0.0606364719519817,0.316137128071652,0.9609557303300648,0.185182042141366,0.3158037670158337,0.5925419953816621,0.9182870579918934,0.300223669,0.43344863,0.685714286
0.980486611810278,0.4015442093146054,0.871993636917277,0.9673294757767058,0.9745631098890224,0.9185299583661166,0.161533375693699,0.311438631380409,0.8106152486174675,0.160484918,0.706480691,0.171428571
0.5783371971352517,0.5317898327299783,0.277655305648227,0.0533035617720305,0.2959233748886072,0.0802304759443685,0.964618700344555,0.7198641412009945,0.9418176410823538,0.271042547,0.127822245,0.126315789
0.725720863163982,0.8235286817132121,0.8743091983536823,0.2671220547299205,0.6295145130472155,0.9394140486231358,0.694505376506261,0.2129859814687867,0.9614338731111304,0.549822233,0.470957378,0.389189189
0.4303786149264054,0.5361950991962215,0.9599684078060424,0.2612913540183528,0.7969020299570578,0.2271695429163696,0.5077384631563605,0.2175284030614096,0.3961313846136322,0.291577354,0.286902201,0.737349398
0.8306767352099811,0.6078347696979279,0.7694286485333669,0.7344461930340047,0.8498537200099692,0.7258303378243939,0.0183492387982866,0.1581848675251403,0.4206215425258292,0.201952848,0.617346079,0.3
0.1278729549387612,0.6879081003077658,0.1079372304087848,0.493048328246199,0.3314787226805076,0.7798497686658474,0.94601073590395,0.7472506191171157,0.7555475789502728,0.280079362,0.371804709,0.326213592
0.8803152124836039,0.7766371918534741,0.5483742183672832,0.6198762915283034,0.8351507264916513,0.9902799520616852,0.6478287872493866,0.2638900793942087,0.5134795268586215,0.469820112,0.462378934,0.66835443
0.7688634045734428,0.8931369946471452,0.9576368348674412,0.7256972607162224,0.9627057247316608,0.8854661043055342,0.7087872312117556,0.4180817211805643,0.456894693698526,0.575427262,0.538209267,0.339130435
0.8964210470882508,0.7346268901982106,0.5861845445006132,0.6081694550142452,0.5593421462243598,0.4978048609082872,0.7175850051117005,0.3222049023273305,0.4094111988904195,0.341281031,0.475558425,0.0
0.9034076371598244,0.3204637038186035,0.2245638342406546,0.664436703602512,0.9633554044566676,0.780400904648947,0.4123408542272215,0.4862844933527638,0.0759160895349693,0.104863984,0.489309648,0.5
0.5523693114916852,0.4823812478218783,0.46851662156733,0.2064992380212433,0.1090873153406863,0.4732346670837919,0.9162895400447134,0.1618404976735964,0.1841596145593281,0.207829255,0.494595084,0.654545455
0.5377162026971206,0.4901985169952054,0.1053199210166168,0.909661509241027,0.424291858137687,0.7727422482128835,0.5796874199970855,0.52898379979055,0.6817257519909377,0.235965574,0.452032371,0.4
0.5368171560690832,0.1784514268880994,0.5304914969409691,0.513249688373071,0.4867851699000155,0.7564747373011002,0.5863886221391035,0.1161213481415837,0.6402314190881245,0.113880532,0.475583108,0.14
0.0527168228234364,0.2419148673575865,0.185450016719185,0.0185960987684333,0.1698660245316158,0.9044347709150194,0.9554043783742968,0.8628881638598024,0.6900806117316624,0.130276726,0.361123798,0.342857143
0.188041474932692,0.5622658611802759,0.2472567474989107,0.0396066473860564,0.5612802499744405,0.716889285766489,0.4844891871298126,0.599829017169648,0.0871299454007648,0.177165531,0.148472515,0.514285714
0.1849832264340278,0.8886664547217815,0.1542887915318849,0.6598805959852654,0.4284644304919647,0.7363132865896491,0.3637722487485545,0.9364345877956182,0.3591971791160958,0.285337637,0.345611532,0.32
0.438035374659119,0.9258466882084634,0.466351799264409,0.2577185602274383,0.0161406222642432,0.3832412063093731,0.0004552193038552,0.9089420400452204,0.8731146874092817,0.425699055,0.294755005,0.3
0.6925028055677643,0.7326049253745357,0.8280251628054901,0.1647931780261482,0.6192057395570882,0.0742528908105678,0.3368516738244349,0.6050170870454415,0.2297318697542992,0.320332394,0.125336169,0.0
0.5215467390936177,0.0185320160546578,0.6276513244109149,0.8664196371374865,0.859015317221188,0.4348479647766322,0.721146414388526,0.2692891575024908,0.7182202189545495,0.09188832,0.330114867,0.294339623
0.8640285908105299,0.2093681992010564,0.9568440928917772,0.6689409972991562,0.6984801674953232,0.2777111397138369,0.0383603002095853,0.2942989008067893,0.6764784493164467,0.084804111,0.096018478,0.0
0.7056083800506544,0.8802511496120269,0.959638812042784,0.8716542934104485,0.0200456518055164,0.638908182295828,0.1359908375605,0.8021548774814448,0.9863477508588844,0.382003628,0.582021994,0.48
0.6904089953813005,0.4009573577698841,0.9149409094827432,0.0409847595599572,0.4424603714839527,0.5526052225594925,0.7075671953292509,0.5979008204408691,0.1072527590890299,0.211350553,0.403460141,0.274285714
0.6605992084102899,0.731588466033913,0.7718219490934284,0.1602768956299747,0.9300055995426858,0.1890629410432267,0.9267517563519252,0.6838117438918999,0.9204691982643778,0.402933863,0.383005625,0.395294118
0.0754664661994796,0.2405658211027861,0.3238177713634784,0.4643667868936011,0.93842012002468,0.9136691056305716,0.6481037147588294,0.9524947601135908,0.9712725862603396,0.10296512,0.321536732,0.0
0.4102957902079771,0.6017642861801311,0.235829318360639,0.6805777477702901,0.8110404946561615,0.796926877672307,0.6290959710348688,0.3271564919558002,0.4277246817628892,0.331912731,0.498927695,0.0
0.1399503783572895,0.0003915520949633,0.4944296669505739,0.6934473808007311,0.2340681388345158,0.4761718657079929,0.8182338483796363,0.1706446967988653,0.2557014505471523,0.095110099,0.39993729,0.62278481
0.0060505888478097,0.6095831782984811,0.2475532505052011,0.0622282513147817,0.7659296123367431,0.9803276632815516,0.2634942243093877,0.032938637081851,0.3114808390849674,0.238388609,0.220694349,0.2
0.5790939638228262,0.0456244541082151,0.2013098486568657,0.0976211469659215,0.6230498986024057,0.7091640093646207,0.2214974026097129,0.8875456060797385,0.7045341757147995,0.057460074,0.481884411,0.6
0.228900310870587,0.5802225047318869,0.2985487401481723,0.9788757071790272,0.6804801712607721,0.8763206036550973,0.9850339521905256,0.0267833955192697,0.247444441902476,0.24034745,0.473756425,0.177777778
0.2341101407964663,0.9770253795255264,0.1016237342742424,0.8282124450324212,0.2513620919479953,0.7100217222740234,0.1028182091485475,0.1567901596448572,0.7611340047696195,0.433833962,0.485942956,0.15
0.6732087318793689,0.8604805598137985,0.4588929911181264,0.9627949330359384,0.6108283026580087,0.5595195617428635,0.2526784053758972,0.9943906715759914,0.5542176995332354,0.361757241,0.38366393,0.104347826
0.6368471753916137,0.4872700131270551,0.1664491700045927,0.0532057883008859,0.3650982149183128,0.9772629947735292,0.6678382800241287,0.443162756449483,0.1903403395116067,0.212441473,0.555064726,0.04
0.5774572058317268,0.5664474758465222,0.1717512013423399,0.1300353171929024,0.3680403820043297,0.1383758808318773,0.851270759503736,0.6926919459115137,0.0256382705880916,0.195748254,0.163131154,0.054545455
0.9506746528300416,0.5743638835765156,0.1106186501825615,0.9614381666988112,0.4640357200310996,0.3674618934435046,0.0936411984938018,0.4216244842826414,0.4180787039874798,0.133439414,0.546116362,0.0
0.2271816620594362,0.4427954549072959,0.9859220705473328,0.7104185404058038,0.545876744069173,0.2016070541311871,0.8577554063113619,0.1802939899185178,0.5969980020811784,0.215345173,0.231524794,0.338823529
0.7366903043508706,0.0825442201698107,0.7452300749882075,0.1029497556199126,0.3249144740410503,0.3571832186706503,0.416870638420757,0.4427325318624144,0.8155129654037165,0.070994963,0.535563435,0.579310345
0.4448952722681648,0.9128254717887028,0.2208591825002223,0.416620131886106,0.9243808713545736,0.0182152985504292,0.2743509375726041,0.295354310801328,0.7147515717677869,0.36003692,0.052248313,0.5
0.9658833525212016,0.0152974297490184,0.1659265046492858,0.9086383745745292,0.8785607269924134,0.8483628358033948,0.5127866935219277,0.4749847594783827,0.8404307262368998,0.130106351,0.658371414,0.0
0.0485396902692826,0.2801423805543959,0.8214964906793273,0.975334662702557,0.3186564416395344,0.9504991856307672,0.8545731931939712,0.181828725269317,0.6332619208420913,0.144048619,0.238168877,0.0
0.5973206071242516,0.3560797795834186,0.296363135998388,0.6260416073152645,0.7869460007564312,0.7247875692330233,0.7499680031224601,0.7710308483881212,0.4637284355587633,0.174992446,0.361967424,0.0
0.0894619742418222,0.0313514036864276,0.4183106087987081,0.9098164873869496,0.5438926990738763,0.3819008486437949,0.759141457662344,0.0407265179875168,0.0875673066598434,0.068541232,0.260734571,0.415384615
0.2579033573525322,0.6346924301195395,0.9285584823035056,0.9900333531579296,0.2652593814982349,0.7910344284254682,0.8381002814267676,0.3652673360095922,0.3300608491351424,0.390420263,0.297424638,0.0
0.7140005264622856,0.5571869852519494,0.1565069759137392,0.6661652794734134,0.3543711050328119,0.5304171018181663,0.8413480022268897,0.0997285443006036,0.7919838987695684,0.27287931,0.499105618,0.243243243
0.9728800547731206,0.3286414008993596,0.4446880169642561,0.2959416337502127,0.1699802568060001,0.1325799049727226,0.6979976427863187,0.2404209922035221,0.2359709201125089,0.175980006,0.179740708,0.085714286
0.6956038421550244,0.4670477527492611,0.766212106365222,0.8162568344677888,0.1098712603423548,0.0377681718300489,0.6851090972939059,0.3730337406851632,0.5612825940007865,0.290531212,0.154433451,0.583333333
0.946185905455888,0.7070735522434773,0.7270329994733288,0.9407299125117006,0.7745944793521674,0.0267152208641229,0.3327203883328677,0.5934805048907389,0.760130672309362,0.28216309,0.204727286,0.6
0.1294820213819757,0.7408490803946093,0.1021527361158578,0.3492214047414541,0.9290389248808752,0.1221989220184065,0.2200950706737987,0.92751131583464,0.2119117697188967,0.202651141,0.089219194,0.24
0.04370353344658,0.8548461851056106,0.5844404754240826,0.4147053855873801,0.5635810912614095,0.8194182805591279,0.7475332449466034,0.9860875146789432,0.1198617387462682,0.42891165,0.286193416,0.365217391
0.980042901029326,0.3619586391939436,0.2676598478886156,0.8530073336049679,0.6983695837952028,0.1484999282153201,0.2316174544953845,0.7188922802430368,0.4898560132390765,0.102855475,0.313087259,0.417391304
0.3824816652597492,0.0033155314527433,0.2078552119867912,0.1842540727423501,0.0572383130139619,0.5227376857581566,0.4106867415858894,0.5136085246456199,0.3834845046237557,0.046082977,0.542866256,0.631578947
0.6467161800906267,0.2990970752744195,0.9813735113748424,0.8465913619482405,0.5796512567838302,0.644469015682864,0.095867408359529,0.4532788622108846,0.314603741042653,0.112328215,0.585563111,0.0
0.6877923928640298,0.3283577497844816,0.6048694711630324,0.9614866921512484,0.8939912071875469,0.3569011565163297,0.7003308826597926,0.1354962280461729,0.8338629000638265,0.190844389,0.488761623,0.496551724
0.222974256707751,0.5398816913765688,0.7817010353216783,0.5045179830772784,0.1720210053133883,0.9794507698951928,0.5706941589703595,0.3665499437126046,0.0572630991924014,0.266069768,0.495984638,0.141176471
0.8198786784223804,0.2990976520597934,0.7565136101640936,0.7233777876762804,0.5558709183047422,0.7394262711523111,0.9158973651875224,0.5210440857328474,0.8437009638748487,0.182334691,0.606957228,0.485714286
0.5436485111701099,0.7171417425138216,0.4178050100770325,0.0830141698029781,0.5823189220779947,0.1909388681008877,0.8180155785487773,0.8596581321921313,0.3931324644947611,0.305541174,0.382313621,0.493023256
0.1300397160595757,0.7061510350281276,0.6333097211336125,0.8893091251116012,0.595340115102179,0.3295999933108117,0.4933347432174546,0.9348352573613627,0.1751383530101984,0.151523634,0.159795323,0.466666667
0.5512035521213763,0.2780073169233332,0.9412105157920716,0.1813764286578734,0.028865373123061,0.6019582631753561,0.8403591775404147,0.9930112340188412,0.1130878932174118,0.165946581,0.526128647,0.635294118
0.4538689971398664,0.1246674274137448,0.9785191942530722,0.0481161790243028,0.4203171867145835,0.1677922810811496,0.1540507106486237,0.6630047694286667,0.3616759470119449,0.099155792,0.295377582,0.0
0.8088124450661878,0.2940383008104075,0.9541098921929884,0.2208091137664413,0.0976916655033565,0.9073573644840708,0.3720887362311074,0.1400023174078328,0.4014941018093046,0.109033435,0.588578799,0.044444444
0.626183896377882,0.4300456866142631,0.0989965995506937,0.6461096289205521,0.8604381661793394,0.8666230493236751,0.0509733450066295,0.2445114315739025,0.2646934599630619,0.165532186,0.549772577,0.24
0.2408708960867052,0.5331127983640356,0.2654668135510937,0.1954229770997884,0.5181599266836966,0.9987011884315152,0.6424360061250528,0.5394182674683908,0.7040004981593108,0.309590795,0.503690499,0.312
0.4721840343511538,0.8542834175396351,0.5398400019737314,0.994268518354598,0.8280565163533571,0.024800848688414,0.9599055687858664,0.7999232518410965,0.6256707338886925,0.609770996,0.095353881,0.550819672
0.593683504175887,0.6127533235142057,0.9424684659928152,0.5813160509524146,0.9598176976365485,0.5953489830738175,0.5386312177656297,0.735473430100119,0.8574079751837734,0.307912099,0.448421667,0.334020619
0.2488938420960399,0.6619340327059082,0.8997364627013635,0.2662594773472427,0.9780453944781464,0.4500235774227866,0.8128320209450604,0.4187064680572838,0.93133534954791,0.349369004,0.359528335,0.311111111
0.9759276563554464,0.992580796875572,0.7005237284280682,0.7881407969028467,0.1393953581054654,0.1243515369928037,0.6431754602416566,0.7080684391122571,0.0065543822458394,0.535066227,0.284884325,0.626086957
0.7108495599584964,0.5594965269505794,0.8462931565584182,0.943904672776744,0.0355580304098773,0.4732589375993857,0.9355614266794652,0.2814316680153659,0.2570116421575394,0.258265614,0.469069204,0.0
0.5829065715081689,0.472573814587919,0.2640073705181348,0.4373981694520555,0.983628918585964,0.3161838763241513,0.9321216641143804,0.9283816743878724,0.1205444218116208,0.181777363,0.367883966,0.136363636
0.614671835420567,0.2147527231361431,0.780255152879881,0.5885938532639282,0.0234217478353117,0.6861146110205176,0.1200427745397682,0.8410480172992735,0.1436215718142156,0.090020306,0.429702119,0.64
0.4961894549223106,0.8926104260536428,0.9996702791114728,0.3404955691996534,0.6307543749589402,0.9141113778166884,0.4644664542996414,0.9572370061997932,0.1595036725466003,0.375991689,0.537168271,0.3
0.9111440361219896,0.7756250930849784,0.6130829356638581,0.9759429621168344,0.6210561574314185,0.212455136529748,0.2317261697474426,0.9629354166676714,0.2033226793763808,0.265229288,0.30156312,0.2
0.4512206329272813,0.732715555327484,0.0912465279317321,0.2283700088944107,0.8765224969815905,0.9040547842892066,0.6697527775222109,0.8217600928123259,0.6897370601214334,0.376087464,0.503020891,0.514285714
0.3181489371854162,0.4143977546063616,0.623248278867828,0.4878699456867714,0.3969669172295794,0.5622011777856638,0.2407297913783854,0.4638926005992771,0.4923505126091375,0.143256682,0.461313381,0.494117647
0.203945381609793,0.9770488083197724,0.2514492146568499,0.899078194447449,0.8354781940664904,0.4559564975633774,0.3214196830173729,0.8439689287369666,0.6376970559714303,0.345309379,0.0,0.0
0.98893769291543,0.2178516939240911,0.1237591277212356,0.5638186389656697,0.8046179385450005,0.7956314183141863,0.0264697688285172,0.1582042533980049,0.9731574465763334,0.095079157,0.56418544,0.0
0.5856272331099625,0.2060562232171849,0.1241663717544772,0.9467779160909484,0.5017770420576206,0.3125697188362968,0.0214809457304916,0.2197389050169406,0.3429394010006894,0.11373314,0.319305397,0.0
0.8601671273707652,0.7367401437763195,0.5475796694567001,0.7120244927352585,0.0929641692696797,0.7080793854153716,0.6796088406048697,0.6374337545892774,0.0830235160360457,0.321955478,0.355312354,0.092307692
0.4601761079282438,0.8715434042538289,0.3589869111468526,0.7763488665384314,0.526226430394198,0.4002731489284852,0.5308945989108113,0.2106970499871331,0.1419836248964429,0.559546681,0.37416634,0.742105263
0.8585862402239289,0.4386892629270726,0.0711387205885276,0.2743366003160919,0.1205313354550984,0.1958658259025738,0.5662678838990854,0.6903879630888083,0.076203117952759,0.18041429,0.331386768,0.486486486
0.6044731849276624,0.0501575185421261,0.7236963336036671,0.0915044776391318,0.6532239667756141,0.4256985919901518,0.7540640401310209,0.3693349487005505,0.7597267734926381,0.127873278,0.471137881,0.717241379
0.1105544822815338,0.8711970694665563,0.6074492309356871,0.6948413352308651,0.8003161042253198,0.7185560940894493,0.5730448520683624,0.102191048852428,0.6143660780312272,0.667701728,0.324540602,0.286956522
0.0876922549502432,0.5425292681122025,0.0608861024548191,0.641101421896846,0.9028898455016376,0.0396200220157904,0.3554352328940315,0.0546707639304054,0.8240517544115572,0.140762387,0.03643838,0.24
0.689583893246435,0.8754815299601976,0.2405807626241376,0.3639643816277497,0.5622289377923794,0.8860945866653352,0.9226063040218044,0.0230716703591233,0.9359156800593648,0.464220686,0.551486061,0.237209302
0.4640585680027372,0.1740435416518957,0.5037199612089402,0.7450348168026815,0.3725200810056097,0.2367356601055732,0.5687382755227074,0.8668372509884542,0.9952423450236102,0.156317309,0.21207527,0.0
0.6485241842292021,0.8087071082045508,0.4764014458397093,0.8438654767986417,0.8034366572003742,0.0368020078953539,0.3009161259297778,0.4625389404183359,0.4472873206564226,0.312979842,0.064942133,0.0
0.115786434532105,0.4316292168682903,0.6273467926468844,0.1931774059752589,0.3604096870255642,0.4224622484873003,0.2885087639353676,0.0110427322139183,0.4264459575340316,0.122605983,0.286954922,0.64
0.8821709075873003,0.6920819395311961,0.8952271544316247,0.7300190745252751,0.6566504797311888,0.665399972838129,0.4065924941888978,0.1954859127916169,0.2597639248480662,0.202922834,0.450754777,0.15
0.8201296921994328,0.0722543375802702,0.635960274870534,0.0754471487551126,0.8513323675788401,0.4939947070386704,0.3865529771693108,0.8503217349335688,0.2704736920193925,0.040762404,0.531452779,0.0
0.7491275725595362,0.1311558467040519,0.0872088095804874,0.2138704670028445,0.1410413952131107,0.0832855259968128,0.4190933943916921,0.9334079048946452,0.8975934709389994,0.105969615,0.164292369,0.171428571
0.0136684443395026,0.3226263331005727,0.4188421454118163,0.8827599212973762,0.3926503053485594,0.5527817059859575,0.9926391918632018,0.2491208847652848,0.2137995248891171,0.204433794,0.130497392,0.16
0.9959474762314235,0.814167781323146,0.5169372605089323,0.4181353111710105,0.0995568360025037,0.5318793447044701,0.0085229068134244,0.1486908167603167,0.6385759478044242,0.334152011,0.482919944,0.315789474
0.6228896084173456,0.3181239750842123,0.7860878181831266,0.3698277971333499,0.7178471509003038,0.8674487576362252,0.0871700675360381,0.4952202639072396,0.1950126524648525,0.092923543,0.57804122,0.092307692
0.6104356895197179,0.0955079431109771,0.8916827169319342,0.7068584802803292,0.047457097652485,0.0400565402368862,0.9860949365256289,0.8385368198652887,0.4618694083003941,0.122856305,0.124912615,0.211764706
0.1644570400448795,0.7705027988099772,0.6422130168150888,0.6549887955221033,0.2703906795543739,0.0952502614829818,0.5578886970155409,0.4213225114189379,0.8735760178380674,0.516419219,0.12505347,0.382978723
0.2814285069089239,0.1729731217618393,0.0598374676307319,0.2521957327032569,0.3679621665121703,0.6447807900710063,0.4002064323550587,0.3271257685295102,0.1607031373824858,0.072973911,0.385698649,0.675
0.3195677869025068,0.4883293808135478,0.8581619588775524,0.8776612049649541,0.0936825968809595,0.4331582547426589,0.4229478080093177,0.2079992713797915,0.9556601265385014,0.169919053,0.566480863,0.0
0.298093129975853,0.5195576520247647,0.4265138394539982,0.2070502802368338,0.1032771699704898,0.0588832965530089,0.1224947329795931,0.0713674813511148,0.7661738913818188,0.1802922,0.120711341,0.0
0.632781192457101,0.3900215469183994,0.6186704587603392,0.9802715413647092,0.9857481601343434,0.3541890404612146,0.1541720340596248,0.4435711285273904,0.7775347983240304,0.154569992,0.321842401,0.24
0.120708404985288,0.6585176262424429,0.6343939518923959,0.3926450641366871,0.6991076033972223,0.970396032140466,0.4751162736268873,0.9271787082625842,0.0864080124648333,0.11032419,0.274254312,0.6
0.4521199536595048,0.8895481608890202,0.5388755468639682,0.9947020629276434,0.6298195536876693,0.5395865680193004,0.3208709355893738,0.8828644269092203,0.591985038236269,0.231016357,0.58846767,0.266666667
0.639735271778781,0.8412240393709979,0.4966406534181953,0.5031268432402924,0.3050499634942092,0.9791600774047162,0.2797097496428012,0.921208449710382,0.2068624000127039,0.27408211,0.542217768,0.496551724
0.4851995844776023,0.258879475821322,0.544440964615359,0.0444537052441867,0.9984420454338804,0.4139580478702723,0.4765235827068286,0.3431074740681464,0.9839071658891634,0.139668176,0.370075278,0.266666667
0.5213443150633977,0.2412383504239218,0.7788536156237031,0.8399320807269985,0.6165093443242294,0.7721976206817466,0.3265203910785834,0.3674392357356127,0.0540997954733999,0.105547331,0.380315332,0.72
0.3428177315590535,0.7256882283266276,0.9848222915433964,0.7710299046501976,0.0475591149889841,0.459690587513882,0.1216120866466461,0.0360523540729522,0.789604954772886,0.278384712,0.327755649,0.0
0.3955346959456018,0.9525138791627376,0.8299472453103354,0.679220449072569,0.737578590937288,0.5598113408217538,0.5464907261478555,0.2689505718301869,0.8567146175235775,0.720747805,0.395599479,0.047058824
0.9291404037086468,0.4451699751131521,0.019603203734456,0.7537293985221865,0.1600978651825695,0.4978716226223103,0.3540695913136112,0.6149295943753904,0.500577746097698,0.147417059,0.441530721,0.3
0.1760980734466068,0.1307129278570666,0.882872573032299,0.7966323125377401,0.6888696776487042,0.416907039271675,0.3806488048212317,0.7651264116603438,0.5354053962636884,0.103086689,0.18149295,0.0
0.6929794118106016,0.954779857346121,0.0228535346693861,0.8591034446522884,0.4051991603500869,0.0201209724286955,0.2317967743786361,0.8642660700508624,0.3019242870471467,0.325752599,0.077209714,0.218181818
0.6313185388827107,0.0025985400617137,0.7710261480513624,0.8836465042543452,0.1326724920856514,0.5028262174543416,0.0173333797265011,0.5881873788917308,0.2636183547510349,0.053448142,0.582256808,0.528
0.654916383598973,0.4896564336026214,0.6694018342808014,0.2679264296303674,0.4759774991949212,0.2827066441547777,0.3527519333310558,0.1450994857642754,0.2478517794983731,0.182147628,0.375498508,0.12
0.3100353254558673,0.9185293538445126,0.5179662313220817,0.8010332318971294,0.6203928501755178,0.3583975438654689,0.4204940426318775,0.6096620519571276,0.4979507008088462,0.342085589,0.347951119,0.64
0.9918034396771704,0.8100816420056848,0.5387812739786408,0.7398085968581625,0.9864852189765873,0.7333067045219854,0.5569022491152796,0.5655318538250841,0.0605357522107511,0.427855045,0.41107989,0.307692308
0.320801079417473,0.901827800392702,0.8442212785388555,0.5892724223021231,0.0426840505262876,0.0265528673613212,0.6344640201610137,0.0168221547353921,0.1096169242258529,0.543758612,0.075004381,0.6
0.2934742837389836,0.7477680335467142,0.6373327772948184,0.9082521772770004,0.5249859737758695,0.5390612175833571,0.4115277678006895,0.0786675701153812,0.0010541345206437,0.346896617,0.345507748,0.266666667
0.5932090624887514,0.2994374238080168,0.6525562451106225,0.5579376853504714,0.6716693170161814,0.6267096243180051,0.7686903581216441,0.2851785316234093,0.2926249782518911,0.157505655,0.423921962,0.228571429
0.0973884650977875,0.320129431517037,0.8861028035427055,0.3574462503278754,0.2165187280979145,0.4405371949114259,0.8733601751271358,0.5392464818331232,0.8543308670385007,0.213211453,0.166360997,0.064864865
0.8202088726033901,0.0277235651816115,0.7271817936251249,0.5821559667796249,0.2691241568893483,0.7232295893803534,0.7917114822948798,0.9148105513675197,0.6189531543070877,0.089154746,0.613735641,0.406451613
0.8471022703966593,0.0666724497164558,0.4505157109893067,0.677601072564426,0.571823016932005,0.6029305593111658,0.5363270044024642,0.2011221098707181,0.0338830380757526,0.074729635,0.476915377,0.61978022
0.7363403666541414,0.1366630282649272,0.6826765791032342,0.1758894250802158,0.1223241974590941,0.0104572402222347,0.0749139437747266,0.1384247585671062,0.2272551058146539,0.098495884,0.046816596,0.218181818
0.316356697855519,0.3631710729006066,0.8346765760473024,0.1351508086031589,0.2641469967503173,0.5710503039484017,0.8434901635644397,0.6186879232489709,0.0482536072251531,0.138358417,0.513509058,0.692682927
0.6655477152279607,0.4745372943840416,0.0864097627614106,0.8890477653242946,0.2512543586512058,0.6019275440316462,0.1865969788741784,0.8519348276776271,0.4357283117329321,0.167544283,0.614936661,0.0
0.0762284794424386,0.4678569831483483,0.994479666002578,0.4614886596518485,0.8144694392699634,0.1557505428172906,0.3565056235278574,0.0345513967534991,0.6336950408186948,0.141714262,0.161283529,0.6
0.4718255381485123,0.5326602052127458,0.1965174375056166,0.7393028265301173,0.7955107086520523,0.6881523450831645,0.831863762340454,0.5442472501843164,0.9738573439352256,0.230865888,0.377236855,0.0
0.8195321129721198,0.8385834279834176,0.3812617114104332,0.4546527390252273,0.6776673830552443,0.3683503499591818,0.4317267876107317,0.1819263608000837,0.6009636062956122,0.372103865,0.514613149,0.436363636
0.0060876456714493,0.0047787529154152,0.4519861306648327,0.4611235606047107,0.5329538900731543,0.694600527316556,0.7746732583055377,0.3370496042306651,0.3190692371295184,0.105066317,0.185801291,0.233333333
0.7879919357748203,0.9550335265138924,0.0292406724916325,0.9477803435701384,0.0738597096160361,0.6237491264954451,0.9691458709496752,0.5968225607904243,0.7048338775211753,0.460007264,0.618984113,0.144
0.9240687992490506,0.6126353329611254,0.9645503594942378,0.2216552908958171,0.3233914058068238,0.2397069357910271,0.782593854084771,0.9065083418700466,0.4208491802741486,0.38015786,0.363482272,0.2
0.5211558193771376,0.80225377307602,0.125997118476636,0.3958096143032185,0.2636264738659468,0.2139623414901942,0.3425911022551311,0.4255112660690467,0.7332764920954197,0.289817278,0.359360714,0.543396226
0.8210905433954442,0.1140258293084172,0.0772853436979749,0.3087546229810545,0.0596784038158303,0.4569994572947309,0.9398185746918212,0.8212323622898594,0.4074237523876678,0.118017189,0.468137339,0.637974684
0.3638600100027056,0.1357483152053465,0.959930995289188,0.226368800469211,0.6526610269298836,0.5448367957874654,0.9435397686580904,0.9064227875322046,0.7723654489252586,0.137580901,0.510622784,0.389189189
0.084975110928349,0.6024296459282642,0.2399016454455611,0.8294958338314639,0.324406566976556,0.959212490566016,0.6162086116132479,0.0072237136519929,0.3557874783162708,0.270106131,0.378084781,0.12
0.2203393982599442,0.5183311654264895,0.913142808099099,0.775322935110584,0.8519414232273383,0.3958038326112291,0.4671900679465293,0.4497636874025236,0.0554681831136036,0.092887053,0.212794009,0.0
0.3852245036963259,0.7557668267776809,0.7809409670278609,0.685481596030359,0.8084211084524323,0.2601971322286232,0.6239682291815013,0.749003488145807,0.5456819369752254,0.465020158,0.198546189,0.0
0.5500526040540251,0.9427542141390384,0.7159828625177935,0.2102385085122154,0.5301425940188643,0.0179671178242114,0.6997095514543024,0.9374280129487216,0.7627713386366849,0.644696318,0.02953327,0.05
0.7946995830286783,0.5085054868153214,0.5509610958870657,0.2030333048602793,0.2123213695780057,0.3698600697694437,0.5878375548007525,0.8073826102609082,0.0684962201121354,0.222228874,0.464042628,0.637974684
0.7035815747354233,0.230233642180673,0.7486199909948006,0.5337173656241094,0.5253381909312526,0.1103604917466618,0.5536888897904041,0.7946639194628933,0.9465126620691284,0.128830571,0.184200943,0.0
0.8621739184695336,0.494580624881887,0.3570285939319405,0.4469885586576068,0.8938712577612618,0.0259962091678259,0.1033193341523862,0.8530224280851806,0.4558851682779585,0.124139608,0.11059076,0.48
0.826098917187192,0.8640952535407098,0.5405031275590542,0.4929508605751129,0.3874427250180169,0.0195031441567746,0.5716149383222915,0.6714980214952252,0.0705038961755878,0.407575524,0.080636093,0.342857143
0.4212086679588072,0.9760508811572896,0.4335314617937307,0.6279622607159854,0.6542509298160604,0.1608233353353905,0.3673337090486942,0.7709416577709154,0.8058787437436904,0.475667214,0.268606881,0.573913043
0.9002106355943473,0.4278541017343455,0.0788511635408315,0.0347008396984377,0.4052742753064828,0.0706505862993109,0.7895230670342407,0.5016216289128508,0.6769736960292289,0.20658575,0.242585519,0.304477612
0.1004843374786164,0.5438985053876482,0.4049215596245231,0.1668026780433638,0.6739773990894822,0.1053779714370981,0.7625470000746667,0.2336392096689854,0.9084012202680114,0.23199432,0.097797783,0.350769231
0.5227807662474298,0.0882262111071323,0.9932969774867308,0.5664742963338892,0.36008358558267,0.9243924467604332,0.3221734296981118,0.702573313628644,0.3989849749984051,0.059343559,0.573276268,0.0
0.9733068675214716,0.3565405910894774,0.1856254578069995,0.8470289491937785,0.3758585404301224,0.0872617368685712,0.273005710686458,0.361896150263244,0.4717669824104195,0.110224738,0.209114269,0.257142857
0.0823735824831831,0.0458343155192165,0.1131208858943353,0.2195527143282554,0.452029041440019,0.9613251829823996,0.2076139039386677,0.0142393799296656,0.4640688924883777,0.047188849,0.369234657,0.2
0.3153580493312365,0.1543934105122567,0.3914025139742267,0.502905753040967,0.5527126067552315,0.4870749654198602,0.6926509255331427,0.0572207539994694,0.6000633861620808,0.121082332,0.340128631,0.0
0.8612393007499534,0.8263668979811732,0.7213349564863729,0.2374132401656632,0.5178498226389008,0.2995911426028066,0.8437666250122419,0.5930872309958088,0.2721324055928169,0.381805034,0.44542259,0.52173913
0.9666491816758798,0.5087298673665113,0.017503990370456,0.3611177835097163,0.3762116427201996,0.8291599625082426,0.1831029034096135,0.2249845181975514,0.9931702259994996,0.172267117,0.468934015,0.526829268
0.6960676691715547,0.0910596693622591,0.5780702326683461,0.5013777947018289,0.6447448826451756,0.2752182246521027,0.4165906026967692,0.1232670994719414,0.1729869777225114,0.085625269,0.228734426,0.48
0.4083624152177919,0.2704293253122688,0.8365428973024381,0.6559712905328273,0.4788743837986378,0.8190171373919041,0.787615491561898,0.1654253138324208,0.7959260268029631,0.174599357,0.507706489,0.0
0.398030826157706,0.4349664105154008,0.855740713777575,0.7892718757335199,0.5858935881623558,0.1991451566724856,0.0141051149902589,0.03794811645545,0.7025205610191111,0.197359239,0.258958683,0.32
0.676563965659669,0.3193706170173863,0.4660394265092153,0.8299681386560438,0.2536966366678438,0.3876814541642472,0.4956630197502244,0.4752964010256699,0.7041671645891563,0.128439374,0.468568799,0.133333333
0.0658053149978574,0.1979838039117145,0.6553791888401674,0.106471893027472,0.0227128325210922,0.2293978118184745,0.0462763101702866,0.949639656282732,0.2596020247189343,0.084910084,0.114145597,0.461538462
0.127157127801715,0.9717588491547744,0.6026397614396958,0.6398394665020908,0.5083400667189252,0.7933439544505301,0.7522264352560863,0.6225620299174622,0.904229184177171,0.696955046,0.451151946,0.288
0.5627546818208615,0.1531015432068533,0.7880409972566227,0.9173985510343632,0.4150910153428828,0.7380106990495391,0.2758120899215209,0.3954324667171389,0.7068026804088402,0.090479901,0.394406989,0.218181818
0.6580845709407172,0.4391473837701165,0.6453828730430018,0.4001843322228668,0.5364858555427596,0.54063032165318,0.3401078341866363,0.9795339339354644,0.4145328422171541,0.116959141,0.493760039,0.55
0.8073643541690063,0.1137500708813453,0.7675168631389953,0.8436716301219909,0.6645493941401672,0.4857675898310762,0.5328132700108901,0.1110297342189468,0.5043161647299769,0.109638364,0.398459661,0.195
0.5831809483021144,0.5710165197905867,0.8933199777354099,0.3181831033758606,0.7622487824331563,0.0057388684802641,0.965941148198706,0.9547619127856798,0.8125592382472234,0.264736745,0.097801234,0.505263158
0.789976649708374,0.3679546541005232,0.0486519402906501,0.7236236067176041,0.606230900770931,0.5518671022413205,0.2877201795751621,0.073090629054094,0.555313211512851,0.163655277,0.531049347,0.24
0.0503985481144101,0.1723756483006613,0.1028129207691104,0.3260814770978013,0.4613283652910439,0.7498115873285773,0.8660090435867599,0.3837229585039573,0.4032357341967443,0.107314247,0.254013687,0.476470588
0.5356603068200173,0.9056297758862932,0.0607380890368308,0.1978493039562679,0.0499561945069269,0.0842104469471203,0.7758435172529687,0.0597745363448577,0.5291691617220252,0.486190687,0.219269287,0.252631579
0.3182432407920861,0.2198689898118192,0.9462251323750686,0.6008342038898449,0.128745150427612,0.3792931053979622,0.338989375690078,0.1443760292716885,0.2657509628730395,0.096171749,0.421928133,0.64
0.5574562164030973,0.4612361821871513,0.8637057601335855,0.2254032696923785,0.3868513012411321,0.1651034295132677,0.9196003443777194,0.1894672294825442,0.6792598013368604,0.221870971,0.340681383,0.394520548
0.8258050620641593,0.8755199551499921,0.5724759160093802,0.4231838000868395,0.8386985826422712,0.7886960028675573,0.0482364494490364,0.693291150276171,0.2886139241507559,0.241465713,0.645801073,0.0
0.3946495837992778,0.8965002009941336,0.2317793633780575,0.0683542512107475,0.0816423501398663,0.1850077673516637,0.2998985862536805,0.3720615708588275,0.2224341911842211,0.341630613,0.233662126,0.514285714
0.5134393093192967,0.8715203202756422,0.0480205979653032,0.3975884373417099,0.2460554667258744,0.4755086188437419,0.1234419026446072,0.6698923931208723,0.1327286699432726,0.241066557,0.51053103,0.381818182
0.5932276323586524,0.0424441819907156,0.4577013803154415,0.387438790049591,0.843823236389568,0.7383218230060294,0.7636234471512874,0.8080233104390065,0.5440899494203671,0.097399084,0.458486314,0.206896552
0.9747302149136906,0.5785344362692841,0.7076303958888104,0.2524896702624625,0.7927120031301226,0.7882986673698951,0.5462551139756486,0.84881482074115,0.6233694555180376,0.38169048,0.624200249,0.392727273
0.5119425135140676,0.7908003404693503,0.4873448103059614,0.2815108471346578,0.2131096097049944,0.454858137978645,0.8694355041553602,0.6777117506375698,0.2945018366068138,0.301298663,0.392808476,0.05
0.7209878854862115,0.1816574352799846,0.6959158238267246,0.3300450624869082,0.2463916171917403,0.3067585156361696,0.9831581011553384,0.099240755751534,0.5600499180839273,0.108812641,0.454193148,0.541935484
0.7610442813176912,0.0500973213420395,0.6687469863322065,0.3356517523048632,0.2904786016983769,0.079864059532119,0.979937553155697,0.619167860136856,0.4723961311651862,0.096666025,0.211003298,0.294736842
0.7001978510551029,0.8788254078607808,0.560149299541976,0.3715325628840584,0.3662347840516912,0.8116601731014977,0.4019669874192728,0.9171097189369654,0.3257098908505328,0.306723836,0.499642846,0.1125
0.7093009141026522,0.7316454517617677,0.5277655517601564,0.6979592183335988,0.4933207378833232,0.6496487786937178,0.0256325353523735,0.7904645154106914,0.7511920698387549,0.31262439,0.23952198,0.0
0.9989958384455055,0.8148330197929313,0.1094130185387831,0.208329702598389,0.3747598996242547,0.4697374227040947,0.1053887920462142,0.6299678394318035,0.9780332514488604,0.32117638,0.66013118,0.36
0.0444391382710734,0.3193012106670467,0.9115637694746436,0.0812441574353934,0.610193860025519,0.393865528098567,0.2436751176501369,0.6860197712922144,0.5948918867470103,0.106369662,0.099770307,0.0
0.524442035664478,0.186585141199562,0.232450455270569,0.9298739169964784,0.4208227245229522,0.7151373890280837,0.2468443381325747,0.3428428077259177,0.0488765034746381,0.082347875,0.229430716,0.0
0.3748427365432573,0.6851364492928261,0.0597209304426651,0.5958692945278882,0.184290349682297,0.9437186331323744,0.8495260255446802,0.5316009178223307,0.3872875419775596,0.473360419,0.385962812,0.518181818
0.5439511630078233,0.0928529903349244,0.3966913137613349,0.6841796009428625,0.1703403256883013,0.9751666765292852,0.5419764027023884,0.7420699716372159,0.3121997174722011,0.09917151,0.548549973,0.128571429
0.516860895922398,0.5617275100169785,0.4538884614362286,0.5537436990662615,0.221257033999747,0.2566872071219149,0.4544487931578295,0.7367066246703905,0.0671673523787446,0.182377454,0.221713341,0.6
0.991340087255694,0.9570167765327224,0.75948137733624,0.8776367381690976,0.6242661167156671,0.8325252458329961,0.3350226328502431,0.7315451731323646,0.1936946295093289,0.359913115,0.524703338,0.72
0.4509091962040521,0.0030172246435368,0.954249242526837,0.8850510080188279,0.3377399881406308,0.6675361886175611,0.7539215021188181,0.0266593304114344,0.8781491462700269,0.100615883,0.490918012,0.276923077
0.9718790424924544,0.2128442254581336,0.2560109451586573,0.2206010935088532,0.2177690796809387,0.2165359503447945,0.2848252082780929,0.4441709478648707,0.8314551197498793,0.07445736,0.381042337,0.442105263
0.0697376729527389,0.5071081757903804,0.4058792609616003,0.8323396465988351,0.6986343362822952,0.809276395022371,0.0472236754826589,0.5581816946782322,0.4037754213638936,0.139283534,0.331284778,0.6
0.0166343264068775,0.2458567539060482,0.1406597792926103,0.9074142924374214,0.8115591950196798,0.6253499624738187,0.6185019026460374,0.7281700237962929,0.3268920510011524,0.133139082,0.214081232,0.366666667
0.1030379862201471,0.0329352091437152,0.4102224081255466,0.5455551841318748,0.5857040956750194,0.4042676634688932,0.5631677799520984,0.6927598244709966,0.9158006360033176,0.107809189,0.155511418,0.04137931
0.1720462696888282,0.8945244185615183,0.6376094438772093,0.1472539888816553,0.4348890117871256,0.99499925527421,0.7963086687042856,0.7000490287101867,0.1952887131322124,0.418408171,0.373032929,0.03
0.8392568384601893,0.3796807918896149,0.9151734832394184,0.0721228912454069,0.3917748936622778,0.1740906112973604,0.4897946415099391,0.1683335082624454,0.3818877349272004,0.133081798,0.250288855,0.15
0.4354859320643159,0.8027324503313639,0.8345572923253408,0.9146689031384254,0.9713853482930812,0.3349398144342342,0.963407993270524,0.3731624365508676,0.6763421959695264,0.455275764,0.241422976,0.20625
0.1326305760939209,0.7271135978219592,0.024740961587504,0.4201277626115964,0.0745557646642599,0.3716671723953009,0.9036035407004832,0.1021511915318715,0.4964113318206734,0.286946188,0.353886026,0.528
0.5763880093092714,0.4095349040315742,0.6761519897025413,0.2070362146447157,0.1436870646386021,0.9721232945606456,0.1900678877101658,0.4969585167205628,0.7673786823889811,0.167141402,0.359542908,0.0
0.5225451612688533,0.9420103762740056,0.8282520129576909,0.0080918181196235,0.3279781518771956,0.9238978326146562,0.6785556275957317,0.2434174888621036,0.1109860591147147,0.480422677,0.48711078,0.218181818
0.8926749898913136,0.2790448732967931,0.2792222715328633,0.585932574374492,0.5013932371542678,0.4341302717900177,0.2567081750108211,0.1752635288465445,0.0129941972769705,0.117392656,0.376566492,0.675
0.8262533297103695,0.4575459766585467,0.9720397889291156,0.4127194337061607,0.1138315166917454,0.2156907527769584,0.8864900499040906,0.8489312576693999,0.6677351524312318,0.242639058,0.209636897,0.0
0.8137716095256984,0.0470118773274628,0.1799350224158976,0.5235820583442982,0.8012553633187585,0.3861582876569061,0.592750877370173,0.720233550339352,0.9806767557078948,0.095603067,0.476048325,0.558415842
0.1472788457720591,0.8997941046827153,0.9970480971936124,0.4292299430833031,0.9742095330188923,0.1575410161591334,0.4454533902277153,0.4256391350278707,0.7525078402482188,0.306572721,0.10797567,0.436363636
0.8435529665549251,0.6367798567427466,0.8764443839479141,0.8427401088168981,0.0327055798186375,0.261210837550333,0.8553460303209737,0.9037026036403262,0.8128817060622747,0.440866212,0.407705661,0.0
0.9543965053285672,0.6549628095605857,0.8585143244392613,0.0741001632940574,0.1018702735525715,0.1812175779566751,0.2631100891358685,0.1830301133000866,0.9778781667377014,0.303308835,0.547810211,0.553846154
0.3863218497961361,0.3576596489461556,0.1936383300836884,0.6578935357689228,0.5427580448635484,0.958820951159785,0.0917709018819881,0.3347528509822668,0.6885368392949829,0.082532594,0.456905304,0.381818182
0.6337109261618671,0.6951567421554159,0.3962095928360777,0.1578475454264294,0.444778586204419,0.242271274690953,0.3991015925154855,0.6570993413325982,0.4431448732047306,0.251323148,0.380704118,0.654545455
0.5383503290434873,0.7636774967229032,0.1253724987727599,0.3588555588334275,0.6690058782012223,0.8782124480868884,0.5663456794003717,0.2021307840906456,0.6819682934221111,0.434868738,0.47543201,0.495238095
0.9864144815389588,0.5939541317775433,0.1122912599453153,0.8383719295180786,0.6886588945013776,0.8992082446660263,0.276494449797672,0.3170338875012103,0.886293441287857,0.189739206,0.568193034,0.0
0.0468723089031208,0.7102567236035721,0.022422266164926,0.3078299134916854,0.5293890028523808,0.1951855056682541,0.3211151566612134,0.1746930072521497,0.3426747168027305,0.274836291,0.177708149,0.365217391
0.7727335325394221,0.362069038982264,0.7343249848751361,0.6969818198341426,0.4566298019221722,0.0690036982360876,0.6751121394944732,0.61533008172568,0.1248604741491542,0.176824452,0.194708824,0.383333333
0.1502075767097703,0.3688921236922305,0.2194073723585845,0.824917285958492,0.4074778328883428,0.1543160932679501,0.4995588895120171,0.1149601339254882,0.9377384199952228,0.108767865,0.12509995,0.085714286
